15518
89447
56253
89521
88738
40987
89789
43519
62980
47169
1266
66786
45853
52812
93001
91320
84167
33799
44146
86611
41885
46269
80267
21703
70127
63833
69011
7972
7190
57876
66383
76054
95543
63896
84303
31966
50501
53899
86873
90185
14573
23097
9991
22898
89263
48069
78482
77072
29395
73269
26823
71602
60178
26314
73721
84835
9441
65652
65808
26028
82992
13658
6660
49030
63771
72559
66772
84147
6578
27391
85014
69281
52183
45542
56036
31219
79870
59069
75232
53454
40895
92996
32232
38878
74393
13189
83954
18786
34379
4767
73285
23941
92733
84349
36645
71869
26638
75656
92746
19038