70938
22457
6306
38602
53346
58135
30895
85846
70320
37326
8459
9637
60901
36353
92206
74829
2424
79155
4776
34001
44523
74248
35384
39320
91817
48965
23148
61274
44060
44437
38268
71715
64975
22758
32430
14637
66828
83024
32362
21070
96590
62251
81883
28006
63066
37751
93827
40871
48021
18287
39717
41389
42427
95648
92658
6943
11604
80870
73618
37613
20842
2169
29782
62465
46001
54883
75706
46738
16622
39856
73997
99102
91569
35860
17227
63646
29896
40801
56786
42959
23108
96972
43060
40775
41697
27201
2835
42869
30471
88930
51071
71617
66523
39442
3594
42378
15943
13192
51276
12189