52469
1931
67221
11146
15806
24266
93229
45207
49813
44194
73432
59959
15479
174
67037
12537
61632
11715
80870
51451
6713
22160
82135
65413
64233
19622
66093
20346
47177
78005
83419
94270
33487
94320
28711
85310
12136
86975
94737
47860
44168
58623
6059
37636
83672
21010
20449
42222
79333
26188
57661
40673
15779
32994
4087
67278
64489
68938
64473
5486
83478
55494
68437
73178
50692
67395
99493
50534
31263
96991
19829
49504
77518
91680
98211
20282
34701
46709
58039
2918
45036
27635
12603
4464
53653
80364
11704
2474
63813
4776
58976
36460
79046
5139
32038
32340
31216
21211
21233
70084