42643
18100
45914
95311
88275
14275
59690
63500
1194
38528
76148
16285
83014
63963
35609
79800
85474
47828
43751
57242
14626
17852
7987
84061
20993
36813
91881
79827
63290
64835
31166
64238
77071
42769
96034
59725
88222
89472
87688
30275
39664
44429
46088
43505
76087
42122
57269
79425
39622
82316
4297
18083
46767
99798
82536
10233
36452
17550
18702
15402
84729
76174
84681
2992
10764
44757
18463
89271
52214
65567
18268
51644
28677
75386
2471
31918
62665
59594
30114
92843
49797
30009
83207
63133
29689
32057
35683
48147
54691
31943
6962
37051
91765
19474
19419
96019
2945
60515
92627
78646