72614
62583
23130
98
46009
64414
12105
28248
66701
10985
55357
50201
86879
52652
59970
14035
6550
96464
67034
38163
81749
98191
1614
61591
58487
20628
17179
30878
20569
87288
16060
85728
94825
55242
39332
47278
53537
72402
96225
46358
41229
89257
86406
68290
10837
23868
57457
65694
26139
70269
22174
41962
62496
50617
14286
32323
7626
25323
34909
98225
80305
35340
11664
33289
47107
89058
55070
18567
1116
80680
37175
44993
97544
73538
54890
60136
60068
48870
79841
76522
27229
5650
27074
12044
48281
17991
9553
16053
69119
54694
27200
93967
61198
20866
71525
36642
94970
92527
87545
55900