6615
38438
28695
53407
31297
80009
87533
45209
97766
34154
84363
74163
40438
98146
10434
28369
46136
1199
2018
77990
12604
36419
70516
81355
48514
2702
62987
5752
95594
34147
59991
6292
61967
58934
57598
54934
82343
19078
79933
87501
6091
42799
51828
21531
47187
31683
20616
68709
65105
68832
79969
89142
8215
4113
76340
58419
37582
40816
28400
88252
89863
19809
44909
14349
85350
83906
2743
45227
25616
85439
447
78703
16053
29714
53763
44675
92325
12023
35573
81439
6073
810
79851
4393
35266
52372
53444
54911
22454
41909
24380
53156
18461
35480
20858
13537
35074
39304
6787
21426