70052
53471
70706
93220
60031
6271
9601
22006
29786
52702
32730
56456
6608
18535
73785
32045
57619
52597
35902
153
44288
83307
3785
46636
53650
17354
46881
50946
69324
98754
2124
28633
20213
77274
53396
86872
96230
16126
95007
57318
95259
19874
75904
2877
11444
80654
63723
49936
57772
17747
84786
82885
58182
27975
28531
54683
77831
95478
4355
8608
77339
70050
6469
71988
15469
28191
88702
63459
84287
65900
6170
60393
88607
67664
46572
39750
83994
32484
51723
47605
28016
2790
62923
24839
50435
67557
71824
98790
47926
45104
54280
56248
44051
1033
95323
30011
93493
17548
72203
99735