40537
40109
78017
96446
80477
36931
70982
45071
88815
45216
49081
93466
75662
52129
65028
95808
21343
20826
43029
26465
79374
1957
72173
5754
26051
47671
78303
53935
95403
5891
34907
37630
64770
54468
2182
92288
12298
5522
31354
1031
25891
3103
15666
84211
28916
4322
41944
22774
70516
72253
44740
41119
42243
25581
46734
40699
30757
19648
80406
91781
75499
60153
60910
83288
5964
72224
7879
30781
86966
22734
83785
53292
43948
78092
78928
8884
46894
54891
72148
74084
307
36197
69401
17137
8192
65499
9409
4446
21370
25547
16304
45635
25709
8512
25418
16703
22063
47818
80496
75415