85733
85029
99122
72635
96345
53579
72619
43705
49244
16089
42438
47285
10043
78854
47833
79557
59261
1386
69475
29419
55535
53917
30064
95965
556
9752
88481
11031
74894
13893
9377
41736
77981
70113
53944
23397
47941
879
94303
76843
6635
26913
42272
74469
75728
48143
16595
54469
96759
64384
77890
52181
65048
85608
75279
80967
39227
73411
32623
31132
62199
43341
87131
85598
31731
97299
28110
58096
81462
8830
70531
39621
33259
26001
25467
90644
60101
75836
55645
11583
62459
10199
25236
32073
66739
74256
24889
31026
40527
28804
25128
40433
44986
12068
73476
85306
11024
79879
9311
44099