76088
43765
6921
42729
91048
86150
64106
57879
30102
19662
16156
61918
77280
80347
16517
8176
8276
39406
11080
93690
26939
32132
26410
4559
95531
60565
78683
57158
37133
73892
73953
74694
18531
8911
22679
72786
8794
45534
8717
83491
75011
41247
89993
27029
16787
47957
57322
81727
83575
19183
59512
2582
98872
58205
70394
13622
16874
8260
96812
61390
77538
39770
5946
40515
5499
4222
66695
2025
48548
94987
75758
72065
19771
3432
33946
66656
94527
35894
50684
34244
78082
53448
64492
35574
69434
65833
38445
91916
12578
78093
9298
58085
29018
60711
9304
30382
27489
49589
44496
99779