85734
46363
90357
79640
75726
73201
63001
3052
47856
75318
40486
56853
28547
23167
23372
91947
28165
40561
85072
87540
73469
8981
3971
52156
51463
68779
53942
22273
27595
62827
55179
40856
85993
79457
56618
93758
92994
67544
85200
42187
51098
97772
55919
5565
88976
77149
78363
92600
27201
55225
40851
3330
82434
67366
1975
11402
74598
54537
210
17402
2478
41198
52439
72013
10386
83589
28348
16763
49553
18773
95199
79011
81792
34754
6078
37293
48881
85624
1988
46325
2232
89838
59220
16296
9198
29250
17191
82046
96978
41686
65427
88021
77120
66944
23556
87399
83608
14283
5792
86011