50584
39667
42237
49730
49812
16723
78081
12121
68144
61664
74831
5122
93387
5086
69134
18465
71057
24092
80617
62217
10762
83926
28134
18052
62373
74688
39653
44571
5860
41060
69202
83170
2392
29528
78916
68103
57774
55670
83418
76057
44314
34665
2417
8297
68538
62113
8489
47896
37799
2372
5709
41230
52516
11567
94856
31977
24079
85908
7841
71758
78886
35916
48598
38502
78868
22042
58732
50380
91105
3836
96339
60819
72572
60166
99599
95926
13581
21703
19046
1325
7461
78166
25134
80584
3888
11045
8016
5119
87116
91095
37510
93866
40712
49135
78545
29947
30767
33234
32727
29872