24674
30137
97601
58386
16176
42340
60242
41856
17913
20834
90153
25372
46263
444
36384
2353
59720
95432
59270
24692
20963
81049
68683
91809
67892
22662
50613
25480
98468
91655
99619
30533
57705
21653
18076
87062
44911
36206
69152
89027
62940
41630
35273
1034
42440
94921
74470
28048
65391
81457
51655
8205
18547
80323
90063
96875
85786
80543
68516
61229
76717
52029
43541
68748
46253
30185
87239
62943
96414
55426
4885
81622
50523
26445
55487
10245
80873
77291
33472
62487
60233
92961
93859
6300
43441
75347
27731
65010
96354
58956
80437
86463
29606
98608
61482
23836
69838
50842
96847
57651