36042
44642
45220
18811
24655
13254
43470
1065
79650
31372
10431
58550
41415
84146
52042
18787
15493
42772
74101
73378
15998
23234
56480
7854
73866
84463
47113
27617
39070
15716
42496
97710
16065
39957
13715
80972
40786
14487
40665
66407
67211
96213
97636
27038
1031
83779
71683
68526
67265
12536
47751
38988
12429
42717
83019
55032
11536
44855
37809
84217
12092
60892
10028
19458
8427
42344
84513
84519
51224
98823
57861
54894
95226
78600
15140
47424
15164
35284
53195
64365
80109
58981
37590
65890
46126
44703
76593
13995
93964
37778
51266
66280
1616
20827
12063
47893
98904
47613
78887
99316