68112
10504
97656
27578
96071
83774
92109
36198
25973
46685
52368
51315
79679
83530
6175
6173
33612
76479
51940
75965
49984
71830
571
24315
71046
49454
43590
27898
19243
11847
88905
39939
38092
71869
33469
14170
68520
95562
44738
50800
97707
71388
20326
15569
30346
12060
47171
78775
71852
73207
59124
32468
15026
27830
98227
62574
290
24414
76521
64101
36553
26911
85409
49401
70365
96272
54486
70178
72419
22266
45491
54062
33531
84663
97543
47677
94145
65941
30950
55809
14233
54272
56244
15263
48439
38442
2359
5558
81263
23274
51697
43333
52977
72873
22821
84162
10338
3247
47907
72687