16869
80975
71255
56130
96786
73160
56854
64122
46324
32687
72202
10676
2045
90296
74904
91901
2706
90945
41736
42283
96866
86906
16126
14550
45646
73654
25339
60034
42633
40009
95594
38389
90995
49073
62042
44156
38267
40847
71165
3024
31082
61004
77068
54095
52705
10388
99283
9719
72057
48484
99888
21560
35770
67371
76867
12746
21085
93157
6519
35698
60826
11647
60179
97227
58983
70176
76391
50807
65377
53063
68963
39704
63908
26038
6068
37314
94814
97009
69300
13769
42040
26895
78765
63608
64353
58887
65486
73410
27686
78220
33222
15028
64356
72867
69913
85811
45006
62781
31318
271