66420
98277
32276
72438
59930
95419
62830
68963
64033
42026
17930
12745
66274
92143
78644
26219
74349
8821
36277
38356
14915
79594
30140
9093
34655
81080
38181
77341
99296
58967
41565
46207
98432
10716
73707
26954
19574
1689
79956
62879
43256
57979
76883
16226
85252
66673
94916
94316
54761
41353
41618
82711
37520
83716
91852
19152
96181
35318
32934
96514
83852
27100
95911
80437
18776
56621
25547
89907
98946
36404
16980
21367
65583
12201
26575
45837
76096
11122
22575
99670
80661
12993
59755
87561
17114
67046
90682
20573
92747
60715
98435
22689
30917
72021
95337
40587
71961
87010
26430
18229