64210
4976
59901
94717
56749
57117
12019
47871
76078
30460
48492
59040
87831
19068
6162
86544
63216
73833
93934
35586
94168
78384
56052
82195
28550
585
83318
35872
59523
58126
77730
84040
32497
35170
88676
75065
21650
6560
78639
18838
33585
20968
56805
75095
34011
15802
34986
75610
75871
26021
11609
11523
48
15878
95450
11489
86073
76724
80218
35053
56807
30679
50005
69905
51811
65343
37301
37548
62953
5291
44068
71560
80499
4603
43078
72920
31522
27400
35364
98309
31520
48301
9213
30847
67760
15750
63729
73550
70777
27239
98173
26054
11710
34178
92098
76213
24589
56
75097
68896