13588
54670
89713
9402
77985
42575
50261
4391
45814
62119
57372
89454
35244
72279
97552
89793
73855
15843
29844
92367
84904
72536
36387
66303
60197
38143
51477
30438
11445
88571
87931
31601
10729
53873
597
17738
26536
87028
89615
61695
23782
40011
58689
66873
82325
72636
75379
43705
4715
6042
96182
57952
98935
92691
51009
82288
63361
66970
39075
83041
28627
33852
74935
55036
94025
29145
54576
59130
4608
93612
58514
14598
47961
56273
42662
74614
99497
69373
93642
28219
94757
39729
86506
58163
84251
34786
56649
70776
27044
9284
46642
42989
8019
71726
2749
88413
22233
95247
9174
21614