85847
57602
57225
30720
36590
35685
99171
53062
92259
36509
92912
26990
82088
4863
72892
15279
38310
23357
44780
63039
11746
90020
85311
96010
54183
58181
20521
99612
92950
53658
17751
37350
62159
31427
5869
13086
81245
81607
71711
65782
95948
70043
11767
41343
72728
93805
19494
77246
58001
70339
72166
52624
13571
40914
8598
94391
68225
30480
12793
15645
9573
24699
86369
71861
39378
57197
42770
35137
7657
71370
74901
66029
96307
11213
42991
62193
59003
78546
22701
67280
83681
90049
95592
86691
20344
12589
905
36133
58980
98688
20704
13836
54189
20586
16487
59677
14016
81088
66601
48324