23049
88266
64217
4314
47821
46990
53290
85476
93423
57906
21761
94011
38915
85657
93906
75758
774
24800
37415
3661
71946
92923
49953
2889
61424
32099
71738
25313
72735
41531
7565
37007
80420
85822
52771
6095
6452
81198
2654
28714
37793
9735
41888
43075
32834
91003
68619
69284
42619
38125
22885
81849
99527
17335
56879
17267
77714
77589
21141
14027
98945
84026
93666
97753
22192
89648
70160
9639
55169
42598
10060
7835
60917
86652
32799
96087
60140
93578
1671
10018
52289
94019
59648
1857
84829
26752
37279
78459
86677
33164
33481
74513
94014
45489
61204
90628
46406
427
73754
42441