87812
87939
45507
37404
44270
22852
14261
97961
73316
93544
87989
13659
78403
48662
60351
31507
57369
78613
99628
25833
23374
57095
17243
99065
51713
11162
23682
15265
66341
77250
11458
14409
78619
17729
26131
77130
68133
7008
91809
64237
86992
54199
8990
20686
59143
11629
82965
27120
37969
29695
95765
9265
8182
55256
2510
2667
18262
31896
75237
40173
61331
92502
92248
92892
61062
44351
61795
8364
93440
55796
11334
67158
10511
26855
91905
97646
77629
17098
72727
38693
58828
46367
48214
63583
18879
83314
86101
25253
72075
41263
14466
96417
83374
8405
43316
79374
84608
29022
24123
49600