2517
72886
16192
17568
35409
98806
32971
87546
64421
7620
11499
93773
50520
30881
28571
28197
57965
30025
48212
86509
89674
29798
88983
17652
43059
60635
71780
76758
42643
7848
34508
27821
79296
84767
1617
39808
92983
70419
97295
69514
56773
38096
47597
20396
74177
19472
41461
94815
35518
48590
62742
7546
61133
20150
55776
40004
29429
21580
43083
36813
87067
44254
69060
30620
45211
90499
21286
73842
87330
2117
88786
36922
26226
49256
75274
63113
19031
81762
13504
58925
45538
29290
38053
18550
44148
65631
27229
63804
80371
12694
28549
3755
82996
43265
98216
69242
24082
40904
50115
12924