3911
76489
37218
32534
89350
23864
21826
93596
11765
28074
41594
48632
52758
14828
66421
95464
61518
69468
19725
8692
13680
61328
79989
25417
44685
85538
54306
79546
8557
74969
98826
32912
97459
30731
87285
82192
61653
51831
54349
29851
43080
36957
89456
94313
34426
66028
32413
95021
32613
88808
77762
12499
9367
77416
92778
50647
50977
9706
38899
62685
78657
64642
7823
9496
33789
20386
85237
48419
70602
91265
73102
10544
37840
91523
84961
20730
86646
44872
76284
16173
49094
14793
74687
75361
73293
50119
52435
80824
9307
71996
35056
71622
75484
85196
49790
82101
18561
55385
99025
2808