5106
84172
15081
76196
20874
7863
70753
11600
67424
37077
82393
50553
1167
52592
65547
558
84388
35829
48908
84043
23146
31782
47421
31441
82642
80193
84138
16748
18047
43469
41021
98874
76955
34231
64591
48144
8304
2708
65464
60982
86362
65387
95088
77839
91485
87302
5756
49166
13170
38723
42891
5256
57154
32931
96761
46528
7350
36925
92316
94088
92381
82619
27501
80754
68425
8037
72387
99561
36922
14256
14162
2831
5356
27509
97705
84172
90207
49461
70081
44798
64376
85773
40877
14840
20991
48952
52763
63218
89651
56454
4389
56853
77782
7261
54138
50317
74667
46988
56009
77974