51241
98181
17595
73635
54690
61244
48912
91988
21085
79050
84925
16222
39078
15536
45070
18744
15866
18243
76940
22010
25793
92951
82168
92970
81848
98165
31394
82122
7247
75977
23507
9374
68237
18787
5853
79312
65953
56927
14589
50248
82540
90595
1757
96328
55189
81325
52937
52092
2228
6786
51437
44278
84702
28483
91644
62749
85305
22318
84114
12178
76773
98921
83581
65328
91773
90255
81535
77183
93529
60812
81298
24041
64800
68095
90815
79383
9552
16912
25687
190
41825
31011
43864
76054
83701
55243
51185
15083
56274
18820
49512
66169
89531
18016
14404
44063
12595
41363
1739
50853