24128
46514
93668
55921
84380
98232
16970
44382
94235
25563
41718
38081
61063
41785
94474
897
22567
81433
23040
97093
13279
14152
19931
34554
14942
40481
77664
687
43949
62340
52164
2755
46095
18445
19662
76244
91706
82952
68517
79061
54757
29819
36550
51616
94791
86218
59901
43927
94518
49718
6576
65137
23110
21538
10482
70884
19305
66102
3675
27084
85192
14605
13182
46028
85036
24751
83178
37673
87551
39675
4809
69064
97549
11221
34184
21184
52642
84919
98205
26920
75229
72647
59195
25697
98103
28077
15863
45923
53239
71351
20853
21257
35177
66747
38136
18598
85664
91762
8670
91056