89683
73548
10873
8200
77157
72980
46495
47729
56946
83431
41279
27514
16205
45203
61245
17091
50440
54396
10228
5258
44462
37819
36348
53915
43545
620
95799
18393
8039
80627
15786
56832
58501
27403
43069
96966
68091
61394
25092
20529
50676
65338
54483
19729
86892
2657
32474
80512
16704
30049
16364
29845
34625
62415
8597
20876
55468
45413
6688
21437
66081
79774
72656
30357
24986
41037
51323
94664
96964
48881
45783
16535
65798
78520
70917
67895
58732
94295
74020
95990
32892
52098
92555
56587
40448
72529
67517
57524
37335
85988
48183
13468
14981
77192
41569
77464
29454
32862
81912
46588