65347
11906
40705
89881
6096
63282
64221
55753
49492
51752
90190
51216
64449
26362
34112
79796
18477
89010
54093
14801
23725
69482
12012
52644
58858
51286
62411
76356
73551
64400
90820
92813
16851
27818
24878
59288
93232
8681
73311
60253
68900
87769
28100
40108
11239
69246
36101
83482
48797
20482
75884
51283
12944
42831
79906
9629
364
68028
39761
80789
79400
24084
35886
75268
40947
26884
87110
89619
14929
56380
62018
62960
53504
97509
51818
62098
60123
50552
15639
33320
68079
98061
43474
28541
8235
68184
44666
7851
24164
35464
41459
24151
25751
71308
97867
62723
69378
53459
86707
66536