33833
89611
56360
57789
85155
60276
71023
85889
30304
9822
45664
69405
48209
91913
26382
7433
90556
62262
71372
64002
58072
35769
72645
4926
11328
12067
39296
31004
22166
56768
89131
68602
93005
79972
14417
65550
40802
57525
2096
32356
7438
39063
61198
64747
85428
10257
13790
68638
52542
25082
63027
70907
65598
60769
37132
81468
35248
88453
10333
65877
75446
14700
28884
82811
62535
83730
9715
40163
8102
1599
35974
31739
91599
61516
27024
65611
25137
14093
19979
57704
22307
67264
65212
16896
21591
90038
82369
55
21200
17302
32445
34291
60229
8507
20313
21264
44550
60429
75489
25391