73071
58746
81519
17856
13425
92881
11672
47474
21472
72070
27471
69721
47955
30112
89420
54543
73065
52188
34254
26765
50642
24398
82136
83766
64074
87919
27261
97378
75181
34714
57279
1360
53340
70793
52827
28098
95760
81693
45685
70670
80029
48768
32508
85909
21835
77724
45899
9837
32015
94109
99809
82205
80105
78191
60991
76557
80231
28599
57980
62956
62
85444
65349
94055
32972
74911
29431
6774
34161
85761
2418
94043
26124
48911
33759
91187
79795
36504
70689
25510
22765
54544
55912
35443
54307
68899
6948
14164
52703
81291
44418
96921
51370
13893
88008
24272
91935
66071
31254
26540