4401
43986
84484
9543
25383
23497
52279
78685
79604
97854
45995
90959
26328
76587
61718
28987
27814
83309
61314
89516
98451
22652
37083
56661
22987
94641
52626
14082
70961
56862
63485
1031
77676
25198
74136
52057
4786
48251
58563
6127
20627
12041
99001
28469
80005
744
4604
92182
49171
38871
64692
23764
76772
88368
29458
80816
86386
78566
92264
6785
94591
9930
45333
8187
8744
5123
82047
2585
79185
50715
9592
96842
63244
86109
45366
55678
70641
71021
59487
75649
12296
47795
88556
11139
11625
60980
53963
48025
94723
62692
50612
35512
47043
29850
10307
39440
63995
72750
36263
89874