54268
79348
59489
73591
91605
91659
81372
31509
91465
80631
80674
56582
44321
32199
4114
88932
86578
89003
29608
78399
97966
35819
65121
81286
39008
84498
97199
81472
74426
79088
42486
8832
9615
78144
69911
9475
32388
38697
19079
20380
3308
45016
31716
57051
33707
58545
93816
7643
37775
48742
79171
67247
86796
7326
13593
99738
11580
89186
88652
90628
1251
68018
17302
36919
28472
23966
8565
44803
26820
49721
46906
56829
42101
75341
25357
79241
56149
81527
27822
41384
96953
34732
88969
2020
33328
75176
10389
61673
38940
53674
6789
82859
74396
31314
4116
70431
84976
15541
25423
20709