57906
9822
66267
79697
39144
36162
28929
65269
66613
3572
74285
3007
67610
1460
78924
3165
16039
45661
19393
14010
80563
33307
58545
88643
55038
27303
39914
23810
80550
86486
75192
37006
97529
62145
94542
59150
30839
79417
77308
16006
37371
9678
36477
46550
62419
35015
14562
9129
78310
59581
5121
27661
4062
63936
87456
68682
67144
76883
16297
60673
57454
42202
87335
90345
27716
31576
31336
24104
8875
31694
3199
17577
56892
43943
91161
16160
80015
49304
20231
82221
93413
78335
87460
72516
79943
97812
92768
22415
66890
56114
90823
70125
79140
36472
96137
48659
2713
89136
53544
36794