94906
79655
54220
94824
16599
25615
46114
92743
10130
97914
1812
71792
29531
68488
34046
28193
84655
92567
43699
32162
31320
1853
5844
20929
67153
99993
9937
87123
59931
29620
38107
83006
93773
46386
28621
75740
88580
12334
16211
54572
36907
47966
49602
76934
22595
31458
14522
39100
83405
16004
41385
96340
94316
57308
58003
16137
67499
10850
41305
7196
60747
56766
63560
4440
54930
85482
22232
70677
88221
16768
72642
27662
79961
79624
83445
49912
33508
84957
76553
94835
88126
20519
56516
67930
75124
89936
72998
62695
73720
26981
32440
81194
67731
13736
18920
18068
26097
71863
86609
36567