24616
59734
94206
34844
68270
75199
85611
24549
72889
98913
78289
63149
90737
15654
62347
90653
41082
6122
73440
28702
43301
10690
78108
9019
45334
50664
65938
9238
41841
12621
4597
11671
44742
27029
64680
8524
84199
84217
69672
36790
41819
4815
76210
77116
61496
23885
32091
73258
72720
63875
65349
35041
32144
44009
4735
45018
19818
69983
11539
99214
42010
70547
14748
22761
46942
39111
81916
87253
84048
87164
20060
61625
8775
33053
31855
54128
63373
40561
26072
38340
42507
82395
9266
46967
47596
2486
73589
40700
81845
9665
73232
94633
18651
52465
57444
61629
37323
84232
34506
62995