5406
29421
56218
2754
23083
27813
96819
2322
55204
86971
77501
83565
60035
34826
90635
66925
49354
29934
21029
85584
67141
15426
38860
50370
23860
64425
14882
64674
2299
45733
35162
83755
14718
99017
26462
7729
30108
91856
64850
9040
39733
11962
3145
71845
68976
30247
43826
79994
62798
43499
36733
90669
51314
20164
59926
46055
29759
33877
85378
50758
52262
78332
87045
6902
41515
29971
87503
85693
96810
95201
57707
15984
70505
81068
69222
79619
22880
66484
26815
5106
3496
48330
63466
17215
84688
46049
63450
63839
15752
93165
76146
26668
73188
49175
5080
48764
38764
19799
29315
70626