71072
24974
99958
52294
2029
8665
58418
29227
48525
92774
15862
51020
90959
76637
54678
22484
23165
46750
61884
44073
91729
81379
92498
73299
77540
67878
83095
57862
43456
76917
50578
7592
70016
1898
15936
23667
38419
32204
64409
36726
52266
22968
58755
46582
99608
47863
92348
58672
27918
2145
4473
26831
74172
1572
4841
50113
76539
83445
80475
89818
95035
30609
87719
39901
99744
82659
75106
4869
95445
8760
68565
15975
64413
41622
28261
29461
37411
89955
47937
28793
12147
91192
50149
91623
88110
49527
75622
16868
91526
3247
31403
6118
27372
94436
65922
40288
31881
90515
13063
11559