73424
55137
72061
37300
72702
80267
51445
88091
79111
29953
22602
71443
95287
79863
76815
58470
58372
86456
26341
77996
38107
30715
84189
34248
31761
3850
10869
44383
43479
2725
1033
22906
90354
56904
6881
78404
79658
63070
46204
90541
38627
37376
68257
17151
51685
89987
39833
92853
70075
13018
87821
9017
22087
38966
86372
21656
60633
43317
76363
58185
19380
65444
66095
1319
63599
36854
22260
14019
43634
69545
86008
94248
66788
82074
75386
81715
66958
15357
11613
86265
8837
32157
61927
15617
68253
70939
31909
40951
25739
74043
96858
52048
57370
14406
42905
29948
86161
88735
6762
40670