68237
8853
6506
47496
64668
88170
15563
86712
54907
75020
13442
1795
12627
74779
57049
85303
49668
34355
53662
8847
89080
65549
4606
61644
43701
93345
12047
5083
47884
47831
29813
28818
54153
64439
41654
15151
89960
46038
21699
96282
94507
80277
82403
88947
58139
26782
37461
37012
10121
73902
19665
44378
12440
97807
54708
14513
41677
58543
6459
59158
60883
26929
45542
65193
65359
97323
32168
56724
78383
65044
30515
87248
93508
45350
37291
59194
58810
47633
50730
3945
91160
58174
76182
90304
54742
67674
95375
25389
83154
12761
55100
3622
24828
18820
7512
98608
49905
25268
13111
27958