41590
4169
39762
27268
63675
18991
26104
90776
36425
73347
78569
91472
14332
55493
79940
82178
19962
21989
61281
15468
64840
28734
855
71695
85229
14134
50239
61799
25952
77316
99165
19747
39785
83917
87084
42992
15505
99769
14392
80086
88433
8913
25006
4351
8060
33332
25900
53592
82946
79402
94041
70543
78093
70475
10641
99022
72271
14800
95146
50238
47667
54755
88193
39781
73508
13778
68495
97696
69321
98712
25245
64424
67602
11877
52983
86269
9821
67256
21694
72266
18456
71434
86706
15249
24591
15748
54920
33882
73232
84920
17993
175
99697
98211
20852
69667
64732
44698
7461
73274