8031
81915
19385
98103
6693
16849
64027
64994
83135
34569
94515
48650
4286
80550
57137
81635
92820
76230
53154
92776
57942
10761
42441
34768
66043
17925
46546
21364
27543
51053
76811
85140
99553
5020
33200
26520
33817
79798
80234
17980
8180
8986
57522
39055
24647
45138
65028
14695
30870
12462
12387
44918
48065
32507
11338
13162
15334
58619
81628
10455
3663
66885
43845
10582
77873
14091
7086
49887
58825
39633
71517
13454
30513
12257
33020
32032
86078
80708
63998
61531
83517
96696
88857
1334
86092
80692
21817
95082
81391
54196
70037
50524
67694
28033
45551
73084
18143
90951
4847
53108