78223
6524
88149
66359
4931
30245
5784
99804
72532
25771
44253
63306
98936
88137
52967
55485
42586
71661
19699
90583
68011
74280
15339
74049
39310
4058
41657
6494
31205
1268
56744
12165
76350
70063
68655
18974
49582
77467
21967
59235
55708
97284
11074
17825
21810
4401
28585
39196
50906
86559
12025
44094
62067
61063
52340
81708
5358
7704
75181
11240
92857
73885
25366
31319
60249
1969
50417
92627
5691
13230
35347
75991
60336
35403
5221
51288
9483
67832
53978
96900
20239
49704
84289
84572
91706
98849
61722
64275
39458
86961
13317
58904
99049
46623
17526
51145
40030
41763
20428
97098