80506
27544
31920
97712
72378
52533
45468
41500
3335
40890
39194
28109
24212
49568
63157
73060
72466
29668
10104
97011
84381
52448
53225
67324
85561
23517
51374
13209
50587
50404
46449
13990
93757
50104
45238
77616
55114
91361
61940
27910
14107
19533
31266
60615
80854
20403
32708
37038
1581
26717
49429
46321
39173
44856
55411
98409
59911
23117
31344
36702
61385
29866
57736
90526
57218
88242
76083
11364
27985
36196
79915
68758
58763
72620
88936
40610
82596
93621
15457
31609
50315
24513
20239
59515
81705
63225
2764
37255
68843
12439
48906
3452
79538
5129
35472
87403
63693
65044
2506
37924