61095
58592
72724
48532
86685
76158
93920
27626
67228
81655
79440
22402
80842
73952
7315
90946
93943
83402
73272
67236
28275
55006
38793
69344
5931
46424
62906
69853
85681
1833
36103
5050
93901
88946
44501
77220
57992
83304
42652
39196
54215
69425
44420
52514
71164
90264
14599
34547
43761
98227
28623
27825
46756
85397
6376
91836
67914
57027
15094
19639
45351
46466
5885
72855
6859
73430
97367
88945
60680
78934
61550
48934
25587
57515
4577
88040
66709
96666
27512
88195
71030
23516
25813
34314
78797
14013
95474
90485
85682
98501
36299
74615
96505
44726
94195
4373
28936
39992
2812
49748