2656
90586
98996
25026
71535
91254
96325
96883
51402
68611
18918
64933
78974
49264
94730
51548
12867
54096
72416
7826
16119
16239
31415
24424
67504
64806
35478
20396
91181
84645
24055
87367
9266
76566
71539
51171
56887
14353
42609
50955
52213
97275
33556
37141
70280
68429
99904
563
23567
14266
28156
87105
72744
83463
35858
93506
32947
45508
23119
43675
36708
34862
29172
45841
66124
40508
88552
45394
1543
52663
69992
92454
57608
28904
250
29760
63192
96478
58323
68344
95700
29968
27361
66232
5295
69309
93948
34642
89274
10267
42198
21601
9773
21428
33559
7146
73633
84514
60574
91484