96000
42753
85329
23403
33422
87356
36547
33145
40633
49967
62683
75529
90850
11213
9502
34728
88696
96000
57093
91822
62619
17388
53458
15154
98557
73579
5190
86793
97372
1689
88038
83243
35172
78160
31333
49521
19062
97632
93953
54930
68073
79736
98703
99877
20791
24221
80427
9027
37567
77783
36696
10427
38711
97449
44178
63401
87815
50836
35707
998
30536
93518
94668
71050
49622
37026
57916
26203
31264
77137
88746
11834
34594
14820
25106
88319
37026
59370
43194
37519
28770
78377
85882
56124
77465
53454
92925
87620
76835
70705
45853
67917
36317
71962
54909
51707
11751
60111
88065
14349