19095
82594
92728
18169
73886
35950
16358
43512
29785
43186
37865
44091
33844
66477
22605
4400
99646
22596
81878
87062
5611
38702
49081
77707
17810
78767
33561
89017
9818
76880
94456
26569
61284
47089
9197
60628
12864
62627
31999
94032
60407
16291
13503
96374
27796
77386
90933
77284
43105
1844
26632
34901
43169
87272
49125
17096
65739
99469
19921
5134
75153
46171
48081
97028
62756
60284
65798
9294
37012
19664
45197
5169
14020
97068
23279
51350
43363
36973
67081
22024
97170
26887
74174
75081
91141
82457
93418
50107
67047
3105
75804
21301
81204
28293
78807
37119
54178
66665
92677
66220