9038
46019
85491
46459
36088
58447
22565
67044
56042
14382
98321
52455
49617
80573
41351
83940
29127
22624
16804
60926
27328
63632
6827
40361
20012
2858
89529
30922
97798
65819
51092
30764
28180
56533
31122
6809
55638
98914
45694
63025
96063
70772
29161
3400
40458
75218
20200
92093
82833
77198
42420
24688
19261
54521
4636
87777
15489
18515
74272
69630
5046
50664
50879
20429
28901
53307
8948
91095
17529
74164
29660
55879
75226
87953
16831
46034
92206
31789
49658
54644
97831
86673
53191
52618
75924
61151
11220
14790
5527
34109
65497
41351
92157
62958
32047
67923
15128
12944
71647
66792