25448
8789
79204
47692
71905
10777
25681
5922
65644
9136
70571
91285
9321
87001
44221
33569
12113
62853
74105
50002
22384
18037
57665
29310
64944
61942
19939
87041
27205
32878
80957
68977
83117
41947
61028
8075
20338
93261
27203
59511
75114
88256
10229
10171
13683
27782
64662
15690
12311
86019
73026
27118
48793
25945
90170
59241
99392
62097
33307
63860
17067
81793
50090
9247
19361
48742
33776
80387
30101
78805
2622
87454
87811
96008
55743
17796
23653
5076
41899
93416
83669
31411
12357
84772
72018
94432
69403
33529
93769
55816
92413
21788
95372
73640
16213
15151
60072
24480
71212
22247