10265
39470
1095
2846
52085
75776
45615
37611
29778
73693
533
47183
79284
990
98654
52783
37190
58589
58371
85667
83652
60959
92458
59866
33583
53498
58886
15047
33182
6956
42573
34053
7956
26504
66283
934
73911
36933
60165
71852
52275
28111
14195
17746
5753
56875
68489
38060
36265
21640
64341
31190
33937
41609
50791
7468
25949
9419
60614
25981
8414
89316
44950
52733
11434
12045
13272
42530
38127
33285
36318
27612
86300
27960
67469
36772
83950
30674
47632
26824
41915
59473
63965
6337
40432
53491
29630
11464
51336
89663
5621
77498
60728
95949
35110
69927
50800
10866
99771
97405
99927
2588
31092
8958
67821
58386
60284
6783
15976
30986
44837
48516
2845
25327
47993
53778
34902
5074
41048
56960
78095
6809
13514
35148
65162
43675
4883
57826
73473
55134
63605
76529
60772
86444
4419
4961
56217
35786
72823
63898
76858
96866
77438
31678
97363
63109
1499
20177
10692
77618
21147
74191
15405
34597
38309
25288
93095
97636
34880
90971
85288
64994
5522
26356
9912
86423
31146
6847
91372
89859
78494
80374
35995
53867
43408
59027
3589
38181
6211
28312
93316
79761
41271
97793
56925
57793
59549
27279
48627
1978
46332
1007
39745
27627
67047
24615
99651
43704
80828
46221
86097
17881
9442
18349
28994
23886
15328
4087
71543
99786
95594
59861
37317
81920
69179
56481
20388
23269
42891
7340
67906
86294
87951
32081
24912
98321
42170
38434
76226
76399
81682
68099
20427
68054
3931
62686
70418
7170
8061
74459
43816
20385
34486
25480
71826
86187
84922
97150
96182
49667
53167
81768
90062
70790
75125
2551
24268
49933
72020
15796
53071
75204
53370
53896
28186
82860
51202
30634
82229
74586
43990
47650
26884
86725
99026
1470
17522
8846
37757
65266
45525
85282
95166
3920
84496
56389
87183
16998
69742
18092
3118
32087
79007
29583
87712
95011
74348
66451
91993
21996
55154
20056
68792
76606
35398
52172
68783
46364
10826
75715
65894
57049
59459
46527
40336
97079
67837
66174
44070
13967
6368
94290
71032
73188
56293
59616
5547
46544
15383
74942
69369
30415
83130
32540
80606
74290
76383
84910
79599
75288
60498
53423
71792
26742
15403
28581
97665
56208
10619
99892
24763
95167
26536
21537
82833
16486
32659
42494
85432
32251
29489
10077
39694
47238
83130
84110
79969
85331
71210
51899
37296
90332
8318
76113
36600
96725
21996
10278
2400
33722
35852
95524
32750
33975
31264
40410
51996
13937
99330
76653
22512
8105
59989
9415
27349
5435
46137
83754
85326
37803
71561
48098
70077
11904
13045
41704
58507
42960
73768
65141
41545
20595
65326
3172
95388
21287
27940
37311
16252
37658
66078
29608
96848
8144
43923
35408
63249
96433
24299
68567
59615
14992
68988
37845
31627
41256
88153
49653
37446
99913
77833
23891
64515
24694
1486
31838
95862
97510
37987
8941
9624
44272
93428
90465
36937
62692
78709
79625
7595
56792
10468
40832
56367
63789
94791
18943
33427
2272
76471
36504
26049
17486
44663
45827
75843
60600
83273
95109
622
6454
6003
8528
74397
47800
92106
71625
30005
72669
75571
42108
29362
13951
41289
4523
30716
78321
21827
14620
6739
38028
8596
28617
70157
41867
32469
57690
24993
9766
15004
26139
94886
3642
9297
28776
58405
30145
16744
46888
7279
72447
66509
98178
43103
83493
1193
29084
60979
63359
22549
27438
66743
73348
81615
27991
39230
34846
40048
33238
21489
11164
95546
48948
10229
87596
14179
85344
64225
85967
89655
5695
77873
75067
58645
51620
55061
64893
98908
54232
49794
67143
32763
64955
64618
36925
41985
13218
5959
2853
95254
39054
3536
56450
25755
84428
87945
80197
93089
3627
46075
17301
15775
91958
95285
82160
10052
85804
15901
24637
80853
18629
7446
96418
93121
50685
89935
57106
99454
61082
67144
85695
7881
14125
12010
95573
77951
51437
11289
21153
82569
95804
97605
39404
53027
12682
70704
68888
71854
82067
30982
46914
35810
1535
3868
28385
29841
43728
54795
18307
39708
20185
9619
55231
54557
72501
5654
30257
29866
45427
34345
86294
29067
69424
74622
16667
46730
69710
1394
17756
6987
66909
49096
63978
11731
3519
76926
22540
61295
93967
9735
65869
54295
77417
55806
18920
71987
19351
79749
90963
8644
1575
35903
94572
17605
56552
1402
46786
28921
19625
39560
22988
70734
19671
40783
37435
38676
80224
94531
66684
33415
60174
53891
91349
87602
40896
73400
10550
32752
20640
23974
5454
64760
53149
91706
64392
94234
38184
95093
61241
8149
96795
10883
13105
42734
33489
85795
30396
84408
17732
23692
2555
38490
28763
67100
45305
76271
77248
91195
50120
24382
39514
84456
1021
29201
34860
97572
2920
84231
27776
15826
51095
61936
72006
29598
86787
39823
13703
66031
1907
68943
1139
8519
83238
99729
6250
2575
84792
11979
23272
5558
28035
80780
42903
94540
98638
53879
30948
87665
59427
55307
86150
75721
5011
27134
76894
24777
55138
6102
17074
8738
92150
96297
89913
92226
50754
41442
77642
38444
94784
91047
26657
74676
8960
98411
42807
99655
49433
69893
86070
50574
92111
21254
3212
49864
81203
26916
87002
51968
41440
37978
46941
22177
50642
57326
310
34736
50243
85684
31096
21963
718
93637
17858
20019
60038
16791
19157
18303
22858
61673
64909
7816
17275
30624
81504
58553
14442
70592
78718
63715
31855
46463
36024
1066
8908
53067
31967
41419
3865
16017
48584
88811
29672
60798
38333
84956
66216
11952
12341
83930
99854
25534
71986
36608
28570
37362
4205
62211
95120
14563
13924
93803
48847
96365
533
56742
64276
10117
42827
75875
52119
8045
48135
10119
20308
9176
48831
37676
82548
74528
61362
29913
34287
15107
18630
77503
976
42766
21979
82691
49080
49036
742
84556
50199
45322
43283
47716
38011
33849
33427
14258
74498
37111
5532
4396
23512
88989
20450
45945
77343
77961
80550
57701
72379
555
57810
82266
63282
83415
78092
15753
88569
90972
47759
96830
49831
92635
67986
88407
21030
56176
78795
70494
2161
11388
66026
40562
65349
23375
13415
25184
11029
97265
1452
76174
76190
65232
14171
93165
24460
29812
11032
98798
6265
91001
20059
35402
94065
41678
80119
4291
77006
17669
76413
48214
96106
59918
3730
89183
95862
71171
88081
59379
96101
2915
63821
1759
32656
82366
17022
43871
93118
27271
74723
22764
60119
89934
68584
78394
40802
96888
14482
24049
4170
61339
51998
56229
89601
56838
37628
51381
17622
24277
19616
26290
52930
58646
50419
84809
29581
24532
44128
66105
62444
42238
28628
51029
80427
93394
9706
67543
50583
39023
13034
27570
16179
54073
6247
93459
62757
81189
10499
83190
20947
18774
26281
16287
98742
74942
48409
20784
90094
93804
67443
15179
24736
50010
58401
8755
41408
52121
60320
19586
55894
73954
44601
54337
866
35746
34806
46125
95701
33617
83013
77293
24528
42882
50926
12936
84507
15020
71309
63103
41511
23708
11441
51996
89502
11658
2869
72540
31222
18657
38944
64298
99983
54260
99781
18594
55332
32777
81565
81553
14006
20636
91272
28430
11162
17759
92285
59378
3876
61962
61885
44986
46490
72277
50913
72390
46695
93771
33494
95088
24913
95517
4637
44686
69476
5067
24354
29534
20518
7426
29143
35505
13002
82949
78525
27138
62853
76406
67959
14786
18074
23421
87033
56259
29352
92594
29290
99284
28860
63939
74291
45847
94635
84319
17454
87489
74803
27372
76281
1683
52739
4874
37369
3634
38559
59595
10363
8282
44314
87891
65702
46324
2794
52581
76018
57514
13310
82395
15376
37308
15903
88173
89070
3706
56323
52330
96276
40797
44049
98385
20683
49669
97580
87761
43016
92106
34919
89257
24792
96548
31191
34843
52517
45287
22452
93540
72406
37809
30623
26877
54728
32292
54212
5237
65466
85556
84195
21936
98612
14446
16640
71125
69351
42772
57040
11590
75385
80984
44585
95495
5562
36092
80217
41070
84051
19325
18637
61307
79938
14155
66972
95687
1877
949
16354
4134
25583
96341
57535
96707
84761
94331
78560
59295
31229
45885
96620
59914
1115
22386
35608
50893
89793
2876
33769
30334
42263
16367
48841
59183
64490
96299
44128
56691
17591
24668
21924
61790
55026
54714
90052
34563
62426
91347
51804
13961
70887
26999
10745
84136
55209
68151
13735
27831
64004
41702
17155
32607
40661
16882
85884
21257
52105
54384
37004
49917
4287
46964
79589
11829
71360
17682
20342
53634
42522
39996
11732
38770
49850
50425
71644
54390
89482
76555
39966
87108
87039
14417
31389
19175
40331
43700
98640
51223
59181
26560
53725
29317
1255
25678
62641
36458
88897
34774
76485
14810
7679
29079
55917
68038
59374
50209
83308
64358
72582
77907
51754
23868
35703
97520
98497
2342
21124
63512
33049
80238
37236
43078
28095
96758
22846
48624
32954
40951
55517
67201
44120
7415
98138
95897
22380
47683
76300
11795
90544
4842
96226
19814
68223
69265
66353
87987
53215
37576
87412
52723
58396
81321
1857
36084
17611
90420
64404
38994
22005
87903
99849
72956
19376
95123
16902
36868
63744
37745
87509
64366
7630
14434
89723
13558
17820
8865
79629
45706
34532
67486
83231
63623
58983
58090
5784
88249
60744
19044
39356
66955
44590
46037
40954
46334
62277
3752
57719
24905
91233
78142
49857
58313
70432
26441
98589
61579
76300
81197
83955
79475
12970
50317
60271
85793
27673
83090
94114
88015
99612
86332
26356
9104
95283
97879
85129
26521
9942
92938
23857
74226
8318
99646
54663
12371
90785
34113
11200
9017
3697
79120
17677
76364
38977
74193
35870
66762
76237
76514
19895
38300
81280
32062
31399
79024
92817
88434
49858
77714
78668
94005
88342
74258
2082
58816
88759
87601
26193
12290
46965
54587
94318
71980
23368
31167
79405
34646
2024
97272
85768
93232
88569
64508
3928
45464
13513
79537
50147
9210
32856
13076
98621
28487
88945
63100
4157
45431
13115
95954
8425
6981
40681
6662
90305
3150
84238
11701
82215
55127
30005
69964
25693
24672
14683
56896
76518
88955
60443
5339
67443
6744
60671
14470
90966
61155
23585
20306
92585
40279
91248
61442
45904
80650
57118
79417
30442
22373
71457
76227
42608
54050
28034
70080
82665
95337
57522
7794
44038
94614
89773
49669
60095
85537
27869
30972
39318
51876
8612
65778
90586
37754
20862
50983
65003
77969
65078
68795
96235
6242
61035
33663
69303
41748
77137
57099
60285
87845
25765
60499
5118
51587
70466
51989
60614
66723
52884
90268
308
46993
12003
41576
36345
43012
54555
92099
80496
60350
53882
61862
88462
5242
1909
84354
4565
87781
68417
86864
27243
89229
19963
34077
90538
45762
80869
68
32344
82104
44317
39213
21587
32570
47894
52868
34414
56081
71982
43667
54350
48945
61976
46416
68676
34401
2512
29797
62082
28335
88262
11300
2283
97930
23039
26477
53393
39748
25288
56051
9925
92572
32614
33068
5164
42739
54541
44429
79891
3447
57604
28722
91695
82138
29521
9016
89254
25286
21552
75142
28727
55792
37007
17597
78992
4854
46172
4369
28509
40427
20805
86315
32462
32970
88512
33306
14332
51810
9384
95234
15805
92145
68152
96604
83897
85351
66070
38478
94557
35606
24075
45624
15968
10376
89425
32973
88031
3854
77840
93688
92453
64278
67124
66825
25178
57191
96415
19599
19811
44335
16479
40308
70042
55524
7705
1050
64364
1332
19088
18992
84240
12730
47099
8684
9116
87851
73206
3851
64891
33678
80914
78401
37274
88362
40516
70902
87618
13340
50793
21199
68122
17785
54315
29224
63181
18480
5995
92948
23190
26039
63223
58759
6463
10723
38683
1459
34123
32378
13879
18551
60472
48969
42814
72072
37253
11526
66433
74579
28384
42073
728
41620
46700
41534
22271
51995
31158
48795
79335
29219
21521
89534
66405
22258
42808
95789
56011
13355
68293
67664
92918
26402
61461
35309
64406
40057
89978
34318
95371
35969
70967
34254
55138
88504
57420
3398
9887
19276
68671
83861
35675
36835
36812
89787
89925
66221
41392
36323
87020
1152
23273
21640
64847
44334
93121
99324
99232
44242
24387
86415
85047
60415
71260
96510
91865
19389
59956
90697
31366
71361
93738
15430
38022
14790
54285
80465
68176
67235
30995
43568
5168
59364
66443
48721
86061
48477
49621
43286
30581
64151
90459
37745
7582
81419
8119
44979
49256
51593
29663
52934
12095
98330
30271
49733
78363
92694
47709
93140
41652
40651
12368
31315
66459
82
88278
68995
43589
49604
6944
88742
62634
98109
60273
76372
50823
99050
7369
72382
36770
94762
55732
91863
33590
41741
35258
74907
34071
22775
60997
37363
5660
33231
50087
9835
79588
60191
24248
88129
71039
91938
51515
16129
48183
52731
55782
93711
40604
41426
75281
41773
18408
6989
5373
77664
98764
22067
19772
1142
21096
39913
1352
60211
54859
15998
4377
26873
87660
58416
9614
90598
15327
43993
23442
81556
65396
77922
44550
28486
80723
91178
98352
84410
46024
37674
71520
31900
58978
65958
22817
53030
25694
12541
83872
6144
40006
27925
2464
48825
70041
57555
12997
42518
58712
93385
1459
33947
27104
97075
59266
75767
61246
24337
76062
67293
92956
58026
33173
62102
23401
98423
58377
72481
80205
41537
7532
10212
70147
99916
6811
60818
93323
16846
77876
80000
82959
2142
94863
63573
99017
64477
34001
36137
90425
82392
27609
90237
39318
58039
48838
67613
38017
23878
92819
8012
22294
20750
69609
40324
92230
66362
1237
11353
23595
69252
27318
54984
46517
30466
20015
80913
90591
38968
24975
4166
43779
20967
10917
37505
23592
72423
72023
37732
77689
26649
21100
45725
92762
34744
69084
12179
27726
48873
94036
60212
26622
7836
89290
38774
52910
9577
17548
76938
36062
5045
18961
21921
22522
8529
23224
41996
42059
3309
94058
68358
92359
81752
74013
88946
40427
2953
98936
960
16788
36696
81124
74934
17794
37289
77739
91016
96407
50809
65612
86359
548
62523
1092
68342
55708
7764
3651
78178
85847
19690
71795
74323
55014
36164
86045
66113
44455
74415
31273
19925
88955
27491
27433
55990
229
43600
25412
35280
42939
24356
36723
95187
95522
77943
11317
67948
767
32816
27764
94089
43556
35340
2533
12054
21120
60973
79192
88762
16702
8414
3990
28448
62613
85750
46062
57970
62605
12293
99808
16180
69240
69476
34764
17355
29908
65542
55303
86585
57493
35527
35670
77779
16742
347
49878
10254
14814
84962
4371
98762
95336
68392
91273
32024
49938
28825
4464
66166
48175
77589
78042
71735
83273
47012
97316
80447
90420
42837
778
17511
49557
47223
20453
59356
98521
16274
63898
65148
32963
64196
6134
93932
15948
66487
22696
69376
76378
66113
76007
54221
99484
96067
4082
89095
59916
91171
16069
74816
57594
84982
1580
24087
94674
69776
730
73318
73475
36993
2318
13525
46153
93711
1741
20838
77124
3750
68325
40002
11548
34786
77448
26505
50027
10218
67726
63442
86540
45168
87702
8580
67607
95586
74500
29680
36244
55855
65129
90432
15890
98046
17731
68340
81060
88266
49815
24103
73527
50801
3207
58929
45409
79547
32660
70319
65551
36963
75499
26475
10069
12822
22357
9468
18322
36436
78192
36572
24049
38900
27228
4358
59792
33879
32054
78972
73568
37538
92919
1702
40146
55234
39023
88914
12472
32614
9065
56484
21163
57025
13158
6594
41248
85532
37265
86474
23114
82768
28509
91395
45601
68393
60198
21008
42965
35142
15462
80245
63459
93732
8340
70364
1249
5456
7364
19560
40125
89738
59023
26158
14109
92575
68606
79930
81791
11144
31171
57218
33610
51619
33306
58210
79834
26360
83019
76540
45715
79149
26916
28965
18788
96745
61353
3292
80773
56207
26464
38398
90609
92580
91991
99748
77463
11258
45727
10699
71910
68954
5271
9352
55559
97700
50135
99944
16042
5258
25281
93845
38332
24629
57377
91275
72075
26828
65332
95606
3529
24867
10843
18458
20351
63440
26707
80502
19114
77346
27104
31807
25197
62597
36768
56971
94903
55078
75029
73190
62900
45055
7520
38078
95395
2686
63311
60162
74377
54164
91214
62877
62691
4660
91991
72164
41178
66540
88774
88877
11849
22734
18134
8399
12563
60910
91468
14433
79948
68518
40801
70567
3099
11164
8703
60063
24729
59829
15318
62585
10035
50785
45475
99990
19135
8615
47363
99241
62661
43803
29949
8273
51325
8991
29793
27913
13809
30845
56288
99760
20032
76307
27771
960
79668
51563
69132
37437
33731
31779
95008
32332
51963
50892
5455
42871
90406
73655
78199
34943
80538
24324
98051
49628
7410
36015
42299
44113
8017
91366
23490
69742
16955
5667
25381
94585
50854
30716
72452
11687
21917
44235
87
103
2268
98535
56524
29670
81744
39830
59988
47885
15835
2457
64187
59933
31708
65836
37974
61795
64306
88446
28951
78287
91115
7103
63678
43772
1847
51197
53978
48823
90743
61679
36409
32503
55784
21888
8197
23306
54183
57664
84285
42568
33825
83720
96517
61541
42336
59654
69354
43124
14355
79575
19735
2489
10309
12226
97290
7125
54169
99269
68248
78839
55312
38400
57217
54882
25638
96697
74551
83331
95791
12664
3969
18147
31738
67330
22477
44892
66152
47868
48868
42500
60860
38890
16723
48646
4423
55685
67510
82190
51472
25438
85445
75168
5557
57085
73007
59900
65818
23908
76637
26890
13765
33717
85784
44831
54055
86378
47788
36444
86527
38845
35945
77940
82494
56672
46958
48252
21095
28653
99679
19559
86614
32596
45275
22976
36722
94648
16347
14720
40430
58096
15652
61875
35635
21618
62600
28303
84367
96344
30863
26054
48091
38431
79599
14619
79033
96923
38602
56969
86324
96256
73112
23413
52065
82902
516
53029
99753
97624
43761
18606
91861
28087
64874
14908
68457
92248
97362
10193
50556
35994
70027
40881
19769
2121
86903
22061
52931
47795
59558
66358
80742
46885
87917
97926
67019
65817
44469
73375
17283
28648
43992
5084
54866
96664
63452
71249
11256
53754
43836
93927
97285
75721
86785
37381
56851
64466
26166
91506
33444
20243
4483
30514
39922
72335
30216
55023
23929
19920
90078
47381
21055
48992
86490
85232
30264
25011
3927
60399
7672
7816
98554
25973
46761
77107
80002
44266
94345
92319
91360
63417
43975
72957
86091
31256
76174
52127
7282
51674
48765
79474
91710
29820
74986
78673
83963
56735
8809
64320
35943
18967
3943
53405
38549
18598
7793
67811
9086
47767
22775
53519
49619
28096
17434
6536
34057
23752
42211
61272
92891
44105
67733
26592
47477
16056
90549
16504
69758
7484
32345
99839
49652
84822
46206
73249
72621
53538
87448
93443
93093
73210
14055
74451
2159
80935
46897
3871
84522
79277
90208
85640
36132
32861
7879
34993
63753
24373
65225
21653
53865
19696
39674
88625
81396
50959
18932
53182
72844
45266
88599
89172
25680
24684
67686
74340
53466
32705
16861
76589
99035
70481
18870
19762
16979
89634
58570
94138
71508
80590
20369
3935
59194
47540
22499
27049
40341
19305
78148
12789
35395
83269
25552
60489
4877
90202
14218
26454
35734
25271
53018
49139
42749
27232
39735
39044
27262
85537
87158
76071
89162
53752
52943
82395
34862
30246
39547
22217
57909
8004
46795
71505
19335
83732
55042
76805
68352
49337
40508
28600
68614
56546
10837
49586
61535
35432
85273
18340
64037
36446
62648
97970
77697
63310
9468
18711
67077
91199
56954
78316
52567
96189
75446
97792
51759
51255
11239
68979
33099
51813
40725
87691
19710
5414
64624
71036
82505
78174
82265
89940
9273
92746
74464
6833
42493
29108
60247
18297
65677
36812
68284
96276
2399
17837
39049
32999
91840
32018
45375
15219
55819
9055
31994
88503
19722
8081
57212
30961
23432
64456
13133
19082
53348
82407
3954
65395
15239
28398
76336
934
94759
17915
3559
16045
69273
82238
36483
54025
77244
28962
74253
49022
8527
34196
54843
44906
98297
32325
39169
31636
35487
36955
84583
16277
51859
23563
97633
37335
27625
97906
56663
39339
77868
74311
6227
25335
94137
26832
84799
38403
16004
64101
84154
14074
20189
37146
89412
11743
12804
74908
77399
99676
21745
79090
62572
67020
49666
4044
49467
80483
91587
82270
15881
92778
1846
63103
94650
88904
18846
53348
38613
11056
79006
58477
7617
87342
61314
46330
47369
53265
48524
7461
78320
16092
72574
79956
35990
34889
86902
52166
51232
52972
21430
71211
79625
68686
44889
77515
84012
43250
59930
63041
2839
45574
88380
51100
22124
99978
48170
60149
5055
20668
74446
28468
79508
38857
73403
28531
22588
59813
74929
82544
72891
33660
97782
71455
51058
37183
99085
47797
57158
44396
98300
50398
64915
46535
21125
69306
90691
81842
55277
41094
55005
32337
25640
39372
79498
25950
58999
45307
65989
98099
64235
61327
65539
69518
36975
79834
59588
73171
11314
9222
43454
20381
22189
5950
11711
79397
80873
73409
51355
48590
35567
72958
70778
1850
37097
21790
52277
91090
48771
32769
18335
42783
58288
16551
28758
42462
29024
63302
88392
33938
93036
57897
86792
98486
2730
3916
48592
93863
77623
48202
13550
93344
46678
86010
70718
80981
87363
10599
94950
30894
99754
31238
36062
44475
14494
55723
68527
52308
95028
86420
62153
76769
39795
97499
56641
2768
81072
30990
26534
50047
63870
57396
28356
13211
11025
49443
28771
90130
33043
83585
58701
21938
30844
45974
20298
32665
14396
83797
57838
53290
33115
32984
43136
71255
33905
80817
94917
31434
94916
77266
18045
89315
84248
86589
33107
84880
97357
59856
10862
15311
32006
15248
89836
99428
67776
56056
80002
66260
99552
16828
68790
98114
45666
66265
96028
64261
11879
92844
34510
11462
83146
11004
15571
80273
13388
85057
23031
58952
61519
95999
40287
89189
19557
23122
6383
33584
21722
53066
99969
85849
85935
27467
63271
80697
21784
87933
38318
44815
61442
37042
73369
16987
66648
18953
15745
66015
77618
33122
24511
37315
43251
16170
13526
94957
96951
16375
48157
13541
3092
16476
42468
90063
88558
25586
82557
14609
43616
58232
31880
75096
13464
57754
24118
79473
99990
47228
27680
57732
68000
94541
76806
81104
26978
94720
76169
92973
78803
76443
15998
95945
73165
48153
35880
51737
35090
6183
46882
96410
23453
21120
79307
2564
96158
91111
23195
82657
10464
43128
93377
69599
77460
27172
9392
45830
23593
73680
44147
91525
27713
96464
6774
85930
69569
22906
82020
9907
62996
89665
25045
34428
35552
44023
93819
12168
49326
73946
78586
10976
99340
61557
19068
21220
6246
4264
62338
90887
59529
47732
21531
86169
76590
79093
68475
77166
92918
15692
4738
91713
4020
24139
23625
13752
60778
85744
43482
26642
80070
59679
26389
84694
91989
902
94344
31384
38
77965
98845
15517
96166
96168
33728
25724
92036
95007
40470
94821
76643
14635
66334
14345
93419
46211
70373
32645
96283
70776
99442
19835
3704
23515
84812
78385
40390
44402
96764
18198
59215
59958
26515
1954
67902
27446
11058
60719
4376
46383
12299
22571
36610
58910
6183
4248
2638
93961
51082
24023
30116
85933
67240
6925
93878
7449
35733
29239
46686
59465
23207
71447
55090
21568
8930
92152
95627
22783
86272
95100
52814
59153
90122
77570
54840
65240
24527
70871
87680
25117
73675
98528
57823
90786
1462
91185
98975
45701
42862
76447
8161
68345
49610
69058
84417
32805
15808
85463
97153
51089
42358
51276
25536
56588
13837
75819
754
70006
81194
80081
11087
41907
96310
17909
64753
9420
48803
87779
59779
7583
58113
46575
69136
18267
69618
64421
25338
93366
99234
91069
62136
29989
59754
19979
92787
31128
67666
62498
33023
67080
26445
79584
78535
25279
79114
21552
53193
4931
8518
72893
3304
26941
56612
66779
12226
37568
35116
18011
88643
21860
38350
35154
32821
46879
44844
12701
91906
97165
33901
94894
93832
80466
94900
61266
37672
48096
53635
3471
13670
75754
65788
86836
13499
56871
17486
23420
40324
83801
9117
75344
46125
37214
92110
36040
25765
38443
93493
90877
38986
11902
55988
1980
56693
20137
75414
98702
99900
55855
91934
1090
35171
71154
62600
15093
28835
18892
27473
32102
57912
25338
95141
88653
54963
38756
61612
71354
39688
76835
69717
93838
49938
88858
43440
15680
21738
60517
78446
48737
59237
10976
86925
1234
61026
37111
86067
42576
78403
13365
37126
94407
45529
27529
10446
61754
47081
12259
41759
99940
39662
45144
80260
46332
26688
82570
73647
85723
3319
70543
85528
32877
56277
78728
46750
40277
64624
7848
53031
34216
76661
56841
25190
19483
32566
56364
4105
83493
87121
59546
66173
15293
19234
94464
47217
83909
84391
5452
65967
46773
99879
64803
52527
33034
95427
30832
28463
67332
52018
78716
61011
32049
23293
43537
5812
15013
396
18672
4249
22917
92126
54856
23619
98550
23268
55943
8855
10312
18967
52539
22440
40220
81789
2755
45683
91679
46133
60282
14878
69890
10203
49905
74889
78053
39666
68625
20264
17934
86501
11722
17989
60198
30088
11147
17331
98782
86673
51227
74249
83251
50873
17980
3289
55772
39770
75642
26486
49104
64481
73958
18763
99146
71002
94115
53681
23737
19151
75142
98540
63535
87804
15889
55502
82269
17862
18035
84072
9858
37626
55382
2890
25055
41275
4441
69078
70396
75429
96203
29326
74876
39520
41266
19958
11330
8625
88790
57272
543
21122
73495
98061
30209
73725
3198
96292
19703
71394
88216
70943
96229
23041
73261
48383
87053
89966
5197
45736
48228
5651
74342
52397
26953
10024
36466
64833
74618
99998
31731
63058
23883
1880
46030
38504
81881
77979
2396
52481
47717
69608
11556
63948
48813
48654
9842
47169
47706
32339
24470
60483
85461
84595
48280
18495
26685
32288
20293
99626
89359
36273
58478
44152
65302
33897
55531
91247
15040
54660
91739
2180
81157
13678
7870
36226
10096
70302
79541
39416
13701
21655
38043
87146
44915
63859
3654
98560
3165
3247
45840
17886
34737
48753
70999
89140
73563
76407
56228
93143
39237
40477
32574
94152
54499
69007
49143
18491
85991
7704
88919
92493
90263
16323
56869
36203
48404
1027
20380
97553
42904
89602
22682
83779
63815
88927
22556
81689
67762
51574
50901
6049
45456
9556
50543
85782
63717
2489
6115
22281
53489
21651
5144
9148
8094
88612
27137
47865
24424
14645
95228
91681
73480
92434
12205
57334
89829
10930
42727
55745
2770
78123
5913
9034
38270
96404
96747
19190
20499
85048
84313
64754
38039
1933
1988
1784
218
7819
22620
52958
98104
58150
78302
22752
57584
77787
59335
45706
47946
33426
95424
90485
40322
62992
43192
89539
2411
7403
81383
80686
49574
14337
51248
92326
89076
69960
26988
24623
22078
98163
70142
81038
91592
8930
59589
72124
91720
41919
16469
86174
12180
75484
79576
16938
67720
66780
7207
93268
59951
60163
56810
21097
90089
97403
25548
44959
27748
16774
16625
13087
76962
10120
72401
26462
12563
71160
50966
59844
84763
55221
60360
54309
96396
49949
92371
61746
51673
45352
94358
40313
74912
61414
33407
22811
98726
27285
71792
74077
25494
38755
78364
47221
27884
73918
94753
64586
33877
56277
66606
81107
64068
7073
23921
500
43497
20243
19959
88478
3805
56916
19383
81111
4634
35613
16311
3744
46749
41639
4524
32310
30823
26493
31084
90611
16704
9154
55920
12177
26448
78777
34016
50570
20507
46665
61485
74601
32055
17191
61977
43317
75807
31325
81816
71821
46815
24059
51346
66687
83088
94974
41116
19524
15969
63302
83490
13771
51476
56152
40893
200
43109
75938
19626
86857
23905
60704
11092
44525
92544
62331
11323
13759
16624
52374
40452
47775
75974
74398
85054
60407
21073
17166
9837
97340
98683
79002
44670
6118
63836
22648
17551
94476
81314
44776
57603
2466
15606
98759
34317
19547
28848
37550
54402
23901
43917
38652
72625
13238
255
30241
73768
15438
64991
15727
70075
11428
88805
70435
60313
19835
97694
94749
92722
70737
47802
95876
43581
30867
28255
65518
54295
34040
24999
34754
31117
98799
75854
28873
77428
75776
64480
3889
60136
83496
32979
26534
36151
598
91699
76597
99419
99694
58017
58007
19956
80097
11462
41586
17384
53056
21542
19810
86930
57384
85914
22449
91077
53714
20543
17062
48317
82242
24718
83588
34879
90575
31638
32986
3018
37564
52773
16934
96858
85358
97934
44151
18242
46380
22053
20257
31860
65361
90606
52231
69856
98691
99560
39924
56885
89044
27079
37385
39287
84099
46121
37323
38489
18705
50316
9191
20667
77699
54573
99942
28071
84369
97803
12796
85591
31237
79110
56165
29449
64034
70191
79530
62467
18197
72248
82394
85245
66895
52419
99636
91497
13040
89207
65052
39341
16660
82383
69845
97584
49504
39664
79089
35145
78794
11786
23715
51746
88440
69074
56324
73468
97906
69737
65387
52470
64058
27697
47254
69266
68002
65226
59045
22399
54233
43256
96628
26175
15541
64313
67972
20693
77608
36889
77548
12092
39413
60998
56411
40867
39477
61571
85232
35967
16499
13710
17597
55329
68647
94201
97487
27360
5287
72207
90434
70387
13005
59652
47975
95786
42301
79786
89815
53049
43543
86816
60574
46967
77729
60960
81734
77727
45079
31057
14198
36401
96903
49783
27768
67399
63124
8568
86814
4749
84520
65056
83844
80916
40104
94489
31090
17423
6912
78044
71794
36016
45879
57846
9533
13064
98715
2261
12362
28636
51094
41805
35291
91244
95337
96363
79613
98976
38050
8784
77645
76663
9939
63308
81016
72698
3214
41561
45926
18091
40985
47645
84029
73157
53572
81309
15816
98123
44701
54826
60931
64029
69771
42185
68096
94553
14765
52630
67201
95570
19860
27715
54801
43951
80567
85385
35812
40197
26200
46420
85249
87354
28710
84526
82810
19308
92342
13522
50666
14923
5621
93717
69197
55271
63298
41058
28849
84180
10185
21747
25844
67828
9118
8904
45857
8337
63272
35887
79992
74131
23736
20786
70944
22274
4156
35489
90778
52269
92677
21296
71392
49473
97185
81513
7473
21815
37024
685
582
23444
52409
83448
68695
41626
66220
64378
23407
66561
54790
10046
99126
45807
52608
4093
53929
56520
3619
62604
39393
51096
93091
46045
12022
32419
56597
76225
5570
72160
8202
31405
24688
42955
6762
89747
37304
28750
62590
4360
31953
82347
14409
70511
26613
93518
76162
74546
56363
31863
538
70049
3309
45349
53429
18020
8230
42881
99898
39185
71648
37441
50466
66128
38086
13462
69646
72516
18933
86136
78957
46165
18949
74262
13051
84
98453
36535
9922
83029
23129
42930
59605
21325
27841
1977
52060
31019
68903
19520
99281
9149
88286
1790
71141
27681
12680
58400
15675
14645
97923
4195
20693
62624
3744
87120
66158
3065
80766
57824
54166
79341
89802
39951
3028
5447
64752
29104
17447
86722
17869
71389
44700
92871
6857
54142
86050
68970
22790
29752
96901
13267
6072
1479
68011
99138
58213
13704
34819
79259
94470
51430
33587
266
8177
83152
77974
7552
5998
38948
34559
16486
34474
95945
19251
56311
57283
90054
28931
38727
90288
19737
18355
45859
96655
96486
3384
14372
9491
45017
26688
23793
13170
47760
30770
15260
57393
40493
68865
89174
80721
48736
43597
90604
61083
67325
48266
39032
84183
31430
79074
34371
65843
16875
29782
77026
67571
13550
33251
98930
30947
59742
7295
51953
71151
22002
97480
20186
4463
92163
31791
48019
90518
9787
90222
77811
72907
41868
22120
81862
49069
47155
28710
89010
60657
76229
23827
91742
4756
49865
51623
63359
88478
41379
19254
15720
43804
44572
30137
11985
98786
76642
29105
63142
31863
60151
4286
70547
99111
73066
44729
75806
89504
83406
22948
37364
21216
6631
34345
13010
79902
34481
85452
64564
71829
43787
21100
11947
40656
14578
56074
2672
32743
99927
73676
47025
14101
34909
72739
36448
63054
51587
93190
31061
94920
46249
57394
6417
44759
5136
82460
76452
83823
67764
30153
23246
67986
24270
36557
67737
92618
32136
24076
55237
14435
2019
88691
98911
53300
42704
4441
49887
4715
48775
6705
86739
22196
92578
56168
70525
70575
52780
7881
13444
12396
19867
99033
42912
4245
6638
55650
51258
78759
42254
55488
88733
17427
20214
76495
4120
27615
80572
54010
68835
35186
139
66049
47602
25696
3937
15121
20616
6487
81561
73813
98284
44717
96336
35175
67109
23790
41426
11923
2296
36496
80694
62075
5614
91692
25142
80298
4352
32904
84868
32969
64588
63392
13701
98053
59085
17755
48300
15492
2032
71892
56407
8186
24552
29073
54792
21815
4649
65453
69677
6398
60722
70856
48684
63836
68548
50700
44996
39408
6089
40534
96643
69222
73235
89447
52571
71713
6086
73664
79094
78313
87460
69301
96743
72529
69220
32128
58905
72386
73888
19297
26294
57740
11813
71366
43732
5191
66449
54330
30915
54529
91535
30517
62290
18855
38106
43070
54504
90001
44247
76506
9836
15333
66313
16539
14211
39579
43840
92209
30853
5200
28093
76338
83654
96600
96627
79898
20130
28833
25857
71898
12151
91971
17202
59594
37766
19600
86031
55648
34371
95740
25810
15036
12407
80129
45623
70918
23795
40425
16393
64052
79810
8997
50984
50437
82147
58238
52043
50329
12040
94447
43906
39687
52601
73261
22836
19122
15779
74498
42656
22508
51670
90667
53656
95907
87247
39591
54921
30490
7641
53650
78123
61912
13759
34365
14241
2837
79375
48
55750
35806
72610
62594
24367
4671
2811
42716
20170
58931
92259
15132
29587
88687
88221
23118
59658
34359
14336
97246
19673
26652
24264
27323
31346
70529
13733
81825
89397
67071
34654
77010
41725
32780
44938
88087
93681
712
99653
75605
71473
49746
53187
52965
48891
33330
58150
22177
89896
88175
23638
36565
17746
15821
50861
95037
89749
91276
80928
50940
51626
18645
61573
48118
35318
65683
95731
28971
82547
89605
8429
45961
91196
6333
97866
29175
35010
78227
83918
52886
29954
34173
76537
52590
58607
78500
77829
26635
69843
46831
26613
71860
30348
40134
88948
591
15892
19828
28612
37043
65653
9303
1104
47007
78041
20170
86837
47351
25411
27551
85134
46480
27710
98201
2762
40926
43317
33084
84572
10442
77237
13740
57362
91428
9341
85506
75731
80620
84167
41572
28769
89682
24702
87701
40212
49899
61304
20454
55909
32226
34666
20377
13473
62853
33826
3843
75445
46748
14922
46702
37559
29295
21198
12807
59956
62549
30284
10275
73289
38592
64174
37627
92534
43267
14732
16932
70251
10856
87170
76684
59154
29471
36126
57176
13201
43382
32269
18547
41132
19341
28560
88692
28903
88221
96164
72026
75929
57620
35259
31223
51393
46547
58288
53047
75289
62590
10372
40916
93997
21949
20990
31476
36442
4498
22810
91210
39961
74920
73030
59876
58534
57956
31668
7255
24145
4381
50103
47032
47581
84194
16598
3728
64863
91659
47232
71489
21158
22635
77281
89179
97754
78377
75135
10861
14264
31539
1180
1222
25514
52586
6370
56032
65105
7623
31096
21531
55411
23324
39014
78053
43744
15727
65959
26168
99621
16529
51981
72695
69782
47405
48031
61375
39620
98410
88994
10926
13050
45386
53793
20065
49159
98636
66456
67336
67388
19074
36643
78417
83803
40760
13928
8336
82946
16609
23744
43712
64367
4386
22815
3223
10806
10930
98121
39579
42577
6951
33425
43834
85417
52931
74699
49314
33430
45121
61172
6379
48688
12228
98066
87664
87390
45609
86364
8251
52895
77621
15713
23409
9155
53168
33723
97281
56815
17335
12731
90220
24889
9111
80598
20929
59738
11492
62825
36574
81074
45349
22588
26635
3153
45995
42803
40407
37422
80444
14828
653
98034
48401
42697
66441
73017
3050
1592
5460
68726
94351
54080
89070
43513
66870
77672
66035
67050
30957
69056
66466
73673
87576
84619
48002
20676
19536
29382
49374
74305
78258
29589
27611
42237
15299
80410
38822
16958
27319
30749
55314
23112
81194
60411
12563
87639
23028
36923
25977
19552
96096
20533
49593
71108
1579
2410
73029
29439
80346
48981
59904
32607
18129
73009
42368
71152
17945
61440
21330
87141
23671
49565
66011
30657
31808
72440
76875
90430
61019
94167
70262
3509
97881
27083
18789
56143
23610
34151
51268
56874
74096
56572
56640
16444
95935
82955
4155
43236
29234
96640
90529
56599
29655
34034
53301
63416
96616
54554
70715
68961
22309
42903
83292
47204
18140
22381
41636
61857
72963
5702
23270
98063
45443
41687
45779
61390
58867
51978
58227
59879
86642
90211
83543
64501
1995
30999
55153
57975
93725
53748
52144
35947
62856
81842
29894
42605
51814
35218
65066
13744
88568
10465
8435
75139
66655
97576
30748
84062
12932
12908
78988
68282
62854
28525
25876
73627
59989
9919
9313
53900
83631
36197
75031
15389
31252
96948
96525
10649
18509
95175
30504
2760
40991
72429
64877
20776
95056
96441
74228
25530
57346
14498
74077
80444
51285
59557
48511
92430
69601
60485
19792
30466
28717
52618
62242
54917
56789
29780
66473
44477
76172
19731
27390
82580
73401
30473
2814
15085
80865
72031
21638
49433
26727
30801
49577
40765
6138
52035
45361
42371
70370
36373
47953
71962
91981
20270
23775
37530
14518
15887
60835
33249
35902
16789
27831
51012
90231
49790
4677
55585
48580
18483
79512
20883
27170
21356
30142
58261
81886
87457
73885
38968
46962
68392
77812
92171
75621
85827
84082
54928
88040
69653
41103
94089
8429
78648
13463
13368
64120
80046
3147
30288
56489
86502
28335
50065
53593
85924
25985
85884
32670
22812
97683
2294
29688
44797
55173
32386
90312
29541
30661
46387
3711
78591
45245
63895
90142
91283
93622
3955
31435
79041
17755
85465
76173
96509
4005
6567
49210
37702
98008
47419
83138
15834
74603
25364
53281
77171
58066
67998
95427
32456
46046
78309
3852
48667
61270
11851
66878
99504
14578
38882
14817
15611
1803
76042
68185
1898
69916
97053
60453
34926
43295
45227
87856
98504
65878
53284
15944
49573
10386
63760
90110
13650
16817
71966
93588
30527
27670
81151
1388
87843
44623
50767
58286
72765
57802
59873
34950
97519
64693
81923
83777
49296
40558
89345
84453
71921
55284
11803
42432
64439
56104
87344
58492
26408
63992
49560
67450
61925
77938
73424
2764
534
85574
22180
17133
31573
50086
46266
41837
22360
58431
84311
13194
97999
29589
91145
48234
68645
65151
57862
16780
77100
63482
15222
50878
4269
77389
50608
5047
76199
42158
73798
45853
93787
42935
93130
98837
50808
12750
8569
32397
48525
30444
89974
37239
74752
54044
44250
83460
91504
93557
54678
30166
57106
72042
35712
45205
26563
6804
29726
13162
99896
84663
33177
5822
15878
27304
42237
27104
56011
340
82861
97806
4575
20965
38825
50130
78881
42572
95845
38419
25258
39402
17281
33512
23858
94510
59285
7186
99104
42956
72301
39495
63590
89895
72836
65726
28068
9932
24788
67266
86727
34806
47824
50677
81596
30532
53842
60795
80028
80629
72413
11540
86201
74237
93214
96392
94897
34390
40136
65500
39759
50630
7503
61777
32063
57357
45103
92534
41468
51803
71838
46376
37741
30011
26614
9175
34497
46930
80894
57608
68495
73545
83602
52235
39133
42546
35833
10391
17396
21492
76366
41598
32921
64116
77989
38087
71526
67441
23908
75833
97876
76019
51027
76568
46232
63979
22004
22486
93448
22036
17096
75386
99785
37087
82924
37404
10098
44894
90821
78971
81399
60754
25916
6078
12311
28445
31962
39160
35200
80847
73170
92779
13780
87075
66860
65652
34927
61399
6188
26949
64125
3999
83117
69673
15034
92469
73830
27834
91472
95028
34153
74172
77649
77253
64481
23742
1889
46813
60050
89094
18988
27130
14198
3889
3200
95981
98253
16977
2781
27350
2242
60933
14422
51003
8250
52666
21810
44853
68435
44561
75306
24707
4829
41369
86282
15855
72606
31919
66831
15027
44766
74139
32997
38743
9569
71895
55410
22447
81293
70463
98072
11998
92521
69191
85991
50228
49303
83860
44023
1518
67221
38470
41264
83862
79171
43943
44773
70671
66193
53231
40437
70391
57414
29458
7250
98387
71976
67032
78260
16787
29842
84762
89540
21495
67055
97224
64854
50055
53634
23146
28354
84199
45901
88497
95775
37603
79672
78857
50484
14041
34637
51159
56852
77469
75474
23723
54100
81879
29621
83108
92010
3415
97957
7095
90262
80246
43148
34737
65675
41226
27824
27194
18825
30204
82553
11373
3890
27713
74906
6012
11555
86020
90301
94370
75925
74080
3745
74589
61109
96691
17967
45619
13491
28468
39269
55686
39486
34556
84400
58525
98264
36553
7889
7408
22701
99870
17911
49111
16459
99390
68894
86489
72934
23977
66128
53046
90266
7014
14800
41863
44592
48754
7843
19913
70399
72844
40979
63344
45420
27428
6033
97735
26951
96013
80253
22121
81898
73472
7697
57369
76200
82192
94795
21659
7225
58284
67585
72883
81381
73761
40046
28035
76152
66839
10183
82937
6046
47680
81204
66384
55951
81085
75967
48834
61980
80971
6362
29009
30866
82690
56668
67850
31706
27321
85867
1707
5198
16846
79760
68374
26423
38688
56697
36303
58183
13596
34749
30522
14064
38213
28516
68932
73251
95533
28474
88770
62617
74030
21768
91719
22160
26905
10330
38436
8949
22091
25883
13008
40650
75606
50660
44532
3652
83533
82787
36244
89956
26476
79168
58254
54747
61843
57801
68350
90031
84038
76601
51124
78160
85020
18806
71603
15449
64652
96507
53114
52894
9584
597
75664
68477
60129
79237
50209
82209
75099
1245
74881
53963
58076
56571
8358
16940
55708
39543
45075
55147
10311
59475
2896
66247
89004
60678
79524
48161
12486
74006
70866
83868
48227
8474
44005
72615
78141
17380
72987
73256
56348
83915
56234
91069
56134
73458
68658
54138
48711
60291
41634
98357
95933
49
45733
93492
15890
94364
44836
33846
14889
36224
67612
97707
90998
46662
81662
20641
11321
58621
6341
20791
70788
16502
24804
32615
71596
66570
7077
67156
15182
41405
91100
83324
1052
1016
4069
75699
53440
41169
32728
12969
39032
2490
42468
96574
58681
28889
48716
47502
80603
60649
17342
65178
85656
94228
76105
52248
86057
63844
84016
67885
19852
26659
87428
69970
88837
14641
47192
5955
19005
2485
72666
14773
95223
45018
89320
25531
93097
58266
13981
73211
65935
79354
2928
98856
51098
15538
13199
63605
77080
83660
34053
55003
61920
66098
57569
18854
2903
47598
82190
44694
94306
46191
22556
65018
36133
88114
78196
28433
3730
43981
11799
85091
31857
38838
91154
85938
19980
85013
68890
6970
71951
96223
59728
10590
11151
62660
23357
69604
17890
89563
92503
36735
1650
80574
76195
82615
52860
72251
9677
47758
97090
15615
12339
39679
38095
49946
83788
13877
35975
58333
3009
40449
81656
687
8191
84725
89422
81607
82391
25625
49889
97444
24832
5168
24256
66215
74548
57081
43915
5880
42334
6954
56906
7016
95133
96314
82674
96890
86367
78563
37611
98404
93761
35414
14724
30804
36788
88606
65114
63891
99257
50070
73932
75247
9081
56102
74995
63790
62713
42126
5299
41999
14039
19741
65284
27676
99808
94933
51633
926
15648
78479
47862
78801
84768
70265
55843
41373
52903
83602
47657
28095
26381
63999
66748
24442
56785
69427
73052
91417
77652
38801
68063
90496
57597
37873
16593
18628
90156
50454
43281
61372
90561
17368
44100
41202
57541
54186
99257
2474
81669
11541
79721
63913
35033
57976
7445
21288
14026
94519
14160
27548
44721
99146
10809
64647
34444
10060
10971
37882
46845
90333
18573
11858
74317
17058
48088
19221
24988
64962
65175
8273
48498
80854
50166
88397
52833
9736
62998
42788
34491
39827
48933
66212
49996
62119
74069
39542
12015
4662
60328
46180
45195
16892
77544
36158
42030
93007
6375
62283
16325
37841
77876
17489
20557
39063
3682
43003
19858
16495
77647
47065
66214
87969
69326
31988
13032
62828
99116
20486
98313
15574
6301
55868
42184
54091
84411
29132
225
89317
84486
41864
97250
72733
83686
54819
34371
6394
34472
5641
22843
77274
73658
62216
48316
19321
98963
4831
879
60459
64400
26345
12316
25296
81154
63949
35625
71580
8960
87254
16364
29487
90722
55981
36818
58047
43676
82713
68147
21771
26909
34959
7030
99283
75807
70497
9987
15055
30186
25174
12579
13941
62899
82566
52666
4847
90025
94094
40469
75168
87410
93600
28875
59208
73312
18990
84758
34647
64504
76724
42631
59734
81651
91904
92340
7027
68454
95685
71788
77310
58594
7003
12109
29802
48746
96129
58881
33436
97652
96153
84871
94807
37879
54880
72632
26505
74441
97697
86095
81941
24080
17295
65830
56268
240
41912
85272
58061
92390
13883
61842
92996
74235
79014
23859
52184
54438
17731
15567
21862
94883
68928
80743
97853
32052
94367
4901
83712
19827
64785
58797
92310
38403
75787
80798
3110
93613
50795
24557
92180
5943
41784
40289
75028
3045
77404
16542
30339
56371
23822
46231
69327
77319
16516
31799
79280
9824
56114
95878
64493
4023
69307
13197
17221
46940
8508
11001
653
86168
75675
21738
60429
84516
77524
19356
58934
78463
30976
16537
29162
42681
62052
22317
4633
82675
97161
58898
57955
99573
21141
52185
21519
73607
49237
58651
22049
66074
89641
37848
82761
34316
99720
43492
56645
13838
44644
38595
72599
51990
41579
65318
67361
8611
22259
60111
55664
17059
81870
13360
85376
5644
63653
70287
96525
6159
50942
1470
66106
97231
52069
59270
39699
10286
69583
18767
8520
24660
31338
36615
5105
26696
35489
65518
64781
76351
33142
13508
91673
60874
44275
17280
17731
35397
79160
72386
24611
84722
42078
31113
76123
84820
52907
51190
9817
72612
84396
86615
98458
27316
44109
34118
2831
89961
85359
15414
9447
19605
2772
64745
81468
45831
65303
74778
35229
63221
63063
17656
426
93818
42275
87037
61021
58014
52917
13221
72050
47828
91414
7786
80260
88158
53628
81826
746
20759
52112
81802
21770
47580
50183
23978
37664
20304
77102
61317
66299
55830
74660
21938
56883
74930
39745
49767
53928
22368
74418
13586
57053
24234
8501
25455
18201
22071
84044
3680
89993
91237
54753
32130
93235
32932
77687
93400
90377
91612
18416
69891
61216
17752
5655
36580
28482
95993
17950
57580
97780
4238
23659
51778
78044
3177
17698
95952
91360
92989
38429
62451
78364
41041
94877
69888
79807
88704
4763
92780
3530
94781
69699
13132
69784
68903
65844
8453
99317
83951
13709
73136
11323
51728
67353
47050
11090
75667
77342
72569
43618
85454
53924
99633
88237
44235
57353
86474
3531
4443
82247
73007
79025
82440
37463
84008
99985
49492
19616
5930
59172
18701
99520
78011
37726
49656
73421
28473
86362
53402
17198
75378
74781
12238
86129
74003
35757
35723
38198
10639
67298
10575
11573
43267
45263
88190
2186
57353
6170
18311
66632
40881
51017
8591
47559
84517
41845
46707
84442
46745
35192
68472
93820
94955
9414
46445
52806
7608
21915
32032
50999
7401
71549
91796
14385
439
63009
41083
23459
65692
92966
21331
62913
7524
14577
80578
78870
39127
88969
11273
19211
80042
2404
22867
15021
11428
93049
26647
23982
67594
78888
15769
72833
80279
33465
20628
5963
47281
11548
21988
49492
55725
76933
3547
68753
72184
20595
13010
81565
39494
25505
23573
84581
96488
4139
91485
61791
46690
52908
51201
62724
69448
83828
25300
82603
82646
32457
35435
84221
61136
6043
35046
50176
19541
849
59068
70687
13443
32484
62113
83401
25080
64204
21710
5950
81716
7828
66851
94047
39205
66653
44394
84499
29008
73009
40952
33295
9883
10469
96209
63197
75707
2255
14815
49420
19570
13527
42791
63961
13953
96328
19894
15227
58866
42393
24228
70355
16887
49671
6430
10124
65369
12482
79407
26448
8246
17932
84854
26875
4901
56603
95406
57921
73968
58214
68395
74793
71229
21388
79606
95789
73848
65568
9911
79820
25007
40108
5130
25160
96010
43574
7092
30645
84660
31658
13237
52761
34338
36996
70804
99943
24791
43176
74293
55996
99190
62697
51609
47532
44707
36292
92624
36824
7311
87964
89405
51792
27765
19142
11215
59231
81574
49863
46964
78933
35265
4347
63824
66489
28242
36756
28344
34724
41714
50370
27123
21741
73454
77794
88567
86656
56976
6432
11037
19930
51126
34500
42885
6048
68975
23009
22987
43004
25273
14579
32546
16421
16463
66157
71035
60958
74495
2243
76560
63252
60778
39846
67858
98150
86440
93488
71261
85332
61506
81905
85461
94225
17627
44958
95552
66503
37531
89111
78635
88356
84365
39548
11724
123
5958
4534
14092
77615
4541
38219
51609
58704
17413
44662
74298
48228
47743
15758
60795
57946
1686
60656
59080
91435
82127
41229
55164
66883
5662
62774
74661
27541
356
15666
42302
70627
26650
4767
13247
31433
77567
39837
38431
81774
66876
57971
86795
71352
77032
17735
17571
67351
59695
44140
24699
29666
19166
69323
71436
45353
79006
78278
69138
12467
98673
69052
820
74349
47314
17697
22880
26239
13043
49196
71342
36471
8155
79716
2066
45414
67384
81967
40748
51933
24314
10152
55498
55451
34435
465
13283
31871
87808
39809
30469
61669
40096
26172
23683
84998
18492
95119
60225
23833
30585
81540
46301
4647
51835
55483
70246
12626
82391
56665
26156
88862
76513
39504
6800
33544
20515
3733
45670
43170
11477
24580
63111
69333
52096
84346
59297
5669
27340
94573
67348
86014
93164
46626
84002
54945
36337
69462
77840
77377
49191
43150
7695
9837
2579
32955
68381
64386
62637
25819
19822
34644
25871
66439
45311
73898
96941
50435
92264
96736
37489
68583
77909
59554
15930
77281
64259
73441
37446
77310
45234
97190
1526
83347
87094
98914
36645
94044
74537
75427
99945
25372
14794
17027
42033
28009
44536
90865
30159
57420
85763
39991
69821
83491
55027
23527
734
90584
20350
42122
71668
47828
59936
18905
32970
69177
20945
48857
96509
33851
62573
59205
47001
60943
70732
17089
38480
4676
12978
45813
33099
83257
65566
11500
1021
28629
13013
29856
44222
70126
79371
39586
94600
80814
74593
3331
7692
69484
83552
11247
90842
80139
5957
16483
74902
56802
41699
98268
50461
44227
86447
66482
76393
66632
81854
88006
78933
66919
17556
25124
21823
7446
66393
90207
27714
33483
60960
14852
20195
64129
55522
90046
6272
33146
13899
82705
95131
34519
44077
14804
64354
88809
11425
51360
74618
88876
88652
60227
71132
51291
61171
46795
77650
99453
42288
72832
41411
97723
16331
95776
72325
84372
4634
64421
45144
60530
97581
47431
42653
73833
59906
7833
78219
47577
21957
24225
57415
70177
9696
68864
81438
16969
86693
77935
52632
75609
60400
49199
6760
60031
48795
85888
17988
18050
70936
71634
45928
42294
66256
112
62822
31952
9588
797
18206
611
80361
85942
75170
25773
74929
14227
14222
28655
94878
78402
1372
7889
82811
5562
25123
74220
35667
110
76113
69927
108
24133
84754
66648
46406
68653
2910
75843
9362
36525
11810
43378
5036
88557
44955
3750
14975
43953
93220
77352
14223
4354
66142
89569
6540
39474
12529
1225
2333
41447
87934
79007
3187
78624
54968
97808
50638
27486
28299
7642
64587
71376
84189
84557
92197
62931
6405
3065
74994
48142
46173
50984
11480
12274
46061
55738
1903
11856
26253
54204
52957
50580
34969
16015
60606
75159
43117
69851
84874
30801
87327
87204
81004
6326
48881
62089
61799
2525
10559
80502
9470
45666
67108
98798
5233
40707
55843
20940
41680
70328
37173
71183
26512
38156
1405
21529
42059
28824
67254
14061
42705
130
39498
68153
43867
27692
88259
94380
51428
92010
35283
82682
23224
76386
27672
88510
40308
88979
71228
96964
82656
23940
62451
63558
18222
68292
47000
73897
77112
38418
49448
99239
86210
97638
60587
33208
55691
79677
77716
56755
43555
63675
37552
49221
57084
67728
50384
66697
64848
42316
69264
47085
32759
43693
41842
52945
20373
95763
60402
45649
15676
25428
31017
33344
22155
92120
14944
23283
62080
62159
26604
60331
25896
68205
10816
82789
72239
44706
12234
276
42803
48466
50084
28048
72248
62875
90034
86171
80337
78832
58426
60098
25680
37225
6051
35000
11012
25567
54204
27624
94884
71770
48320
47845
35590
25998
45246
61516
47613
9635
80288
79338
97645
43199
67264
21895
8724
70956
10205
17866
90563
1438
43723
63459
92584
55534
90247
14622
89210
98880
44936
8663
73578
28566
74815
56279
37751
58229
17517
49158
89095
23586
62521
61232
33289
83747
89936
88719
98041
68926
83472
53392
89154
91467
39242
43995
60763
44579
3682
29325
54977
28299
98796
88351
36104
77472
94814
49664
59254
91117
7419
54319
12018
97019
1091
62204
21147
40795
5364
79751
26719
96843
15408
87715
25904
40415
24015
23891
68616
79781
7359
70763
2460
9823
56574
77431
74694
60146
61415
17768
50513
51189
4479
19306
26046
11887
99903
2704
60886
69792
15884
65009
49797
47494
473
83189
22278
8906
32733
97878
61491
9268
58780
13242
8030
29509
16591
95372
1083
28108
39261
64022
85448
7933
96100
1821
35059
42542
67646
93870
2002
86471
96349
50012
20384
403
7070
22469
83179
58685
75610
36297
64245
92375
21814
47586
82249
85575
27019
51670
31083
14073
32132
19389
49471
90819
42000
70754
31048
97783
70617
30102
2998
99393
55772
22760
37960
18525
74675
62333
32958
7205
41259
15217
26542
28718
95038
50113
82592
89285
64015
54595
36771
7608
74794
51089
2445
43775
27779
59176
63150
92932
78588
96206
55653
82782
36757
22335
34428
33919
51204
50522
98024
63607
4888
86142
77581
70038
91673
67527
78275
35112
9199
73499
9587
9081
31439
89084
3948
27187
56666
66848
54989
38094
25973
26395
97455
68463
85030
17049
27005
96373
86453
79075
90601
66636
63520
23847
55874
34255
46348
5670
51450
15969
34641
42648
40912
32728
66615
52468
12302
98654
83100
65187
50967
40181
97331
87686
79694
78778
62240
67581
58712
56031
51021
47527
76563
78511
66001
71547
80505
57194
69519
31528
58181
1886
47305
66775
74076
73147
78412
63744
39471
6075
97132
62568
15493
68330
53358
25479
28418
59375
78143
78042
64337
5738
50373
41659
70876
88758
66644
90791
46926
98218
93483
98966
40513
28176
82470
43666
82855
63688
59295
68567
86891
53592
52463
1885
44379
4859
52601
67928
3529
17509
40208
28460
81795
12837
72510
25108
16293
81882
8208
11738
35915
21480
9001
39984
74170
28507
88173
30170
32388
74363
7582
93821
2347
16004
8169
50588
80525
9865
36481
19419
27557
24470
2310
39964
50066
36522
44372
79239
8897
79587
55777
68495
36650
50118
2804
93545
87365
19395
87548
78851
34513
47687
43048
75112
32539
27279
52541
35286
55207
98881
14837
24682
31244
34143
83267
20301
27853
96380
86578
85614
32563
85921
75422
72704
14919
72673
60459
99104
34734
74305
53716
16348
37538
10208
12607
98897
14355
49431
54252
24221
7941
98008
72030
3096
60726
35692
37659
41202
50562
85920
76726
7049
92884
60610
4714
6470
22190
23197
51207
31912
85713
86019
13696
31786
42262
19675
6822
70938
69737
28448
17647
98533
92642
9229
94494
38502
49100
57570
79540
78872
35259
78775
88304
4153
19225
72672
91294
83374
81304
6596
34828
1290
49687
49083
50658
68847
54351
81719
7665
12163
47721
41212
46455
94745
9585
66161
29719
79744
11788
1537
18367
90714
53300
17118
89555
69285
97223
7063
84331
58615
56219
17747
52424
66903
41394
53281
18288
35249
31196
66194
51015
81049
25032
82084
44801
19172
13795
80467
13073
41474
16826
67188
88176
87251
8067
6314
27013
84580
2585
45998
36295
34053
27784
78543
79724
56464
63277
44329
59336
51752
55845
99420
74820
60451
63976
40975
72907
8913
6871
63762
42181
90370
83477
25678
57344
27725
13235
29789
77739
28512
72160
1315
99576
21796
93082
42777
88809
74415
98147
80088
80218
727
99110
30583
64921
84520
90303
51996
93990
12351
70098
78512
92062
13508
28384
28987
50055
8322
53425
62159
78786
81141
86054
86202
35549
31698
64604
19768
5248
94977
49389
93544
55715
29670
10210
25995
22040
43765
38525
32825
94954
92738
99973
5525
26285
77583
80680
34671
35407
22679
64732
87707
17617
42374
8644
8788
93261
37917
14693
49499
10534
47398
46695
38489
57714
12089
84408
11846
73230
12387
12876
23426
12691
99491
54215
12323
77003
91730
454
79063
52722
2864
90341
53249
63137
7360
86155
18320
63835
56359
52208
16144
26454
76617
85511
41231
28864
40411
76207
8092
4920
88405
24142
57361
20913
13592
97934
40276
53874
11904
50697
12838
6274
63864
99407
1616
38248
39620
83208
12479
9693
59482
3448
86227
22896
92505
7649
13680
43099
40518
74013
45896
32644
83604
29246
33686
58243
69289
43971
20524
12084
86176
99422
5645
35370
16200
60727
65632
918
4560
23597
48845
53444
72865
80391
48936
32116
68885
41439
81773
19454
60760
73281
26507
51223
46700
68729
11651
75877
27633
76012
69502
26034
74949
86038
63353
11753
18287
76900
77281
54837
75104
52099
5948
51189
31930
75217
86199
78159
86163
81854
91043
98099
6313
82748
47901
41175
77995
90159
4327
64951
61595
28542
17263
54926
10765
25890
93729
83044
91052
77415
93032
47145
10724
64410
22367
66331
3284
86326
22010
28557
88164
88376
29973
5320
68434
79654
64201
50868
8202
66818
12547
34640
39468
29483
8227
82944
18119
31553
58062
45276
2257
19744
45797
4806
38631
16870
64413
60791
18230
45090
48270
10295
53568
96765
6160
25578
17659
72896
85445
76084
14879
63574
13617
6272
59372
37871
92039
80073
20688
5418
10928
97022
13234
51098
5009
44582
75581
97984
94198
53897
67794
20226
18585
93841
36989
58805
30993
50898
62217
88446
81030
41104
70946
32501
47067
31892
56853
22864
38386
23881
21916
7721
88608
3318
60899
61984
57531
49046
6873
24895
45288
42544
14217
61694
67169
5407
17087
92
60704
57399
80239
3383
99738
99392
21795
22869
44791
41365
89783
96795
6872
14580
98793
14406
83545
41816
68222
36628
76892
18956
61366
50718
21862
52566
65166
97750
30618
50750
8685
95693
79717
37199
51086
23121
80375
93678
11953
62236
77262
88041
22607
71870
83887
41501
85646
63193
50642
89530
52470
14410
61063
33402
27925
17831
97787
80453
20753
59682
34418
1716
94952
6907
46865
27771
53422
82399
59337
37373
17933
70335
79079
48814
37892
20700
60486
3473
99076
49350
57484
37818
94841
11028
90979
73299
68678
33573
68866
73144
30735
88909
50215
83610
67893
49276
13142
41719
79995
59220
25430
32082
94455
13739
88170
57118
43856
75125
27200
20155
38449
41331
91543
41186
63638
95442
86552
22092
27514
26150
96612
98362
3552
91866
97505
96912
71352
88036
12363
52369
86205
32100
42280
63755
13315
96343
41326
58808
73405
30652
64746
19453
90136
83323
24157
40369
48230
852
36231
40846
42532
2988
63989
34299
69292
65813
6884
43584
50587
98039
36032
76251
82284
35688
45163
48071
72709
35296
53958
14085
32670
93815
63721
3649
93923
22214
70942
78298
34794
32225
44808
33253
84338
74834
44749
97997
96182
80751
51472
89692
51054
44598
3057
32349
30354
5200
20612
59116
78605
30191
90488
59262
26443
30766
74824
15700
22196
18842
35496
96645
86429
79621
47814
70829
69843
52835
40937
55148
40882
85790
53372
58301
96461
54810
77438
32317
5287
7847
79988
94381
75765
31125
55795
84784
81992
91959
54285
15853
86640
7166
1763
51156
78789
92547
21531
85254
68242
85483
28921
25165
26720
46550
6118
53991
61605
83066
70771
55118
41456
72249
52033
89526
72982
94646
61911
89143
97332
31373
58116
50989
79693
50346
91908
90578
12949
73064
18541
53467
826
46853
60592
14209
89781
1409
22792
96703
5037
85156
97350
98343
8215
34714
4186
4479
82149
59009
7758
24907
30686
97124
89352
48971
78539
69832
42993
25048
88711
37159
80751
85022
11921
82991
28510
21585
99322
4486
46604
22638
68393
98543
96651
30829
89237
4486
58648
66342
7761
67669
73710
30768
95631
50792
97122
80351
23452
8944
27221
32236
14746
12944
4163
63354
21894
15296
71491
20164
94683
40459
940
68900
39196
2875
55711
53473
80108
17720
68673
83241
15697
47528
58202
59708
99912
68836
96914
5695
33469
5069
88136
61719
18965
91272
40450
91745
97764
21047
98812
77278
53550
2788
42590
1711
51262
2341
67739
73316
36873
33115
45262
54345
34051
24505
51233
852
83839
35357
87674
36494
2939
37260
38535
2285
96244
41792
44839
8191
99558
34522
32139
20291
2714
7914
62548
64129
28964
56695
75498
61033
7056
98628
74907
50379
50551
9267
87381
89307
91866
62852
15375
11297
87986
45484
17413
33025
28803
88132
70761
45685
37388
54581
14657
72273
98047
95662
36815
91526
40447
34625
53146
48574
74248
29983
92159
84196
24082
52270
31091
43737
64551
24225
12875
65457
2595
20598
53001
95642
42229
9937
3121
70070
53761
36038
90535
97647
5567
99630
24616
46288
74987
84903
77604
92545
86420
58481
16493
16937
46912
61268
78921
27441
81552
98371
4553
32242
64055
23727
15188
46432
10294
22332
1592
98003
15286
91033
98694
21663
24818
44870
71746
86185
79355
82320
39627
78895
77318
26549
75986
80534
30780
25617
40325
41598
3919
77052
43873
88215
35295
32162
63765
21966
12132
95837
46762
81125
58346
19888
87217
28369
9900
49442
73314
26693
45735
16117
81446
74373
76455
90850
34644
75492
61257
16291
81703
89146
14032
59140
93750
32509
16250
67820
28934
2535
26975
66148
2549
33420
55941
7011
1217
81198
53655
81486
25437
22115
28409
8012
73367
88142
91588
91360
89556
30017
86395
31901
4351
32786
21187
42280
14788
13347
57447
16681
41523
65091
66272
44389
99254
46621
89471
30214
23877
74847
88247
12584
34614
32071
42849
29094
24008
41980
20209
26690
81488
15309
37309
63492
70571
49178
72628
25105
81151
83955
19391
80464
14959
66764
22595
58528
62314
24020
60357
56076
83836
71479
55012
33838
86971
93689
91907
63301
29790
50332
20250
49628
84446
97565
13813
25113
32272
29934
30469
60783
3261
7702
34707
30048
56383
42820
92664
67853
46113
98581
28623
78274
32486
52943
4780
20871
82443
73628
36359
94970
83140
39310
12496
20831
94055
8419
61683
92066
81420
7134
4361
4667
96977
53829
26647
62362
5237
12252
64854
63222
51565
40591
30468
67627
50027
55735
18642
39701
59777
95247
98114
9306
9505
54121
99682
10121
95861
86029
64982
64886
45393
28566
25714
95069
89206
83052
19538
68666
61258
20618
95432
53779
63369
28193
88679
97038
28581
2476
45300
6740
42282
38095
91850
60932
34518
21234
9147
75352
71995
86117
7134
74295
54999
86472
99696
12948
29834
33173
89814
74495
1613
68020
48662
27488
53355
75239
82637
78121
55150
45254
61435
52647
48821
53956
5063
35489
88585
24613
77797
76237
81273
69881
90939
71808
20231
52917
33304
17471
39847
50981
25482
26920
73807
98099
6783
6247
99444
78739
24457
45398
18063
93469
99884
77667
61664
55368
6904
80151
63622
69209
93591
20359
40627
92556
33323
80574
1022
23798
58176
8779
91393
98365
90507
31218
59298
33518
60883
20772
56899
22227
49190
83148
16667
27752
78858
96109
87730
11256
64079
91934
72413
59991
63950
99330
86318
30577
53391
44451
59401
18801
37160
51787
54477
29196
56979
47555
55450
14520
42859
1680
48518
34889
7727
49436
60657
51652
18921
86109
48302
27239
1583
10858
34450
85221
85632
76944
91007
63486
93055
24565
99890
72115
93717
18785
2830
45827
81344
18668
99326
48725
24661
86306
18164
13634
44642
68659
69655
11801
50819
51541
34107
93496
11562
95561
49919
96830
92717
46186
68152
63660
28718
98883
62988
75318
20708
38504
23775
84503
42605
43286
14609
49017
96883
70632
91148
86341
68189
14019
40562
13174
19024
58823
39842
29948
52316
46680
58935
95079
9521
42991
17927
24225
41164
34131
58891
79519
42533
45029
58266
33407
3056
40323
4588
38782
83461
86944
94312
23686
60811
77792
32607
97466
18596
71845
79219
84163
62827
77200
33779
9687
95606
27688
74712
86449
51663
28221
92765
97758
44986
45505
62438
79700
95030
24669
6252
76874
13065
83826
68118
82494
97774
17715
91570
41227
22937
23500
95661
95679
92659
61976
57921
56100
62873
95585
41695
25986
58811
4057
83581
49350
97241
82373