82246
77650
71468
56432
99996
47385
39266
29850
49094
63189
83991
1680
23906
23563
59508
3421
8442
89534
11977
54011
33235
88696
43127
66030
55138
54965
37009
2445
89522
35515
64694
54522
68387
77113
13779
38243
94558
67013
39420
83860
69993
85195
19823
83833
12580
78429
12061
55809
6326
45180
81762
70140
77023
57109
44595
9792
88171
19802
92591
39349
32088
57852
69141
29748
37774
71077
57850
52011
7904
28780
53709
73649
68819
74871
66193
80127
94045
34217
13353
28285
40381
26273
80441
90499
59849
81951
28153
92650
74309
53195
93492
75838
49709
40675
1435
52239
36777
29390
94014
84897
46578
4716
96548
89184
90789
83617
1909
11029
15522
83533
75507
96337
54831
24270
8334
69598
56751
92917
21139
45846
50600
21249
57092
93022
64779
75816
67842
86553
22129
97176
20173
40322
30505
77094
7129
72475
53734
30009
44130
91691
12824
35273
58806
38633
65478
53773
15849
87317
78318
88487
10270
84428
71021
70520
22140
88280
93515
66415
85911
73172
97449
70552
64092
15428
80649
74528
34110
76052
9742
92316
89076
98804
23252
8165
54090
89694
40528
6713
64453
57819
58318
29062
87466
13094
87715
79045
18757
9930
75173
74625
77105
46458
70364
12205
5991
81293
52258
38385
65451
48426
3285
62835
72880
22338
22685
28865
40614
94343
39412
33175
525
58497
5258
66032
12370
12073
35543
59225
60937
64628
12744
52883
98617
40247
93332
89676
24617
59933
37200
75489
92485
74454
48481
2277
35721
59699
92723
92674
49637
1035
21910
13573
51580
91119
94941
44018
82270
70622
12957
88279
96479
49533
81054
14859
35982
12866
10017
65713
65603
93880
71927
19794
32742
28809
70756
80890
15798
31651
88728
1394
73280
70392
92393
74252
94640
56565
38495
66264
90424
52485
88786
27727
716
84136
96150
59994
9248
8717
90867
40630
53592
6109
48548
79881
27664
3233
69508
50998
60378
43892
30788
44545
65562
48792
98918
75368
7366
68962
46241
14753
65717
58859
9850
8878
79139
94826
33555
91009
95928
85922
72024
17005
95760
66213
48282
25774
66099
53173
53370
98636
42678
51225
6509
17772
99261
77281
53029
60110
59961
41496
91264
43985
65186
88587
4740
6310
88093
36509
25254
8410
94930
87582
12220
85403
25732
51352
93891
40423
8597
21799
80759
36376
21880
53313
85827
25579
19356
33535
28658
9282
64886
52524
42166
27873
11868
51752
87304
51281
69210
57668
31908
17357
13963
22857
86154
82447
34918
13935
86423
51795
67788
63113
82547
16017
2543
98627
61214
78545
86525
29556
40629
42489
96001
81940
31777
78783
49818
95221
88077
13971
92591
16621
262
54295
98939
48729
18605
57628
49531
88101
61352
80601
85990
57543
69295
29961
85212
15901
32558
48890
7152
44155
22542
16961
58235
73309
29280
88898
33520
47797
41830
76370
64363
48367
16806
11602
93066
51080
62163
36197
97614
62672
16732
47985
72012
33473
54573
27171
88964
76875
71427
20185
47092
26488
3057
74890
76288
96206
36614
15846
755
89261
62997
66515
95248
22844
31586
84540
45167
31283
67661
75886
98727
17308
8063
79754
44293
76828
14281
90669
95600
48397
67542
61552
19515
52737
17278
2742
4402
40906
55914
95074
90603
90665
44174
29704
90252
11009
96087
12223
76109
99517
45412
41979
77266
49990
36052
24195
1793
16764
86682
31643
60891
63494
4783
74354
37533
20930
45788
78471
17185
26875
98204
40308
75069
87820
74892
58280
60753
23248
84603
42933
68680
63843
1851
71002
23076
22323
24120
14023
32377
61800
69446
52389
15160
89741
67056
38004
59523
65428
26125
42230
67002
54781
42697
86658
11924
87021
76190
93245
20594
33770
51966
59553
24921
6902
76494
35372
2782
38071
39726
68346
96206
11786
87320
1589
76172
4856
71024
24766
17424
9190
78309
89378
97330
73148
41873
8999
88902
49198
781
28557
3533
23271
39232
44607
15333
96223
61464
72557
38104
72316
6659
7648
70229
46733
86178
89117
84830
39241
98471
16731
68914
61679
9910
17731
83377
36446
26116
52560
82652
70930
54829
30439
13732
23111
14348
62823
88979
32029
38582
47353
91947
29246
77419
98102
48301
32218
72804
5101
43329
22210
89852
11368
10029
50473
31291
22129
51083
98940
15919
23214
52407
74494
80307
41954
14704
87422
85706
11569
13432
7972
92425
20573
20534
24372
78053
9940
23894
44516
73615
21013
12528
15570
82015
25230
1374
16393
46363
50243
53831
60703
40620
35089
10884
75269
70604
58718
10794
52168
63799
44993
1783
37337
29660
65096
1322
1827
30274
33607
64619
83261
82956
36306
47852
91676
33769
14949
33282
61165
38637
30307
30967
20731
56530
5811
92394
2242
63458
56910
46375
78715
40530
19434
80882
78598
42787
37876
54570
81201
40997
49347
26426
7790
57188
8678
70900
36680
9357
11442
79014
94571
76861
90022
4407
30185
45908
26078
50569
82620
1579
75307
78697
65625
91540
81171
91699
38129
43067
74043
92297
36532
56587
7726
57823
47840
32776
54555
40539
65732
58690
15054
70418
27138
21601
40767
39666
79398
61410
40111
7319
48579
69333
63281
83632
18217
21132
85805
46061
67142
40144
76108
45731
43090
92334
2784
78510
37479
85809
8045
59130
65101
27885
73623
45623
48409
89634
55036
1496
65794
59937
37718
54640
21853
18130
78025
76994
2305
42208
39304
49926
48037
78202
91859
63151
95887
78799
78008
42533
97658
30248
54917
67430
61320
21576
91808
38891
31094
60002
12400
12461
14284
1634
23854
55996
79565
50918
80739
43321
74730
76604
89903
87221
98548
25365
74082
87933
50131
1854
3919
50830
6986
29059
48033
42503
17986
47513
93655
21653
49025
19696
52305
12184
6427
79049
26973
44667
78444
26593
67337
27955
73953
56880
59188
3303
37495
38899
17571
21754
65349
24525
2792
90704
31423
51764
26741
15619
24437
89275
76209
42021
91325
85404
2166
66584
45362
24738
97529
74541
50731
94748
74038
78263
81142
52586
70288
40452
34401
57209
95834
73623
34563
78422
95244
48681
41625
72561
8739
70062
96195
1360
2923
81859
8740
23096
98734
38339
97459
14883
76356
91671
70235
90497
41103
31018
44330
86786
25758
29868
89655
89364
9807
70589
60850
27515
62364
12558
79336
7856
40075
27460
82713
654
30247
38769
42637
84158
21987
89576
88608
3619
67802
1998
91448
26572
6682
73541
30016
82277
94796
59984
7507
70712
57422
1004
41071
76170
46640
95757
97801
68806
24133
13206
49510
1495
74172
24257
53236
35973
22131
41641
16356
95983
66106
71071
7714
75986
29510
13574
54951
3060
32847
49877
65121
76230
87595
93843
23096
90089
35147
67970
81151
72556
23110
85206
25855
44058
3796
49041
526
17993
88224
27188
326
52350
38934
15106
51820
44940
42896
47273
22199
19931
93613
3991
89487
56312
73552
85565
48442
84306
63891
27552
38790
11258
91627
94364
18453
55331
9976
77383
48649
87580
95877
61042
12954
17478
5706
87720
57206
3997
85974
68493
86796
85448
96686
1443
48384
95607
30479
36831
56009
35050
30720
91770
29679
17483
54154
33548
33303
58140
2371
31291
53443
5507
1071
70604
362
64516
5769
57050
28118
82335
49445
4976
11243
33298
50817
60873
68110
58718
10866
46245
4804
43152
66281
10332
22633
41844
29925
49958
18245
85107
41824
59589
11761
23378
39437
67115
46959
24325
37337
12144
51311
20924
41826
87309
65634
34293
43734
32704
98356
76809
6203
88820
47760
38948
68985
69270
38513
77390
96303
6741
17190
93130
96033
45138
17840
81421
60165
34549
32315
72523
57760
59039
76901
53196
37356
25021
53997
79718
76207
84929
42235
35190
85583
57674
38887
44727
65981
30244
72304
53342
49775
64717
71436
53359
70692
18047
93375
64767
75713
14025
35395
16308
6892
39310
9507
32983
68211
85074
13647
18316
29007
44895
22951
61731
96288
41460
14187
17774
46474
57461
95919
92704
42586
46108
38764
90344
98167
25542
98584
96800
83997
35965
21253
27385
93727
45827
64072
33680
93516
10704
97392
76394
30562
72162
4153
80294
82056
92245
22888
73402
99014
70867
69858
13397
59858
28985
18030
25196
92797
87275
50983
25402
77767
71078
3412
28938
79944
58615
90922
24703
33494
53538
51712
70286
26829
98088
57127
35084
22438
49655
21408
61146
39342
37889
39025
40137
61972
30653
39386
44887
53674
62423
95437
9428
85413
76972
84774
83256
75356
96698
33291
52482
93679
330
15652
11108
47587
84924
72977
28064
79751
76867
77840
43605
99262
76810
96739
55842
1374
57863
18161
82058
37409
14189
69658
161
26875
51945
66755
50245
82823
81536
97738
33009
10667
41545
86672
43355
7839
12487
38235
34761
69682
15558
92657
75133
17850
90718
6126
11506
81008
97476
65368
19190
86737
76686
66669
33340
42469
81669
64072
1793
1640
17350
61656
96927
82293
83117
63585
2710
21256
96343
48351
89423
21321
58591
24873
73756
75056
47709
1298
1580
37224
64468
58484
25091
48813
36849
43140
16506
97351
40892
36749
81267
69997
63461
53725
56588
81429
64457
50806
91465
11048
44036
42213
76395
74082
80222
76941
94757
62258
69977
6659
98519
48021
20819
11043
75056
70300
97484
63061
38770
87498
55107
21954
36950
7550
10189
51887
95259
581
28061
16741
97825
54825
2305
15984
99655
38129
47827
85159
80769
20655
92766
61176
47871
26790
25302
48530
31936
26903
78144
15025
70555
61922
8599
83375
94203
41900
19154
44586
88861
6020
95193
70198
61506
51785
86438
72757
83020
786
50072
58483
16546
93588
16382
50884
31567
7207
85667
71532
40158
26883
67854
92639
59177
55585
69427
95013
76431
82317
39128
40271
49355
55224
27145
81844
10975
50532
60436
77222
24390
56795
38784
77886
71672
10079
67106
81685
84425
37191
26066
57089
7664
90235
89074
31136
40217
76361
1454
97994
8334
75914
39418
65799
43404
84856
42972
92287
60741
24885
82558
55092
18772
95725
16537
13771
87543
87525
7780
49028
39606
39031
52518
44032
44240
19248
2363
18810
66072
50520
29605
78854
80676
77234
80063
21579
38769
69065
27589
31434
82604
91038
31483
17982
19783
86455
18485
30586
60727
36402
45435
45550
94385
60488
92935
95850
28556
11670
99231
79038
2040
90836
71825
79906
90121
79158
59826
61443
22771
47251
7238
38069
65577
85191
60072
55731
67214
83290
19068
53205
66016
28167
60158
50817
49712
72650
30925
72386
37723
79849
6278
23000
64967
67536
52727
44919
57955
60491
35667
2915
83033
74474
18753
41457
91338
87834
80455
48888
6331
8529
98128
21474
73954
680
4266
97300
175
92623
13866
82930
10678
56089
83367
96814
6101
27967
6341
24556
29421
33419
69818
64961
75818
74801
87671
24522
71161
21569
97276
12326
21685
39720
2846
20341
11923
90263
13488
51633
56181
61155
15948
13233
56148
52016
94509
379
42464
98881
58798
51762
67424
87953
98265
40783
58155
76492
77807
66284
69157
87829
58020
4475
77312
9025
45501
6121
5715
94707
57914
63672
1535
68797
57000
87390
91224
14316
43999
5681
12545
66667
3481
72973
76124
73020
95847
31404
11731
94261
51094
31426
49931
38733
32475
47238
9843
70254
21422
49700
16130
22868
1904
55140
36492
50019
53825
8783
65349
73956
55017
16220
1409
60535
5229
58323
93878
38293
39617
16334
38251
80121
20319
39291
60366
39914
80990
601
6616
28583
58177
35576
47656
9758
52282
43346
44769
680
72476
17657
39958
24494
12476
69005
36819
11972
71446
94359
35827
45351
96095
69162
52470
24431
40086
34129
42451
39015
81255
72015
51341
42934
22065
30332
94269
98878
61990
78014
60759
840
25111
70614
73274
3609
92889
7186
22424
21008
96454
1218
38628
44825
78975
79585
19216
98603
78305
66622
70276
50780
14812
73086
17337
85854
94519
77910
95721
64555
52718
94610
48387
5657
38142
20581
27188
32978
13750
40619
76511
75123
52216
65776
26387
86274
29067
59107
27499
57947
88910
23257
83986
14294
39998
12741
12833
61646
13975
59676
35524
2530
91605
55032
20367
5155
99395
70365
13866
94616
57574
68764
56696
14525
95624
57722
95831
59704
82834
99697
79205
81585
89187
78950
4499
76878
9761
66235
90417
27258
6647
7199
17865
95936
10260
19920
9408
73732
15001
66748
67658
28526
79873
10634
70300
96513
35926
52125
41626
43693
91357
62886
70783
47839
30640
16989
66341
6604
8066
27969
87415
49453
15895
92227
92080
88906
66901
40299
85282
56646
55776
3515
29906
99872
4309
67018
56221
64649
68836
14780
64471
5117
91479
13188
13314
23153
35789
87061
1450
5090
70529
4025
29736
55739
66303
90288
74271
99731
15921
646
23429
20810
421
21513
29725
23223
82980
75176
33903
40210
21931
8445
10528
76934
82692
335
87817
11890
59402
74442
54863
8523
85052
68446
94829
83717
63816
53146
96373
97090
77652
91168
5168
92606
38668
66549
69578
24504
84093
1685
57541
39593
54892
23099
7515
30423
21725
83475
58670
65332
98670
86993
17621
12558
28940
79653
72368
80140
93120
64460
64516
10835
27485
11874
38309
38405
84675
93922
83505
85107
5635
822
75162
22141
21466
79366
6536
49455
48680
96916
53430
84708
31160
89313
24782
90757
22527
90151
76256
38844
77486
94913
42059
55857
30633
3158
10619
35965
32206
91530
41237
71612
61151
2858
80089
51219
23377
65165
14708
34648
48355
16567
47204
19985
28265
85231
30635
27199
27545
93384
78714
90295
67017
88343
71524
52690
77110
60593
5897
34700
68457
65688
14374
16762
33452
9391
56047
5652
76300
94436
22726
43846
63748
81690
27708
9054
90862
68644
90909
14692
96153
19520
98923
43748
15756
54448
41074
28966
93704
96759
81063
73090
38539
48396
66786
6356
79918
47275
33539
206
52716
80078
81226
7496
19794
2019
55228
14117
81470
80635
71684
74628
28666
76331
81034
26826
81658
93927
21487
71915
82170
33094
68352
57854
54007
26887
95978
20773
75342
5154
96451
50046
49966
10208
27181
20663
59518
48586
92840
26437
12934
49616
7984
19851
48755
7156
20102
64006
64574
55957
69952
14680
5967
37293
35751
84701
26548
53880
48493
20235
2812
82366
27730
98045
98500
43914
35915
86129
8608
99206
63764
801
88018
64142
77145
96090
11962
82926
50329
9974
66257
52511
41
41750
41109
66976
71942
81455
17252
1979
23453
90230
53186
68253
3745
41410
33849
88724
84432
62462
64920
48473
88256
87142
84947
42177
1067
34168
2828
69422
94473
20701
87939
69142
44423
9722
31953
58587
78573
60122
43770
82051
70766
22711
64987
56162
63402
51586
91150
56166
3681
95901
7531
19591
20414
46205
7809
33018
91226
67197
48995
62991
93071
80201
82947
37803
41261
48113
7499
88054
94126
40385
34119
51967
53963
24152
46891
60257
16120
5152
48839
90196
80669
98475
23415
31003
97930
22666
79864
90281
48047
60263
90369
36661
55122
51698
85162
41840
20260
76227
98882
73609
53984
56131
12852
25284
84982
82580
41043
11305
38602
73342
47318
26640
13045
59968
27073
39959
93934
99274
36698
67891
92419
77857
88474
28337
5861
62324
50453
10671
36643
37512
74789
28323
74196
5101
72640
76348
53601
88688
26483
17750
78262
17354
83585
25051
48824
11261
59844
98176
8373
77487
69153
86568
63135
74548
94989
59351
28625
15872
70701
58652
20869
62740
78806
54439
970
25526
53999
70153
91052
4681
45853
47336
53759
36422
93768
7334
28000
51450
36275
86470
21420
59285
18644
16374
41885
71787
29279
66596
72280
32581
21980
53045
73673
3955
29547
3506
35956
29307
361
94771
87177
4906
72469
38646
31704
43149
20738
39936
59675
57508
42815
48756
29144
97913
29502
29060
94407
7073
89710
66018
10018
1145
2906
8786
46355
75473
94224
38093
67042
36854
91892
43138
26432
13656
70944
64223
11439
50519
73701
77478
97936
2030
94465
66774
59981
398
57149
39327
55283
90414
96567
11644
64306
78095
24585
10473
16479
58462
28008
5949
13486
64645
39219
59157
603
1542
13406
79684
55406
33442
58991
9450
45304
78705
73620
30691
27026
96666
573
24314
72992
29792
23614
24568
51067
24270
66938
55167
35968
51732
22499
81598
60852
58400
46713
73708
24620
97601
4481
71365
84271
50714
98120
52817
74517
58331
57222
45960
73359
73046
36521
46386
50711
75181
36038
6003
810
85986
20463
86278
84079
21077
90174
60127
87691
77438
58167
88784
47287
37828
7716
81218
15376
43553
90164
87188
16637
30166
34413
84432
68828
8772
71394
76178
88677
15126
74080
57935
65543
57965
26341
14534
8239
51618
26747
12089
96841
9348
52593
92688
15228
25710
90425
99715
42243
49512
37254
30115
96575
49507
70536
1907
23212
94184
99378
81189
34217
43843
36307
70669
7059
91277
68179
67045
69602
61670
51126
79886
2381
15912
89001
60457
61416
5420
13289
4287
51566
63958
10643
92497
76280
8275
77739
23612
68801
66961
27063
74359
97858
85553
88063
18667
66816
3970
12759
93655
4373
75253
45643
9449
97501
81114
3879
96587
20984
57226
65628
42445
91977
48745
39493
77715
18402
84198
24412
68713
81353
7478
76674
76919
57200
15182
12046
50856
88305
47436
77459
42258
23190
51687
75486
40140
36997
54660
87871
65380
49185
21214
82045
83164
4885
55397
17416
4230
40384
4393
20751
11935
68062
97
55868
11062
74944
47772
34548
74711
32025
4629
23006
11919
83321
37892
25846
37403
91300
40003
72641
86214
92361
13500
45239
43502
49301
6630
64689
26054
37374
83265
34980
59936
8617
10882
30456
43097
58951
48920
79047
89952
50568
19426
36417
85090
50230
98877
3129
1414
11899
23161
72724
10606
30394
39636
91425
41973
37581
73725
73458
85080
57972
21928
4534
40778
77444
16588
21224
73483
32146
42435
27021
33160
79228
70798
20148
38820
54418
20258
60297
22441
12644
85159
95071
34646
18995
6026
98238
54715
11474
98884
43993
60728
99230
78007
95180
27474
86327
62586
93835
71825
48056
84973
6297
3475
47928
65466
56892
82197
66704
69417
730
13599
643
10607
39363
54712
98874
35485
83122
59865
6111
65316
65755
80939
36115
36790
32286
41910
37284
8397
72076
72354
29291
325
37437
84336
75778
81603
52839
35567
79138
80433
38931
9526
88990
21526
18676
22311
19403
3025
95516
73212
82187
93039
65599
39225
30872
37981
71210
10089
75286
77253
88366
21799
73246
37669
91168
31622
12849
44194
28530
81263
43528
73501
35447
44293
53543
92916
25835
46566
284
73014
49808
45677
45945
26188
86909
49388
21376
7719
66580
20704
95575
7596
62001
35806
52342
88422
41735
48970
46092
17235
9448
86853
81550
46860
21563
88334
1638
85830
72166
78577
1329
16944
34001
10200
6929
83489
96183
37070
61000
89979
70039
20893
98710
40947
15427
7534
13714
20555
63349
977
98289
46098
70135
74188
83028
40997
26091
91625
18447
30154
17767
43661
66779
89900
17337
25240
88478
96600
14609
21102
92876
33568
2741
37291
77791
4586
33465
65016
61888
29588
55905
94971
82772
95154
3314
55258
3799
62523
35780
44570
8146
58443
51304
45361
45820
59843
61609
37847
44899
9906
2533
83084
48270
85830
45741
48804
59794
26498
82276
15326
87161
58304
88309
92986
1672
29011
29250
86866
89810
40999
82699
8954
31061
22741
99260
43925
64876
134
68013
24536
30337
19110
24189
43324
88081
45043
21759
41900
72820
82725
69232
54210
54141
25048
24398
14579
21902
75287
1272
60620
82925
20036
32329
37976
19608
94682
43846
43274
75163
73681
78916
44961
84723
76601
31824
14522
46420
65495
23912
34285
89060
99225
69665
47802
17854
24977
41060
13574
38904
66417
61804
32025
12924
7356
38664
49684
61064
44439
36724
95930
54304
93917
17592
17814
49054
59180
45332
33787
23299
66896
34236
33564
38407
96991
85190
10293
21868
99189
33624
73968
55758
4874
78087
70028
54647
16783
85951
44652
69959
91880
70382
3867
23633
72257
11863
54358
77925
56269
998
86203
4299
59027
70963
19610
51338
7924
75989
35801
96897
38971
27348
47552
46079
13411
46156
33775
3668
31350
67162
30078
54164
90469
92988
26771
88795
563
6964
72092
76453
7363
45776
46840
68684
13776
97337
69206
15579
59207
13664
94556
11942
24457
12186
38866
996
357
77883
73612
48505
96765
86917
13899
38255
22894
84966
2626
62856
66410
3668
75699
10530
90074
51894
59103
54222
4145
74514
52261
25031
21279
43976
93847
19599
48411
20567
48150
26091
19546
99075
11413
79559
85371
11737
20600
55073
44065
41664
51871
57050
63858
27131
80975
65275
16443
17834
56037
83919
36912
26863
18397
41749
31413
39020
11960
91721
68322
24706
37280
6963
66576
51445
15513
730
87675
47977
72257
86493
86211
52007
7427
66913
47361
87076
20667
12572
68146
30080
95721
46160
8229
63528
24774
25390
42880
15434
76014
33956
83169
52576
23330
67510
4532
66791
57173
49510
60431
12713
31236
4382
56860
29393
48139
18071
98454
55094
18553
21598
36937
36531
24399
98926
59186
52044
4503
1257
35553
91859
52418
1165
54586
17862
45406
91802
57877
70139
92294
54431
78346
60911
50799
69475
29211
96178
76003
33009
76713
18853
39423
98821
12361
63462
64049
19517
30085
24860
1494
38368
97029
19002
83053
35275
26937
90085
72696
66923
57605
44726
7001
30322
68977
90793
27411
72423
27111
25679
98504
25646
17333
38384
89566
19037
76525
20524
58486
48880
95504
12830
43815
22717
84903
73728
94086
11311
50941
6710
71279
49656
30602
61692
9415
49728
65300
38772
45993
53454
14664
20591
84341
11521
92158
79065
33543
93004
6832
29540
44623
92815
70712
20350
3984
55508
12144
21732
46781
50515
87958
70315
93789
97997
36698
1031
74415
3531
58752
6627
31175
92368
31334
82224
99644
10634
64698
4390
20862
50720
27119
92119
34876
77873
66840
43597
62678
39874
97478
76409
16508
50303
1596
54552
34959
76162
38044
14245
26894
65042
52243
83980
77095
84498
7033
84580
58379
4182
83651
12946
72488
42321
23750
81181
32227
43307
45017
36404
90690
75607
28361
75064
55137
31183
55534
96208
76513
87592
75622
62963
18037
39052
93730
72022
64895
78985
23680
87643
7624
40281
5839
58257
26874
72279
60404
16156
64155
35408
3091
51694
47277
22605
4213
94458
63537
77970
30095
6358
9265
7329
20546
62992
91005
13818
23776
33841
49219
39275
43944
11157
35224
30490
87169
93544
76950
48924
73112
32810
82493
19414
5095
84969
51332
98963
61604
36340
5821
53045
2779
46804
63281
24700
23269
2995
32207
84241
77122
25960
30408
56743
55181
73745
4969
50296
90440
47617
40161
48922
32117
93852
20670
52283
34734
40708
90511
27797
81868
42328
71406
26977
71072
48443
54022
83697
86526
32427
28120
68901
91125
38830
58790
11657
96294
74897
96232
47764
48807
36070
16649
5837
5771
97160
899
74519
31399
3425
99299
96756
12350
55094
33439
37381
69423
46251
54480
25782
20391
31394
41316
39432
50499
99056
40682
26615
18336
57178
33178
78983
47434
48891
46748
52824
91251
42588
67912
66427
48878
97692
35032
11760
32015
8553
11877
99542
66761
47957
41721
88754
30597
73663
45635
94600
55305
86157
68963
68504
24647
80748
90448
80071
30348
79088
80176
5488
18747
27431
96461
86676
28113
52627
40298
37743
55264
36490
88322
14975
13252
63315
29090
89703
13477
34967
60393
89434
89526
6790
15380
32539
4983
29119
3717
81122
80621
3893
80638
86701
22213
54055
67788
36898
454
99272
95739
6803
43373
85306
22473
18362
23796
55532
19117
77099
63993
36192
91873
34578
30199
12278
6300
51633
21514
75373
60268
19218
6212
4458
53100
73369
58635
40092
43614
582
65758
68016
96768
41052
77603
43594
39202
22474
36925
22205
4085
15067
38153
17849
34867
20960
89260
60291
4408
64612
33164
5594
77834
95842
99509
43299
49230
88038
20794
243
45408
3397
70681
17024
22897
47780
83239
75855
96826
7786
32607
83895
37104
80056
18495
29136
39025
89840
87349
31957
52522
11794
31078
45481
648
26264
34041
92318
50472
24766
53600
45982
75474
92140
83486
89667
79211
17327
87403
93139
35987
85754
27520
85867
60530
90159
97375
49162
16173
64169
88747
69300
5925
57411
54828
54242
20364
34761
39138
48562
7342
79080
14120
48892
42181
61895
4494
53960
17843
35274
5931
83522
60600
28831
27295
90789
26736
26699
22624
36543
83829
48993
63323
52952
88154
97692
68811
53680
62399
88852
55938
54058
49053
97772
60518
91703
81492
61946
40432
19513
88190
58991
2431
8616
88111
35218
840
97675
96528
44314
69941
59605
83681
78973
93189
71692
18840
48283
82524
43637
82265
25280
97946
36884
65212
91697
42762
95460
89570
28582
42386
1636
65539
69115
30486
25828
7701
15163
46933
51598
10322
83302
62845
92114
80303
8220
52720
64607
65454
43213
71810
31210
16600
3625
11610
98068
40495
13535
64243
80734
15090
81192
25296
68760
93513
89795
43788
72385
8944
83429
72477
71095
79090
52709
57054
37825
10689
30977
67172
27012
43710
46449
42428
68104
65110
16239
66326
79116
71040
5057
58674
58252
49715
58919
52178
67998
69791
92428
14597
58932
83559
9240
62068
12134
42925
95443
9992
78297
4013
90410
18888
21986
90028
24319
28064
26182
9512
92042
35458
26599
17682
5088
65432
36088
86087
54299
9041
95322
18394
92143
80179
45605
47864
92624
45257
61845
47085
83677
58064
41420
99762
11230
38852
71126
64613
96618
5733
67222
71847
53016
80036
82990
22190
27854
1291
39618
23706
40515
19075
59052
95702
3027
52505
33246
76712
78291
42746
91229
54395
90582
96265
75737
14898
46073
77439
72885
5103
90557
47503
1053
21399
89831
21530
51255
66419
70593
30867
20931
43223
33085
44061
86934
47362
63448
42969
96431
75948
95556
85426
57605
17420
7875
83175
78285
56735
4092
32013
18142
51313
67493
11408
85544
79041
50999
28861
58649
69651
70476
91783
29966
32452
71689
22122
70059
4413
98596
72946
43172
54523
66396
38727
27632
68661
92607
1798
7580
73939
83992
17504
87743
37131
29114
73580
62524
23865
751
89453
87719
82043
61647
32176
53663
8566
75989
42879
53117
63405
35581
2887
20904
44284
23106
30257
30284
18805
54204
48900
79096
94730
13653
28035
98542
57087
29679
11358
33032
89387
73232
5601
19028
34566
16643
30558
17832
70565
96488
10844
66806
37761
28913
72087
88002
72912
89089
92192
58354
79714
25261
75287
40760
87679
34478
91052
58441
54830
46117
46378
99030
47187
51189
68661
9401
13338
44181
42890
37395
14341
88490
66678
74771
31868
25793
20532
74964
19225
15142
26759
38472
32540
57303
184
94851
50108
98535
26972
41045
59287
63391
8471
50966
82596
56754
87884
91872
37016
93575
68207
49649
6006
11793
32802
6579
55209
70089
88281
58869
32029
22058
73787
49825
43370
41031
59496
77627
55138
86452
2221
44495
89758
52217
36801
34214
87269
83134
11188
12238
24893
76140
70322
67781
87348
17368
70501
43200
99295
92818
72149
51249
5985
63371
74565
22754
76645
96163
84552
28834
31224
98398
94762
33546
87565
34326
77945
36879
48293
66391
21730
31358
82904
24805
23578
4050
71157
9124
77156
45880
8834
93207
2308
20722
50094
36478
23931
79026
90456
79544
12788
15060
90807
68332
29657
23726
92495
69354
96754
65494
52652
9037
96932
60536
81328
77295
27827
12184
42932
67084
61754
69880
99468
89614
77304
6969
50668
93555
95701
13478
48743
82682
42548
38824
32238
95116
91816
37750
50883
6164
59657
29136
31449
34805
1128
88844
3112
57527
7033
95058
3468
16937
57330
10534
23399
10269
81386
48272
56838
24216
36441
72251
23772
11923
77472
23315
4983
8999
39852
89919
35632
74562
36791
16936
6442
5257
77771
10654
49357
44781
52198
54201
34239
94606
13934
51157
43807
96112
82254
60824
85204
80131
26516
14602
65669
15987
81337
86284
71152
29429
87885
10440
77950
26547
33670
82822
17266
17471
53587
23535
85352
66453
57881
85438
11007
63109
63082
95297
96898
9701
99025
69588
26759
54202
92192
90192
69976
15660
45524
20694
74980
21397
83084
17988
62145
95865
92244
71702
28785
70830
52125
91070
3251
54165
89772
37432
53400
31217
79104
87614
55899
27170
43052
53969
48603
14997
29786
16724
49422
89373
96259
33528
80051
35220
89270
68308
9999
9617
14687
25673
92352
10482
22424
61536
42946
89485
77193
1281
29022
14160
62229
49450
39573
23204
22795
78402
88465
52522
39897
65710
78338
11874
87554
89499
39170
92261
5711
48140
1322
75202
3711
44552
81327
36398
45352
13716
77625
4026
46782
5144
70657
70069
28569
76803
93299
80086
31731
80289
21690
94398
1199
51217
12566
26166
47078
4477
1144
28219
46372
20997
54725
65509
85894
51365
55472
91369
85226
41011
34798
86863
33775
93137
15078
4832
68584
60424
57243
88514
34188
25429
89663
98065
77959
15319
35511
19653
30648
77759
63863
78148
53106
84323
35687
63687
50320
69227
6641
79315
33411
73714
22246
1471
40181
92465
98705
21251
61752
86721
59595
25946
13090
74174
43804
33935
88720
11081
59601
80152
24576
80261
86645
26036
9243
23702
96107
45991
48222
16373
20808
67571
52443
75099
99495
85782
99881
88175
20386
44186
16017
92019
74512
85095
72422
24795
10006
93325
61097
27517
18801
46618
83068
61119
10853
73088
4806
11315
55393
68761
82191
78267
95080
20840
27245
33871
6377
72025
68539
72808
82518
25333
83453
3728
8312
99930
68269
72896
57068
72432
30403
74815
499
1998
93897
40290
87223
95103
68404
46261
95999
11895
82748
22440
91153
79821
72365
19486
22692
40216
95880
68132
715
61236
38941
42209
47441
30860
50151
95752
76378
94700
3471
89137
82467
72996
51615
12927
54182
103
82816
74482
68434
83164
1178
98243
96148
89303
58662
24946
9460
37777
1507
27172
90750
2851
25925
76801
32367
25608
3775
4288
89861
33554
4904
36780
44268
81416
53157
5550
40219
80118
84522
36050
25895
78378
46504
28140
64755
11911
97476
99383
37917
55796
36858
62501
5523
92416
10004
40158
87538
36250
69341
88136
98338
33331
47908
56369
87337
35415
399
96569
92888
89242
28010
23470
78924
86609
24314
79576
67386
40292
77214
37087
13812
21739
85285
12907
57980
63621
8007
48627
26179
29338
47460
95999
74226
65472
60897
34293
21766
83393
30456
93531
97956
97131
68266
35731
34739
3151
28390
23074
33180
33167
66649
99582
39256
62500
71621
5040
34453
20733
28948
73226
79974
56786
8970
98448
66565
68818
31034
78321
43679
30158
10756
73907
20626
95983
29320
96302
25576
16164
22741
99789
24219
23276
87192
61956
82807
85254
65234
86475
54948
94523
96342
60343
36461
39501
98463
24376
24924
29907
73675
64610
89169
68037
39542
82932
42835
82766
19549
85536
84506
44236
59145
84275
9008
95314
43493
84379
3186
14075
94860
89300
69611
42300
71323
83577
4327
76663
42180
56893
55474
48174
60803
26527
8497
70913
80791
21766
96804
35596
61030
46686
69355
99175
86313
68021
55057
46920
75655
46871
42210
18754
7442
30043
70334
59708
2407
99047
55687
2889
24409
19423
5142
12992
92763
64764
90411
71904
19536
59063
27042
28547
86653
42896
62793
28396
20387
94213
37872
73550
61551
59670
4338
35039
29160
89370
39885
1922
91400
27049
58525
30586
20479
99952
26799
29666
89500
40430
9286
54688
29961
65971
8510
48742
89751
38748
68651
80854
34131
62614
43061
30633
28697
73213
88310
19218
65571
10161
52752
4593
96619
1292
82
49651
51953
95920
16575
68618
30378
78469
81376
34182
12401
65751
86274
88779
39501
68626
13693
47313
80448
32810
84517
60211
33765
86820
97997
69479
80796
75024
72380
22382
91310
58222
92580
84669
26521
31671
79754
58669
9450
60906
90604
25807
95146
2841
85995
58407
27298
66346
90752
7548
90991
80736
91191
97102
32356
31615
77893
18521
98855
48046
93072
30837
94147
30335
43040
24899
97311
80319
70257
27973
97718
24007
35410
10416
2057
35340
3367
11925
67155
45947
72377
46857
44352
84155
65370
68134
26393
51806
81790
13511
99087
17313
90635
64647
87659
74266
61228
50584
30764
78974
66713
93882
35017
10235
61280
57165
56847
66028
90750
34284
88879
68361
99023
11373
63433
49358
82119
20887
34441
41141
20460
80009
42665
87436
4095
2518
61355
28571
75506
70929
91949
33726
90803
78486
85320
65810
36375
73097
48051
35084
87587
76554
75988
49838
75182
66361
66533
39160
51905
16766
71280
6247
92887
74727
40562
21077
96286
50060
29955
6509
15927
94331
1739
61205
33594
88527
64781
52265
18274
5765
45806
59383
56089
64444
82798
56895
32091
98459
3188
44115
99314
98576
33564
84244
76274
28929
6766
39835
56018
5377
82757
10011
34991
21943
51622
75570
71334
22592
78950
79241
80910
90462
39508
9705
13342
65177
6833
32973
88853
42046
32987
74687
68010
83956
29840
4434
10248
91515
33376
36503
49793
59167
67140
58516
28839
56637
73614
23070
48537
12671
55931
738
8530
33322
20433
29121
5317
93744
9227
60505
60242
77965
80422
18983
86414
4589
710
97656
32520
61775
49248
78226
84280
64345
65555
22869
23309
83162
18166
63959
37344
10072
96664
1171
24152
79064
26563
68835
72013
10366
31715
4381
926
40216
96959
50263
71498
48492
22641
65329
77483
31691
26457
58725
94797
41166
78156
51136
36886
58539
65330
58229
53237
35268
8897
51747
21416
87920
71720
65229
53752
7695
45512
39097
26037
96675
63566
84589
66409
96491
65593
11375
889
31312
83154
23245
36812
17079
3661
19322
2546
23640
80106
48394
91055
49182
59093
33359
62451
75591
38553
48172
31584
98255
34282
67419
29109
82824
87659
38522
19223
34905
70181
64650
8016
65222
32595
37
62657
30821
63452
89298
2370
43280
41422
67261
8124
46942
42394
83621
59278
5812
6108
53236
26661
64249
11201
71304
34441
97083
57065
90480
41200
68388
80442
91551
37001
29088
38412
3448
94992
89747
37319
20416
25534
67935
4846
42494
5512
8199
3671
26001
71308
18258
93656
95306
80949
73411
5454
80165
57151
6286
11498
91783
72134
86031
39013
85183
84561
75541
84008
45295
21735
9842
41063
47882
69462
95397
80248
34620
25404
8410
30547
38871
46835
49918
30076
85731
11188
18139
6593
83974
31297
38605
73038
85420
77851
35049
8578
71150
47950
61750
96292
43831
75561
83481
43263
31819
49814
32009
45076
86447
9487
95221
63406
47583
16581
56560
89943
62626
41680
95202
6294
32420
39216
83694
47075
46189
58478
56486
15244
9133
6995
38437
13818
2194
205
60805
97317
25085
74937
68161
44462
28660
61282
78666
86950
27264
77452
24744
78422
61236
20862
52004
34257
36772
13562
15013
64683
13181
61912
96258
70300
17088
86305
19086
57021
34753
74638
35855
28192
3426
23441
8863
83479
98696
80958
26273
35983
35314
30023
40871
18677
18598
97054
7846
48767
58457
45315
6673
89815
46888
53587
66286
75616
15697
40789
68074
31901
17866
93840
56997
69396
83359
90453
66141
93119
83884
1760
62311
84337
24580
94119
47213
92314
12672
90673
53206
65396
43972
24401
16960
6992
1388
39720
19993
44898
57835
21335
13262
48404
78327
48766
85969
43081
79395
77925
87639
91800
60405
26930
79322
63492
23685
945
20134
27774
10210
6027
46235
33208
4651
65186
26379
27861
29427
92760
71331
1966
70060
41960
21996
43110
67317
37012
91833
65278
33471
49579
71998
25356
72826
10663
37860
39315
29757
71073
46801
87041
2978
1918
60413
30657
3512
80657
78577
69184
86215
14791
37013
7594
76252
15673
1241
13806
78238
46713
35439
38712
67341
29577
92708
30122
9085
82717
74256
73216
59967
90345
88231
53339
4219
75656
57525
31046
61256
53118
54893
24843
75542
4758
33231
24282
85848
76724
55876
14236
85192
37652
77942
83161
39404
76569
29977
12705
56482
72093
57621
30209
99388
87593
10329
74034
33944
13756
18725
82112
11206
14655
21919
67057
84504
57263
31096
92850
66182
11377
60728
82387
26915
88303
37487
96246
35944
63676
74747
64841
82339
50658
63009
91863
47241
59389
25701
32729
41655
8693
99326
16669
2137
71990
50281
75596
68279
4124
45235
13696
36116
60524
48501
40066
38392
93272
15227
96655
51444
3293
83484
21165
31375
85417
27039
58475
18530
38204
8412
93268
15138
86242
90936
80714
85471
39141
5258
24519
48717
1493
57887
57854
83593
8596
47030
35910
11847
51764
89537
49610
94161
64569
59839
41850
94280
19153
85084
52092
97688
79986
65697
98609
49455
55511
93010
25855
50792
73730
66676
82105
4514
20336
93947
30548
73616
15957
20438
68354
80113
99885
4491
53864
20835
96871
97312
28901
85561
50061
13006
42729
19793
51237
74622
97808
1746
75508
26666
72402
63018
31171
94514
29588
55313
46956
93429
36530
5067
9530
6052
32345
99284
32413
27122
11614
95314
26147
60889
50111
73937
13523
75591
76890
10265
95721
74911
16349
38298
67469
73895
39497
59239
1370
75830
18313
89200
28181
20058
79949
62338
10487
94014
90875
20467
83052
39661
1826
41327
38632
45120
42246
17891
55946
44265
4020
1486
21090
32055
31722
15187
2564
95449
28884
18046
79729
15170
32869
69663
77768
87111
53634
84740
51388
2388
58904
93235
50329
13830
20470
54284
68122
29066
7985
88793
99079
53036
14591
92552
79951
44870
6038
47089
85161
60571
76945
65303
74983
32140
32273
63576
25016
87497
53720
72732
75100
81735
31597
4811
7066
62111
95409
20354
44014
11310
7483
23078
93507
20867
26688
87785
56844
95630
700
16218
14172
90782
60224
57118
15968
40373
5814
61249
48800
43452
57621
59862
75385
14775
16610
93613
16001
9334
63145
43589
52092
21350
40830
41592
5284
24707
78728
19990
15752
82463
7278
81924
80737
76152
91280
92884
26166
17466
36054
88143
3019
5164
3944
8120
48020
62508
46941
80689
71640
28144
58553
9049
25942
87754
52278
95451
7884
6939
30785
57574
65750
33691
49613
17992
9955
87654
98709
27755
34282
27555
66474
91288
87626
38887
74942
11693
28902
31374
82079
76401
20840
51014
50586
54632
2483
26408
86414
97742
52485
37654
30725
16284
4404
68557
31062
18204
60929
38533
32790
25890
11963
2308
38760
44872
90884
65538
10401
53530
39693
44307
42153
99156
13786
30223
58500
12785
53268
6704
46583
58716
33284
49282
84261
88583
24896
64582
97231
52894
88545
42219
13659
31304
85452
8997
26941
18244
88019
36870
94071
20366
78922
88643
31617
44869
29674
78494
77356
82099
94701
63263
8032
74437
73188
86724
97965
12898
50367
62001
50735
94769
23855
67986
99912
66975
30541
52449
4286
75711
43518
79012
20973
52996
62727
43939
94123
48444
98896
41721
17202
51840
9111
28631
37114
30969
75677
68015
78192
33913
11380
48909
20678
94826
88136
89157
15646
27680
84377
7244
29839
35367
28015
21672
14213
69580
50983
905
67592
30666
85176
90981
23840
38209
31261
89550
34807
53041
11276
54858
30074
52389
55576
70983
81601
12221
82763
10109
39208
29379
97734
1195
79301
5478
96976
75058
79701
65501
82041
27629
18846
16262
20645
6472
25156
51414
12637
60231
95557
97168
67724
34214
3998
89996
95685
52344
19672
49825
37644
82438
64645
74527
86429
10480
70103
48298
86857
64307
39098
91330
73035
32384
42275
23229
79209
60170
18773
19624
31805
1162
31009
71542
58231
44178
76463
21722
71520
8090
8065
27419
46435
17772
41851
35347
42866
17501
2781
25313
53532
36688
67186
99616
94744
12775
9976
69779
21398
31373
99703
39450
98838
39175
80435
88406
7086
98263
15073
83689
15036
84340
19344
93118
85235
54585
3957
29826
94828
97511
48189
68362
41573
77874
17757
6806
21224
79776
39327
89026
19540
19491
64617
54806
46567
2929
27667
76987
90388
76652
41714
94883
5859
5173
1669
21760
2693
26206
95921
86229
26069
88211
36512
57353
32033
99750
70788
6422
72913
96238
21563
23644
77229
73116
55803
6281
33491
21198
5455
43712
52094
25598
18089
4772
45119
88237
17355
30287
87230
27002
7774
51056
2598
2064
60783
66152
53876
18774
97337
357
86851
9562
71948
7798
85215
43142
5175
13643
46342
69509
97835
6979
88565
12056
98931
83563
64209
77686
69311
34707
75840
32071
84212
20122
27487
4759
90034
36769
28760
82690
74672
31062
50819
85997
19839
44564
62551
25762
60234
16454
35791
76535
53122
86092
32393
86616
48927
19906
57815
17131
21935
84160
19218
83836
35926
23730
44159
46975
53221
78245
4410
51959
49755
89005
37711
46861
59666
63678
30867
2759
39058
95621
99769
86575
5090
79704
4657
75054
6294
89812
61601
99743
2398
45355
96781
91944
71819
86679
19420
93783
5979
31047
13819
98473
99000
92945
96857
71656
49205
61127
16608
1436
81302
38358
80799
5759
85832
19617
51747
48552
43034
1960
49685
29630
99459
83901
71734
82637
19788
57380
28040
23867
64822
41077
2753
27316
3184
56385
68259
3723
46618
83440
949
40544
94040
33594
12748
16091
70396
91395
72558
29458
94268
65878
25185
35580
18349
36007
96542
25224
80008
59368
91908
16632
86817
1269
33574
70529
38384
25798
95869
26805
8319
24527
80069
92435
36911
88879
22154
38856
18317
20714
82332
32770
41272
5800
74159
54315
45079
59846
51578
92648
61913
68724
48144
81630
93734
7091
34639
83999
91124
86279
66904
58930
59620
85940
79779
97513
98919
75515
72292
8161
79761
75585
8720
78603
84340
25998
66464
16464
50903
73872
32365
18716
65779
80549
86258
59844
71458
97819
44720
46168
51598
72597
80467
90649
17997
25319
46532
85451
58994
26140
47116
80098
18746
21990
73002
89703
64256
65945
95778
50243
74688
84209
62422
76311
96987
68397
18972
61718
10751
71632
49330
38502
7356
14787
97175
38129
8180
84970
19766
90710
58071
88147
68581
80783
30580
77547
59079
44145
18333
73536
86231
9437
38498
65055
64473
47400
83907
29779
12657
73526
80446
37047
5574
88831
22919
95485
6419
62794
69785
71456
95522
56322
45283
3157
38679
39468
68985
15172
3665
69316
54215
80873
21603
26573
2489
44185
92214
99212
69647
18774
99006
12113
15769
22684
89240
92424
90171
51
35784
43402
480
24830
94937
75251
99820
28181
40734
81781
75928
3821
66953
46138
33610
73641
56955
71715
91365
34902
35926
7064
1234
54494
66599
92505
26509
41606
84652
13184
86810
20796
74870
30557
44209
14979
43763
20284
96197
51404
17638
89010
11173
50637
57736
94955
36173
1432
82025
61007
94407
29339
87809
70247
44617
34598
27557
47695
92954
83483
50871
75447
49
68863
50835
5614
22495
83227
28000
77739
10412
81690
17662
31573
93507
65251
64062
17495
26290
83238
20866
72209
11354
10568
19859
68525
69757
6688
47620
50876
72395
52447
813
88197
6245
77399
71294
94789
80779
17934
34989
90750
70716
42849
26949
78060
86797
4874
65143
27776
7719
45732
47163
27378
46006
78334
53968
64469
26069
33743
19880
57599
62788
72122
52095
58846
93942
82594
68544
12051
12942
65167
21093
24571
81799
8103
38875
82196
68572
47773
43808
15223
53562
43211
43557
81999
34149
30649
90907
26567
842
98130
80774
54391
52304
74646
2352
30884
34563
30647
96612
60421
27975
85017
60983
16180
58219
44020
19965
10573
37665
88428
84832
84702
18241
50909
35744
32544
2032
1411
75170
71385
94379
94871
26136
11641
1213
66223
69870
83908
80876
35886
25641
2166
9285
96889
38127
29806
32899
52099
19013
24413
45753
97589
84809
16000
32001
91307
37521
42887
28141
24501
24583
85375
48356
998
90287
63975
86004
41753
24350
28062
61818
77937
79166
83986
42693
17662
56658
68635
26172
53228
51223
94653
69950
48067
38201
8382
48709
45494
64282
9950
37302
53583
62468
79849
48473
15258
51726
74255
77451
53061
68951
81202
49180
76401
95314
35437
7426
81711
3181
64939
36324
93823
95308
13850
28795
19853
19430
55614
70900
3037
71671
98117
64419
4104
37107
23238
53221
43275
88148
33166
24652
23955
3298
10455
98006
73594
95173
1780
46062
93844
44718
50337
44730
87182
1944
8602
41733
63774
65631
14678
15949
43474
7354
58974
35598
29631
87134
4729
80825
60243
19471
53010
83132
60298
81459
3534
49863
59470
99890
12836
73181
36926
83792
1219
71963
29697
45669
55498
38960
60984
18765
17444
36978
3471
16891
86046
46723
3532
82206
85206
81485
69807
941
93761
57858
13598
7116
74747
77214
13383
62439
84002
12517
55571
43796
5997
68728
42412
99977
64007
94744
21628
70270
12442
67382
50798
36278
56637
62776
72294
91207
81376
36195
38400
81190
70322
23742
98056
22473
42394
86863
49781
83638
64997
58746
25267
87438
29290
93773
47985
54211
99611
60162
30929
73791
99160
13540
62772
75972
46613
85125
4191
76907
48898
4690
20777
95293
93780
26258
19696
72568
87292
1477
32485
34451
95912
4995
96293
94810
67738
67470
53571
22304
78945
9629
38678
99312
10596
36076
63410
23665
54356
12072
46983
27044
78297
52149
98394
23483
17046
56891
61869
92716
84315
81842
67330
77757
66929
53065
6093
15541
74202
16261
87729
39117
59301
75298
46298
17343
64388
65160
6456
84487
58860
10176
21072
60452
59007
96398
25051
46991
39859
38943
36606
2342
46584
12657
95062
886
62359
94499
23011
6234
33821
32326
31024
2718
3445
44636
2524
81725
26161
17764
13826
62180
84360
91140
36534
63155
76875
36402
32092
32656
37447
1911
23195
25709
77854
43828
15699
84647
32949
39366
53031
38063
45720
35181
25797
76190
78583
62284
942
43140
38249
34601
63265
77529
30247
64027
88286
86644
33473
11233
93926
90245
13122
86906
49892
70971
12455
32017
72945
61898
82473
84884
95629
7484
30815
6564
67849
69063
4207
88795
16611
4942
93285
35803
37916
66978
47916
60851
56200
18577
30225
8593
55865
1748
5846
5364
37323
67649
80741
31751
81226
20488
68062
89706
60292
18112
47958
99928
36832
76200
95283
73024
344
32887
67376
73713
69917
53810
87715
36270
8004
13073
67274
88419
32117
86633
33494
66641
84965
19952
22528
89182
76541
88373
49886
76249
64733
35371
90912
86440
83768
57542
83566
70568
81794
69981
18623
9845
2550
72380
2202
13027
44828
44701
979
46342
55650
67198
36307
11090
34385
58099
33827
57248
29889
7910
25579
9445
86018
93229
65180
40016
5124
41778
85765
47260
97400
20752
85520
60275
71919
19699
89296
13732
35224
43316
1237
11319
99946
23433
5787
9550
49368
51723
19069
75928
19881
97432
92299
75525
19617
55301
13405
38544
66196
79791
35667
36261
82758
51175
10175
91849
30828
71566
38896
89984
25634
7766
79384
37089
65718
95594
44501
28671
77880
99260
90437
83940
2139
39144
49475
61999
72042
50783
31378
97180
57608
64591
29073
34996
20345
75674
92218
74655
23066
5835
21413
56617
28251
91990
68903
73750
41480
34073
64455
53215
89600
97816
41376
43341
9596
14854
96572
53036
51888
18446
76760
41774
54773
6219
37053
42400
15501
48338
28382
73542
24372
18852
31806
33584
66991
27751
73234
97761
56187
90254
19656
23174
19964
62375
10502
37826
24669
36696
45363
8166
67320
48021
43046
6288
44230
24613
98474
68960
72569
61580
92907
75576
54207
57551
53920
13817
98929
23744
4546
28784
17531
85356
68118
71982
78354
86913
31110
63971
18360
22402
56163
14556
40820
97077
68047
23985
21626
41498
45927
43206
55568
10944
21211
55086
55265
77383
38610
39216
82093
65971
15856
46981
86554
13179
49933
43538
39517
41818
52261
57315
43314
4195
5357
4684
55310
47746
51891
22057
95783
64373
48798
9147
28350
20412
16542
21386
6923
26165
59886
59798
67427
59290
21535
65222
99390
42853
64346
70280
86423
86518
35634
36737
38397
36046
51075
58164
81142
76419
11563
4702
57750
35459
62778
84651
60142
72971
19394
5859
46184
84017
31382
37032
2085
56764
7442
74999
74589
71689
51825
82612
53685
23135
93239
48241
12430
2749
17258
78856
18623
2753
39487
78539
83790
49314
53449
84249
41296
54387
66450
24737
34627
92644
48596
55886
46729
64344
13052
49677
92927
74724
14777
38468
62438
55105
68767
97818
71546
70742
6071
24278
14254
89659
99502
21484
29226
14076
41805
42095
58444
2089
83745
16507
20670
5964
49054
18838
60849
26643
91170
21403
36324
39327
26493
99877
46881
33814
53235
99913
56859
47213
55012
52406
70815
96916
14818
89627
10505
54675
78815
39585
9195
50172
927
22106
16076
30403
71900
74899
38649
42240
61056
68973
3660
52218
55099
19401
63777
70005
41588
82586
11099
5448
455
71748
85148
13228
66826
31963
91063
7479
98369
71285
60959
65529
6095
30405
96223
51928
51853
47615
5062
40802
8202
55297
84020
9082
62976
737
95059
23914
21627
5514
91572
84874
47306
788
26520
45074
46486
99631
91958
57754
92445
44026
99370
80123
1056
60251
61625
27695
36537
39906
83585
44375
39526
98910
1900
19652
91315
9970
23022
90789
1983
94098
78950
87648
85803
81282
72932
51206
17388
66042
3168
11779
95436
94566
41540
7622
75378
75273
47034
86074
91817
72368
54594
5055
2810
11488
22908
91601
94236
19990
82781
60874
30701
35427
55114
75377
60452
61010
74033
20957
44056
14687
66858
37888
67150
95293
54538
73404
45226
94228
37489
89466
20938
48583
93332
20704
24929
79833
54887
35626
19448
77638
79897
17232
59334
86920
4607
38393
5388
45118
1347
41313
3491
84737
18758
74566
73432
74239
80758
80998
99199
17871
52936
7771
10756
87895
5702
12466
60523
37932
30142
3313
72930
23310
14429
17273
15453
61101
87521
54174
96727
23019
44811
55344
54968
7358
8108
84423
6516
75003
90392
15672
81997
67616
5237
38975
86359
93333
88304
60067
41925
36461
75684
66693
21487
26509
45078
12492
63493
22196
93533
86792
68124
90941
39417
19989
52309
9523
55921
2068
91837
51855
30383
36331
58406
50948
57660
161
86716
15765
31203
81865
81908
71180
22455
77991
8021
22520
14700
57706
53843
69962
95183
362
34187
80674
78668
20008
61353
91106
8528
33260
8927
44544
62540
79125
94345
70733
1685
78640
67625
35647
51824
26028
50646
41950
19435
67318
84749
86940
60283
41336
49535
4107
73419
82431
36710
69444
74883
51205
67274
68482
54799
64748
54000
91260
86230
12182
54670
14950
35981
95356
75934
96842
73902
26014
69501
41013
2478
14072
76848
59044
36675
70889
44268
53649
34654
71133
8928
48203
85662
69068
37589
723
19071
11729
61147
13773
92667
58504
81165
73962
29800
49467
32295
23529
51624
24044
70532
48532
77649
43501
99149
49722
56749
79
99315
13964
44820
8816
68498
55277
18783
34170
55130
52996
98963
38344
59993
11661
46158
27204
84997
16897
29524
23426
27263
7247
19214
81352
29181
2477
37641
692
58173
55598
51804
77855
35654
9815
1051
47282
4140
66211
37472
54210
57412
25557
77427
89516
65712
27574
45470
35909
18679
19733
35829
67134
570
1617
29424
38672
98500
98523
2750
77733
53449
87382
4610
15304
71562
85306
83935
4729
77804
66199
70680
47799
57309
32460
26674
94581
57452
12288
99847
52645
98087
41440
65246
14790
30201
23581
56531
37497
23943
38610
2626
88472
99229
82266
78091
38183
63062
20190
95112
66094
43322
16418
35213
31822
58998
58116
48020
98122
29562
55320
39186
73586
65548
53305
78622
82544
87030
68462
64172
57158
12771
89037
15091
42286
73355
75662
21678
22076
84503
70210
71117
50962
93294
44940
52948
13226
34345
62516
2275
55863
438
67427
26178
33487
60502
83894
96143
66247
35726
17785
92117
68021
67022
18667
65419
12352
32150
62130
79218
11297
12972
74034
51180
49090
29603
61478
19956
59523
41267
83332
31441
65652
79064
81608
70641
71850
98994
5296
83838
6885
48353
60866
539
79436
94582
45530
51665
57260
98543
60494
71996
40187
8036
25710
38895
96598
26987
80674
11100
94889
15953
97217
94325
3461
98675
43024
8608
46091
79421
10508
43072
77454
29361
41254
69865
74126
36705
2325
79653
44287
27516
5655
88903
69517
20227
81595
27803
45906
94267
31755
14894
29672
59787
11326
98156
3225
72327
29416
36221
313
2006
51336
98141
25807
66248
64867
9283
50756
80684
16814
49774
55291
51174
299
26387
59213
66635
52601
79033
69313
84740
24027
34990
81353
68719
42030
14281
66420
60023
84204
8276
88256
66967
52557
792
52990
8280
63410
506
36193
50885
36930
53565
75721
20514
12041
10661
36107
67754
82232
5523
52643
24829
81555
10694
36279
45038
34569
75113
2294
32665
81177
84370
97715
73603
67674
76283
54149
21201
51195
47254
52176
42308
95296
78155
99076
15097
60834
46040
39650
51434
35416
67138
25400
84998
22185
73361
97098
30775
70097
10110
2784
54522
19496
544
30692
86990
32902
48860
14914
22819
49481
73481
21208
64841
50443
69228
1134
67446
83825
93382
60272
18559
49149
61774
99526
87063
96326
21861
57672
65053
54351
41196
30818
81169
20294
81347
8696
87107
74209
38300
66244
12002
25835
11463
70309
78679
41066
79879
49990
23797
9251
59295
21730
15167
55356
23835
71192
19921
93608
5659
15577
5034
20505
22025
61201
12718
97627
72560
36122
96079
92659
95472
37379
92282
19775
31328
95368
41907
34009
59524
40849
10926
54360
19117
56247
65117
33636
81629
95673
33700
26406
40518
12223
2566
98426
70820
28950
95215
24399
12071
2332
87193
88986
11508
69699
3885
95981
60757
17484
37445
21238
24210
28431
97918
24331
11266
4742
47219
70669
53511
94114
83225
60710
53471
15687
22366
22913
71224
63028
78621
56901
94005
72531
79830
6310
41087
33078
48323
66391
96277
32103
54287
20428
67299
88604
67636
62674
53506
64844
7104
65534
62573
12481
2409
43055
2928
37338
94
87652
16026
69638
13177
83513
74200
73973
73264
90833
4845
93906
89214
31702
35321
62488
27847
46590
92814
78535
13134
47055
95612
47539
14611
40683
70863
44837
61698
95451
1140
38095
60862
2318
8212
26591
38813
88246
7508
1808
79754
57052
32037
61116
69146
94312
68964
50917
80019
29184
35093
11970
30879
25133
16651
96237
27287
96207
78324
34816
80847
25837
71550
34901
34796
53220
97294
85625
65153
3392
60704
76570
10596
69940
53043
86235
16894
27618
7868
27624
77138
23282
82413
77205
97903
58697
17902
53164
92308
34860
89768
52767
77362
16904
88504
73484
76757
63362
7079
47496
36614
22711
73678
77845
37462
68199
98234
56553
36443
61468
18248
5907
60030
96020
22914
66665
28311
30375
80980
76214
46907
86953
47492
91906
60710
95482
57482
19186
21294
29305
70537
14487
27861
95467
43044
46654
90354
89201
51923
57437
19737
84449
60298
68959
8237
39126
56228
23261
51990
88355
97669
71854
4719
44088
43095
99449
68078
73873
9491
36656
45265
57365
90691
24269
59041
284
39051
26812
85707
49006
57422
51818
25022
27352
48589
35643
66987
41120
13973
33324
59894
77450
15124
36566
28864
36347
28026
14759
71516
77185
86786
91442
44195
35718
20446
91773
78577
16691
36514
12981
79018
49485
50972
4984
66884
15648
34071
47506
32175
86024
48226
6315
44576
35333
23810
84590
73774
18804
76322
65268
85999
74908
94053
6365
34261
30904
73648
25096
13202
61110
71430
80407
18921
45654
52944
91416
47833
49677
70612
46506
31944
76951
54593
51171
98193
66493
7244
60286
53467
2751
20989
15935
37364
9671
55794
53458
43033
66674
97853
16312
6695
70099
62128
44125
8163
17749
77536
50080
86692
75295
89721
10406
74017
41912
84103
99426
19846
65230
16704
64004
36510
68598
65242
57528
49844
74956
82545
61116
17821
34100
35928
96196
77741
39793
98395
18317
91603
2756
50762
92178
50289
38128
53948
14362
38542
74041
95161
34958
77728
88611
69791
87081
71086
55907
28791
71155
72153
72231
6394
42446
35846
80871
92589
16897
4595
46734
62298
91980
92183
18469
48824
23203
23651
14557
74141
45431
14293
77578
2627
94705
1320
40262
55499
33513
83189
70880
34651
71024
78205
42043
51192
97883
94234
79036
97506
51286
57066
69614
91271
87662
99051
10429
85492
66464
81789
40593
84668
88145
61208
62865
39249
18264
54665
42115
55149
62093
42688
51026
16084
78960
17984
36468
3682
72370
97927
41240
67588
8870
45225
15586
1114
57573
7531
32915
84244
70778
84894
84328
60466
63837
60
50461
52869
50979
84247
49451
12355
47391
64800
80544
73335
9583
51240
70396
29141
87756
54372
51140
3453
89525
87488
71252
69232
51330
50201
53486
12765
929
87917
36183
76592
28579
95407
58193
22029
70789
52900
11614
56566
9706
42349
28152
36480
97724
54336
12021
59183
59520
24540
5739
52386
7147
69796
76913
71942
38027
57750
24050
25901
96237
97499
70390
76151
58183
56325
8705
51528
26206
20874
2916
44178
17881
714
28941
57184
98683
38205
88392
77794
50803
8197
93142
33817
53495
27644
75784
49027
28434
32914
80242
20357
55622
29085
99974
26303
32121
61984
22610
68134
25171
21861
25407
2727
41321
37077
81458
77358
89915
78871
48555
21846
93238
85521
35611
71161
45020
31654
96991
68168
71097
99063
30433
70599
80754
68683
80252
93168
33280
48840
12137
9027
30197
8857
84071
16620
25662
4987
83612
83400
58669
69610
71424
84031
48141
86316
3551
14154
63853
87676
17244
33450
7127
41701
56407
21996
63411
20085
44809
90146
51663
26427
81618
94164
91602
36380
76872
13567
84390
44693
98195
48082
48935
76599
6053
32612
30710
9876
46264
19986
85109
92525
43643
79472
68722
19950
11150
93689
49353
48543
98492
72247
94867
39586
12465
55509
37140
20181
87192
28374
22300
66437
86877
66548
32605
6599
31158
45726
40734
22870
820
58715
34033
75238
40367
16386
71878
43722
78487
43260
53261
69317
69005
24598
26276
80737
91749
17849
80173
1198
57938
84307
69961
17718
20296
9210
65194
38832
32537
708
70283
16516
99558
27562
89347
4754
3237
92706
41743
76827
12755
86477
85016
44473
80892
68935
84677
34714
91510
36550
39101
93330
60089
61110
61595
98539
44491
30902
79834
87297
84343
93610
504
7175
55270
54712
79458
43658
26715
18067
4813
29276
84031
8608
31569
24047
98627
86829
46043
76258
60083
54597
77811
8692
69492
99740
66721
59326
23298
41423
35768
34458
61344
29230
74335
63987
12112
83514
61699
96196
27630
84116
30196
28209
51405
80500
27683
80402
41774
54628
55620
4616
33641
55598
42978
26355
53078
84822
38931
15479
84368
46914
40014
61881
766
57696
41980
48391
41203
36733
29814
46930
56252
79420
62769
55542
98602
63508
66646
37537
86347
1247
5153
76454
32964
68958
1745
27950
632
79027
88962
70787
63577
28249
21552
6076
78691
89691
42313
53655
42170
38818
54933
7070
98673
78714
36149
43212
29602
24595
63522
53516
98528
32348
42797
50934
43779
99811
73994
55191
15895
82565
85783
68115
97985
36138
6890
72328
52752
41729
49204
67247
3196
32015
78543
16074
96640
81672
6991
83239
70577
98703
5197
92191
77177
25692
20622
7125
84321
65098
62316
62047
78856
58175
95007
67813
56930
72664
52009
53782
57556
58203
33456
45721
37638
76535
12268
84886
28673
28156
9837
23344
89982
4721
15355
72859
33790
52247
93829
58442
2466
71242
33068
91994
56823
57021
3108
24257
25213
69717
29511
26556
23151
53177
6113
58491
88593
73866
855
47137
26582
41997
49609
861
84147
27780
72541
84187
37011
25372
83632
62430
43728
13642
74639
88822
60863
53854
91208
37403
28526
13642
56463
77061
2237
65768
47607
16613
16775
90894
95265
10567
27974
33434
7652
48431
13949
88152
8945
62263
36116
50253
21099
91481
36865
93590
85348
18832
66156
18276
10073
66868
2146
35223
70632
28044
62925
39670
82816
50657
12216
99890
65540
67267
83097
48738
98419
66818
53176
54269
45137
61322
94703
59350
95415
7045
41593
85724
11798
23783
54068
73638
31755
68471
11565
9829
8693
10459
60206
85863
92946
78755
91802
7286
23313
84854
65342
40431
7042
77972
52914
94082
9915
31063
51483
23778
53994
84790
84764
49106
72862
82615
60752
61451
80954
95117
90186
4083
34448
87205
63823
16424
82176
51591
49035
86751
4416
29502
43118
29391
66095
4744
13134
24706
38316
67562
97790
67457
67371
41526
10856
57556
79047
11428
90235
23953
14959
93274
43611
2274
1674
89736
28773
10299
793
30880
19455
95150
28762
81755
98302
19720
96289
10844
60896
55525
70490
32549
62053
12817
69700
19919
71835
21894
78001
95484
13020
62080
7111
19690
72339
13256
4593
4086
22905
20631
6163
3463
92397
51859
46850
90096
7596
16131
20980
96251
22630
86243
62250
5574
74204
42505
87671
21745
7694
96181
95377
88299
57019
40029
66373
4692
93973
13576
74142
33449
88656
78772
31095
99455
85601
84767
26666
2686
21653
26382
66993
69988
77103
47284
44774
5534
42277
20142
81158
4293
8049
21221
32974
12973
38371
85102
57756
91932
60457
75286
2723
4487
76398
34295
87119
78122
14980
70615
19502
15755
34631
11105
77398
25597
76258
54437
88080
48654
60447
38380
40573
89347
22993
25925
37596
33661
89545
98995
42604
28902
7804
16635
33752
20414
56958
83444
35129
89442
84667
95806
65579
72582
15598
10682
39211
4316
39832
26300
77444
9930
66396
50281
92737
99146
11301
86280
51468
32280
32505
26425
53483
9240
42233
69849
65295
48783
37768
7703
50732
94581
13413
37635
98960
5076
65312
56456
17820
5933
20178
33764
52751
54946
20012
23000
62339
26727
78182
11122
14965
15649
30345
67365
32617
89547
21523
35729
23146
53445
8415
13727
57703
48714
21962
31491
22615
71421
49004
93064
65025
17427
14270
47934
4018
1508
94542
3998
91948
13901
40442
70621
78454
66921
17628
83288
25202
89989
56602
34354
31949
65094
97298
44976
61156
48238
82540
42528
51914
74970
49349
31137
94892
38668
38867
2260
78994
56780
20298
63776
6264
58751
62389
11447
255
9860
89441
28540
22093
93117
32492
825
21146
76893
13948
39816
82219
42048
99009
45697
50575
52271
84774
64422
17981
55845
80435
29203
72900
80415
84356
27522
54110
44661
62565
86001
73135
30130
26199
73642
7565
93795
8004
57741
60062
68199
40518
97978
24716
29755
12003
39020
52238
34345
27593
62536
72063
83508
59994
21388
52990
49438
12098
99321
77044
964
78029
24387
3389
2249
40976
19194
46481
19945
41238
42349
99345
63529
78894
8249
33549
28792
59517
1428
98277
25787
41675
7437
89854
17146
95594
40892
30955
32644
78272
79410
37721
17310
12345
28564
55986
6252
1983
13280
45934
82734
1713
58531
5053
77946
95600
40778
68600
56552
53099
74431
43051
92745
82613
92562
19897
66168
85721
52980
32096
57288
59886
28725
76364
89155
60686
70170
31711
87148
31275
85116
67037
66777
14610
85883
14590
23563
49838
46118
97214
66285
49556
95646
14171
15047
67325
2129
71416
72370
65649
5156
51441
33524
97722
68965
35808
78896
37406
16796
44880
64091
93893
32773
72487
15482
19535
74186
33222
96483
85790
31727
30342
75170
1600
35523
79575
78926
13983
4325
2086
67663
43024
37741
10170
33920
52327
23820
60088
68718
73018
53571
21675
79779
2224
89192
50989
17338
41297
26901
73829
67373
73793
44326
79075
45567
30638
55626
95251
18342
40962
51765
39366
50115
2113
23179
16525
76297
48645
19644
80791
84461
94315
31335
8626
70635
24088
99754
54425
44957
83334
24160
26869
85473
26500
41997
94931
96335
6183
88765
93241
1007
98535
44515
26144
81571
10459
73629
80441
83645
64663
16977
6637
58379
54442
17071
78226
28007
96289
512
35203
92015
48948
65898
62580
74471
70568
12583
4725
91273
20352
27515
90790
63272
88343
80452
84838
20130
77813
65924
11158
63110
81224
6826
45313
49954
53173
42144
79082
97532
95451
71873
21251
68564
61700
46989
73056
18225
28359
68246
3985
37706
99455
49145
43765
25911
45746
70873
83873
79638
93705
70434
11185
78301
13981
11470
99579
64840
98639
83622
5173
59599
22972
19313
37098
65990
14462
61281
40241
37084
71622
22003
54734
35546
80941
30111
41613
61181
76078
91341
89737
33874
23686
44180
60918
13750
39412
12640
32614
47205
7500
81066
82886
3371
33826
7713
57526
37364
77708
42488
99820
8693
52447
15385
26849
12107
78622
84632
39920
19758
85440
75000
11520
46416
32337
87173
72646
16500
4481
11174
91418
81846
51613
52384
69462
80635
16638
2986
73033
68770
80851
56698
47588