45172
81526
82179
3127
41221
55917
44443
362
428
93501
44445
42269
6237
67740
76149
17397
29438
93561
75094
30770
52724
8734
17415
9413
64278
1726
47146
18407
62188
98921
33774
42167
25199
60169
53873
76031
74099
87792
95543
72242
61516
11429
82794
44558
23693
8062
43250
58871
45117
54144
5092
34812
51271
33031
63921
34225
74107
52559
7847
41477
48390
28059
11725
43389
91028
57995
59789
88710
14121
30259
46912
39738
69904
75962
1091
7714
39944
90644
83860
57336
21991
14628
89532
44663
65622
24937
36922
10188
26908
15811
6657
28326
34658
89483
97479
95780
77087
37209
5361
16836
66704
885
81770
77995
72134
54713
71690
64518
93555
52775
36656
6695
35814
91152
96179
72032
72886
16466
17175
28911
95184
61361
52882
68117
18376
23543
96099
17915
20300
17937
52303
29987
33413
14438
53959
233
41876
81576
62195
75873
7508
35803
82174
68523
49372
82990
89874
2027
61482
29500
56848
26975
74065
25283
8241
87932
84352
82197
16741
85956
34349
11997
64558
80012
96223
66859
62530
64152
10790
51921
98851
75489
24663
93486
17917
17190
55523
16498
2842
56613
64747
71023
75015
95286
97893
47
41641
52515
57598
16450
46947
69792
32830
88622
15527
16149
90912
82427
60182
68591
42835
3902
33769
9202
5591
8127
50608
90537
7166
32892
93428
74431
23324
76285
51074
80207
7475
88606
64318
86305
76153
65660
17225
18629
50888
83054
94847
39649
29484
23206
1184
98297
90196
33132
14664
9986
13943
99538
67186
47220
48913
91963
401
14211
2214
39984
43548
12697
46167
69203
20245
37398
28510
19877
8511
87973
21263
74840
29742
95854
84237
3364
83502
74080
25537
43090
62175
90106
8320
70297
78567
91361
42911
26174
34170
9573
30850
24650
1873
15561
29155
40331
85375
28933
64531
26928
57355
67898
49960
72430
6648
28749
28504
31416
75520
23966
11553
63012
80021
10218
25383
66848
71714
17349
87325
59074
43912
90704
50296
82447
23529
27394
44102
97128
50364
75988
42885
87101
15277
69871
30073
61850
65351
24680
36579
3195
69610
11724
73786
23166
65709
88935
47859
74130
36861
29923
26422
56497
97684
61785
38210
8861
42874
70623
88761
23589
7949
4766
49751
67866
35881
54296
96311
67726
3640
76223
16622
21542
66892
16826
22125
55712
18387
38213
21377
16856
65535
70874
67060
61860
57301
42859
88184
25357
29308
46895
48184
33510
60742
31396
19769
65223
46616
60733
16287
47161
25989
16574
17255
203
86201
34076
9576
98351
10511
519
62134
696
17374
25422
29735
33844
11207
31189
57319
77067
63733
60415
12569
80667
57361
77454
52671
46234
85563
79379
98966
76831
84516
17886
43563
995
51915
10341
63992
72909
35969
62045
50592
5025
97343
91696
24171
59996
4557
77054
95442
14921
56899
82109
72896
21516
8610
75027
58197
71439
11868
50458
76643
40759
33853
21310
65911
54075
21236
26559
87449
86684
13266
64847
27595
83057
40947
44098
9203
92489
84907
88660
75910
79256
48033
50124
98248
10931
11301
44006
60348
7158
20133
83558
30425
80766
61722
90942
81030
79593
86796
38649
14401
71957
39837
15794
95761
5651
945
57661
41739
62276
58666
10500
66595
67917
24128
91657
60251
86598
4176
54150
2001
84774
32379
4206
1306
26507
76462
65346
45114
49764
61654
41915
31767
88939
58443
34945
30157
80907
52775
27692
57830
3771
16451
94655
91915
9275
94657
99117
88350
62240
77041
52191
91906
23505
17111
27403
87857
36459
4278
19735
27190
49687
15374
35015
22185
56057
60346
74190
87563
54968
71068
94149
97544
24626
51532
25128
17740
90387
49954
13625
96032
30578
95774
29790
81346
75907
73027
16099
94678
12857
89890
37797
78439
44502
57498
20256
62635
1703
51971
2268
6343
93677
65282
68331
50388
55550
36701
42942
85122
34363
37793
55916
99182
90348
84913
21168
69206
61921
94958
75103
42695
1659
93394
54686
59242
94485
43567
41221
29909
68453
60792
64461
79933
68733
9665
39852
23950
64541
85944
81371
43614
43760
57610
59626
845
88804
47483
30385
95753
14752
78674
26042
77377
92066
87013
44397
93662
52719
22532
16213
11550
16650
56634
71273
32929
27313
33127
84884
15385
95431
62253
54840
45930
3781
23484
24365
23490
12469
82188
76315
54330
89252
49507
62018
43906
64197
55735
17206
83845
87314
58045
81204
48466
53624
51145
37552
47809
70
51081
94658
52704
76393
334
11073
20862
85152
74712
24209
47897
18165
67353
13786
76278
84665
23784
81791
2093
27735
20846
30086
74648
34897
36534
42479
71446
52389
28904
62753
56603
27298
98402
703
93364
79783
87790
23818
92000
71194
63884
63383
97131
22197
67098
36493
63842
52079
65025
97075
67362
86835
69007
84600
32868
47667
31076
93393
69817
87612
42483
16559
1560
22756
3203
45300
48832
37151
68578
11225
30521
99053
19854
92042
69317
96320
95199
42577
65664
29533
98204
55721
184
26527
42624
44207
525
30556
58624
78743
21000
99243
90002
51465
13246
17495
54522
56024
79887
47664
31107
92355
51467
14666
65154
73437
46343
80091
68205
63122
86248
1122
45428
73264
49251
76037
79883
41638
32364
57547
94717
90210
87565
17915
52746
39412
83191
39176
97472
27013
71598
78338
39444
47582
13431
31132
27599
84565
29781
71496
38083
74935
88651
54079
66811
70737
41370
97938
44609
71531
28344
63852
98355
16581
42075
92830
39150
16900
94086
11901
40172
74671
9351
55606
15074
83525
19740
7519
88511
51008
99119
15040
84672
7137
40256
13027
89058
85861
45857
61184
86412
6965
72415
37959
67163
20084
13782
1719
88435
63036
38572
59157
40184
87435
31886
24138
42958
72721
4087
3988
76769
9341
38962
73402
40844
88369
34078
62185
14305
1688
84820
21166
2057
30593
87419
67374
16587
17451
65312
84450
35424
56168
86612
46533
39115
66240
57947
57437
24861
38679
47984
67695
89629
85725
74698
71915
82495
62569
18653
50482
49772
56313
54700
34096
46232
84402
27605
84585
66322
99105
19918
45457
48818
99265
28934
69485
44897
1371
15883
61528
91898
6643
60544
50418
7125
1995
25736
11558
68999
97823
64722
48873
97274
84693
60190
4464
77494
65643
43498
66830
57593
35819
77144
50002
11314
92849
87382
43016
1663
56464
59849
66611
18488
38544
99191
33262
63254
71631
72336
17952
74431
98010
58774
53234
34666
96421
32966
59631
44752
22058
789
40858
25320
13593
14967
91768
89387
38810
18227
79838
86672
79922
76823
33851
19230
64623
81403
29584
3309
28308
46975
64624
81607
80770
76834
81258
71240
72020
27831
21230
33461
56767
50664
12544
95469
96601
615
39267
85198
79909
84380
38863
16749
79711
28127
12874
3519
24209
2491
39339
12594
24239
30256
15497
63774
55693
76254
36454
39534
29744
60491
16184
38409
59884
33306
44885
57384
16040
40494
67621
64696
6029
43554
72605
59780
4111
12617
22164
23536
71857
37856
96845
73186
98002
54211
9258
61192
28021
14679
66352
88603
56552
61737
14997
50087
16100
21778
63576
75428
21101
41599
6255
73851
24581
38430
38283
97155
2252
68581
51688
92621
29752
94213
84204
39213
17262
87313
77766
56629
4270
88761
44591
86008
52883
42108
57032
54545
44446
37969
65986
22214
87920
3153
43522
17827
49890
96354
25371
77678
44333
6176
89458
11205
79118
72749
13525
55751
57479
91312
3125
83568
68819
23344
8436
79406
47634
99461
74945
59680
55148
72397
63333
74788
81755
53513
78622
74565
35507
88366
85340
98200
15527
50745
14568
144
34520
83056
20090
40651
46652
27163
36903
24245
94182
85888
44049
86590
52708
61316
14642
38837
32479
5245
55890
92768
43878
34412
51508
41300
98020
79059
63850
53327
74783
14168
85580
92824
71660
81410
29
32232
94074
74769
29850
46207
16168
21154
81160
28420
94133
68264
45275
21599
14058
5870
46547
71234
34387
66993
82575
26198
35948
11707
91558
24131
74855
73579
80076
83341
45919
16392
31272
55915
82376
2807
46913
90342
9841
38310
92135
53636
18099
3648
93934
73836
93301
1698
58902
72234
36389
9323
51684
80407
18339
37270
34420
21643
97199
23019
643
66326
71609
29166
87207
67059
26347
13330
90245
40038
98312
57550
47069
9764
41946
52509
30290
42176
21941
95800
95946
67993
35841
71390
56043
76921
51062
73811
79229
18181
29173
55065
429
65638
2314
27076
29919
27042
73006
87841
15907
33993
92884
3225
8810
70451
77493
92092
13631
83734
50620
93435
80318
71725
34098
48332
50194
23844
52920
12886
17837
49816
34572
97242
84355
18649
21
44678
97524
27638
15565
560
43149
65217
98243
99180
30893
91206
83423
89397
99511
70503
16993
82196
75765
2177
42867
16901
428
75660
40366
48427
54585
93104
16014
93720
34977
40222
83015
19042
90099
73168
10721
54867
30204
36331
60421
95321
335
86813
68347
24715
95350
32864
24556
82400
14116
91737
64633
51898
70366
87125
17797
14221
21914
58460
59323
6270
60663
19236
48463
97217
4394
46419
45977
29696
57061
59555
79360
88777
34121
49904
93326
39493
48063
19464
29680
14236
21853
97573
19849
47784
6848
33184
71447
64834
29487
11430
12889
94226
7907
32
4474
72944
86679
34755
83129
1887
21693
68633
86843
77064
83843
88190
58464
13108
36858
48354
41081
26635
3227
31723
42449
44026
1900
805
94598
70335
90469
39048
90192
66699
34834
45214
18145
80998
37622
61874
52962
17114
83640
96793
99469
13641
27644
63714
86434
46471
1181
39347
797
43114
95528
69034
14878
40278
95749
34542
57063
20328
62338
74050
43546
34471
11976
1862
64134
21458
90302
78458
32084
19761
42155
49417
29590
82914
22783
38376
32207
76313
9863
70712
46874
93977
76941
78965
79570
93543
57702
90064
15059
2107
90013
48314
41525
35402
88593
63129
93979
39150
61962
28972
58590
65621
1010
5574
72902
22592
48283
25152
81349
97974
99211
13000
84346
35249
44646
9081
65858
38271
58526
22150
56088
75336
30474
37945
73212
30616
74494
49836
12848
22584
57289
62427
74525
33421
96518
603
39893
9317
20216
14327
16748
22781
91425
37699
66826
74896
35161
1250
72717
75410
3769
57232
1247
34233
16091
63325
89493
15317
43165
36871
12320
55597
60429
62037
96440
1279
21316
74502
22767
16947
78772
90969
69652
6100
97567
65784
85027
85832
1615
46702
99463
42814
3112
89413
69172
68189
20362
42126
95447
99595
90667
24671
71136
21069
38850
69511
73340
43672
69847
21868
10285
48990
6287
26116
73159
99261
72332
68598
37888
6943
57641
87738
91563
97225
46902
4450
13733
690
36852
43046
76382
58660
60696
73764
97368
23604
13943
66203
4190
18291
45010
54482
30624
15266
57392
7853
27416
53469
98052
82574
78372
29446
12224
11591
32723
10052
20498
3291
75102
83993
9512
51594
36367
31502
44769
39118
81296
87082
75830
99434
57893
68833
42241
16582
26372
81155
53484
51232
395
74288
25974
19977
43169
68330
92041
5768
10103
34078
35790
2205
31649
89617
86809
73188
50261
16839
70713
98578
53029
79628
76983
5994
29590
94444
61845
46002
39731
39168
7407
22092
53054
46657
78812
70347
50853
57669
69703
86816
39201
16188
83708
8201
13613
55102
86841
17317
93428
49758
50310
5540
33815
73377
40849
31569
3925
39940
51263
76903
53264
3603
3475
25359
40982
44099
36176
99145
13065
50610
45595
87177
55962
80237
42579
94400
75630
62018
65761
1893
98302
71423
11154
67062
2107
85252
81740
88089
93968
9473
25791
78941
40940
49855
65937
79855
11274
9928
39520
75903
80898
37650
66946
83465
44935
18338
44069
3545
2909
33390
17635
84913
77565
14016
89161
37806
76365
61260
23666
8157
28597
60741
26334
38125
13090
25619
54105
77276
12096
62703
70121
52985
35046
3171
15932
24361
59476
13958
46782
83963
21261
80809
40716
46628
6641
5425
43935
24735
58199
76454
6093
23676
42844
43288
62825
81192
72826
94610
85629
74590
11625
48097
99737
5794
86129
16030
12786
93596
21604
12483
67603
939
92354
99745
73151
8172
5943
80642
56865
67747
28308
24368
68189
1871
85858
29908
6151
43665
23509
72311
63369
59526
19189
32311
1966
25703
86794
92184
74383
16410
24067
18566
20235
61574
36227
62928
43855
71582
4629
19483
59387
76395
76323
36841
97741
10657
67819
20578
91757
58873
63863
22747
19175
93025
18110
9443
97664
21826
46891
14916
89799
83064
35628
40711
94869
16699
53360
12599
72062
60980
78005
95989
62752
9556
23314
82195
26910
61518
97133
84335
96872
69318
42240
501
52078
92406
51655
33684
74366
98764
97989
40452
47592
14751
27781
77401
84689
95316
45763
57240
63881
63503
70051
23917
68838
69811
2574
19530
37655
22099
78400
73579
65295
16005
78680
44507
43618
17776
65951
75116
45868
57555
9359
56180
77759
23493
72572
45025
34916
77200
34206
50973
92429
25022
21419
75728
11080
30349
22907
70431
46249
18638
31505
81440
51399
33618
58543
96805
45527
29133
78492
56683
64180
57976
88290
64293
72674
75146
3020
83963
66805
3957
86148
9601
92816
50913
34877
57318
2286
75069
85882
501
90909
96735
86587
61884
49833
66530
10944
1733
10980
59905
70243
58467
77566
17459
97373
81953
34854
86895
30258
51386
19560
74401
95908
53264
28487
52479
81055
16981
17385
52077
84048
36482
36141
98060
2268
59423
52815
20707
67429
81885
42217
86624
20814
58625
43111
12360
6593
509
70695
31135
42891
92415
76283
6240
11490
22328
69287
36323
38313
64520
15427
48616
84337
29743
496
58675
66653
59961
5654
18911
15975
60512
57768
37631
4508
87221
94033
62292
20085
40256
72357
15778
19176
18270
92686
40195
86502
97493
27647
24468
54719
23867
485
97654
44374
75605
36722
51685
23505
84333
69929
714
42324
37965
61356
19670
80576
58289
43923
50254
27489
25580
22171
21316
23269
76515
18502
84311
55416
25956
77625
95150
27721
99332
58840
50908
37840
47286
76012
38507
92742
82288
95280
58911
21439
16111
50085
42163
2403
23380
77457
12471
64918
81929
51117
70418
98994
33390
36788
4649
18875
97238
81174
90199
62120
97271
78039
71652
38089
89412
71805
66005
23882
43882
1000
83089
31705
72339
39966
5887
77599
73667
39431
42005
82804
14211
71902
82080
64480
42537
12253
61502
24929
12377
98378
54943
29009
55043
18137
81645
4809
38956
59327
69497
11014
68679
8270
92002
81132
39809
4107
30165
79441
79165
96089
74264
95147
70142
45130
87818
26079
62525
86237
95518
74223
90097
52935
43815
13610
11426
48839
68772
46636
39608
98438
99510
33759
77322
54056
95593
756
34163
52785
41993
40776
83731
45294
90262
53285
10476
38845
29431
33119
12536
15203
64952
60582
46938
17458
2371
29998
70368
30421
6365
32763
31482
2816
29656
12537
73190
45462
58016
32894
97211
50697
19722
67084
67847
34561
94691
54356
36371
65291
24547
20527
71211
63684
69726
60699
49553
80141
77091
51756
30968
56895
55964
89778
82662
98814
84850
22173
27948
32959
55821
65348
92482
42423
29740
72372
64754
647
7965
23051
16653
5421
97823
39222
48500
88035
84132
92204
14443
12823
48982
14664
3493
55105
1271
6135
4438
27849
55649
43939
702
18993
85501
34103
31090
83030
9383
4156
70645
18863
18726
90882
55063
18294
90477
80819
56953
98550
161
53016
87602
14886
60466
92329
25353
76627
81442
20476
59657
23161
9077
79103
91972
39075
13402
67703
30283
92648
23816
76174
71915
79817
31705
85211
36633
60195
79240
26919
63730
20484
30024
53531
52789
52165
76843
66413
38710
34600
43549
73898
37720
35247
65876
31045
54187
67409
88937
62563
94533
75844
54418
63654
69352
67313
80972
82524
82502
30005
95433
86477
32239
94533
31236
69985
66892
30123
29113
83237
55936
17386
68490
6101
39126
5221
56668
50740
16562
98298
52132
30222
12406
48452
75147
88625
31636
96149
38401
90382
76080
63140
47035
33210
80890
67599
53363
18986
77817
49279
59309
65423
30661
39944
23311
68503
12594
65231
70066
2196
73377
37726
2363
87783
52061
44156
17325
52276
11326
40349
14268
10944
70897
85021
44414
11154
97254
3719
81776
29677
21645
43629
79031
1933
76025
7458
88174
44575
10982
17097
51771
7432
98282
36203
58003
48369
41453
80653
3982
22318
9539
46990
39645
63765
21653
18961
48383
59544
52632
75182
24918
28262
91312
6256
25054
71127
5384
80103
14275
8424
3108
65147
33304
14928
19996
83001
29471
10534
42684
60243
99214
58337
42300
32752
76201
67364
17080
75922
4638
66945
60213
87506
16534
7662
18514
5770
88554
86482
98262
62236
85272
46769
72102
52368
91069
50450
48393
25832
32704
53085
82414
14600
87684
39067
48607
74005
96175
28329
82747
77002
22400
71157
1105
85666
31101
47649
1603
2542
17074
18769
48389
43852
36760
34204
75666
8806
24475
47579
13278
94307
86766
17220
91195
45149
58442
38463
70314
64574
51572
21788
57492
663
93245
8483
46607
13727
14579
21680
54813
4232
44873
89283
63108
46816
98061
59860
40828
20718
31247
68710
27894
4549
19109
29596
37438
91490
9729
81003
22578
44998
7524
80790
86216
74447
67156
21123
80765
57421
14166
45032
77037
29748
41982
74818
18709
74532
40664
58615
1286
3868
51331
21417
36943
91450
46577
73829
22495
20842
92442
71870
21979
88514
5517
26511
81117
79753
16455
58774
15769
29760
76287
62507
54886
49920
25200
98475
20615
16253
82263
78217
95038
34420
14581
46743
74580
1842
10214
58841
50296
55377
50873
62960
85868
77924
28308
74061
39716
93673
30548
26889
76987
59920
80496
39964
1325
62919
33003
26195
12298
72201
64945
26650
58307
13491
21255
49848
2125
53127
66046
44782
8900
12113
10800
90685
97017
33102
84349
65900
28907
63533
37922
66136
66682
71123
13419
83716
79169
28548
40092
25932
98794
3233
65880
83546
35399
57273
11997
16753
88726
64725
70600
10430
52994
59100
9377
7457
51565
55661
5421
39435
11363
17349
77322
85519
91555
87857
33653
39949
92015
907
76559
10827
53564
93972
19000
39573
12921
82895
12108
69589
90226
993
37419
44877
61616
60167
63640
80909
70066
22586
22629
826
53701
59929
3831
65974
9427
28698
91144
46559
43795
99147
88642
92206
94815
80115
42550
28590
78732
20664
49055
79401
52734
77539
60315
27400
68955
96222
79798
94167
70232
63353
44223
71349
10651
11904
50183
84774
94583
26687
16322
67855
72782
5365
60655
41483
57660
18770
37834
15642
56301
94187
99442
17190
14516
94031
29496
67357
85406
39426
19835
77284
41498
46413
35616
85074
10166
7328
20432
50937
60533
96971
90811
69751
51421
49568
71213
37138
6244
71170
53977
40813
78679
3817
26398
77509
47736
1584
11156
42348
99409
91914
74962
33623
53347
17150
33501
50408
44950
60376
62922
72117
78172
23678
8496
81322
80536
18188
78634
29584
79659
123
99815
35190
83493
49177
62938
68221
47453
45290
52426
27583
92023
61315
45568
72531
14169
70316
57344
16403
71708
48232
98954
46876
66677
71574
36772
37268
68014
54781
24869
81713
42312
80924
10796
30372
49371
93147
56165
33668
68223
81879
28175
58248
42082
16265
34410
1800
2717
22655
45041
12414
18523
29014
1010
74088
35170
56059
99556
55104
58355
11653
88223
71385
95476
36221
38327
10718
29318
17617
94890
12394
5741
9880
61986
29898
54027
95332
65561
31268
2144
96665
34566
50284
72750
98539
75246
66963
1908
97726
18880
81496
62478
19366
6057
98963
5997
65162
43153
63232
86617
80780
20834
57635
95880
99799
97508
66971
37482
32128
44719
10043
58602
18963
42361
23559
23333
45249
61719
56308
3694
68264
29635
66975
82015
18603
3892
57668
71125
21507
70638
46147
95174
85801
33352
78587
2536
88010
36296
92254
16010
62775
4522
93731
56467
24968
88799
22831
42949
9441
19574
37843
54679
41615
71740
20784
72306
33936
24086
94848
75552
52343
87145
60025
59060
79817
33740
98204
16198
47956
29234
22146
6900
12787
57249
43829
73635
28938
14729
41839
74612
41407
91707
11316
18936
87956
3133
73503
1152
68288
4733
69309
24039
87512
87030
93808
65327
80356
8825
28587
42451
32099
76994
72604
78260
50174
7871
53059
47529
56131
21938
64409
34522
22393
44414
23766
73104
82817
99013
55327
34691
90370
39229
31735
49783
50801
13692
87545
62869
87409
81063
86857
85238
91006
30279
23691
7291
62247
89707
55080
19080
73155
58825
53601
81454
91812
13337
45909
43811
29005
18217
35859
5233
39826
8784
68605
29648
96413
22978
94731
46117
32872
12324
11292
5479
16694
97334
74239
39650
62420
44294
71624
17612
24574
71179
90290
45647
96130
90420
55288
7917
24659
9606
11759
19277
56758
22533
72167
27347
51376
44206
51618
11715
3921
38174
75042
54061
34666
85341
22521
63496
2988
2481
40738
86667
10784
47838
50134
93592
44990
83100
40423
60952
47213
68444
97640
15683
71818
51931
56351
58989
56163
61330
11951
17215
84553
49753
57642
80255
71103
10579
4226
94910
75683
11425
55917
66455
67989
62381
45902
22547
41316
43802
35285
70406
26883
86518
60140
55653
10384
43055
26172
69420
65674
5084
96513
75675
31648
6982
90426
90054
60970
64647
72908
30222
33750
8560
72438
56684
42857
99397
43061
765
49969
66755
50679
15864
79232
94424
21215
61050
11922
28904
2034
79049
1923
40105
88000
72258
19010
51569
17662
8987
50427
71433
46613
30091
90310
16094
480
31296
47944
59016
27215
37701
57610
30944
80097
13430
53375
48060
47440
65733
35833
87211
33489
29775
74314
6385
79527
46148
27095
42615
86805
94104
61963
97812
7730
53485
31113
97284
95946
85287
69350
32411
51607
97648
79067
10886
35420
17857
46952
74988
14836
47834
52641
46543
16539
79981
37852
89677
20582
52004
12506
81018
90289
71141
14822
54239
50845
87904
29165
1276
71415
78746
21228
61353
23926
97914
95276
9154
59913
3
58480
47286
56227
96324
45787
89127
75229
96759
41695
50604
47978
4746
65658
75388
2646
35678
54448
40967
70415
28721
12480
13002
68573
64633
73537
42120
15418
11606
50683
6532
54782
72480
48855
97660
17529
15049
78983
24711
61002
2897
27401
6371
73466
24369
97486
2329
58309
18429
82024
28486
4502
19916
3007
10986
73852
16214
75124
87059
6614
95079
11867
83860
45920
95823
53759
83658
17698
78257
82780
74702
70161
50837
38750
90196
46025
5060
8626
8274
82826
62087
68633
1218
82676
19892
99603
56485
51945
80239
55652
95204
80880
53944
51142
40185
26716
39723
52458
9996
52170
67629
95812
80838
52836
18783
89665
39595
51138
24280
73075
71729
73396
22469
59259
22185
4167
21745
2288
3075
40356
25925
39656
39606
6716
90654
61187
13022
40876
45974
55342
31
57171
60093
71269
89888
32076
31330
5308
59721
22058
59796
31210
88809
91772
3354
69103
48899
95310
77003
18360
95589
85978
30559
7124
9703
86780
64108
36481
67571
41299
45069
42007
91917
7895
17704
33093
27206
32310
98092
55803
45967
73166
62306
42154
75093
47411
38041
45311
97814
14307
37739
81656
20255
50723
92877
49848
76123
52897
85808
99221
27834
95178
18665
96610
49625
41185
40779
98785
99507
46834
73303
82820
93431
59427
32376
68466
76185
73741
13398
67704
18635
73650
40454
41455
82792
83857
48609
14258
57531
17055
13680
28915
45844
5491
28790
61949
55179
37671
19874
40561
54705
1835
98394
58042
89185
11880
84119
75832
24910
94088
89761
98686
32903
36952
73409
89317
3096
55552
25584
78657
3208
42822
14167
2588
14921
23558
52453
58915
25570
28870
509
48182
38032
33073
51987
77898
94016
47853
67266
41237
73742
50291
70732
54988
23925
47171
44263
49924
68640
26784
50236
30377
34120
62943
57893
37207
35600
81533
19711
30260
69120
18034
93385
21571
41727
4891
42628
93052
84488
32651
20014
45917
27636
31367
71399
33914
5835
59348
25327
9076
62719
25916
71539
125
51181
67107
88214
24908
38804
56983
51033
69621
15540
4606
29044
2747
96287
7495
97134
319
66716
87677
39795
57206
37568
58660
81321
99518
53782
43076
29188
87917
11152
56950
13898
39307
9602
71619
88562
51199
47013
10871
36548
96684
49628
34078
86888
43414
74435
18851
96808
69766
96926
73412
91506
92594
45798
30448
38758
74841
69245
78171
99051
10759
81734
35350
74408
41983
92837
325
30206
89682
72106
94401
39803
49910
31321
74235
35022
34220
23562
46191
40724
77156
8701
18166
78691
62714
28957
15874
70258
32360
46635
69107
81769
95360
44115
33513
1039
19691
34363
85880
36122
2695
15442
10434
39173
42055
8783
54879
20447
98824
28352
16257
9109
79956
91795
4289
95180
72809
39065
8346
32403
28009
76819
83722
96160
36981
47190
4517
48418
94087
18376
17486
47620
69252
69827
18068
2921
93803
19074
30833
82214
14225
61137
45605
84390
61150
21990
99599
73271
57882
21689
69597
56992
91644
48881
42263
93546
3115
28207
31739
97042
61811
17766
14682
61656
10060
14890
86233
7586
59611
35927
15706
19425
13846
43312
51001
14625
65382
45427
5857
42747
2525
26297
79840
94992
78335
90902
51444
84718
31510
48775
30562
63279
74095
95906
71055
74302
77441
24723
48701
86425
14484
81360
52568
11210
6139
16415
33435
30163
33588
15189
20262
48055
88827
84552
79125
56673
76535
66240
53143
65333
24518
46628
5467
40518
76691
96545
34229
80988
77700
95605
92887
18318
71824
85301
44121
87996
96192
32809
3927
2748
92561
84179
95925
56960
77806
66700
30058
56479
83130
1073
64005
24566
78145
38967
72766
98510
64599
45778
86739
98691
32124
77988
80360
34255
3572
27907
1777
15851
11353
67018
38426
35405
48172
915
29333
98714
37993
90145
49311
45703
5081
40967
82384
14003
22904
87615
90441
95221
63123
59797
79279
42444
67141
44289
55361
47347
93157
69901
13667
85508
66133
72235
7773
9443
34235
8385
9519
38918
15076
42879
42224
30112
2252
45040
61485
58741
27569
37486
24449
52621
31827
86607
37462
43543
9438
59203
75828
203
25302
43189
28985
44344
51722
98673
19494
79873
23410
13201
83745
93295
93511
99071
32252
78698
7787
53870
98453
10810
44030
91320
82404
60839
25591
95265
28563
88340
96133
60813
92373
18715
80968
3510
77654
89569
87060
37175
22881
58228
14838
48511
42493
92000
15491
76147
24569
85694
7150
61153
35521
81211
6641
78376
93617
37075
12173
28183
24529
8028
29373
75986
37158
50945
44290
52555
34484
49630
90271
41859
23868
42475
71481
50238
46621
33516
82422
97765
24983
5004
8578
13120
22860
50849
77528
82544
20401
68083
49648
22897
44487
58991
12192
49496
88677
35118
32334
62731
18432
28463
46575
87110
5889
64558
20755
75609
39135
29339
98935
91475
80004
46895
88925
25174
52009
11374
46898
59227
96483
47259
75359
282
96685
70106
74092
25000
45866
83140
35977
26716
91409
92822
46609
18816
63371
69764
22334
12689
90322
74538
21494
44206
2763
37034
77214
10125
96976
34083
16611
91908
21276
75085
27981
16966
92453
48457
83254
50192
97192
8815
57091
60350
66449
34473
82821
2232
42565
98711
43663
27761
94467
49007
25015
80091
68626
8864
36981
23957
25692
27100
8131
17141
88799
28522
81105
94486
22017
92122
22676
98862
73548
48809
16233
43112
43418
82794
77090
12849
28658
1566
37290
73858
1208
81801
28485
23836
24262
72634
44443
64912
28989
12609
43911
7073
28931
26708
5090
58961
55223
15788
12973
56459
10401
92030
8577
9786
4111
69709
436
1985
59558
19299
15612
97712
91541
87449
57130
5904
85072
50303
6031
79218
1826
95349
63539
45376
95737
31616
98244
83696
91268
54435
69654
89662
87083
8709
77478
42521
5665
78552
9419
48615
52168
46994
60525
55416
33093
44875
46170
3683
37838
96412
12738
11003
27294
51443
91153
41201
23491
73868
61765
56098
38811
8926
41872
64047
86565
95054
74430
73607
33781
83916
79722
64712
37019
24667
14221
28426
74277
20663
59327
93201
4677
75112
53069
75381
81476
47981
75953
81662
22752
51697
97524
9980
79151
10475
44287
36782
92747
54752
20542
95959
37835
80154
40265
28442
99931
63007
31600
70439
45285
1122
61670
57558
9452
81560
51187
89610
60504
8664
98287
43089
38946
27494
32827
81919
91368
23059
34229
1688
1963
79012
94737
34222
26844
91249
52904
7300
8536
84038
80254
27041
8128
690
54916
69254
62299
6997
15993
34714
44695
21303
83343
36819
11347
49649
15646
49065
84393
13495
10725
41600
32972
98332
87346
89157
96641
45564
53683
19724
61057
76423
50972
68495
92210
70223
77594
69456
60352
30068
97848
86797
59251
84307
24680
59486
73161
81270
52036
94122
90575
90863
63337
16554
39467
47204
67407
71671
13643
26705
51550
76888
12924
49689
73691
99539
38462
84693
77918
60965
36516
60546
48971
52735
76342
60249
30958
87019
7225
10029
25662
19475
50683
23409
82369
98055
67366
3859
17053
87597
3655
46357
79292
62521
57521
7826
71635
94755
63350
49688
46517
35377
42929
68066
91307
56345
88135
10663
45080
66595
60563
561
8741
3136
71189
40591
11613
57386
21673
31822
16916
62526
3982
49560
28793
43706
72982
77145
84438
75035
29248
37858
23187
4104
88442
29490
36250
52142
5082
27323
93684
77665
32300
4280
592
2999
56051
67676
89944
2645
72695
55543
49714
84389
31160
97107
73512
59054
27366
35549
10653
49792
94885
86097
56813
30488
70906
90858
76245
94761
68465
66230
70846
51671
30467
71560
19381
70064
58387
98157
89897
51200
24361
6012
36181
30452
93648
35221
97721
314
15668
21299
40312
71731
69486
65888
2338
1356
76832
12648
12989
53933
39790
24629
49523
64024
61219
38444
27168
47848
29697
27178
60211
12724
25911
11980
90988
30039
10285
6551
95585
13011
20883
39928
30462
32597
89981
27129
51141
69504
18297
83167
79848
72340
47467
18616
71048
76898
82652
14518
25709
96220
6155
11732
35608
26511
75022
19120
30625
25679
54494
35610
62430
36362
89344
90988
77692
73727
92233
80193
85995
51761
42376
72788
99005
51086
11137
50137
23978
41462
54615
2464
40799
4633
96558
76602
29456
19394
70931
58963
62560
84008
73507
23811
70608
19423
86015
1355
62479
59321
45275
9654
925
23496
4498
84188
20475
92859
50695
98783
50161
78149
14128
272
69328
5932
77799
66651
73648
83494
16846
25110
72366
50752
62713
60951
88212
15539
15668
13067
58831
53166
83829
47335
60465
85463
95953
95936
81365
1295
97526
19778
45094
27971
63437
40018
39483
90221
78564
13288
33969
21168
72668
72120
24853
29788
20236
4038
21750
95433
71617
49315
91951
34098
32665
72419
34724
77864
78230
62829
61779
50857
30713
94896
57050
19060
27689
73621
74086
48370
74449
95110
31036
81421
17767
98430
89951
78168
39857
94723
68509
81451
4943
26667
49351
97883
78629
61116
93648
60210
57085
67916
28403
31544
5638
51942
60298
21611
46700
82718
73575
60984
92575
32480
87746
22228
37304
47461
10923
51905
14999
28914
56360
38326
96032
17238
28137
75217
42049
31114
78537
96875
79499
23491
8326
84946
74839
19616
594
4593
21671
78777
8235
69496
65852
45129
82993
97927
86688
34732
34794
11897
21249
25750
5567
15599
74938
50109
119
2325
82570
79578
28475
6711
66019
43073
80663
35039
49396
19938
24294
10756
53758
55525
58476
33978
49636
78763
90791
40714
28173
77188
3994
15239
64671
60118
71068
34517
51301
49729
92861
50489
92945
4600
64767
31645
58209
80164
71991
90152
6053
18229
25833
16456
79369
22053
91365
88071
21474
12541
29819
18309
6729
51716
25960
58739
9380
32453
64158
21234
57143
17128
84327
95811
95693
15926
64378
74600
8375
99108
4471
89788
57421
66974
30834
95267
90521
10291
25032
60727
87464
25270
35940
22180
74505
61536
99508
89518
37809
84108
38022
10221
41768
3017
94743
53775
35256
31871
71812
71006
73612
37171
28198
91487
65366
84849
28561
26104
22676
91383
61263
7489
57165
4641
22167
33416
8520
35719
361
76643
99504
11040
13917
46959
17257
19457
19358
51235
93624
65298
19745
58786
78047
54208
19699
36086
18434
63668
61409
89700
74953
90012
85485
71494
54454
34947
66649
70198
96965
75381
11271
84553
85268
11218
33985
45102
63834
55591
20820
30036
84919
90260
64489
79103
67035
37963
34224
52003
85193
88160
45305
13359
70601
16706
68725
40565
22312
58075
88829
53122
2435
23982
6496
65480
7355
65054
14414
21008
97882
83451
29655
43435
77495
13095
39682
91588
7607
55397
16143
82429
23446
46323
79855
46273
74742
4776
13205
72026
7978
57928
34671
62481
1125
87546
15339
30488
41108
25524
29867
44777
73797
73374
5865
83055
72845
95712
92840
74263
67831
24723
6139
52916
9632
96214
47322
34512
84819
43305
55182
94234
56662
34468
28495
39661
93294
22762
46499
116
37707
19135
39782
76436
20875
34084
58961
51817
17268
36690
93581
48086
45402
822
34181
44627
55260
16764
65262
29700
34496
97007
4329
89209
52150
12566
78295
29136
77629
71516
11259
87363
72877
12161
823
74964
2423
9645
37342
42924
51246
99085
73967
51089
23857
73183
82662
64260
73426
61163
83002
54249
21560
57042
88034
36243
88126
27379
5286
60208
63652
19156
75537
13198
44129
91738
79218
24472
34007
6595
86816
26545
62837
68840
89817
71720
45449
55243
64417
857
95285
65689
78147
79488
7474
3554
68865
92294
65236
87547
57188
55345
17402
58395
20348
89691
59553
3734
2795
60238
87319
85125
3336
65261
89811
35411
41788
95365
74086
2358
1583
95508
85419
40563
59715
94574
38240
28663
40676
81756
76083
23465
66426
59009
89742
31480
89990
31099
81462
59913
11699
33310
50388
86282
3623
34851
50739
93154
12877
70274
76755
76177
47286
43132
77714
91216
4832
12348
85524
89353
51480
82266
61772
64923
35672
18942
13978
95546
16001
22878
80181
23107
37225
13552
89821
2428
97655
9795
17852
29943
48850
95674
3156
43740
56226
6075
33332
21147
14650
25579
37800
59678
31454
97955
80746
39965
47530
40069
70767
53812
98430
12812
11044
74788
68750
74838
94483
70718
47095
32833
26643
58018
63724
70751
72382
37203
55889
34787
47291
88265
67104
2959
72031
20623
2505
32702
78386
46749
65211
67918
74574
36761
92124
73736
66862
60866
41299
78349
88334
51948
87187
19728
31246
26472
23505
56814
67403
55894
49478
16599
23742
70651
66407
84814
51342
91421
88990
35350
25165
2351
59374
97430
37955
71150
29035
52221
28369
98751
73806
84824
44417
96888
89987
92877
93197
50505
29476
23559
5244
95995
80399
20147
93520
32968
24382
4595
77157
23583
2234
75129
78407
89838
37513
86733
31951
39986
77074
2520
83972
53672
95186
40026
90483
66544
47849
32854
4521
47037
60623
20904
68048
13959
36339
86039
58138
91395
13317
49516
74358
2202
64827
80565
94371
33339
75524
46411
32196
29277
575
53994
93880
57739
27468
18214
67096
37618
36081
42403
80922
17778
54556
72965
38574
92336
43179
69843
24510
57964
37707
10697
18504
96508
62770
63406
75467
28090
32969
75673
42011
56234
16749
25033
33588
3468
17838
26123
84597
44992
67806
82255
62053
52246
64237
55502
23146
94288
80822
85030
69002
78783
51698
90192
15774
3488
47345
62537
32410
83389
93705
12616
33334
68084
37511
36178
63135
7727
77556
49152
9209
36004
64976
68971
44449
96152
64069
50133
79884
32368
86872
64472
74251
25291
59446
26043
60451
10293
75488
65345
84004
29713
61389
13972
60018
83688
13532
52040
19519
54099
27113
41086
71476
10957
6730
23171
71738
86304
66253
75913
79178
52284
53552
97796
67423
7974
49430
67430
56683
74278
74992
8697
93842
45931
18690
56676
52302
7715
4714
90808
30629
36049
59867
5872
82742
83338
45300
123
65985
57512
1670
2531
32433
44088
62602
13754
25889
98436
33236
47441
79771
22855
58730
64866
46558
59594
17964
8813
29954
26070
49625
22493
47941
8092
51084
71848
15697
29735
26647
62147
94742
81609
47795
36246
64112
58529
82617
63510
34430
63036
98
80793
30945
3605
77110
61658
2031
77914
27921
79763
31000
77153
7853
41964
59839
75644
54477
8
1300
94889
86727
32694
71073
61577
98254
61708
54706
31186
98369
22338
83938
74662
66358
75502
46983
84816
48961
56655
89632
92790
99968
23913
98305
82933
83051
41991
25361
76965
17409
35000
23100
83640
25383
93995
83393
27393
4502
92271
53620
3063
9034
22588
18881
31262
97214
72687
47235
36900
51892
62137
73646
73787
38030
43656
55738
86442
64872
8878
21226
28167
4081
6818
24503
23474
11448
53600
2312
39747
79941
84195
74910
47304
39306
29584
29621
71079
3293
50428
25608
86345
87404
94190
93383
69227
99268
24388
42104
57300
21520
48258
52386
4518
95920
915
76913
10659
53616
84236
8293
21035
245
52149
11951
11894
65537
35394
17630
88236
9047
55224
34949
61553
99748
75049
30126
53323
93876
48589
26547
3681
84461
88693
15159
73754
70164
82609
54166
1695
16563
27290
27595
78486
13269
57370
82639
72583
83190
22711
45448
21514
42668
25382
60883
87253
31271
57737
98114
47204
69355
70862
91284
39702
81076
35195
42383
60811
20670
73480
10367
29776
95200
22572
27091
69547
84288
31880
90870
18080
3377
29125
47538
25356
31774
63458
24475
39460
72994
95602
99330
58456
29271
7376
68542
84381
23086
76965
13664
83663
15426
11029
82636
41111
97728
30901
71502
17875
21377
10600
67175
75955
31827
98774
81582
2281
38576
57013
32466
64186
32399
7006
80981
37158
3894
37440
29332
94948
54948
31423
92477
85970
38953
14700
93081
48076
42109
97951
95318
65593
47389
20188
25406
27203
67829
16228
15292
68933
41986
21695
5185
38202
78691
41729
63865
27952
85891
32110
21821
46030
89065
623
528
80906
34899
22311
66903
14187
84080
52041
70011
26849
95670
8966
72808
92591
40990
67067
31920
59839
94482
77626
41630
38906
13461
50757
30005
40013
93686
63499
96616
72013
47125
63654
65889
73375
24383
74542
43699
87149
72060
27823
40386
97784
59546
17508
17410
47604
82228
51363
77154
96544
34184
43548
21204
85994
74555
7170
9149
82318
83654
11634
39415
50259
19098
1381
91914
19388
71473
42887
65836
97515
60224
12825
10555
82658
63665
30053
99146
31086
69809
62722
17313
80195
23860
62047
32648
16878
65361
74534
35796
25132
62621
89683
90527
23427
12816
74770
25763
49753
15463
36021
41143
45
44374
4323
34864
10499
76110
12429
42296
24547
36742
70465
43711
19745
13234
30054
26420
73531
52609
53410
13281
54401
17757
26979
38080
83494
97361
32636
61040
6002
81092
73712
41886
87506
26938
48756
62825
86333
84583
36653
69274
93870
63496
66491
69798
92576
17077
22851
89573
63369
62820
84913
26036
17032
6519
62236
46495
9635
54255
96403
99195
94924
32506
81000
97342
64771
57012
50122
54781
8386
89395
9240
66096
16709
17341
51488
36087
76585
49237
36358
35125
77649
33417
18177
94509
4065
85214
7623
3590
22026
13860
10993
96483
74384
34597
5299
23101
32952
61540
49470
18267
443
45382
94903
34332
65300
86752
5108
39559
11513
21819
10646
97741
68974
28982
34171
71796
79382
34883
87306
60715
11527
47219
13742
78312
85616
52194
92927
71522
16520
56035
17530
91888
93298
16549
53602
78239
29728
26005
95906
85130
83818
36023
39050
90499
52172
20343
43138
58194
16445
74559
7926
23372
40074
10028
31773
85966
59971
13485
49311
42548
61909
57593
90083
27074
87027
75214
50924
70937
32163
29157
65896
12052
10744
95722
19720
41204
97662
30719
23453
98619
50608
54606
59549
59488
10487
6107
21833
49835
63379
88365
12598
45466
87050
6927
39103
83122
59671
62552
27140
14575
78174
48520
96475
45563
79827
30858
67556
22408
28416
5067
11002
56593
25859
28862
13531
57592
56748
66993
94383
60228
36742
27038
38863
52409
93892
41454
11644
86248
75042
81234
30378
70089
85114
51283
64810
91542
71476
56618
6402
85897
45252
3752
89717
9393
93002
53541
84888
64
44333
22488
65054
36400
46233
67763
78519
40986
19586
50856
56177
48487
16045
13982
53870
57572
39125
41274
85224
33314
24368
6364
82303
93895
27181
26425
32342
99133
26977
20024
64408
17093
76772
87349
10787
86743
22337
90703
3328
51451
20692
10699
354
64128
43762
19661
63526
2869
39479
97533
5341
67000
86888
12947
64202
41139
58586
96100
34363
47049
28677
58143
88458
26029
36086
66900
12520
91514
15882
61902
66628
39645
96068
36987
64742
79175
92772
8066
87242
29616
34357
18952
8682
40462
70799
45522
69568
59277
59533
84007
8043
1965
40662
45784
56202
28999
16742
33478
75613
23919
96919
4202
47844
27461
85410
94773
29492
12223
14460
59627
29634
67533
98493
40844
80839
13977
79769
17649
64606
33056
96931
22908
84673
74215
20794
43331
34284
85649
35444
30987
95091
35295
8449
84107
29473
65708
87852
44112
21482
22713
60649
98597
18873
55099
1293
6342
45174
88106
68304
23815
40967
47852
49013
46746
15093
46902
31153
45871
5932
31634
92092
99978
27611
27487
37765
33516
76776
93540
73467
85320
82140
72647
38043
227
10051
32968
68737
32957
30379
25212
29310
77342
50535
62165
53341
35831
42900
97648
96092
9980
82425
6908
2459
41950
90344
6212
93951
33141
40697
5395
58303
48494
14835
5872
84586
92032
92187
25572
86629
1565
19025
54252
35137
82640
56481
64076
97957
95225
52062
12528
13210
46288
71631
70791
1139
61809
3611
31124
67649
36061
51690
13249
12925
57732
65554
97790
31492
75570
61843
38918
20680
65678
36920
30519
65309
25250
77869
86051
67320
12336
20851
35888
8818
32607
1186
15705
78693
91631
37857
20285
19182
48787
39635
61276
18627
51628
3693
30594
39219
65440
41079
58537
52767
67745
82536
26986
45532
52980
75535
91683
56053
33739
51445
55514
58663
41532
68831
93014
55957
28341
76061
6736
95492
6530
71064
67127
31665
98176
47590
5279
32423
58711
5369
89498
58248
67222
47435
60070
14944
80909
12482
16431
64260
5188
62884
4989
74386
81147
16278
76895
7726
36798
31830
71440
37311
81839
56090
81688
11207
98647
41717
4155
33986
25921
48988
59977
58285
15440
22100
55990
66661
49475
22556
90183
88199
81881
29858
84196
44027
51572
59501
54300
71840
3951
76616
37443
56648
7396
87564
21073
36090
34961
29317
35214
75519
49594
73602
75455
26052
55662
66471
9877
40065
23393
29654
96911
22247
55750
12642
49160
69108
89663
87340
27413
43947
800
32420
78118
27903
8501
62450
72762
5357
25570
7701
44474
98584
51570
62386
82264
67094
49371
66239
51541
99515
28779
22761
42597
44755
487
14710
92462
43962
4455
18960
21041
73327
46230
11032
93995
57921
31614
70290
51128
10914
11866
84869
19585
73608
49307
17808
23488
91348
87615
73514
96677
28916
29615
17604
65282
4380
21876
38273
79344
63684
42812
4804
4528
27062
73907
7807
69029
97755
29456
59904
87965
36520
91172
9203
80600
14490
50805
70165
67988
70176
34436
38090
16902
69399
26561
75994
24855
87484
50470
22772
79985
54595
41092
93402
31697
57178
13906
71008
8567
44776
97543
99585
70636
36046
41626
89258
90322
38206
85682
92839
63562
76975
81468
17782
58144
25933
38943
44373
56325
16044
66707
52187
11194
5135
12931
24361
5875
18093
30905
37553
78118
38383
2854
56797
49354
79902
39023
43536
7073
81758
54572
20965
58754
13940
4033
13689
50176
1796
66768
10032
50437
53940
59822
98007
64587
43007
41812
64966
45012
32934
48889
68759
86188
63441
13022
5487
82430
51579
77514
46560
26588
15685
44626
74449
64993
45496
36682
11649
69339
50670
61819
3322
48418
44989
15151
3231
75055
34137
30870
15526
7812
98630
31348
75197
51017
28810
41430
65150
42196
45405
9731
39134
4362
97182
68909
21647
8769
58056
22237
67823
9042
24712
2233
89424
33338
52502
8695
64720
43559
45060
82622
92370
63287
67537
46288
43345
5156
84854
95916
29918
90273
37728
80830
11633
15971
22694
6821
88410
26404
97887
98205
4414
22151
21558
83859
58597
42852
6399
45045
20387
3898
22015
69138
54476
66160
69278
81963
21950
23085
78250
37685
90525
49180
6508
30030
70687
25483
12707
40492
75285
31391
9778
92976
86622
37860
94177
82108
68532
67243
79483
59105
23823
90843
48119
42456
54037
28200
97128
57514
71568
77587
19492
30702
21832
35065
87481
19130
93048
16500
70783
96071
85007
88752
4849
65235
44258
33756
94285
10355
31916
37763
38285
48441
68907
94234
2131
85552
60997
7419
36579
50565
80643
25329
49773
58296
84813
68168
14163
76560
87080
33289
33130
38280
42420
67922
74620
10825
51326
32537
49687
44123
36683
72086
70050
18055
29477
1874
17925
1020
14444
1168
11492
13021
8568
45694
93221
25419
95094
42307
24848
28821
95847
43563
32624
48962
44454
92856
6130
68402
52227
38523
80397
3939
40588
30969
20714
9805
90160
397
71199
15566
2221
21134
49388
66698
85329
21968
21445
42374
20741
18478
84242
2755
52579
66646
25376
45009
29666
42093
48113
54778
92649
7718
57078
7503
86288
54382
87106
40224
65151
15667
19541
88580
46609
27905
53826
38
28273
16613
26763
2826
41825
57822
5399
68714
48793
62629
93351
97955
25509
52786
74467
25051
62277
81362
55723
73693
33892
29043
54372
44415
42758
72103
89403
58154
46066
74774
2688
56788
85182
40885
98477
97179
63048
2346
99882
29298
72748
39932
84858
96828
53545
1004
58121
25162
13849
58946
73929
38981
85502
9296
21587
26324
73093
96967
38758
26347
63800
753
23430
15968
26353
81409
63666
61605
56577
96753
12687
7872
78166
12636
45683
61790
19979
53802
82766
63857
8330
39512
63167
47886
58342
20125
86571
48223
28198
12341
41740
70612
756
21114
89806
78441
44728
16376
46376
20842
76447
34140
49252
78538
78551
22923
64187
50657
49206
96771
72902
32162
24537
50465
57875
554
65521
63753
52368
8503
79381
84677
12803
77806
19059
84037
68409
66370
99218
31993
20411
22622
5033
43186
97273
71983
8747
34227
95700
42408
3577
37305
57825
33552
85546
8158
59792
15568
38223
83915
84229
10454
59591
24249
70268
38675
4590
88632
48105
33695
68031
34011
61988
88849
96975
52815
45405
16218
14026
9667
83008
88700
4035
82873
83229
54380
37881
31690
38134
4482
70863
86583
5558
29901
33843
32702
24069
97988
28874
10318
1523
79381
74785
77525
71100
64332
7844
80316
45083
18599
32496
82329
84318
92112
64053
56846
79749
34588
84390
2132
36384
90169
67576
91499
39954
11231
73936
8054
50823
87599
44088
76072
96808
1697
70180
14795
58257
53854
82699
10158
16433
1049
56997
41015
10426
61056
81398
97437
36238
16658
66931
56002
39086
89295
4513
80565
47589
68708
88808
64976
14417
77386
16603
98178
58330
80539
43965
16149
93160
59371
3235
95640
18074
27125
50592
77126
99192
52688
54118
95131
77828
35230
2663
81760
2235
12934
2102
88634
71476
54022
23781
99027
42730
29049
8290
31872
50737
37105
44990
43266
40343
8340
42471
45081
4810
94400
53024
24684
5226
48413
81029
75000
23445
49320
17073
25165
30659
82166
32623
37177
14909
65012
44572
50940
61992
14695
16856
25880
59513
46743
33196
19472
18681
15832
9578
71261
72030
27981
15294
40784
70096
2194
94010
85960
81651
11649
13069
2485
28076
59664
30863
73300
39235
78716
96348
42582
27502
6979
77976
67187
82234
53189
54776
18622
19250
30798
31845
50852
88753
26777
84079
29015
26339
61548
13527
82738
84686
15081
58774
49853
229
10138
95947
20274
53099
33738
87341
87079
23005
47887
93463
13831
81
93555
14418
94637
61585
77049
23487
27964
83432
23948
51566
57915
21375
70290
10019
72963
80506
28945
28204
21489
91673
90541
64459
82777
62275
63877
96944
74156
30702
48663
71039
43877
45660
15745
84645
3237
78699
62684
63685
96285
20428
97720
60969
99034
86011
86143
956
28651
31342
8083
30013
84880
95762
83072
38167
70266
82262
96236
28522
66501
56988
25762
79096
23072
62561
75972
17844
56477
85278
30794
93744
6343
22596
23985
55838
29639
3261
49269
73784
33652
64951
91729
96738
70244
20749
86410
27351
44376
43706
62115
37009
13482
42449
83528
27029
67000
30816
1756
58730
24717
35621
87793
1443
55490
81508
61156
97536
91435
2831
54261
74203
93477
26919
77202
29090
43586
47681
64046
3103
26648
53352
2669
30562
49875
23041
17227
22025
68618
907
76667
31007
85875
27272
23728
41267
86825
48324
25667
93695
59260
2724
96988
10895
62599
76833
21513
5441
76033
95286
74924
86860
50403
74540
97044
69693
61218
34508
89857
710
82658
71280
57903
24659
9800
88182
52417
72882
27186
64812
37165
64418
88272
35703
41135
14189
6635
55852
14486
95896
36980
90156
57520
25546
66073
94557
47830
44993
48004
71752
36076
36463
52981
88402
10253
22260
85760
1114
23625
41098
881
18119
60654
98681
83702
64609
69549
4849
54503
51855
10368
96145
97082
47934
96553
91313
34748
10342
57996
41195
19953
13027
70373
47155
29425
74709
86030
3245
20208
57725
24556
16789
93348
49758
27564
42241
75378
37690
72294
83201
509
30075
29912
75357
90602
57256
33847
29902
97576
75258
85276
25735
11379
60336
72645
34618
32233
65029
4439
91598
5203
70438
65625
24056
39272
32749
3575
94263
54231
30311
72764
35350
23208
58449
92964
72180
19407
84441
598
34609
35052
69
82611
54202
10004
63146
20781
67226
78665
56117
15264
86364
96482
72261
67245
74717
34622
67015
26235
49605
41015
73713
87591
32324
9827
26798
69931
53339
68459
85689
52852
33960
81087
25592
71050
84328
10082
81902
24795
13176
17284
70097
43744
88134
11604
90298
26456
58956
48518
61071
69944
61947
13966
20127
27439
35219
55038
7966
95270
1840
24861
40542
86736
21665
26043
23739
1331
39834
31737
99276
82173
41989
49266
96855
52635
54446
62242
54578
55137
3406
11417
55585
60105
50175
86662
50112
12442
65945
24221
84241
68626
28755
28162
38601
47338
3569
3240
52824
65889
28572
28543
24958
31436
63183
83578
41384
43678
78441
95026
11650
48642
42659
85383
58171
73827
43110
58278
20788
73579
61695
81357
89617
36002
52389
78543
87665
46188
65781
66279
72477
21541
13313
5224
32241
14545
54535
29644
83865
50006
67068
43403
85631
63391
44643
16027
1695
457
11817
59814
79256
54314
40774
95895
13418
36476
89655
61170
71002
82905
13237
17540
41379
43083
2025
96010
90927
58397
24060
30810
6794
60316
74876
56187
71293
80159
69366
35358
36235
18705
37766
15440
47061
28045
91765
24823
46268
68492
23351
72190
85475
80047
25186
58594
19377
91706
89609
55904
15815
6944
51014
98160
74504
20423
29210
38544
14930
73091
96728
70681
37216
44771
2129
31435
2592
67895
6637
81034
31883
72356
76867
13360
26046
21569
384
7869
83685
1133
70385
77749
46000
27576
89340
96332
87244
5955
78036
75843
5112
98574
12473
45638
20891
48505
57762
48047
67819
84724
14126
68865
26787
57889
96044
55586
57451
33967
70224
21174
34140
41844
86178
35814
61082
96569
98865
61284
84662
70874
23277
45704
58592
24947
45678
56413
12805
51196
25396
41360
14613
11481
77803
72730
6080
47071
38959
55316
20108
99105
42517
88620
56248
7124
66110
36651
58528
59897
67219
16356
35750
13021
10500
37473
51407
6191
65371
99085
78052
69945
98783
31031
92195
40203
81715
70050
51318
9270
88782
86290
20584
26269
93768
28029
89478
64084
54686
88826
58742
66323
70184
54681
38620
14091
52001
70308
18052
44625
330
76432
14012
61175
13150
36160
90136
28507
35997
63522
88605
81019
33470
3222
22149
87955
80021
19621
12253
29714
30063
81439
88277
23919
98965
21687
72202
78947
53876
25130
86636
69049
71050
34023
85549
99656
46090
75704
47019
25561
73383
88220
86027
13118
79959
72962
88066
50962
40679
8158
18414
12177
6499
73007
61490
42430
49525
66937
21857
91480
11601
61835
80748
35174
9223
72177
66333
56807
1255
58098
99987
73694
439
94630
50150
7370
34813
7864
91305
11856
57795
84354
90102
71113
50128
38751
23815
72328
61550
16279
80268
58062
60310
61052
30708
76436
74755
94245
9854
87750
83257
45154
74370
69159
75274
60746
52313
29272
6867
43586
25933
63585
13229
56604
71229
94045
84792
39299
19796
81876
96560
75762
54288
25445
78054
81393
17267
66662
38743
75433
71729
22329
84720
98028
80576
77195
11680
70468
36971
79984
84078
33833
30995
9560
8521
54866
97880
4987
44076
19341
53614
52379
49555
60153
17322
81682
46507
43054
41980
99278
61069
84196
78400
9053
44694
35208
75653
79968
45878
69323
11065
62861
88235
21295
88414
93005
85932
28730
83230
51309
17757
53855
64099
72369
44576
79485
86345
4737
1401
44066
38797
67322
14240
98656
73476
41924
73465
38757
49179
69807
57014
4271
73072
77335
97899
4918
45927
62051
23432
83169
73843
76134
99511
67488
90497
30741
97153
5503
65804
75920
32750
17958
12194
78982
23255
72063
64894
5706
88847
58453
82732
43984
71261
73107
4972
78074
50888
47203
55978
99742
98746
33998
74624
31899
96738
80274
99294
82372
76390
56004
75923
49295
12107
65829
3206
54684
39480
82641
56201
62061
35248
89589
77553
87516
43135
6887
36783
30075
81959
40809
34239
787
17101
12271
70873
52152
99418
65719
45489
61566
27173
53959
71758
17215
62999
57603
81562
6434
62075
11891
98684
59272
91702
61993
22988
6999
78526
83929
6291
44125
92724
43977
58423
96783
55143
96616
64362
19527
44782
86371
28176
7844
85497
25364
9919
82341
82649
97469
1000
9730
7332
27617
80253
83835
33891
67602
98744
38723
37617
61531
24385
49162
49633
48931
42131
39477
72014
31361
55472
91252
31739
93460
20188
55161
87876
680
96746
21014
97849
9419
17068
81440
18964
51253
70460
51711
82427
39623
55607
34784
51783
69746
36650
14172
61471
17959
97578
77446
1055
49488
54242
38476
3670
14116
55357
34963
74786
1363
97998
40012
48743
53410
35560
66482
86595
12442
23718
62848
4660
62554
61761
21415
22606
76028
25081
2577
20397
45642
87671
74198
33588
80763
75668
4738
38213
70052
90585
58329
72841
87722
1253
68294
51345
80103
65397
30408
31776
63294
16540
94918
79863
54407
8574
82130
81822
23703
65938
74891
43814
41908
98732
74113
52744
89197
20316
69174
523
68626
75504
98433
48487
42765
58445
86423
25537
53889
56020
87969
99271
34908
62523
59278
13788
17658
99030
69150
23858
20796
43713
73724
35333
42364
73931
24520
84708
87681
10756
49363
67005
16558
26869
43123
46111
52219
33022
76983
33503
73717
69831
74299
46569
87282
12345
75828
55512
92261
79207
47846
68526
33051
26878
43585
64429
19005
98984
88242
30872
95894
15396
33710
26854
81402
60807
18736
90002
45093
79291
33518
70118
1352
11775
6045
75672
55935
24074
37734
13297
42257
85131
74721
79460
7222
55394
14893
66429
80424
98410
20843
75966
33193
68318
48789
5443
71868
4790
94389
87649
51503
3788
63122
99703
40735
35046
90933
66090
99895
59837
72467
30166
37819
57978
83215
84500
93459
35616
20877
37936
89778
26033
70763
89586
96428
76557
36741
94281
15881
89659
23338
64147
96943
53386
14506
77016
78375
25900
57895
32528
73839
91993
68097
60990
15541
53728
6950
19684
99668
60283
40047
50218
86004
1063
19896
89335
88487
85202
48751
28872
95984
75925
48071
43408
17828
54214
92490
50550
14
71058
85533
277
6955
34589
31866
2942
15237
14909
70053
79672
73774
51408
49866
57482
62928
93081
67499
16653
32158
9842
33029
81631
43591
39458
91076
88758
62121
58933
51520
23052
40520
31020
63750
95621
76461
57444
80502
71629
16843
40711
15882
66425
33433
27082
19409
95668
78271
72376
14778
82371
68997
37337
33266
87505
93648
10500
5875
51843
51094
59505
49129
44614
94823
39223
89028
61408
16696
67425
24991
86169
52202
16537
51623
41614
32865
89811
39651
71377
99815
36710
41616
66432
32216
77842
58902
96622
20320
68487
31363
75937
24254
16127
80471
19753
21368
50482
20379
75618
96785
12973
52008
55362
95507
62213
84886
60984
87536
47510
77114
77140
81134
97975
38983
34175
20700
75605
31467
73574
41378
11349
5545
48091
50484
36706
86155
80268
90094
48709
96186
52386
36253
44690
94935
26633
87410
72428
46124
33092
1076
16145
33729
79912
77483
2382
52123
68323
89014
68400
77875
1796
14536
34724
92381
10564
80451
26777
41094
84122
32841
17951
61852
12913
51474
47402
77273
49662
28463
70118
3885
98480
72431
76733
23636
12312
32254
29192
6365
65905
97084
44183
26119
39205
26649
90658
42997
16124
23899
85152
76692
67844
47128
47872
47418
20326
47712
78812
31893
28393
73431
29446
23312
67137
17170
1243
26086
42807
59742
42289
18109
60735
60413
45554
54290
96131
78522
90224
60571
2729
27659
79138
9422
95421
13984
88347
67498
37244
98898
37518
82822
13559
40223
83223
4231
59766
85373
22155
29689
64220
61002
24839
10488
43791
96577
70819
73085
69009
64869
30816
25478
10736
48482
21004
29399
2150
81193
28066
27753
71987
21
85275
55516
29621
92464
39825
83386
77249
81103
45867
43163
45078
10905
63811
11243
40986
93753
74365
56839
22388
79641
52850
50375
44081
46442
61881
82377
6315
80937
11542
31358
67551
92975
51247
98781
16077
47971
87729
34790
61298
21686
92217
45141
83392
72709
50579
20854
70995
80166
6693
37252
31880
80606
95238
47779
14800
98412
83287
77445
57068
31998
73691
66070
4838
70822
92278
30389
20044
7137
89076
1520
73194
3017
12134
95799
238
17227
6285
55693
88514
16451
47788
21094
83500
62585
93805
61113
31710
96035
77769
24304
68497
26013
93658
30265
42038
60669
22091
14164
20038
95925
80473
45930
5802
89782
53336
39401
50662
88450
82613
89466
24047
47170
17899
96071
29654
86817
16748
20907
93590
13135
14890
77133
18227
64647
22583
53112
92922
52914
99950
71393
70497
57072
99456
23236
77119
55503
75129
32044
2882
44526
55653
93550
81957
20337
42733
27400
76783
29133
95413
40485
64107
94567
25912
64821
77034
60543
68349
90270
17815
13655
46241
22073
53841
33189
22126
66720
47263
55813
61280
19041
2141
97594
65098
27140
76556
64255
87438
58858
94308
96286
99207
20249
89203
77189
55617
27312
42900
22252
63822
49189
89309
54061
579
54884
29273
25097
21417
23004
41246
96838
25717
64324
52654
84913
39703
69169
70657
79030
91679
1863
22581
79969
864
99589
33588
40141
77691
68839
12573
2035
3185
66888
64372
70911
25185
54459
39752
24739
56420
12831
75894
97153
82280
2640
41574
80919
57062
91200
19510
62499
34621
51591
19796
11875
24143
34951
48067
6275
25994
43116
17495
77053
10707
92000
37506
14617
84398
17383
72255
72282
79560
91233
38581
21472
61823
33878
54612
26287
12652
25401
91422
27403
17211
88069
67283
87351
19558
91475
42057
12815
83371
94463
37727
21650
82901
98415
65097
53701
62927
64710
5501
83221
87906
17578
57528
86059
6606
35538
225
26932
40967
65253
70537
48272
29390
42655
8962
81238
31682
48974
10479
60395
70298
8095
75087
20328
9954
69253
85152
95605
47538
87746
2340
71642
65636
78636
55011
23970
46738
40622
55562
90645
69774
24555
66000
56237
32507
91558
89533
69945
48430
28258
96742
20020
12121
14019
54162
17410
4668
44372
30966
73974
16866
7328
96825
30134
37848
67110
31865
14713
77693
71673
80256
76617
24107
13201
48785
87562
40176
73701
40703
43136
19862
44703
80721
24584
86026
18824
82224
69785
92088
97828
84449
50066
31355
75049
8528
40696
87715
97197
98108
46384
43396
91198
4788
52767
44479
25493
35780
79698
68698
34848
77038
75460
27271
2939
98589
94341
15908
89356
85122
65399
20098
17169
15412
73509
49546
82723
21562
34171
58843
70271
1879
9806
10964
78717
35637
34626
32427
70289
66103
6305
6635
37277
59913
58074
703
21993
62554
2843
35051
65738
17764
60714
56204
60353
32976
4096
40070
77513
4490
28883
33685
13452
90210
77452
93099
30528
16965
96380
24546
90558
4949
9404
4325
27428
95643
2338
10421
19238
14529
91841
52204
4942
41169
41049
44847
11371
32346
70679
90194
61326
24314
5648
92423
72302
42798
35236
69634
99805
85866
83319
3419
10898
80988
44788
65117
25975
27366
56672
66543
44262
37050
67195
49985
3310
10382
44109
26664
3713
87195
64373
37966
69251
62463
37663
91449
20519
94062
84470
97232
57871
78648
48501
29634
34096
32407
44069
22730
91634
52192
17174
4047
94195
22905
55967
99769
75728
37386
80899
83329
93112
69547
88375
7272
70575
94894
85092
83833
3589
95319
15381
50764
4186
56725
3783
78280
98659
28064
46197
27342
27279
56563
31619
57122
59639
8912
19397
27902
95903
50100
81909
12414
33680
90490
42422
19522
31558
90850
93807
96801
80739
3139
91694
87042
66054
52106
61369
57529
61360
40695
70384
97187
70216
98573
6927
2400
23134
28367
52392
35827
89881
19317
4692
15394
92863
51114
8125
89090
96927
16323
95678
8189
84169
31169
7699
17796
75685
35788
33575
98096
63309
91312
25162
23330
55558
77692
72014
40276
62933
78069
3832
80989
20275
79245
25602
15038
5073
90555
28472
67404
63873
41806
59699
66728
67432
78667
92996
72538
12442
29870
75282
88162
36910
97279
82208
47029
51283
78589
67412
65610
9533
61176
47663
46846
13684
39491
73986
40003
54055
41972
70397
76465
76520
86025
98147
88147
49083
11990
96866
34462
61634
16991
89014
70444
44381
91965
42184
97806
1263
39346
34832
30251
96850
86337
1008
51696
83742
83642
54434
55218
5466
90296
47467
49304
80353
35250
3835
6406
86546
71285
74352
65804
98668
57144
29316
72573
99924
62751
20469
11029
82439
76792
89201
9686
78714
82050
90037
83436
18514
57372
37351
29708
33713
99505
65527
32186
58803
40909
82509
24889
7846
12579
41066
94371
1853
28901
55944
41157
47275
3692
32934
94089
89926
74967
69701
43126
80780
4962
89405
4207
42545
685
40198
29867
41152
2340
59248
73175
91172
70104
79573
25939
38699
61115
6311
33200
21184
73928
87280
5367
51709
62334
47583
33801
80657
39963
86434
99195
99503
78026
34274
63927
69216
68178
33760
16623
98817
65692
45667
83989
3837
9500
92845
43918
95334
37899
11447
45123
81848
75415
6681
68353
54391
98339
26796
77336
27777
6597
15354
38410
90829
39340
94915
34284
50607
99040
46143
85065
10446
93967
8940
87473
67689
30955
45655
64980
22104
32998
12853
66340
91141
28783
20960
8137
52897
50279
17557
82755
90672
10735
84371
41412
41138
94790
64553
24453
15980
94616
33609
30290
6156
98339
83233
41099
67981
99938
63769
23397
42348
99986
67653
28912
93328
61752
11505
69282
2878
43429
73417
88632
71021
35346
64372
12683
60746
45293
32119
56946
54439
87994
5961
21560
92597
70743
94953
48944
17163
22374
12379
30172
58117
22589
60631
71179
96802
86473
59398
50301
45063
98048
70469
36791
60129
20149
21719
11825
64545
60889
57798
73727
44721
32319
89418
78283
53271
48804
23013
83846
81700
15921
56277
49731
5161
96623
41259
18429
12954
42748
5296
16654
99752
55865
16708
48622
92012
45291
95710
27030
4440
93181
12470
48427
58338
34951
39735
4896
65661
79480
93452
19087
63382
98669
51774
84513
11769
77501
20156
64158
36458
8162
24336
62834
42719
18949
91975
17901
18585
12421
36836
67376
19699
39796
42184
41253
78110
71720
99141
80838
21581
98254
25076
78670
71701
85361
27155
34029
48667
13830
54884
32320
24197
76819
95366
42626
79737
42681
99250
56844
23192
18003
97591
36013
26709
88963
71889
41092
29185
94287
9335
1980
64516
56866
18549
93766
61606
1014
66287
65361
55155
86862
95466
97296
41075
55109
68186
75790
40050
82085
25936
36926
43349
88344
41467
75615
25655
13298
59282
61922
39976
63619
28380
42994
18902
19853
55734
12934
25806
74690
32096
98365
13837
88979
49114
40277
29268
53372
70456
88966
84464
48150
96257
1289
48062
24342
27303
62696
30005
63999
64199
57060
22581
44931
84729
53858
90124
8586
58372
94050
16280
23350
69348
92469
46886
42504
97512
15375
70879
89113
62916
4825
70391
20771
87567
94681
86713
49534
1868
35114
31278
1927
63295
85823
67347
67980
39327
21024
27475
54198
65512