88949
64102
61610
15388
92545
90663
24671
72793
88750
90723
68134
42411
99150
47249
95427
37480
29262
79385
38719
54191
85080
62664
62676
54135
38842
79656
80769
43530
13283
47854
35169
46125
37231
31883
42003
14492
14990
25943
53897
66585
8169
95138
83193
4561
15565
60910
73902
26647
70075
12055
30997
60485
42882
96137
85021
24716
12100
86666
36736
73630
77276
78821
45054
52453
80375
61920
77610
31932
20009
85069
85509
97932
56933
31546
17483
60265
79776
12655
43166
45152
99153
40497
79238
77247
48823
29147
94355
45414
79481
54971
75038
28873
68225
10079
87990
46272
46480
51046
40693
99370
93199
30851
82525
48864
45843
48950
81633
63449
27060
79017
34781
68904
89949
56993
88165
50995
59844
38201
77105
45143
52888
27880
41005
30669
38355
17663
27984
77733
83295
4251
21805
61090
49063
40993
64381
70635
75458
76609
26402
81798
81336
13386
80047
56046
13431
30932
64671
33459
74408
52411
51471
20125
64892
90381
81790
78254
25102
5992
38239
39599
19346
78571
83654
81875
71505
35362
9947
62226
89070
68676
74352
32309
79773
64211
8321
63556
16428
1996
26294
81898
79258
92904
53242
36316
69681
67972
39462
23756
9768
44414
31720
5915
64958
72435
37174
76000
65178
24260
67115
45126
76638
84821
43156
20720
88072
12048
36203
68901
93676
92786
96688
2766
95361
78416
39923
18027
22168
73808
67751
77511
34816
52207
94536
78306
58467
46096
32712
26890
4605
46847
62166
81510
52414
89278
43207
71563
39003
1621
74095
83249
31194
83550
64447
93624
42803
56453
44117
66412
59882
69534
12087
94850
13173
52294
67260
73444
97855
24308
23265
38089
17284
79247
11299
44554
5808
70484
44873
77701
23856
71606
77556
59119
39713
40499
4241
92553
14468
27009
44650
96510
33270
84709
79024
4697
15081
99889
59977
46602
94320
9181
36787
67144
55153
37661
27045
96907
6102
35216
96437
65499
65139
34523
91424
57305
22926
49733
92597
34403
12380
80706
94011
10821
27784
46588
21930
56330
71938
10952
22317
36955
48471
83190
4166
47589
53920
60463
79923
9503
91078
43839
86855
96609
38245
30182
50182
10605
37333
16303
80607
54824
6039
31006
36024
2654
35576
57042
74970
29554
55224
71509
43243
124
50672
89169
80482
56579
4893
46845
54057
86516
12814
35961
11672
12973
97829
81031
71911
81200
20796
90459
2162
81926
89386
10241
79217
15640
6863
55653
80898
95887
93078
79015
20459
29941
8419
51145
46460
43340
66394
73490
29893
49773
78332
31919
87412
28941
76467
96247
19046
88308
87092
17237
81764
2994
26001
81006
60242
11339
66070
63741
97466
15367
35421
20052
32913
85895
86042
13284
38915
60265
74007
70805
49083
16523
56804
71368
20026
40818
84346
12620
31758
91079
68265
24166
95244
99963
24313
98732
56416
70944
9139
58648
17944
91183
44969
15586
10726
36299
36209
68164
49988
18923
32655
21699
13986
96727
35088
62437
24618
78241
74261
2976
49275
65182
2669
91988
20513
88390
6896
69979
53475
3609
8372
11178
84496
48984
76253
70876
38602
69688
90551
33441
91518
84426
29895
98177
21673
88801
78839
71206
9374
16239
84285
72606
92522
40562
88528
73209
15995
7809
14649
73631
57225
24261
25596
69760
61080
18208
10693
29713
72189
17261
39345
41046
6727
69373
96622
8512
90765
90264
35633
74412
44530
22728
25081
69830
17445
90200
14115
6633
27896
98601
99531
63209
32867
29881
14331
20184
60868
31536
55998
62234
57409
10279
20540
46753
91663
72638
21875
87610
74901
59484
79188
64781
87955
45885
81363
63771
45252
78263
81270
32159
15605
95949
18674
71180
3807
79971
10418
68612
71920
1261
60917
4795
11666
91770
99441
3635
70778
80561
27471
55584
34044
95121
273
52215
16777
57566
58232
94571
74831
59329
15413
85924
3277
57297
26882
74400
66349
14005
54381
42075
75002
15881
97925
85914
22409
75189
34806
28112
38927
39388
68526
20544
50730
15912
36673
22481
83191
8451
2438
22637
89417
3221
52166
33360
1439
52936
66914
80262
73996
11257
45659
52363
11851
59481
54083
59528
45962
70951
37026
22442
61988
8039
80532
72798
5524
78211
70881
69052
21627
18330
50765
90509
73611
13114
5702
77553
76576
48824
38554
55727
74959
32463
20010
4722
31103
92022
70186
58830
68511
8713
46283
97824
63918
97297
57449
19519
96880
40575
93746
90372
11764
6857
96577
92439
80730
83615
18757
65591
19247
4012
47444
61007
66876
61473
4852
96948
73913
29659
88307
8139
42665
78770
2675
77304
72269
37611
99125
56215
75404
73789
5068
75788
89881
66673
41397
97916
87347
41706
85473
95347
27995
92714
63663
62826
49546
99999
89058
47101
64841
74934
36334
6166
59341
17370
35828
59048
27564
62436
331
65732
22098
12837
80260
43031
28012
39561
92805
68538
54752
56624
44354
59226
11062
57319
89847
38104
91474
96468
91229
66480
6170
93845
44346
42109
29642
93318
53026
27959
16907
51996
38389
50503
53633
37915
96099
10805
74533
31825
19147
84466
54579
86752
57202
82191
3857
39671
86073
39842
62720
79063
65615
45468
30803
22649
94658
39659
82649
162
37879
5539
37042
85682
53928
33037
33332
44015
8315
8052
24322
34252
99453
95411
82889
22841
92067
36710
79460
40227
68336
66512
43495
30421
91856
44101
24713
19935
34555
46767
76113
56121
19093
65475
58520
65260
1661
6955
30531
4057
11703
84647
58846
66149
61043
48625
32885
25418
26873
69934
97605
32998
66614
36375
18540
30945
3040
69900
56785
87219
27145
3596
97161
67347
95489
96271
47815
70015
92444
19015
89028
51630
66704
17539
59125
71494
14625
17082
86220
70296
3308
38586
5896
97857
93641
113
67804
46057
92066
67987
28324
24293
29940
84033
48332
94514
11053
40755
40886
36937
94801
73943
60610
89395
80939
3470
56243
5233
9656
3147
14277
72611
68772
15081
22741
57566
24061
53716
45821
9219
75817
26789
77771
30505
70492
98596
82905
95276
74771
67199
31590
19177
59987
41399
76392
25855
38282
27211
91401
5506
58154
17792
2055
91350
65270
43322
39321
9225
77082
80727
39655
40935
71464
36520
74575
4297
70966
32768
24512
27453
41484
49836
77199
12216
56188
58185
11016
54450
7718
99923
14094
68058
41978
57926
6072
38849
27140
6722
9510
70229
14730
59462
19600
35224
91242
31577
89004
46258
99955
25993
74644
64347
67710
52076
87296
69192
53138
17601
76924
92156
36527
70644
86540
57356
4895
35127
35300
76317
55509
65149
70858
80161
92828
47602
38088
99589
73565
1238
28439
71899
75082
39710
88625
13102
65893
35696
81261
8768
98136
83053
47561
20219
85784
66644
51584
30794
32796
22243
7655
16498
85848
31539
12666
72940
59765
29591
12440
95635
57923
54056
36573
60366
70847
65463
56160
45270
70774
84951
98382
82932
90775
35465
15958
64005
6769
79963
54560
74906
31062
54599
64484
56127
96394
84068
25476
82638
78589
84459
35745
1266
19705
68836
78490
23677
9882
53050
70482
80093
79255
11920
37502
76294
55132
44056
15233
86349
531
61506
96483
26101
11190
62522
47832
68450
20243
26467
98414
44106
28199
92928
8011
13334
69038
64862
92183
11551
4550
85553
24155
77650
23844
24126
34626
82907
35150
63908
68752
22588
22956
26919
14871
2339
72197
68384
95247
24237
2003
11585
41487
44664
69372
47292
32268
45997
7827
70670
30537
94679
42313
23558
94535
16440
16974
93762
29695
10498
96862
84252
64341
99774
46134
70240
72990
35583
11563
58798
7072
73946
97987
71420
81709
25864
67493
35216
90061
54313
20966
13842
78508
22669
7769
82862
72172
17115
77402
32904
76086
4813
27348
73613
62933
14104
69623
36220
25340
14158
18349
47273
86627
5822
28326
72841
58699
20346
78627
77707
80689
36796
59535
63680
11138
34139
4460
2219
79616
53117
58407
77580
15504
74728
35174
46792
75647
4774
62964
77477
82476
77191
78953
34288
27166
28745
57641
33561
86651
50277
72166
36503
38072
72714
83283
18810
59329
83751
89747
32580
13341
26527
77441
76877
10310
31703
75063
73288
81831
42644
75269
88772
25449
29490
87198
72888
18860
11824
9597
59832
60052
19384
14417
26164
14521
21034
19764
34082
77363
8747
21101
24556
72100
38347
82391
65547
38712
83411
98285
31923
68484
64361
61522
40237
75793
76669
13026
70526
80476
65905
40184
8430
78750
39001
63506
93493
85192
38684
59324
57487
84446
87538
66906
81136
1484
27890
62613
91321
86797
11654
1930
18432
13490
75448
80279
91864
16651
45815
59600
6316
97692
35339
44741
6997
17109
12473
56979
64149
54940
48165
53470
24946
36632
30095
73823
24744
13771
85704
4296
98652
42071
64113
62729
12921
4323
47850
12449
97647
60653
83932
57211
17224
54444
48306
75677
39649
43153
76087
78937
93126
10569
7533
70162
30962
83388
26921
61725
99710
33104
66674
39895
62225
60804
89303
9185
64100
60890
99880
24674
92201
20130
24933
49232
39858
19940
75367
33195
31033
71306
48014
98289
8114
52051
82521
46485
36427
25762
10591
70767
92872
30339
30915
10197
94171
70152
76017
20972
8781
39663
30019
75726
88761
14132
27556
34454
40920
84395
56577
80703
70520
33181
32866
8256
86572
40922
97246
78360
42333
40100
31704
95597
49607
76060
3228
2092
12872
26834
62470
22772
6838
73610
99003
47754
10123
84903
666
72184
33723
20089
34185
91221
34207
59775
12363
71593
24709
83610
33339
25338
83917
85767
69923
41321
53690
15516
74008
10175
43485
16327
73142
62073
49092
17605
90777
70960
6789
25982
27650
743
20500
98571
77537
54651
82755
2736
85852
97017
19191
76151
13895
76172
38645
1705
73524
52879
53002
29975
68354
22819
42178
34030
67519
94594
41506
39630
98545
58322
90134
67551
80917
70036
48693
43238
1093
87120
75607
74865
48317
27134
67445
9206
1287
44554
82929
32206
92834
17177
34143
24675
44868
97293
78383
27373
58063
93832
25612
78657
17174
16075
95114
12290
61939
6406
81496
36346
73397
97780
14865
55734
33741
72109
59101
68815
39063
64866
64848
4864
5103
56247
66026
7757
41740
94284
6289
24932
82133
61508
34778
96019
4105
46454
84334
64939
13385
96508
29699
69387
42493
49520
65125
33279
50561
33349
81774
22339
92830
45388
64199
3927
73219
52958
70492
19076
60092
35057
99702
28280
83157
19911
41271
69346
88414
52527
15956
21962
93092
63905
62516
58768
69319
67736
64999
80383
96007
98327
14627
77240
79983
79973
32553
44646
23443
67814
29805
74454
52006
74518
24261
52598
3258
59903
92207
65343
17475
81032
34790
23314
2305
89867
90453
97985
59548
57289
32556
64569
49086
26517
13263
14700
39376
72719
23147
39577
37433
42964
64444
5209
71597
32923
23391
22222
85248
22065
61055
53487
10104
83248
99372
77994
80186
36982
39993
31555
47240
11467
48434
50265
41421
31843
14664
29673
22595
94630
70284
4000
60686
55008
81650
27972
67549
85093
49907
18533
70277
62910
71111
29820
7363
28295
1642
97230
87348
25366
10802
76489
77671
45316
83229
17708
43951
50032
72412
828
84841
91063
5015
65325
50978
35781
89523
33456
6438
70596
38710
70807
46578
63330
23966
76206
17376
106
47467
51441
81134
86306
52694
49793
76443
47166
61433
52932
30698
58441
95784
95450
61152
32544
99329
40546
55462
43878
23791
47429
51761
22103
99808
92935
15290
69446
31132
48849
49381
59535
54855
62708
51114
86172
88999
72638
91925
52489
3750
58538
78073
51156
26208
75705
50773
88291
5897
26646
61844
8882
46315
51646
39184
10103
29101
50019
43300
53719
10249
9125
7164
81976
92986
51133
18278
12603
88396
39825
74410
68565
22043
1511
16438
56613
6601
27268
61037
41490
32093
37639
54762
43207
32921
26634
16291
68764
34585
46296
53983
1501
30236
68634
54555
75822
58869
84345
87813
59559
37402
30315
14039
46695
71283
66261
4815
20990
12808
43995
72452
14028
68543
21325
24910
40542
95735
79887
27984
43221
33874
5349
47824
1156
67643
41280
94524
86853
49555
98473
1472
3067
26710
67533
86928
23787
73487
53365
99931
39088
57603
68170
50709
52935
78914
86913
19235
22568
39031
17747
31419
9265
72034
91824
22215
13428
24850
25011
61305
42346
19018
31813
50015
15996
9255
41391
5039
44954
8371
28370
47719
37902
93441
45552
35829
30344
64957
11057
37415
32394
31219
61742
383
12712
38668
38496
78089
85506
80238
1269
98601
90507
12600
38429
16735
79098
2806
75576
21916
99893
93004
23973
61960
56814
19948
71872
45704
11084
18645
76315
89244
76532
46508
94448
492
15298
4048
55025
52314
83452
47203
77832
18675
11914
56439
92064
68505
44467
16296
74754
23752
51564
1317
20379
71726
9303
26959
47013
31633
49152
32184
41138
54880
70213
73644
67455
14191
14790
15711
26848
12102
23145
49359
62360
56608
97495
45015
89132
7318
86753
96321
4901
18075
32092
13990
92542
29309
46065
83568
10616
49455
83427
92949
98293
6935
92210
30737
28431
35457
79511
56549
96266
30070
82010
38325
13609
78181
62178
16957
87436
55638
95185
7631
49129
40851
92959
2693
6751
79297
57258
99675
35220
98996
67854
32225
60729
34013
66538
53825
9745
20479
2302
30202
87723
38142
22938
47385
39573
54649
19249
49015
12930
93721
95943
43706
75062
96464
86808
13331
14737
50265
13266
66871
53742
14603
87427
29241
63825
96947
72096
77347
91012
2770
69018
65581
36092
83318
61187
7599
7184
24933
4135
41374
64825
72420
12632
26239
97206
68362
7608
58115
80667
26729
26968
68263
25402
70840
8061
2855
60979
89671
88868
66164
32892
54852
18629
7793
99663
87154
72764
30935
48969
49952
43129
11192
44496
6424
38392
37265
33116
71613
92169
58197
77128
73362
7735
97826
3178
31421
15331
65365
93395
15386
15901
95214
42228
65322
38900
3657
88335
15910
2250
13158
17914
82930
93034
36922
10359
45849
22058
59494
91680
95284
9959
87647
73165
6770
44713
35324
36486
36416
19849
98688
84980
36839
9677
50919
86044
44140
18600
84730
41545
90482
52522
95116
15765
23296
94543
56976
45776
22373
64313
12513
91438
64674
76786
81156
97816
2452
70747
62238
2716
65706
73450
38030
75310
37704
76988
70699
87042
99949
38953
74068
87049
12761
94885
98726
63306
19769
15189
11066
22525
25500
9521
14918
72062
65330
36664
12909
27300
74165
73654
64014
57107
13884
37830
73529
48720
25247
40353
77518
79773
56990
49500
90202
21064
70139
75875
40985
24452
80398
22922
86462
60595
88719
16449
80613
26307
97421
61165
13951
48718
80059
18809
33111
91280
17057
94475
90610
52631
87431
80137
40377
87993
89406
81262
6624
97864
89637
14850
77393
22979
53017
44558
70900
66242
31016
74489
75269
19500
28022
75988
95940
28362
26787
29590
37510
61592
19452
47468
90633
6963
63131
11570
64182
26778
56123
65694
92966
33222
7058
83826
98785
22102
81623
65162
93259
83137
56738
36534
11204
36042
92188
56080
31730
40817
1237
43226
91410
59637
80440
62544
88984
27585
57009
55366
82382
82770
3637
41744
76057
43144
13959
56794
52718
48852
88363
11111
71137
43775
28178
71499
7204
20587
1987
61155
38744
84467
52891
50219
73395
59946
82900
53969
1028
41647
81267
27771
80561
74313
13062
78125
19774
52447
32587
70878
45722
3540
33489
53883
70160
44538
24611
80074
34631
93992
60346
81000
64845
91518
34158
99889
27153
77403
23881
27397
61869
60278
65591
54476
43182
18065
84353
77286
91522
36480
10936
12781
57386
57378
58882
42202
68520
72875
10945
42866
16715
66595
57480
6524
32909
37681
88968
29292
84420
3415
88055
72219
61707
29935
10534
32746
38225
52794
65314
27315
46317
16291
46668
48342
36615
59954
88700
75518
41353
62345
71183
8870
10526
42412
34760
90072
59826
1579
43250
31000
25876
48139
33839
96304
27496
23513
86267
55206
43059
50600
99662
78596
55561
73946
37497
4825
76646
80597
16505
76708
79020
47016
50286
31032
56382
88774
93317
56738
93360
60859
36337
5669
19102
66551
20333
78110
52291
12883
74730
26978
17491
90944
48263
36216
22912
31859
40145
16912
65798
82015
42685
49806
31849
22219
13152
11334
55875
21942
8763
46957
61821
43140
72735
38066
10450
79
46734
11954
1131
48837
22200
54609
54356
57917
67354
56943
16290
42424
20059
43897
43506
3647
61936
16917
6035
28906
30683
52610
25807
32477
67938
20681
48637
98696
34323
50922
30129
7270
84532
72867
94312
1904
90634
77419
42305
47295
10561
88204
96024
4693
68543
59056
23491
92681
88893
81553
2477
69503
26932
55541
918
96337
45783
95826
50515
7935
8015
46339
94371
45147
75648
25357
65290
43779
25032
65069
57024
92865
40709
41935
49376
79251
96568
97297
83041
65947
95259
60011
22082
42784
42865
76958
11349
72360
6827
96329
49997
28377
79940
47608
48483
56710
82754
94694
95930
85169
81088
64765
87589
51310
24404
77947
6883
50799
19306
92879
5948
95200
59915
1329
81857
44026
57478
3880
24078
44367
40185
35619
28875
49881
17424
46861
18262
41152
7494
51628
80141
35798
18288
92116
81948
89236
15215
162
93596
15886
7637
76430
4937
10711
19691
58761
21533
31215
89323
43161
90702
76599
51695
33224
60774
42347
95573
2108
73291
24495
82551
52134
63372
78088
61876
90822
76634
14212
33068
97538
33299
91091
68839
48651
98359
99932
74308
48302
75804
64211
96581
94880
13630
89480
15309
24674
92060
86091
3789
16810
33943
21466
20230
42542
25172
49185
20486
47889
94982
7435
41247
52457
40522
74746
88484
76306
63129
33478
73390
11625
87437
62531
60964
49208
21971
85079
95570
40554
82269
9690
93158
1647
46644
63680
19022
70935
2766
2155
17719
25907
63515
29613
57184
34067
75657
60896
91879
22037
33016
43858
20410
11018
5176
83264
56872
64682
22891
80185
62070
27898
62743
83964
30546
74670
36456
94638
85853
23550
44551
99620
34643
628
51895
42929
8062
23982
30943
5484
68584
59792
67488
71027
20656
18229
81571
6953
97482
15549
97433
26795
44413
23703
88136
99727
77344
51414
41197
56079
48283
88122
11230
79024
14755
95842
42779
67340
77329
1204
95146
94953
62949
91121
52276
82016
63935
80528
26997
35217
37210
30730
96173
25433
15488
28256
48820
81419
17824
8719
38758
58541
31141
96049
35294
89786
38726
61580
12709
79376
14663
86451
97460
4992
83299
50312
69096
7723
94655
14789
75171
31976
31631
78340
13338
91354
32675
76495
35446
55194
75418
83931
45435
27815
68567
69284
27009
75599
17965
85263
39705
45474
68061
11517
80267
60713
97888
58530
25738
41014
56242
47983
77724
80980
52543
39057
11789
23488
44996
60263
79253
79119
73031
52313
34489
99368
61998
41452
73732
87768
10871
41401
34010
59925
75050
12989
2135
28789
91827
54754
24221
99139
12665
88462
72861
52241
20072
8500
10025
95
36071
5626
81523
79448
91226
52446
36372
57208
78680
76788
29725
20445
97914
42908
13708
23503
72847
72354
93543
50484
27244
29374
98602
50642
59952
70322
59460
31009
4264
2584
21033
6894
33067
14425
43790
15557
54020
60506
91335
19847
64730
50763
37244
66063
84744
46123
75201
11854
74472
40223
41907
20489
72635
20934
27255
83432
20639
49589
82810
3059
24216
66501
41523
55324
46160
33778
21588
70760
43994
66028
52513
59040
96681
43130
85027
75736
71975
33487
72047
17978
27364
58856
16841
3190
67099
523
98033
35640
89235
58828
14806
58504
91550
15690
43229
68940
69486
12016
97783
40170
70857
34126
12005
58399
85862
23481
11563
88101
6985
57474
74655
30722
40197
52945
45505
34408
99493
11570
91099
43613
1915
36352
75452
76800
49060
48704
47011
72169
60066
19730
86757
8336
71525
68564
18376
73355
19345
34497
72661
40093
75396
74124
41427
86013
71954
65405
10112
40989
79903
71528
1820
62506
63217
42861
96180
79776
52530
39513
51357
19324
21264
7513
37961
76695
24225
68978
67966
42001
58387
59888
62163
47335
33451
3564
86032
50308
76215
37353
93088
85198
29151
32324
10434
3148
88617
60659
90323
92844
79119
5227
73162
41889
64645
57641
45320
48704
55314
48570
58421
51252
36022
82886
34726
56064
68459
30033
16385
8179
97133
47745
13047
99174
90137
68240
97061
53411
57445
28562
24502
45679
4177
22206
65875
98009
21283
59795
96894
38968
37739
64945
48483
58497
70124
40794
56338
53681
19778
12253
50451
79206
30572
45375
61466
66037
70611
24256
50809
70496
97768
87359
43373
27997
87919
28731
41580
46474
68907
32187
40855
16114
46490
43620
2057
11901
10205
23805
8908
8357
62884
25608
6793
19248
7027
38791
69823
73294
73188
94210
17975
14702
32333
83200
55580
52395
64436
65741
52491
33818
13953
94901
27256
7572
75234
51655
14122
93397
2113
81076
9697
51876
71044
32803
89699
58100
35636
32334
50126
5201
2252
71020
16721
59460
63079
33373
51542
54449
75739
95095
65731
34353
60474
50237
78187
75287
33766
64555
95151
59526
90686
36642
28607
35814
10765
53176
11359
27937
80422
2134
9483
56614
47071
76517
11086
1746
35309
66968
22822
79385
95931
28703
8389
94885
7755
35912
70111
88975
9901
85578
68300
39819
92074
35771
67443
61342
78979
39221
21649
58869
46665
78102
67615
48500
81823
20476
42582
52176
99734
302
97753
59069
61975
6579
31106
6681
96801
90779
84261
60579
10335
20485
69792
85513
70322
7935
52190
86200
5525
25550
77909
50741
43806
75200
21057
90919
89405
41421
65541
77044
84102
11812
30923
50945
10382
38121
72190
31572
53193
43419
33421
33865
42390
14230
64943
44905
74753
70624
79553
68975
78652
53908
40790
97394
22712
13231
4316
50370
77055
83400
95239
38189
55862
5287
99960
1994
38126
80918
74448
91219
54682
5773
25777
85655
28993
51460
38624
83613
42388
75121
34585
57790
94156
9350
23558
24508
24848
15932
79136
47921
85139
28561
81800
18146
64297
5489
93540
5874
66835
98969
47447
31439
37465
2790
57858
41571
16644
59675
58440
49023
26160
8731
56888
77462
4930
52943
48893
83114
97655
96634
20966
20445
47359
64769
22075
81218
12774
88024
19832
6963
70376
97507
56996
96770
73281
63901
50688
65434
97336
49291
87317
71147
66468
1236
17270
90817
91921
24878
9946
10153
39367
37763
24075
55792
10520
8505
29447
13644
85863
37312
99006
34453
96462
61699
95916
94837
50026
16533
78985
25070
70731
68832
58230
89726
8497
65278
78606
74942
21768
67044
77369
36081
70632
84812
19860
70310
56082
66157
39710
21220
22230
7850
46882
5555
61789
80218
26884
23441
1146
53188
56241
28920
94412
1974
70534
89735
92244
76609
80758
94351
94776
13232
98195
55096
71804
50285
52943
32521
13883
74666
99031
42150
3353
65616
69415
52588
43150
75479
40687
91828
43267
29447
16155
98953
15761
62404
59453
28594
5368
39358
13596
68371
87688
9070
56379
13940
16445
44402
79185
22528
43984
28729
76948
32992
28605
47907
28460
59339
64997
59372
75169
91099
60422
63560
66093
76251
61718
65682
35676
220
25213
15197
34836
69549
7417
41628
86366
14094
99833
8833
76547
64146
39138
49719
84620
33646
36491
9236
216
56901
44687
68587
20073
32862
33615
93146
63330
11204
18399
94510
55567
37771
84486
91033
43314
8529
91447
71810
61871
75769
71622
84123
76415
94705
10093
95201
56577
44713
89082
99411
62559
20618
25203
95397
24405
22156
55607
65898
2946
36828
4896
17146
55707
3781
90364
19524
50410
76156
89033
39285
32811
10675
72638
36596
12540
63379
64577
75031
98334
47616
92525
70764
35661
49938
20207
44596
59943
90234
16549
83877
24961
66372
52470
10076
86589
53098
44532
43460
43714
73487
87189
16815
50692
32947
67822
33609
94715
22654
6184
73885
84385
88640
77256
89394
68082
59663
75152
91016
62465
37091
28068
84079
2421
28275
46517
32434
12829
91243
69909
71387
88141
53161
39992
44668
18756
45037
61864
69924
1890
69750
77977
9802
32555
898
42393
52739
40091
19020
68448
16949
57603
91431
99888
71030
31999
83990
49282
31475
84883
441
28123
51688
71071
55878
82849
75171
40807
55007
66102
34224
22208
86068
60620
47503
64529
15190
22521
87446
89035
11178
69652
92736
72289
26481
82600
63480
44124
59487
67121
92768
18986
65815
27781
86516
48782
3477
4709
22863
18258
91002
42630
15679
47291
72550
59117
96677
68785
50800
36889
34473
79447
34566
92810
7428
11120
86904
46578
58026
17926
31727
83888
80882
94675
57740
81942
22454
21964
40840
93586
84417
24550
93899
29642
54737
92991
55156
19460
73541
12428
94930
84966
13949
19661
37382
83203
16810
47452
12944
48992
24666
28747
29488
86573
40409
69023
69784
4454
17039
7563
36169
60328
3764
57314
49513
38323
47861
10336
96516
3958
48040
8610
43274
87678
87574
41448
28813
87910
48879
31121
11383
2933
48336
94750
94863
83835
13710
78501
38053
57500
17483
67380
81473
50265
25769
40157
56419
61061
89338
87735
67105
86498
97475
56513
59060
40961
81642
26142
85322
47071
99030
36132
7044
55029
41646
12706
94611
63003
78953
14236
5863
49511
9007
69024
42844
72487
27534
78565
1170
41836
28819
78907
92935
75804
28836
34990
53700
71507
58527
50238
70310
95396
1131
81942
16351
67660
72403
330
23522
5443
84113
67880
68916
47985
69873
5228
19589
20532
13933
50212
27502
82775
20496
8449
50305
81241
93096
23808
9279
53762
15332
44387
20192
6765
44291
13153
84440
82361
52065
75835
72718
39206
9122
82769
7990
10609
83939
95646
43208
31785
4142
81661
46919
46774
11235
39694
77597
89220
22839
23004
86232
47609
4823
41999
76624
13761
61334
80414
51398
64843
18554
46634
68430
44091
54063
81282
21055
64782
65364
5698
14023
81513
95691
66916
81384
95257
42525
60837
60175
62093
45245
95675
3225
32318
21252
62230
47903
60433
39887
71720
77945
81224
20286
63750
3815
73181
18067
21037
57020
47180
21252
98675
56019
99867
71975
1160
81250
21213
38786
25848
12361
69483
47324
4099
55786
15362
85082
49662
51148
96469
25102
85768
81380
69131
24799
10489
44783
33374
94374
75547
59590
78874
57492
29414
46554
32029
78916
56801
2327
95824
52860
28432
36008
6698
97326
6725
41652
23979
70109
87640
87268
69071
37031
72701
31167
32369
16632
38180
18353
69442
76350
95502
76241
93226
10114
38107
98742
15948
18972
96382
10595
17777
50679
88540
83760
5330
72496
21879
28299
48204
95354
64046
58203
26596
62599
36242
37517
84286
23904
10479
41758
13607
30818
13221
855
73879
5098
82465
97691
9391
56310
66553
86245
8861
58614
44470
11891
62120
3967
15910
88114
58739
34400
92477
9855
74136
28753
32635
401
88971
47162
90959
76309
7569
83062
38720
89821
19649
81446
10365
80680
35255
54560
14790
98400
85892
72653
15393
83664
21283
13291
85521
11806
70914
95662
88464
71373
26376
6039
6572
97367
90038
34369
85600
96853
16462
13272
30515
87979
25733
62465
97645
90939
7736
40103
33279
15539
26225
36534
63702
20623
79445
52733
83747
66301
33717
20452
29043
67926
13928
15167
16363
77194
16192
80124
52746
842
84769
95912
22133
6323
23858
2579
26642
32720
44207
20460
75791
17487
28265
86508
72469
55893
48367
27870
60756
22834
10941
96654
92060
48026
17810
56579
17577
20236
95587
80716
73231
34807
23580
28978
52135
86346
53598
55367
92627
14051
30629
2336
51774
30289
86634
81282
31996
51252
16083
45618
4549
59010
81785
63813
16413
9245
12570
51354
23211
50601
29087
64681
18450
26327
76132
37426
99928
42209
91700
97087
78933
38451
51122
88550
5021
56730
20358
37057
37746
94809
59740
69556
76036
38143
36293
72784
14663
96233
15925
76237
37066
53391
4775
45309
90124
50586
98377
86980
11137
10521
21073
57429
9931
31108
24750
74085
85297
33860
38339
97511
42925
76186
58606
38882
5037
55911
76038
42561
2467
54044
6181
26790
64265
38307
5012
44472
91227
45238
69248
33751
17596
49291
5204
50719
60635
4121
98679
86904
95671
56738
48542
65909
60695
98482
88323
18915
31274
77266
9525
73281
97490
77466
54383
55847
40053
25232
38494
12511
3216
66170
61233
92368
87058
71438
46169
17311
30905
88091
16355
8650
57833
24895
25112
83862
60030
31327
89623
68100
13017
88564
56797
44201
27710
50017
14912
28678
86265
87369
11573
62711
4514
7641
99999
79759
25468
31254
49546
39078
45913
85066
50942
54558
37880
66316
7395
45074
72947
92102
30970
81056
49376
20102
21247
78836
21759
33482
63706
96835
5089
60103
16410
74301
97662
55801
60893
53057
47184
80526
55263
65068
56200
29716
31426
54827
28221
81748
48236
16286
30101
72193
9659
63302
96639
97992
13320
21037
13895
47776
10470
26290
31374
54467
26027
48271
71047
66425
38258
58820
23597
7136
4137
75924
67840
71153
45459
34938
70704
12755
46130
75517
10421
33943
81008
43891
61663
91229
73240
92896
64864
44539
98231
97379
64672
86377
60008
17820
14001
67075
67811
61551
62497
25760
93252
53551
58612
393
2610
91434
61700
22407
27733
92744
80426
29204
95082
2211
17139
75914
69122
85855
51457
15299
15843
55334
64497
91740
50713
40400
14243
2329
80050
97968
50199
88185
43937
76046
97443
80775
27589
44463
41961
39319
96273
89580
36762
26978
76848
17656
8484
24508
1504
47065
92306
70495
22234
3548
33859
23049
88335
87136
49475
80216
98263
96480
89365
69672
46644
46964
1814
90325
84932
96124
47376
50910
12462
62970
23152
37781
44076
68511
20593
44070
63653
21355
5686
47224
96376
8249
46959
44137
76823
32493
81859
31181
66137
94873
12999
61803
88520
44362
39011
47765
60023
3634
18000
13791
72965
91488
86049
52056
88079
88377
28369
5861
83158
96871
44550
10796
21571
75116
69847
90743
4122
67218
72446
72793
55086
25895
83900
27
8635
60432
17034
36339
75448
68123
98509
45868
56165
12189
26315
83535
31689
52989
66966
24015
60548
13073
23734
4817
24153
99410
3491
39587
78043
30363
55488
3798
76273
23219
16425
8708
32097
43026
81226
57591
56552
65258
74616
60414
91035
21088
53711
97467
96244
89074
96273
58774
87766
18545
98805
63060
59722
40486
71560
79847
82640
99955
68095
70023
20881
51957
34808
99990
2344
53305
68459
60369
92508
82380
68098
65736
5222
16061
22139
85142
1985
19070
50606
10666
7613
65062
20697
21922
79774
8877
51848
69187
39729
89605
13796
23911
86749
73082
25816
85887
47558
71556
53359
35614
16802
95212
90062
39050
87112
38371
68371
8216
13226
98192
21600
95830
67554
37555
31004
18947
37464
7682
13898
98277
57127
30430
76893
55624
74626
82513
30953
25957
68028
79411
29043
81115
63647
23222
28034
8290
74443
33401
18592
62811
46910
9138
15634
62961
45945
7086
63485
19385
52925
86633
90212
50872
6865
71389
99059
57113
60897
41784
22626
3724
67499
13470
20321
28762
55163
56360
29250
73751
45384
19363
1994
92426
73321
97815
30495
44652
66828
29439
3506
25383
34632
25097
88770
89536
22185
47299
79040
1991
71423
98762
18664
8551
41605
95866
51953
81325
59244
5738
22541
61913
17626
73600
44816
75351
15604
36039
337
93256
30906
50923
72931
12006
59011
90316
21194
25572
50475
37981
48726
73212
45203
41569
15043
13877
54722
68815
85563
22162
29968
48543
73542
26971
29472
77376
12493
13266
78355
21374
182
94831
55460
98176
84157
62598
95289
9224
73918
546
1853
71356
18833
16412
77370
20893
14672
50207
99006
68282
85041
87325
46685
78013
65105
31227
25972
1313
62819
36295
97351
38779
64494
91715
26417
50973
52893
7792
16991
64737
41202
96624
55742
7710
39274
94760
97707
19574
48057
44145
30897
11993
25899
2628
50874
64425
75948
11732
13919
32278
47847
39006
74540
45843
25988
52530
45549
31230
93798
88389
14060
97583
37097
73157
78962
93979
98189
30924
3633
4454
88116
66660
48194
55591
24146
15212
84575
57559
34646
73762
82793
23796
76506
86580
29684
49416
22671
71526
15638
30757
53413
94739
33274
3813
77579
94038
83984
24426
36782
86796
62520
89888
48119
36210
31140
15208
23954
3729
45589
60584
57934
35341
58618
85625
71549
81350
99590
50566
64476
86611
56752
71085
77244
80713
55334
38297
85674
22906
33059
99929
9440
76104
2939
41979
23211
27723
92556
78374
86060
1884
74354
25735
40173
69417
97702
48496
10283
98831
44473
18774
91171
12318
97964
10852
76558
386
74754
35510
42508
14687
90373
25494
86998
42784
52535
22656
32820
33874
69137
2477
36084
77347
96400
37972
7672
20728
32310
97474
98293
49111
91224
68460
84349
17637
74208
53893
43255
23830
64060
73032
36546
79496
58003
70610
60798
71153
89217
41402
19834
87161
8953
30382
76278
79752
92561
60259
11952
12809
18348
81874
59029
68139
79756
7429
64524
31031
37399
4945
4813
27602
41118
5980
29919
97401
43878
60137
60095
13321
89751
38162
31910
78960
21923
10773
4908
72095
70832
31520
49151
99534
60488
28970
79975
4892
68205
16589
13344
97022
91595
84106
11647
91406
65104
53411
53939
81317
49107
75137
27867
97620
3155
64741
75
63600
5103
4963
15373
81972
87061
74864
36461
38371
40732
12077
52175
15998
65310
24685
5843
83966
71131
83299
79893
95999
48496
44045
93316
97692
938
4992
40779
4854
33424
99069
15044
11627
5943
35921
98013
84845
49656
57177
61790
94724
12882
76591
16578
21058
37341
91996
96928
33453
47743
71613
22390
10265
13797
39795
91064
6144
75115
16009
74908
20410
90312
23412
25371
10904
38531
62105
41321
92451
75228
65016
34420
9292
84523
36226
11761
99090
97487
47020
68390
70537
30607
16911
70125
3664
75495
3460
84944
22357
31161
54236
64784
22839
83028
76915
55795
10021
64119
58159
17334
49456
38406
47972
59665
29072
17960
30800
71686
24057
95012
99962
36972
81320
6941
76241
23185
71746
59298
94046
4682
99153
15172
98606
90362
81184
35048
42248
82694
6475
57285
1726
58063
68416
76301
59910
46483
83345
602
91604
2202
70412
90572
72910
263
26367
3600
68879
7357
87703
79686
29941
82359
76390
75841
35068
96649
38616
98157
78403
33615
75167
80735
74646
36246
70165
289
92750
26077
29583
67967
14176
36082
73542
24625
38340
58045
83060
73915
78450
99670
27201
59922
23751
70659
66051
70799
87411
60441
96119
54691
23494
96686
9868
87100
47285
57655
4397
21202
52852
64847
26050
72632
91108
7506
63445
150
61474
70025
83652
38134
19793
58731
72147
16236
33300
17221
88176
88209
99688
46249
47151
82754
90331
57193
43370
90047
93189
18167
52907
96515
41625
19550
69156
6273
61779
96754
84054
57635
26728
78144
49615
58746
75672
83659
71542
43530
99074
8004
93451
95691
13383
7693
70082
53247
44994
9551
57547
64156
97430
76045
98830
97504
19954
26637
1823
7403
3490
13518
92199
52860
50572
85169
23650
70424
18533
68619
33186
7066
75967
89447
23640
93181
65161
72710
85272
60900
51357
17675
50089
62954
75798
79741
96404
44746
26825
82957
11562
19340
35921
89697
12680
73025
77353
54514
57446
74298
51952
16723
78519
25669
90718
86745
82485
13549
54756
90162
96539
8717
50157
67226
70684
64436
60547
95901
15704
46911
42551
62228
35705
24929
22618
97739
73995
98046
69309
17036
10179
89097
43890
92653
3878
16428
3524
64026
40610
99984
44162
26212
55923
68441
19759
94547
95828
62306
9326
20649
11740
35451
71860
26915
42459
74136
85534
74489
19218
45873
5574
92928
53987
92485
16679
10775
17348
48
57746
32110
70704
29654
38360
2906
49908
80093
50728
80534
4059
63060
29352
59241
10111
41792
69441
91040
45527
37830
21280
43044
28010
40375
79453
14493
33145
45405
58468
59449
21949
74313
59607
78216
47935
44701
61835
76502
94426
26263
81678
19791
62220
5307
73575
94103
91730
87088
39894
99355
4558
9134
42109
63888
34387
71482
53190
17829
61560
75635
50646
77494
54794
61449
11641
22196
59438
26631
34215
42388
98134
91207
84095
10571
59978
3013
57565
60991
8512
93335
15573
68336
81701
86904
33365
49990
50122
83082
52117
52120
86450
75025
75973
8887
92991
9455
71905
97745
46521
7863
20688
30074
69241
4374
73488
81178
89222
26570
55190
20221
49322
61854
30625
41942
90934
32719
55509
224
82379
35134
35225
17130
73130
18427
63970
55033
77294
67080
92767
81911
33285
47421
93877
50945
96061
41558
63275
24927
11464
10629
65051
39433
14767
45395
29987
45502
35536
24006
42404
9683
47192
48149
73919
46245
70944
62278
10710
15287
63694
39367
53353
44002
5252
61295
94514
61996
72930
50876
11643
81248
46090
11040
29927
47312
52593
14930
25716
11770
33388
72128
16406
70456
5748
65635
80088
70460
71048
63417
49348
80435
11964
26692
95780
88028
59532
84543
83050
94507
36159
18242
29687
80736
82511
64903
3581
38331
19276
51772
2868
95706
30249
99161
29888
8955
66725
9678
6354
59621
20733
32619
76919
28682
70823
24152
60842
93140
69823
43253
8082
51488
31893
16604
39561
65962
85882
79381
20487
5429
36868
41397
18563
77867
48242
480
47821
65044
62566
34207
70032
79603
23947
73728
16625
65735
53751
51447
38858
4145
61513
91450
18367
1394
13068
29604
56736
57977
90511
42312
14311
1190
13417
34428
76573
33183
94816
55052
60544
14194
2350
47318
4939
67501
55426
10455
762
92538
12286
49041
65469
50766
69691
23162
80023
89569
85926
23408
67944
12763
30767
85166
80672
73693
42809
85144
8817
81069
47498
10705
37528
1266
19667
84881
7137
60092
21064
2969
55193
19859
71484
425
44268
41698
72777
34076
55707
55299
40272
85268
10900
36682
13975
72428
55423
6732
6949
45146
93475
26579
17101
35621
59148
43940
29017
4432
86078
82643
24925
44076
3286
10389
97443
77785
23076
10668
41557
96378
55257
29891
92665
80009
72870
19896
19878
83939
67179
9832
53930
78406
96776
18111
46607
63039
89969
64503
80891
44917
90382
89990
857
19469
8584
2041
30515
51037
84467
83082
94759
13480
58637
31912
47327
63137
4341
63713
75693
97383
91773
19070
70644
20791
56171
93645
40608
69690
92133
90835
30552
17523
35544
62698
42560
49151
79551
78516
15101
59875
81005
43351
28766
87089
32897
84195
3577
16116
86455
30459
91001
12085
28093
73739
14546
53988
80891
75514
72311
22730
45203
42883
66889
12406
38841
14590
50937
48825
45971
56186
70172
98074
5382
92043
17207
59645
48121
52582
7353
47455
28865
6272
41367
40733
81985
70417
54137
6488
9792
63642
63941
19496
54661
58588
83933
93951
65392
69302
3769
87996
47802
66609
46076
15801
39752
46678
85438
66385
88885
78543
53267
81033
62128
73335
12508
92783
33473
2753
48843
97075
47470
35580
32712
57808
40766
55493
23214
81530
85418
47262
48608
32075
76757
76428
51941
78257
40531
93735
32892
75494
44032
69960
91593
30436
98681
69997
11943
22202
37131
17753
28772
16904
83086
44207
88691
56953
80786
67472
30550
32502
14741
97502
18090
53084
74574
82874
57165
57586
90905
97830
19397
87423
81167
4967
23596
72911
24823
12537
85331
27008
5220
3792
11256
86035
47377
84696
79169
23797
28233
45525
69072
9027
82038
31240
55863
27796
15300
42046
23175
65842
10848
34329
2935
91817
16759
62574
44357
6119
49969
56851
66331
84859
67835
5116
86790
68286
83414
42709
88484
43144
38604
69945
44535
26741
50022
16173
98796
87731
84714
33321
67493
36796
61266
50420
52185
94331
63709
69278
33673
2156
10375
71331
657
68381
8668
98062
49720
61700
41401
3447
66115
27683
84730
33751
64280
58018
87988
3170
32769
26155
50797
10547
9575
37170
76737
15993
65691
32876
74118
41524
59653
11821
2423
74072
75109
70985
5714
30144
96327
24970
4635
21046
86717
48893
22462
41263
77029
53160
86552
27247
8281
40818
35323
75869
41399
77339
75317
19112
5780
79395
72447
75303
76008
90130
17122
14108
56441
59497
41375
57630
25421
1176
87036
80402
24344
97726
8760
13590
24232
26455
54706
23942
83656
32418
45707
75441
78481
64396
18394
70354
64941
20870
67637
11634
97885
76549
56297
32340
55216
68413
81329
22983
52624
8186
87906
67146
52732
73980
92289
27395
38840
57514
38023
30062
35920
81197
47331
4406
9550
44838
32474
16653
36401
2599
37553
25783
36649
4702
65277
9458
93514
59652
6171
7635
34845
34643
42131
43799
36892
50906
11000
63210
7288
25669
88251
71947
68579
9318
76971
75146
56159
72602
96761
54290
11545
6666
59129
37145
25689
68679
35249
18670
97202
53924
94884
56819
15965
70584
39380
25118
29241
99202
93163
4951
38169
94147
40996
86633
35425
97203
90053
82390
15871
19728
45580
61035
35147
99482
40967
90149
7312
84004
12220
97659
25873
26526
57060
83048
48355
5178
46117
78191
17741
81774
2248
86003
98174
89217
9434
74604
55537
79639
73619
48584
98023
89250
64000
97433
11009
25208
86105
5078
10757
40489
92830
74593
69290
83089
75209
17789
85254
41059
4836
35692
85870
81507
18094
19347
23964
63057
24121
32849
9662
72249
51206
22069
96318
43714
88643
65043
49747
88629
13413
10313
8567
6727
75329
36637
43562
48995
6283
25877
4252
68696
74769
77090
78101
90590
79138
40508
38905
62853
65162
49769
57022
70516
58872
68555
4563
17286
42425
84546
87307
90355
93197
38633
82145
52763
86955
30114
4290
52866
97130
12734
26286
97789
20338
65206
46670
10191
36731
57250
19627
65066
37231
98026
6529
82055
80545
86986
98199
39941
38533
40159
84378
48636
83810
22214
19465
15544
65840
15613
21031
92702
51631
88111
50706
85589
52784
56322
23494
76345
89423
15977
24857
97637
23292
41543
55288
16782
68391
57845
71678
8725
92986
69956
18321
57683
1837
72715
16296
94626
27827
28043
84327
44394
26993
98710
24004
41192
36598
9645
77694
50756
19484
66522
44863
99775
30748
38354
57167
84069
51696
24621
66814
36624
85487
58160
76232
47532
82571
46532
64969
5195
87724
99740
42600
40577
42980
52682
43824
21226
56125
52668
53119
73234
5092
85325
97054
44971
91306
3543
29149
60873
12388
99002
41621
21848
48453
4518
97848
2866
72960
56650
68114
82729
52139
25839
13823
68086
58253
18606
81864
17435
22823
46763
79939
954
33359
82205
33650
36383
12706
68383
76889
65477
41560
34100
58912
43626
143
9756
81548
35928
62334
45920
62948
76057
75105
41856
89139
40385
51718
13103
58198
45141
58495
36363
12740
727
53966
20531
14819
87965
42843
80610
13160
17104
23403
61311
2109
53606
60185
62387
47434
97651
27096
52311
56011
26788
17788
22513
54525
61469
62174
89186
1865
76879
14785
46905
31211
13045
72255
10600
49584
95628
46524
13663
48842
40274
58245
59115
37638
51882
43866
49738
30704
19987
89887
37916
98311
84409
50488
68548
56722
24887
83858
57996
23219
28487
80414
20740
86415
48360
30842
51054
4910
40976
58221
13308
26395
60475
14638
49163
5872
6219
57663
75335
31119
40854
36026
67543
26649
30128
86124
89787
36722
93248
5633
44590
70529
6395
79845
51142
59252
76904
5835
65358
43957
16589
69528
53091
101
93470
54697
14378
37832
90126
45822
30322
29594
83485
44070
90307
20370
20280
679
26654
63143
18699
20528
31503
9102
53676
88659
47643
17873
73405
41859
39856
46738
88274
43898
14862
70941
13386
13411
22896
31255
79711
54323
70341
20253
66110
71773
99858
68716
29019
57829
22557
55840
42813
16290
30309
62172
73277
23382
25163
96819
18474
27644
7544
87447
40620
10047
69957
84809
34765
90022
67156
96800
60941
11441
93127
16130
52861
82856
60516
30157
27983
27313
14905
65981
38766
27479
44021
35896
4601
48930
6188
18022
11774
69797
47072
49947
77496
16734
59982
61288
95839
19907
92570
42247
31423
41562
708
21451
2225
40838
3094
54450
61452
21731
35630
7876
93412
69011
94935
40791
40413
74839
24500
62363
52785
19866
59454
78378
51932
23301
99608
27703
89422
16761
67864
11431
85075
71042
85915
27293
51279
26333
9255
42776
662
42306
56403
9261
19106
2847
87980
74991
15935
49157
48398
36505
9052
16502
28288
68572
67587
93800
39740
53362
19538
19503
18377
52122
86107
70241
80094
59384
59395
32049
20164
89037
74151
14421
1241
63992
7136
18952
39303
63878
27170
85935
78836
36099
16498
49099
89216
90276
36877
50589
97518
58346
43201
71049
36289
60849
3166
36497
97569
72288
88593
47148
74397
40060
76740
46514
50283
40065
19125
31770
52607
83735
11914
90665
35758
21561
57800
20891
61985
19965
12588
85602
5613
98207
79570
7131
2773
85628
87384
8609
80323
84196
86545
45807
84824
54375
91681
20988
63671
656
72276
36551
44617
39457
96653
20692
41610
27441
42051
94282
53521
65207
76010
75128
9653
80488
75154
87360
22747
98530
33533
3644
34953
84547
29439
90732
14620
70818
76428
56345
16519
96304
81687
54962
37635
93454
72110
40445
190
47493
63448
63428
94444
5373
73910
13783
46639
6799
86330
64206
200
65491
47026
13918
13316
21789
99993
24851
95648
92226
99882
1526
33272
13908
56818
85837
91135
77479
71665
67954
1604
44349
14999
46491
63324
5724
19481
72606
98536
58369
29072
38936
32806
39264
5857
44589
26577
19404
24964
94994
9391
9741
56316
75410
79394
81446
16433
25857
83331
90391
86842
62641
66968
58353
35453
76600
86007
11944
5543
79736
26863
89692
29531
22123
93320
77299
5145
74357
24680
48077
59849
63247
91203
18176
86951
18389
64975
78789
49764
57854
41125
47214
35367
16949
75913
21426
55951
89109
92211
11082
85040
44123
54500
32953
49417
93179
56409
39687
54968
56984
84844
30788
64373
77823
96215
69232
69949
3886
78170
32525
66332
10476
95371
52319
3895
69206
51266
43969
87235
78401
71990
24984
2642
86784
94905
3593
8037
87450
27479
48000
28494
98639
26873
41060
15415
17077
81484
93888
92846
20500
72757
90466
93785
94424
34255
26757
21962
39476
81649
95894
16790
15028
80888
71718
88097
35241
25638
70532
65245
33825
76306
29332
19567
93447
7222
78235
31165
34252
42169
54897
66176
30033
79391
97126
55662
32429
64075
87490
36581
67783
48496
66490
46360
48080
25912
75611
44913
78469
93223
6902
66845
44076
52505
11125
91607
72656
21504
77693
75226
2446
54319
42661
5971
67790
5759
45972
24871
39363
33647
49077
49998
59853
16463
12226
38048
99986
62225
10085
73981
13596
6421
72677
70434
3006
40422
40707
58536
81389
95988
94427
72357
98359
83888
41759
38111
40223
86779
95699
80970
32854
90218
41362
61486
99844
84258
72995
60620
18214
84678
2422
43632
32194
99760
2945
80705
65167
84250
28618
4840
27646
30771
64418
48096
79062
80187
34024
3131
83370
25463
44832
7363
85753
39306
35478
63326
17739
71091
89969
69712
61638
4441
21401
43074
73799
73971
8991
30329
14732
87728
46303
61531
65334
80647
49696
66090
28061
91510
88562
83100
84466
87127
80078
62014
30527
70208
77421
50153
82818
19017
41218
6733
36068
42112
11220
79511
19366
38617
28272
69179
57169
60719
21635
73896
5531
15426
29722
86555
7851
19907
16787
81604
3170
12264
20901
74133
68954
87334
24517
77259
72333
87792
83166
73071
22033
80687
79164
67081
14853
64509
86531
86
18121
62776
75771
43304
53742
34044
50052
91549
92414
13996
15195
73122
37815
51591
81240
71385
73724
53708
61737
16277
11484
80206
45890
78822
82549
13265
21062
59160
1391
21990
80516
75387
1206
58536
74300
83749
1000
30237
72892
51773
75845
50450
70625
10892
47082
4557
17015
87115
8818
48758
53299
70120
86014
95817
66543
54381
80182
69746
49161
36725
41866
19747
66632
86730
9311
48770
69823
17757
53886
28524
66863
11087
54080
19679
334
62564
57602
42168
96415
36657
4142
80463
4050
81861
42000
16509
3434
50380
68860
7544
81492
39269
19575
29890
86135
31812
40512
88307
14408
20080
50654
2815
11619
28517
42322
60386
92977
79146
39618
93232
84464
53302
23818
68668
5291
37756
54236
51357
58323
16258
50935
25981
41269
79110
15390
2064
38351
44377
73352
48363
68008
31533
46090
91572
11954
91219
67942
15515
4981
40870
59409
60688
45741
56090
99935
60628
96468
5943
64926
58683
6747
41058
76992
56176
14184
69607
54842
75141
85049
36937
40010
90570
33395
65650
98550
24695
52098
26544
34172
70065
9160
11635
23946
14190
42857
86216
74957
35427
71044
71151
66838
41905
82201
93735
7221
63842
45508
66928
28126
34829
67763
72136
54492
4505
73729
14771
76091
7090
11560
38919
40123
50105
21799
21790
86247
82305
8826
66202
94366
69979
54986
13140
60877
7150
41101
86662
74397
4805
37446
95609
86825
84871
96992
85785
74946
15791
35924
45630
10800
65350
52922
55962
44930
65017
12746
28536
88225
55007
90314
47531
57817
85323
80447
98239
88663
26984
18116
72052
23285
89586
92678
80940
33718
77971
47829
56541
76378
10451
53540
60304
46988
65557
12588
56335
75792
5345
44424
6184
84317
93347
59374
39287
13641
80021
96460
96586
51889
50739
5963
74431
84064
5848
30045
52407
79691
11842
79548
43828
47778
90976
42038
39748
98047
35781
43465
47641
6213
78312
14646
95338
47808
88697
31696
96482
11581
91790
70151
70539
6221
35880
45417
23444
78861
9317
83871
54593
44990
72986
66558
28635
39959
7662
92044
30991
20526
70071
99264
38712
52981
72462
77939
70443
63083
88385
69793
94812
90127
2642
86281
21923
38859
52887
60172
45811
40150
98635
14805
84087
81376
18012
41542
25370
77050
63101
42498
36147
4065
28639
15132
74139
84867
77467
30715
18912
30776
6835
77719
15710
92180
54425
46708
54062
81202
4673
58487
18857
55120
55298
75569
39615
52945
77108
48215
24709
76278
13261
12890
5546
88612
49240
61766
35245
79705
11437
12630
82877
95359
48598
39461
89080
78407
17553
17332
92018
69346
11175
86527
82666
48377
60227
41555
79741
85690
28185
54574
82663
63501
74361
6830
50285
77280
69769
70077
7132
60518
30073
1745
89130
30485
96210
40450
38315
35570
63184
5957
66172
25776
4584
34912
99429
14225
27088
45790
20683
72321
71182
80412
42192
7873
53222
96198
43354
46928
34458
3729
39164
86240
70625
24523
6073
2383
75175
31520
62773
83434
62418
9954
71385
17760
75543
9186
87249
83045
13363
76573
43764
79821
48393
10849
3865
59204
39901
43222
26620
56391
29497
96354
46703
81764
11591
13633
30433
8853
45663
87067
33570
8089
47833
74510
1079
78068
62169
95341
46881
70652
18136
96521
36797
57107
58133
37950
23900
92414
85823
45293
83855
85480
53063
36910
70863
59355
137
61112
172
20658
16223
19177
95971
94837
58588
59849
88501
24293
77719
32479
29755
79718
47442
80506
31530
59445
47299
90919
16735
92655
80199
85064
6475
79908
15195
85663
34625
78449
98572
37901
65193
5164
91847
9890
97784
24178
38314
53220
83190
34666
92959
42436
89913
13873
86335
3780
78411
73158
24257
61991
70989
2383
61154
45075
75783
3121
15217
29254
62565
35850
66589
63161
43269
21947
45403
46070
5929
23690
95468
4791
92381
22809
18108
89569
93128
61893
67396
23653
86770
26566
95707
49035
62525
11403
72457
89712
41606
18338
17851
70859
11680
74377
9394
1552
50154
53071
82791
75910
92379
82739
59723
16550
13961
16701
86086
28379
53485
15997
15354
87673
17236
63222
26357
69977
15544
39504
57071
30050
52319
22463
76445
93935
2180
45411
41694
21142
50345
80280
96799
90419
17792
14832
84042
46027
77246
88493
47262
73982
2647
6663
6977
3014
6942
63208
11500
38720
23669
23962
27519
35201
68563
13312
53300
78036
90846
37500
60201
79295
64548
68024
17390
73686
96364
27616
4231
639
38454
24003
24831
81278
44975
32983
58726
67694
40976
97656
49991
54141
1978
95626
83358
61025
22367
83087
36469
81399
96276
85196
67601
62578
76935
28154
95390
29747
68191
1218
20772
55867
19401
56878
16922
41723
9310
49631
85018
96952
510
82406
58017
10830
43800
94813
48856
98172
19193
99291
15144
38354
23709
17156
85263
28189
10904
67844
65073
37409
7410
16666
78298
39260
64895
65118
15580
18886
39847
33241
21128
63395
19147
27334
78382
28467
20579
81076
35944
27944
41068
36638
31935
94359
94043
53058
94970
32400
86651
78102
54244
23740
41915
71442
66392
83396
31725
96070
60910
10317
89978
44413
7977
62925
12685
90469
77599
53025
51035
67000
92304
12964
65840
10363
19936
67983
57386
10767
80799
36061
85318
14820
41623
14056
43301
46092
63313
23254
19988
94750
13363
45115
83857
21420
91673
61782
71169
82524
96193
20609
29272
58238
95236
68482
62931
1980
26154
94071
82574
53098
35002
6072
85240
41383
44534
22688
32929
67683
77060
98105
35267
34803
52343
85071
98377
30241
48332
56691
5745
33498
67527
47235
82159
67806
10100
1431
6141
77662
45527
86005
11923
2584
38302
60945
58688
305
78469
63984
93026
18219
83350
14901
2657
55409
8127
11119
59627
58369
95291
55675
35800
46469
88737
74844
34633
91743
9722
37304
30351
47172
73576
56933
6040
97274
5714
64736
12876
62862
54577
42385
58180
31991
24166
90416
71601
78980
31425
12371
60113
54248
1005
54398
90129
84132
90228
79585
11389
74864
4618
87486
17329
24960
62945
58653
39855
68383
16093
84553
20722
78129
12460
9028
2455
99161
81260
99882
33917
84101
26617
94013
26063
8136
34085
52583
81967
72569
96799
19031
25552
26745
76433
38213
81928
38782
66020
72486
54662
59532
17293
43091
84522
72647
6023
48625
38459
89942
68834
84551
43861
23049
70835
62597
75575
13119
69255
29117
36609
98943
49112
31066
90898
93115
54620
44971
32301
34791
41463
54613
55258
84593
89071
9493
25700
92118
91116
86430
48897
38443
62212
12084
14131
41170
16450
39344
26799
96468
72759
7316
2840
75078
71679
50714
92108
21217
2909
7572
89622
51145
87840
401
62169
27286
83524
16790
32723
130
52128
56488
22038
43554
51366
31439
5550
50425
75130
55591
39567
20342
23783
64441
94091
11404
37216
33444
29904
37439
73787
67492
37869
44054
49892
78314
42691
27544
70858
93245
32091
61537
7944
22316
25268
30160
56310
48127
60756
29428
44372
67151
20449
87353
85114
45343
11629
4017
86673
27755
3675
21537
97419
66727
2442
68378
38091
11794
86676
19056
59023
33848
25225
82964
32575
66786
85981
58709
77572
37570
8345
53977
70280
45889
76944
43077
70812
79807
27523
35126
25266
34079
67284
43692
1224
40809
10547
45241
28470
53404
80385
50640
87109
30490
7338
11790
96487
34714
63282
47210
48146
34781
88994
31104
83854
27657
68400
75735
17651
35832
94393
28417
79138
67184
48294
37327
81966
95104
64815
57136
53344
4972
46562
7582
15396
74901
19355
6942
14253
19010
34042
5223
67243
28524
81580
92294
87550
33543
51617
56820
79028
58488
38994
85802
80114
40234
74377
8991
19674
50956
32012
21081
8860
95294
44478
91251
65943
59794
16708
74062
67781
1119
51726
15246
46380
12238
96277
59832
93434
48315
24325
43498
5934
11873
3751
76068
58381
50546
842
8646
45245
88655
22452
41546
60937
37331
90625
37422
38819
27007
91338
77095
71124
7843
47551
5198
13857
43150
77870
30966
18233
88500
95136
49189
89029
67361
9037
18968
50826
71670
44586
98171
22203
57317
55639
22008
69655
76043
4384
76343
10664
65803
48177
14951
51308
86332
15549
7256
18045
76567
65724
50086
52562
53574
40151
11004
8994
23726
43918
37993
42359
34530
22067
57156
39876
30473
17612
3308
65957
78003
87071
30502
2865
36742
10735
87780
28909
83057
30723
60677
99687
56650
89081
94689
31526
68578
30118
65338
1628
95718
2917
52667
8122
20819
33319
72001
7643
9549
29044
721
42248
36250
25485
83240
11823
67015
29331
66936
44507
72581
33966
18149
14023
12376
95840
37559
86796
37956
32776
81470
87525
57757
79180
1793
83500
19400
11591
86621
54111
18810
95254
26003
22252
38802
49767
95334
45076
22367
20994
37480
13442
46439
44253
30441
86769
8939
7413
41715
99211
40437
99131
87205
65537
14609
98735
21692
4194
18658
43978
10027
1501
95058
54234
54066
86389
9265
71596
20456
57970
63234
25682
14600
36760
85199
45644
48631
15187
54498
69453
13232
1482
24896
90153
47650
84121
22307
71058
65606
5131
31864
12959
3259
44678
40860
78062
37282
84281
81058
57217
34013
46210
52190
26656
33499
44172
42019
58194
68007
41951
81305
63316
85443
39735
72048
21581
52589
87882
55067
8852
39126
2876
16230
25215
85610
65934
88050
38164
97163
506
36781
68193
7038
53682
4551
18020
45199
44677
46885
91854
78481
4602
44931
88333
68666
88502
31039
43222
33536
61924
29647
67762
54494
60964
34783
60065
27204
14836
97943
71025
68165
15471
76520
4573
9204
88401
83547
31014
33830
5160
2388
31733
79117
96673
35172
99078
81641
5948
36177
17838
13351
8065
444
87310
93558
64121
54034
17355
39143
70443
82052
67575
44826
52078
98092
53383
22585
4398
49382
59287
10314
82067
64806
90191
46889
75147
59095
58014
38751
58620
6435
55952
84732
450
4401
45658
48302
84109
73679
43945
93205
61455
87495
18028
804
29499
52680
21116
91198
8633
34419
18754
87592
59920
62556
2105
15551
23809
56113
22129
80888
60956
90577
57466
31230
98141
12551
17425
74064
26314
49322
18977
54754
73615
78318
74553
87217
75775
72269
86354
55696
78772
75015
49407
75614
10480
80115
86731
37010
80203
10113
96054
30247
72123
1021
65904
31961
67845
7691
54915
17334
87428
39016
69737
60529
52353
94692
13352
23941
26262
80547
66577
3553
40688
27033
63966
7771
5465
99344
86064
87889
52238
8910
45
21491
62650
64330
73551
97368
80857
48342
90962
4186
32689
28691
30120
99659
12650
71551
67316
29449
61372
19322
88958
6060
96271
98387
14765
10953
82679
97377
72362
54545
19960
91358
33454
4953
30595
97634
11803
33236
37795
77036
4402
62344
54272
88297
42584
16769
75852
41817
60290
72236
73761
99666
12829
99789
39209
53050
20740
74824
35393
34623
16626
55931
97476
23881
67610
78333
27866
49258
94060
94028
47861
86650
57203
21167
94044
38660
25460
34555
32268
82352
77583
46775
97641
20672
32906
11789
48327
5431
6841
22674
19866
8489
12820
2126
48207
22683
1037
53556
71954
73066
72000
33994
8190
92505
42986
2556
37090
77240
4295
60048
58973
89814
57452
51588
12848
27089
34739
93339
83621
73409
51718
86070
37107
36851
80984
19631
15290
73808
84435
45864
66128
92859
678
73725
80258
36575
20239
82879
23157
53808
58828
64507
92250
17328
58585
94969
68843
71259
52633
75585
5911
94796
82032
328
75650
17064
41330
5404
63463
877
64324
21011
41441
38881
6002
34658
56788
50025
24529
16165
93090
22789
44270
47915
34125
99867
86756
14330
65827
54941
16399
35763
80357
65133
81026
85722
49457
64239
34197
64509
54099
5412
29166
9691
54595
42150
91001
4051
42347
83927
83820
19403
16490
26746
50070
31732
10915
13549
33335
4584
87748
60847
69896
46493
75601
51211
49778
30514
41317
82612
18108
28477
84213
47204
55119
46593
13074
92200
36511
3351
7885
94331
8605
79446
92447
63587
14598
92567
89988
9400
75566
99951
36553
68148
56100
11515
46430
78134
20481
29261
16777
36517
81569
52009
11541
14460
96594
52383
22340
61240
17234
74928
52939
48690
58112
50257
41061
98982
11661
72537
18765
95651
26958
36957
98326
73973
34624
63274
16376
64440
82653
79668
13828
56117
77000
96292
72646
95175
91817
76759
96404
38004
46625
43382
64261
7035
6284
80748
77179
44305
46967
52542
68852
49751
74754
74445
93552
41425
83311
29085
73441
58221
12263
74067
57364
71103
11766
81403
42083
32250
76668
20548
28238
48155
22094
1322
42453
14522
26119
66253
61586
45123
81315
35703
62705
15324
63530
83896
40604
84995
78051
35845
7105
4122
68270
56189
46151
42506
86849
4401
75206
17803
68656
612
70089
6713
30349
68917
84055
25999
39336
12472
64649
55906
1736
30374
56876
69708
3062
97723
22034
53117
19378
82509
27970
69804
69780
34869
53439
27843
1235
7133
9052
97821
46410
43964
80216
91101
79294
48745
42897
36604
60259
84934
94819
90220
77024
67219
42914
33926
20393
96568
65718
61085
46900
29332
21807
53641
24038
1869
81653
75692
77967
8742
53690
14046
43722
2064
59958
45783
47584
89013
40437
17696
28441
46121
92088
6161
85942
35274
87949
30516
82818
99429
63660
68742
83878
53568
57835
68798
37245
98027
45908
59768
52891
55126
20023
51210
15143
26918
32631
37696
55443
74954
22052
81425
27339
16175
99237
26750
80310
14997
17072
85260
98978
88507
92277
43570
84089
95212
38111
85613
31273
94170
59669
86540
20078
69499
11634
68232
90928
48725
21420
33742
35277
96836
463
40532
12751
8092
24227
33472
25017
52931
23910
15111
21710
69155
94107
58469
53746
55091
49359
75448
35574
31185
80329
20282
74727
28494
35808
67237
64119
99249
2730
26031
50269
82528
46292
94944
75300
33374
47193
45758
38079
59733
32578
40411
44411
4182
80850
45101
41621
55737
1099
44988
10929
15700
73995
28775
3386
31552
35039
8736
60351
35077
72654
11824
15386
53690
21657
426
28143
20371
94428
86401
18270
72628
52557
7529
34323
91468
78822
10295
89764
55071
99308
71965
4819
6970
77366
54802
95897
7756
51863
73168
46467
35032
90574
81569
11494
72991
98136
83525
48645
48837
94132
5004
24696
22596
99612
92001
48684
67812
93428
47627
7831
5436
9044
90529
18796
23455
67070
94361
34902
92555
16117
7287
10373
45768
89014
67743
92350
14063
98192
88401
1150
3397
45245
58244
92113
71315
29589
92950
84230
16693
71975
61247
17061
80896
29398
51387
97168
75471
43615
32811
72407
735
12475
51760
23060
89768
78447
486
4680
12096
78619
49113
30903
28511
5809
3081
62306
61523
3322
47771
12053
21695
42919
47785
26382
6707
38605
32657
85849
47082
47869
44521
48522
4841
46267
85774
13915
13604
58103
31874
64958
51078
56095
83729
47983
10105
56149
10877
11274
86186
38117
3103
56527
87111
65154
76786
50627
94025
18253
80167
35806
28472
95115
43788
44957
65683
45726
5544
71096
37430
5194
53677
86882
30935
96023
94757
88270
95178
49708
6181
63903
94305
50903
45838
21562
59013
19578
27337
1757
62768
51467
48928
19776
72033
39432
48729
10217
38630
84539
44183
10138
50273
27054
2819
14057
59209
18840
44621
84430
21512
21450
21531
97898
22352
33273
27247
25855
85025
67611
45721
64914
51255
91516
46135
90259
40441
66876
89936
30969
73771
88764
71508
66105
99561
7934
53877
2911
95705
98413
88692
34372
72860
5645
73601
71312
37981
64172
74882
24069
72552
5663
81984
50798
65480
25865
90105
44466
26480
10513
31615
98737
34948
81512
6284
51333
67552
1680
72401
88025
9350
28068
25404
40582
63950
17397
40108
20042
86811
96745
51817
97097
53105
87325
33588
83514
16246
3522
64618
88
27525
96885
16045
56929
29870
57769
91568
23054
60974
8063
1418
80892
35654
36303
40920
61513
53096
60387
46775
60705
52429
56992
30906
10198
76119
9822
59495
56052
93085
95987
7507
71767
20249
52948
63367
79870
21134
6689
63252
77641
18759
62165
11864
17664
32129
86503
89455
43242
88208
26065
74891
99825
26255
56941
60295
29268
14682
58518
81785
40673
92281
20835
6390
5368
22862
63477
38525
34435
93297
59515
6305
73843
34655
65798
14391
77762
41365
47523
62927
29045
59200
79736
85512
91292
36730
58627
49874
13580
61640
64101
19300
72726
30910
24808
63709
67743
30432
40160
11051
57622
70370
29202
49385
37622
3911
8623
99725
40392
27367
49692
91429
55632
35019
29471
56645
59213
43906
62691
6009
77004
70745
16924
68442
74463
53677
44055
69743
7676
62703
57597
68301
22089
6718
68261
48435
57534
94312
74400
41315
76069
61851
37593
6196
30109
56489
42831
54492
89754
94288
66596
36671
72060
77804
96211
77631
55688
64730
74806
62019
29175
75517
25575
56173
6678
44718
49126
86620
18558
74538
65293
72910
71802
14007
40705
96115
84964
6922
91578
97277
12084
5301
70455
96608
7150
56322
15360
35257
92943
73075
77283
3908
72107
4498
24567
84697
81039
55491
20914
60949
4848
87922
6365
70294
54957
35214
18575
52680
43232
32672
80833
27269
6261
38325
67194
35796
23692
19536
93325
97540
19315