95528
86979
31516
54846
51354
35885
85026
35477
96869
76535
50810
26466
91442
63123
21730
66007
54560
33993
84079
14857
12131
57224
57754
97803
12122
12128
11402
82254
35696
58128
73969
13071
43304
31208
52380
99567
52717
71106
78077
33823
78839
46378
40134
90551
53422
52564
44018
50528
23766
7080
72584
34945
64612
76776
95803
99519
88367
77153
95168
96804
95876
96913
10190
72366
99757
22674
3588
41230
15193
54919
4636
78966
32048
80685
56040
18477
46949
59293
5209
72949
12882
32005
52085
55543
44351
63362
82048
24414
2416
81017
89040
78361
85834
39551
12512
11437
18589
52647
3385
25678
61858
81306
26056
1591
27392
72816
60844
36256
10747
31823
80291
68518
95679
76400
35502
92982
96790
9048
76327
79591
54519
848
56145
73748
63906
33842
82902
30204
87974
59569
74982
49621
25539
22775
10588
98957
92914
1531
12767
78123
70753
40126
73288
74012
6089
59728
912
24270
40492
83861
1509
1422
42939
64214
23681
88127
84977
98959
5710
49883
81337
11100
74162
91135
24557
37140
70890
38088
72528
94908
72548
89674
70283
57189
17419
45908
18233
97415
93372
1693
52707
19381
30912
36969
5362
41342
27594
29770
91258
44395
1498
84968
34577
63063
23609
23903
76167
20084
42148
97825
72932
82845
54268
28596
81644
68031
81511
72324
71394
78110
34482
81843
36225
10789
77135
71219
15040
67892
29904
62910
61115
25491
44465
92436
14583
62358
98152
87290
1415
34861
13075
54569
39373
62341
21771
10100
50914
85443
50184
30971
86583
56948
94673
30381
22232
5265
31578
52274
34347
30827
92667
92546
34189
17326
7022
84900
63554
15057
90831
75141
9052
94816
62056
53338
7191
70753
43791
17245
53928
23913
51040
17887
59088
41650
72351
28949
11871
91753
9428
81632
34261
37431
71592
93663
98411
16235
94293
38622
10695
71013
29174
97313
82574
33464
62021
43419
64300
99696
70528
88923
33179
24788
96408
98512
56536
9835
28002
64050
79755
33651
86976
60070
7826
89454
45155
76147
75110
29750
27658
95803
65388
19695
28122
92890
6808
43144
75645
3719
78172
95255
56819
7843
58821
91043
96985
69316
62057
74482
25557
99042
65941
93104
92872
4523
87937
85226
9811
23036
40510
26480
17480
17558
77686
77030
52686
39874
69449
57589
89624
90494
13620
21851
72459
1308
82929
51758
77844
12045
36332
34754
7352
37397
57421
75907
60256
81005
58206
93304
3918
64521
98269
97225
7434
44494
96878
73922
33603
32817
74744
78553
75494
20064
53325
93859
41876
90561
8272
63124
83265
21463
68594
35641
28188
88178
50181
48660
41283
86227
59565
5956
51523
27815
51179
51174
82368
84014
75073
95192
20885
71709
5914
59945
70401
13588
70566
89318
79212
47689
54433
83268
91422
76328
23998
39490
94605
39242
2235
28826
36090
86369
15827
2986
51265
95690
3448
56730
50060
89576
11552
19478
91698
12810
68426
4722
38674
53763
87203
63907
31431
89815
67849
86689
46067
20510
25495
59540
21620
36303
54084
68616
96978
65553
84630
2097
87867
34597
12701
99575
30747
34693
31059
23394
60972
11033
29829
4430
29776
34519
14719
63846
34626
14838
28255
49811
61113
18302
39631
62686
16963
62595
88193
61577
80866
60624
51038
77773
13343
37305
52012
88390
40477
96146
44075
68183
16501
88690
5148
77964
48623
32864
96518
27033
3659
8115
11220
47679
27751
58107
14333
9528
75282
45407
8012
39373
36389
20301
19052
72539
60917
86904
54929
81992
40444
40342
93053
98648
92475
40555
82779
93200
94455
68466
60441
43124
5863
15616
68253
76921
23500
95712
69915
1708
62970
7398
29037
84411
76218
99002
23324
19833
51810
88559
55735
24802
44563
71163
11447
84123
24158
41255
95668
73801
33933
62114
47505
19294
15153
59867
39080
97100
62924
4316
87757
78200
46125
77289
21212
62217
60765
16276
16924
85298
75489
30412
62986
30161
57122
97766
57379
11118
2565
9140
70140
49974
10067
13780
48433
89634
14096
59980
21272
36122
47885
90696
34757
55261
44643
14158
93752
73446
77332
43292
3541
6806
98562
10618
95588
43198
75731
29894
24301
93228
81421
52231
6763
98996
49734
11739
18543
44735
33902
34028
26627
97065
95443
45772
14925
20046
59551
8960
20128
73031
13926
30142
88615
72690
95637
90569
85611
22118
96513
93695
84953
13104
97420
69588
42640
92694
6261
69464
42821
88954
24717
98686
38351
4720
25311
39180
54028
65047
52100
23168
92591
435
44523
19137
75836
55607
10415
37997
14256
15628
3473
4683
69603
61853
2846
87550
94234
20799
72656
16912
93103
16931
50979
11617
68887
86349
66318
94889
17261
75665
36677
10004
99626
71378
1723
70511
86122
2281
903
62215
87258
2795
39376
87071
53170
34182
15142
23341
3855
47039
19236
87769
48126
93260
32959
62076
56505
47829
27846
29514
11987
33014
81462
8383
4883
44401
36327
49590
67281
49580
65221
3856
33733
5369
19751
2461
34286
28361
9149
25025
80831
46304
82034
62916
49296
97957
19097
76719
94885
70790
45137
35308
24978
96590
69686
96275
23347
78207
16469
39768
33425
27299
64613
48595
26120
658
68861
63093
64361
51480
18591
90194
42578
67340
6235
99749
88791
32566
75158
61212
9892
66046
65313
90349
27949
62506
28690
65393
30422
31108
51866
58772
2254
50330
37289
34769
36647
44000
8665
6710
76949
71566
73360
20394
11640
61237
22779
89943
35633
78304
51770
40983
36195
53606
5500
66720
79220
87074
46116
23599
18022
57972
31129
25292
53610
10602
53604
39470
68994
11185
81518
10768
50661
87692
73742
50081
65678
3176
2349
30481
53327
55181
33908
19340
87826
9940
27442
25944
65520
15641
60501
76112
95012
77249
39010
48449
95647
10253
32286
57540
77774
65261
85556
66499
10562
70549
82678
87875
34768
57042
22229
46116
46031
27499
34432
81107
58484
30841
12672
72459
30078
24911
3093
52198
9026
41790
62823
99527
56702
17858
31963
9293
58530
91811
79533
4098
82609
20666
74595
65138
43786
77938
3913
74371
82005
70246
28643
58979
49057
6205
24435
57188
61922
58108
18371
17283
95151
6023
86880
78960
62366
79394
63144
48188
35568
42252
81827
29184
13755
55527
52202
88164
87884
28939
58217
55551
85559
62900
38950
40972
92316
98354
29316
20841
33754
16322
42158
76135
65951
27352
62834
91338
21017
21588
36477
18476
3609
66437
49423
74349
96590
30263
82178
21827
74222
96051
4933
13540
95916
72631
93406
53180
24722
15779
8656
60215
42055
83537
39897
16629
89465
8407
95962
4986
98787
52323
42464
15503
87872
66072
54446
31398
65143
9365
98869
80356
18916
84662
3892
99509
91911
64803
98078
97783
39925
12081
83395
7986
85570
40503
2437
74326
99916
6519
11607
6034
6210
20295
55879
16297
54407
38978
13259
244
71217
16015
14046
22463
56085
92202
74920
22686
39250
11954
2357
54057
86795
45750
75299
9051
50344
66980
86130
45048
32933
23792
24383
22796
65572
83313
32506
84726
42789
77200
64507
33541
81561
46540
9505
70110
67086
5942
20821
1029
81751
76501
89192
844
45496
72231
48783
95190
24707
34970
49618
72853
570
51165
80231
79395
17667
38307
38628
23807
95255
2406
42670
23562
59858
35117
32476
36291
5058
41483
31498
32775
31792
21500
72791
81548
37639
75077
53222
5809
60206
50922
44006
85895
19401
40712
70408
16320
88860
66667
71389
87811
13440
82465
19680
53853
54204
19264
90443
76370
96080
45900
19320
65211
35894
48726
91548
1676
86689
97044
33133
37748
8970
80709
31349
27875
64538
61631
72260
5703
38488
38906
15957
66342
5573
26825
69508
15598
70166
80651
34004
45058
61837
23077
6898
53941
93191
11940
96172
90602
76596
27773
18637
3892
34928
23847
74959
6046
58700
55470
54821
78550
83191
80522
45028
19795
24369
20325
47687
87558
9321
1163
34078
18050
722
92493
17726
38170
34262
84524
97772
82600
11408
67419
2776
74228
93780
45726
61558
28775
88102
44275
18704
8816
98320
13077
94023
58925
28946
47011
85201
35793
29484
93735
14086
4168
72960
1572
52193
6561
75528
75262
98122
65066
46936
87572
94645
68960
37400
87281
29411
98838
46123
22814
8202
12750
75590
69128
5882
86784
36380
82090
96171
58237
42974
28967
13279
88030
38373
98491
34766
41644
79473
78326
99144
88225
99845
50405
86490
55565
18166
59326
3679
42639
2697
95538
65501
38520
79777
63666
58580
61699
26124
18609
33566
19016
94471
79383
84363
92591
30697
47762
83685
2180
62944
54268
51407
45077
44861
57163
99719
4934
22637
93673
26537
85681
35341
151
17494
50871
95426
63331
71483
54670
19303
52282
60315
8096
5816
59160
99504
42440
89637
22205
83484
42326
16372
54705
47269
75879
81831
106
37173
83337
6673
86369
77560
61616
49272
21561
97217
44522
42881
47060
40317
96174
73991
21780
82758
72927
92514
87828
99799
59000
36117
94818
65754
68392
55349
80668
39464
34958
14848
88104
3943
84418
14871
93816
54584
12235
72376
93727
96306
29819
27171
53593
71817
56867
8448
58908
5863
58451
80479
30081
30811
88129
8865
72453
43493
98420
75358
82911
69237
48028
63446
26841
65260
18274
53400
8536
97463
94290
11662
98339
26336
83325
21942
92587
64916
63118
72157
31384
90713
3973
41446
82338
660
30313
42876
34923
59815
40294
28874
69256
59363
63551
64961
7762
67440
42725
23660
35254
37331
59996
68331
48338
3333
15375
21211
25243
44740
9838
40357
62830
90578
19069
36112
21785
72246
84766
91856
64542
59298
75868
58693
65323
90155
70889
62094
34199
25065
347
49418
85435
98511
27743
10858
65909
78799
373
7694
22337
73498
85717
40041
7096
18335
62255
23424
13818
72145
62148
3276
99997
28929
47500
52126
55076
775
22063
14245
48270
98539
24209
27315
93931
33630
12799
24380
37035
45339
79013
75891
62745
37816
56540
31291
11539
59997
32283
19621
9111
83010
95129
77123
61103
22380
32206
71618
82002
77470
79585
28902
99515
53356
30576
67960
17527
67382
56810
40463
89977
29038
9205
95377
50819
73365
31275
45665
98865
54836
55431
11088
85272
54346
59991
88179
56896
89046
59878
12672
78557
73922
51808
39378
20587
7049
38452
37116
12805
83079
21994
72633
9020
71489
41160
85025
4447
30397
92829
20306
89113
78972
71709
75344
64353
60426
4629
32455
27792
73483
2511
92228
11095
18664
18822
37198
46770
92453
71646
30366
94646
45874
92349
94958
83141
96957
38878
44587
44418
48390
80118
61430
4303
48937
38409
61487
69349
79044
63699
71328
94837
14529
38873
20318
71700
47029
35863
22057
45738
54291
33525
8398
66215
14834
77749
2323
15677
86358
89460
82972
50948
61273
69446
62244
77314
61732
82751
74629
10525
68753
14008
40699
75673
76999
44090
30203
35469
90429
56921
86238
58344
78464
98155
56556
7657
36275
37524
35461
48085
97012
38625
25143
58760
55705
55423
72975
51494
89215
39096
50066
93182
19843
99779
60587
60287
82908
83871
59891
94532
83469
49703
29165
46805
86806
25874
87463
27640
69398
73497
42519
4240
19718
61740
3078
67707
67756
68424
78200
8834
30833
4070
20916
18132
88993
58076
78193
30204
81867
57802
51551
74451
68205
18452
53380
99979
54918
36975
48551
41858
48837
67717
21175
89465
14201
92069
35436
53444
19317
77266
56853
13108
93731
6322
95298
60623
41094
81798
14396
26995
96505
96533
9342
71632
97593
79956
41362
33486
29867
25495
73456
12083
98179
78405
43300
82155
39194
99044
81931
85259
87953
89784
43894
98173
5879
83802
77075
58164
60090
90310
53578
35747
6542
60944
78231
83502
69445
81103
83929
14701
60420
18172
584
11586
95839
19793
16683
86183
61592
63035
95952
36835
98392
41820
25217
60119
57659
88876
60382
4547
84895
55078
30057
47335
54771
95500
15375
73113
57646
99283
55487
85589
4800
43481
26640
36864
48770
90756
23245
87469
69136
83934
39395
87310
62285
3746
73079
53456
70497
25122
84379
15363
7891
2565
66088
22483
40792
12590
17599
21905
86760
46684
10346
23826
40868
39504
56429
27156
12036
66267
85725
19098
58714
42390
66530
4090
281
7472
46858
35152
42018
55677
47082
60597
10658
82559
63300
42551
13854
14863
1031
21694
49384
86750
98057
5348
50273
55160
12263
85024
78548
93300
74874
21498
7411
59054
16395
25857
12508
316
63332
83098
59835
59091
39722
5373
77337
33126
38073
8548
73828
59605
85258
85232
93990
38123
51777
59657
36487
2225
38787
64887
86947
33943
5160
64292
93720
43187
16540
25280
86216
95677
62808
40636
85596
39977
46618
80975
24965
10686
8899
41819
10057
41737
44449
44639
75321
33084
92426
25217
92241
84892
93898
54700
65672
33608
9375
65756
66200
8989
71567
9420
41727
13200
44220
33783
42866
61613
62713
39881
7958
23505
17245
26878
54558
40916
57920
37376
23647
82078
43366
44310
94195
24907
7145
68884
82770
9652
57379
3095
76640
19941
60334
32578
82634
59784
97736
11191
40055
4490
12173
77162
68787
79729
19321
18996
37850
14340
87383
15784
21609
37232
28226
80868
9791
22306
7998
59767
65964
24630
48526
58773
77662
80417
91703
72031
34622
24902
50714
92140
94921
37267
93245
55791
17640
80371
49549
40890
21538
14877
55277
95111
70716
68027
38233
76542
63020
99879
22064
19015
72405
77354
52426
71331
55019
73927
16046
79934
87112
99581
61308
33988
82034
77675
87931
93763
8198
30479
63988
8206
20733
13570
19153
57375
76303
70394
90278
70810
5004
6537
18605
64770
24331
49774
26345
743
76633
22718
40104
22136
37765
89396
49694
75946
28294
37202
82488
56613
92005
29728
10288
94882
70843
30065
58261
32961
27643
44519
48390
55312
29650
40155
31419
98092
24007
9330
44326
68263
77448
10319
37744
21268
6516
5379
43922
33818
20446
78662
28831
40480
45227
6903
92544
43727
90888
37870
51816
18173
18337
8218
97870
96119
18963
46008
30861
9675
22544
52615
13452
97828
93294
44029
99807
97446
76026
32653
64598
28374
7971
57209
2382
71739
52950
50345
25942
6274
26075
21910
27427
85080
61340
94592
99151
36557
39245
48600
77168
69670
64465
22763
10983
67317
95277
25620
79819
14651
1705
86078
36004
48868
37133
73974
29686
18207
40202
307
51210
77290
8816
89579
46735
20110
2437
9334
61697
9382
34236
32729
20834
79925
43471
62780
85920
98132
85715
38268
11577
12340
32715
81761
9010
51076
2646
22127
89470
52763
94049
62030
60166
69183
63842
48865
1891
88772
13406
34958
48167
71919
10891
51520
91498
44050
37415
27776
65040
15634
41546
25602
57525
46460
17271
44575
8378
12955
63678
19912
8781
4313
12718
81344
69682
26755
42198
12986
27258
73129
49186
10907
2085
71368
93017
44853
52718
94379
90731
50493
52576
98055
54603
68642
45117
77823
16196
8664
58761
44637
30339
75162
26538
32317
98094
45929
45241
62324
83218
95121
94502
93754
60380
2787
82158
67873
76556
96794
48761
26285
96433
42061
66575
94634
66847
70443
52769
8878
73149
26229
21791
42338
47625
55568
1961
72444
79139
76380
33318
84153
85781
96902
33268
62468
97972
2323
9566
1920
64807
3033
25529
78881
359
59351
79785
48580
81481
50301
87067
87290
90819
71292
22214
10506
30888
32743
90944
91740
36116
30541
97118
98921
58736
93320
97110
55010
54985
40981
24191
33698
80819
35336
64068
56208
88247
31486
35495
68356
33035
97305
8991
39520
61185
15288
19326
2431
65166
27756
51051
51233
19698
82471
13905
24890
35350
10071
34934
59204
54128
52895
80483
1963
89547
64797
40217
1679
87103
82539
52246
1168
87269
60653
82514
14465
75140
75944
85711
11194
25577
32478
50880
4721
78332
69609
46749
89916
43017
60481
49598
55655
86516
65122
87946
74125
55964
88658
18280
44278
92716
8131
15917
36241
84308
99897
48861
61829
16417
78165
99881
63343
8465
33672
29988
179
34957
15527
98608
34016
58215
67351
76777
40665
18666
56137
20016
35058
26919
91783
66345
62819
87708
81955
84155
20884
36743
46756
23034
84475
37749
63307
22031
69661
43514
69206
91739
94623
16008
52050
1791
82109
37604
78807
26676
14562
52809
43506
17946
78533
77891
90150
94446
65157
3071
56393
34683
20170
8071
34599
81107
69647
20837
62968
71447
91413
95103
66460
74252
49766
66511
51641
38033
51796
99718
97100
80049
65288
48624
60190
14172
89508
38188
81476
66786
37807
81493
66758
68110
34133
69046
19536
65554
82554
98080
57633
80665
2585
36583
11292
1207
2465
54463
59067
56824
45126
73580
96445
26144
99320
27619
73591
73053
35343
46797
98876
76452
85870
10132
25085
16679
93834
21981
14711
5047
5658
80762
65564
49029
49103
55001
21738
24431
78802
16271
98834
6953
63420
82822
40318
10934
44642
92342
43586
20873
79181
31027
69365
12275
68412
40098
47569
75224
66384
74411
96377
29138
23699
79623
58114
1351
31467
22877
8496
41158
73717
46811
56302
30653
29174
35792
76852
15906
11263
296
54974
86527
97027
25856
20345
39836
92782
84107
90059
83118
33557
64394
41746
82339
13206
33300
61557
43924
79512
93086
80485
99190
41173
60596
20035
9890
19229
75323
70267
3209
3284
15836
11177
7206
84379
51227
39314
59216
91170
15672
48810
36026
39149
68051
9872
41137
63559
5686
70329
3593
37846
82370
6406
45534
4987
14627
33120
14799
79289
14341
44103
69064
89620
92665
4306
66005
52228
46762
36551
67819
6017
91304
37410
38676
4408
34194
77684
36875
11289
91018
64095
52718
78559
7242
35121
11702
53790
39826
13429
83153
89815
45082
58129
84729
15683
85485
50933
20664
6103
19077
71023
13323
92440
3432
44373
13299
20469
8449
95227
69906
53167
41117
43011
47522
85949
7527
20898
67705
48600
33238
19659
78386
16567
20990
58391
76158
18203
76880
66325
8437
40461
22947
53145
81155
59039
86949
55522
92356
33984
64987
32901
42766
42703
54757
33482
5369
50639
70990
81850
44590
50752
90612
43433
36271
65361
82723
95133
88247
18211
78993
66872
38451
4832
1550
34109
871
63631
11566
49437
78867
36487
66192
83516
78268
95942
60477
82982
8007
86304
61874
82220
91730
8892
12239
22114
19100
39810
37359
86211
7726
61759
73116
90453
53694
59927
27047
17245
91445
58313
96619
12647
66033
50654
64392
27613
73710
10284
57355
58202
81349
52913
9151
45487
31734
229
69035
58071
91365
97086
62624
50688
89964
72688
61826
95085
32517
48294
65999
1032
96031
17044
28256
2387
63487
33299
2631
74341
36393
83120
81225
57571
18508
19635
21826
20344
63769
5502
20688
42931
75363
97341
88103
50247
14870
35954
950
25855
93778
3522
70132
37541
28965
2535
63143
56752
98418
60607
51776
90371
44863
39342
86657
5320
33389
81553
56427
63453
51295
83141
24268
49548
51938
98549
68077
26405
56359
30294
73970
4129
48792
41036
44104
4696
62825
18057
63833
57662
88895
41283
53280
53951
45280
25555
24189
45040
6500
31300
89817
12907
94195
83300
66031
34751
46380
86628
9755
5848
9307
64672
64975
90113
21107
9684
6912
91439
22325
93803
3569
80036
48853
20304
22666
52470
46923
54213
30775
6997
27800
63753
77194
42294
61419
12878
14984
16637
74985
66073
94558
50099
60384
85183
51732
99483
37875
22148
59755
19845
92030
86245
15747
31518
89063
28642
45672
64403
6674
49210
61928
86258
87664
99394
48495
85604
80436
82561
35839
22836
45761
28410
15041
78323
82880
84375
54330
53946
40866
12534
88347
32681
63937
22652
73020
95726
85121
62861
5605
30424
47086
3923
77000
25642
71910
38464
86357
28165
95209
19309
98721
76901
22762
61789
71860
61960
99636
363
12725
16779
44940
15748
15263
91237
5469
15058
66622
49384
36423
49649
44297
7389
22876
30142
64593
6776
8003
91485
7196
66587
73470
9836
23332
92518
49321
12705
16625
95574
25254
69869
43802
7331
35794
98770
28570
46331
98937
4085
64699
41573
86494
27255
84102
84942
41333
56137
61402
66141
8052
31110
22173
62791
96727
22946
11426
89132
94052
41937
18632
69603
75581
58085
68670
80693
19308
38238
63912
20247
29618
95230
49529
97148
42744
42547
95897
88588
83053
87919
72698
71865
20765
48259
57361
55255
71568
581
53034
95916
37063
24554
10518
66722
75419
985
15053
50367
15769
73975
74204
48936
38335
94305
33456
27114
73341
12771
93769
94693
41230
59803
92738
94212
19903
75432
38296
13025
82053
91792
11394
65257
5437
90117
50315
96072
97798
39294
45240
55705
76463
56882
61439
19044
10964
62724
97680
71972
42889
47580
93867
23560
85242
87744
5899
19147
57442
53975
6864
41915
8483
46487
26177
21618
69860
98077
81710
90287
98387
63219
3299
47537
75001
47529
71201
39833
3355
47957
11859
17132
77621
11291
44024
51604
40470
16570
92210
15731
28892
40999
78717
20968
99780
44749
57906
80174
85629
47869
53121
6293
93502
70890
75181
76755
22153
19055
34425
27374
7725
99408
19175
18088
27255
76460
28533
20473
50310
46633
58980
11247
76098
8119
23642
55903
74174
68914
83688
97875
43938
79663
27162
51694
10978
39663
74768
29658
34193
5906
46442
36887
86415
13456
35883
17742
57359
84241
18681
82309
64398
35624
37014
61039
93753
5773
487
242
65086
3238
56766
90214
74436
26426
37024
59170
58818
64732
51495
1369
6747
7546
40289
36541
34898
87092
58404
52941
23624
55
52407
42322
52526
59345
55281
33257
38354
10588
91422
54833
20845
12889
73643
21544
60906
97259
13947
51916
37040
98445
90193
68848
34383
34912
16100
35279
20833
46987
40650
34965
35313
1868
54121
770
91007
53354
51825
93070
7239
83012
41745
39545
77430
2005
88228
36650
91817
73459
87896
83101
80950
26425
42108
65452
30290
27898
57798
16039
48402
11204
30049
78959
93740
92129
28023
37959
84365
4327
68531
49667
45994
43851
65083
39100
91978
50804
7793
81528
53709
8630
62414
98650
47567
33475
58874
87620
76867
34397
55297
90804
76199
72321
59268
45661
59202
47923
56691
50493
42246
5430
26908
86968
1180
17742
15167
6151
8343
2150
58720
50352
59233
59922
53294
6575
61071
5159
17134
29798
57558
14823
36406
96385
95636
56212
21515
99779
33972
72129
87560
89447
39871
49201
72602
91680
34288
64509
23207
1300
41925
94781
14954
30659
3901
56309
50406
48426
13442
82838
19355
93536
73630
40362
62320
2168
92499
4914
44244
97884
29136
10429
81493
38355
81493
69182
13953
96473
41917
66716
35308
88815
59549
13445
10441
49570
1061
68537
8302
8054
98576
83883
60846
16937
86420
82311
17461
55892
97270
61254
92549
34087
92343
97045
11333
89973
35967
69480
34567
23988
55745
75524
1281
15047
10475
13048
25194
40946
64873
48166
50254
25597
83865
39571
25944
71844
14660
72609
9619
5841
97155
77532
26062
68174
41127
43581
17443
17233
73800
11627
97622
68862
30007
68996
83271
89379
67696
715
27628
82618
25719
25797
37601
69086
47428
4066
47043
88232
18020
19462
2179
4516
75141
97058
48167
26203
26753
21338
85971
52934
38626
94032
21191
48743
63785
84877
91464
45245
85788
69527
99863
8689
2242
94975
36917
97277
99977
8681
95267
15342
84756
5065
62524
75778
96137
76862
83516
82776
25426
88116
2135
29795
11317
97273
3990
32756
71601
35976
21096
28520
41842
5258
40273
66543
83793
12135
18474
22112
55299
25214
47882
59579
96387
44470
91852
38339
56160
76749
89983
80897
53846
72189
34131
90256
33439
75658
86148
35777
60048
88894
16256
42338
17020
37016
75261
44399
56693
37140
13918
21726
87544
60393
38806
60600
99597
7207
66110
91805
85550
11625
52172
97761
40398
40027
1584
40387
34618
30650
63985
30162
8982
60175
42210
21797
12268
15434
52135
55236
34480
59459
86927
57316
85813
3115
20623
92339
45402
25640
61794
73843
16376
78221
42074
80082
18389
20862
66771
71247
52828
96959
87990
94004
78566
5839
60513
38133
83455
79664
70048
80140
24826
68950
89621
27204
22462
25776
55099
60969
22995
29685
64522
21152
28295
86561
47154
53574
10054
64703
84218
21287
18762
53320
34384
38070
22392
64396
42785
58579
58279
94599
69884
66608
86179
24911
26221
73061
62771
20383
94309
1572
84415
17059
13478
31139
96008
56220
14811
59620
18782
38908
31635
81226
21238
94643
23652
84921
47221
81478
25179
43896
37591
53342
42544
55812
26340
55617
25241
29115
9550
59469
23853
34679
15083
86083
58255
62809
33363
41970
79273
89756
52079
86167
35882
51517
55762
31136
19974
59886
34974
8349
138
72626
61893
72163
14523
62701
90023
61746
48068
44838
24799
80197
44348
1695
6118
80103
13108
19716
96313
75488
97869
30952
37755
72424
18800
66605
18744
70246
97775
75842
34452
84292
34356
47597
83174
25159
70135
71266
31572
51771
21763
24456
38840
64429
34980
82866
60178
83926
67680
47829
15357
31028
79039
58760
33592
76540
52708
18877
79510
74389
1941
90869
29345
5770
18063
46675
24384
14189
7644
93170
57380
87841
68029
87351
18277
76971
61114
65383
54241
93552
45538
31345
10100
70151
91078
77380
22884
57298
50747
51416
3790
73585
62976
660
67658
7784
45447
60628
44157
79291
82957
14569
53103
54973
65863
68077
27973
45256
6492
15875
78431
33478
91115
62318
8620
38990
69909
3391
48330
70987
24752
38045
17751
84306
69448
42587
2551
22401
50212
51552
60820
77387
43301
27837
50403
7375
26602
97658
87757
19678
91306
62162
47947
69400
22303
47253
6006
44826
73931
81636
40954
25415
38668
88055
42589
39793
73737
28906
65502
9895
38631
30947
9289
72045
96321
24896
10873
61215
93731
57199
19745
59352
55719
94971
64226
75124
69488
82398
2462
3289
19141
85828
19630
19168
39293
11861
94522
21696
18145
54422
58422
95792
64280
86960
9673
3982
62856
13766
44977
43386
6755
50537
7592
71876
96547
98943
63600
86245
85022
31127
70418
62327
92993
85900
90147
84558
13429
96728
58317
91741
72247
81357
32412
42936
69423
81622
78240
89824
91160
63049
79518
88918
49345
78664
41457
27181
91794
45888
36281
20035
60157
64924
89604
56755
39716
2511
27721
29394
70700
85495
19883
71569
55731
61101
51426
13278
8019
35924
28396
11078
3431
92728
51463
82654
73406
87917
70405
11349
9037
83305
1139
6831
49790
40370
35983
59678
65936
86279
73345
47683
64888
55331
69639
11404
72746
6349
90142
54273
46197
49384
16258
8058
86651
47913
80663
38208
47268
65557
1669
66193
42141
40380
13714
81772
92006
97786
87529
69094
35846
82529
26796
75940
31042
98592
11548
6664
17599
6953
83766
59256
33060
67269
52895
96820
75694
32456
82906
20436
41533
2158
40337
90700
15588
12483
50136
55950
12807
46917
35698
89244
96152
10718
41454
30334
64878
53747
93466
97514
28500
14433
75145
27221
88270
64993
41809
46511
80455
52078
18288
35052
73478
18909
24461
55035
36848
74753
2496
93471
30644
55573
93563
12527
45908
34252
81037
6697
3776
73047
74995
83049
28458
25182
74426
28105
83578
2759
17143
1802
87485
83088
40285
12579
1178
83220
62024
52947
61607
55049
12037
54394
29359
29896
96353
89167
13737
27498
74130
78480
82464
56772
13570
28137
83972
48568
25483
28265
92559
92471
97874
83324
55058
51512
8001
85728
57413
73193
19685
85466
88850
86349
99320
94535
79771
7574
43568
22514
69166
83845
15294
99797
63227
39401
44664
10854
51992
66479
83141
8125
51936
16082
9537
73166
14180
82948
33912
42193
22770
75432
87850
41188
50137
24795
48783
15306
70093
27957
58512
75208
46416
25767
97902
18920
63227
78212
43616
49459
61237
97164
50331
79085
80202
97372
10920
89431
35716
1939
33392
41099
13112
858
51591
30909
9197
30629
87418
40569
85654
68353
23363
25568
86025
65626
762
46275
99875
18635
95160
71835
40205
77957
68912
50518
42242
83077
97287
28916
1596
57925
97126
12820
33244
74033
78193
37943
82038
89905
70837
32316
40477
79615
51496
83380
96061
43037
710
43144
59023
79237
24620
71729
46219
16452
52816
63853
63047
97991
62059
95750
80377
29140
71822
17790
47818
22692
16557
39342
42208
2338
17276
57739
23000
16380
9029
13924
5311
46217
24989
61414
84270
5769
89407
77631
56842
50506
82505
52955
52748
56001
56368
30062
63138
73497
98172
57358
92716
25069
62575
3254
78100
88870
15993
87784
77277
5165
2364
4267
14904
65388
42266
83782
86970
35386
71239
31128
31140
9817
9857
27752
53984
42818
96737
73758
76245
17489
11710
24788
24745
98797
43493
13596
5747
3754
85906
65237
34669
61857
96048
67248
97808
51276
53948
42872
66395
12178
188
14066
81082
87270
53041
33829
63524
57624
68621
70148
81751
93653
71367
770
68245
82225
98300
84215
42386
8326
83368
9714
54518
19091
2720
40416
67333
81001
58419
47131
68773
55541
43897
29855
24251
37933
52654
23615
58097
75725
2857
73761
90989
32822
21747
39478
10409
2775
98750
36304
92574
47636
75369
1910
75900
76028
13048
9262
21460
49139
6773
23094
65135
3440
68223
11700
34644
21870
76488
3201
56522
63979
16182
78203
50472
97316
82138
33393
87553
88816
91807
37794
96667
89365
80923
54339
47102
93859
49788
17612
42622
82394
85128
59027
70354
16209
42315
53691
78008
64744
34915
60510
16928
75557
95430
42124
44532
42872
10772
57548
12638
68591
33299
716
26961
79060
29128
43170
27964
37881
67601
49277
50228
6175
90706
9426
14704
82922
55879
87094
21733
69961
97760
54490
75006
17958
93875
86195
11236
63921
41350
73040
43897
72153
33492
28573
60173
96753
29117
4880
25146
67308
92783
79915
47465
64410
86681
97407
64872
25597
88190
30409
81909
13174
22801
11934
74891
69348
56616
55581
55131
62778
12307
29321
62010
6430
89404
61043
86049
26464
12054
78837
54563
61932
48648
36770
34908
16265
42407
85123
74087
76195
88306
20538
40431
13504
95992
75457
26264
68115
26975
25282
99064
3386
40291
91403
71296
37937
34472
66309
20570
17597
97358
92649
89907
74695
36745
6326
19000
79983
41985
67593
26593
16985
22120
4490
18839
32146
87699
56988
89905
49487
22489
98874
7503
54544
44096
92853
39600
54771
90584
55637
96345
74892
60769
16013
15235
97851
74585
73118
58115
52063
12212
57691
76766
73719
57828
64309
35580
41991
91086
35142
81338
26495
5907
6057
40463
92637
14424
68840
96205
98885
48959
874
60177
91118
84477
3460
84380
28282
16947
79751
5743
75441
45123
10320
54569
11099
42401
85750
16392
90109
36202
74924
86742
8640
4730
54090
10897
63939
1480
62471
62338
25292
96130
67686
630
78902
60561
50314
16516
95801
59554
45077
96802
91905
26681
98828
8612
75007
76012
12230
20361
11162
99036
28797
98450
51219
72462
76026
25104
30585
7621
36407
54218
54909
45526
7867
76002
3143
84968
64946
70651
26214
19571
51194
82618
50101
81607
10434
45074
35737
78669
10309
94906
75060
3351
97707
85733
46763
6781
18019
72792
35832
49644
1845
47902
92833
90338
54471
54316
28853
78454
64847
78842
89119
57359
8546
49689
31876
7770
74381
8438
36545
44830
37169
93775
93155
18123
89658
77780
46628
82645
10771
7493
6946
6226
39808
24931
26465
81396
41264
94191
2421
76307
70402
18850
99132
20670
13753
50403
65879
98267
82154
21494
92929
44360
72271
75763
53011
55931
67509
27040
81197
46543
62581
45796
41659
10829
49478
41996
50833
65736
6494
76478
70128
11438
53520
72611
93256
63924
30824
15810
70966
64397
78237
83348
71401
43876
19500
76734
70117
11149
33446
77008
18310
19233
11911
78650
28000
79445
39861
89475
12615
32886
55799
65511
83163
8347
59371
35828
90314
17862
45444
61654
39008
68343
39681
71996
62537
66455
488
42394
84973
83330
72838
11216
38854
98489
47963
95763
23136
8276
76984
17019
98039
68116
12219
55934
95590
96585
62634
45003
18324
84244
49146
39728
91283
74075
60167
46985
46919
93702
58499
87171
14806
20043
43318
61460
48708
85804
79292
11902
66569
41011
45240
40090
67809
11737
49584
25629
3017
21154
11299
73797
7159
21026
22563
3349
47677
59452
21275
28006
42517
60608
86321
55512
17467
19020
63319
12872
2140
94022
99792
77628
49883
36398
80412
26725
48304
8830
7860
18534
5948
95482
9026
93159
97351
73878
69671
90655
39428
25664
15063
14755
26160
47332
94751
54523
32297
22310
68047
81693
46235
26271
10020
44192
98374
13878
61198
10155
64371
61855
9702
18963
33902
24521
69286
76561
35246
99299
73671
44211
85278
25370
47436
36424
23771
93902
22554
7589
47304
10043
76363
24066
90239
24630
96999
9142
87050
99272
7046
94436
84796
70303
68514
41531
5915
11469
2164
39310
99230
45616
6624
64507
24098
54621
14590
64055
93387
23917
41690
90395
13849
66444
96218
82785
93353
76393
88065
46982
63679
92412
71480
29520
33558
7915
29076
25845
89629
38807
44893
4360
41103
72899
344
76815
13420
59263
22759
6827
71550
34146
52382
56833
37296
42705
26292
38116
80294
13225
27355
38193
39669
70115
78869
21975
81023
91070
84103
14576
31310
45266
51868
78885
76549
94843
44307
25935
58320
26636
72916
41533
49778
59679
74569
73256
1916
46376
75966
64329
93835
28840
9273
4801
1086
37393
57264
35047
84278
88773
80673
3413
33634
33421
42344
81999
14510
55341
97044
88561
76704
54364
47036
58501
50879
86270
38141
5972
28413
36698
92801
3028
32874
9236
5040
68179
17060
33278
64393
18736
32544
29756
75288
78369
45953
91289
63231
53434
89637
78338
78466
80496
41799
54951
92265
58891
18078
7647
35065
73168
12919
97467
7590
12241
49752
52651
3301
37167
65174
58712
47235
33479
43218
44273
35887
17547
76857
59639
38505
83823
65467
55545
74704
67975
57315
52581
50685
72581
24493
54493
19768
5565
39567
66147
85130
18036
68920
70088
10940
25769
12123
96490
97252
19794
10549
38924
55419
97342
67789
98844
22348
8015
51246
49117
86733
79896
54785
64017
88392
10076
81405
51655
71264
94900
14596
50476
50389
84241
34077
23052
13441
35067
40513
80453
30069
66601
88581
96140
19043
37077
30179
9381
15096
97892
24698
57091
85670
52434
76804
27296
82578
68123
33986
88007
18103
60114
97255
4122
85101
84102
61534
75239
91953
12779
7048
69314
19507
65927
91433
84732
313
55462
75636
87245
44451
33814
33904
55541
68608
42871
49699
17893
49050
8613
40257
48644
27708
53267
82321
51714
46889
41310
19873
74059
59690
6252
19555
66112
49189
8427
66373
43852
54386
73870
87231
18777
81976
74881
55590
12910
42619
55393
67772
35900
41745
22677
97393
89463
6214
28123
32216
87510
9601
26601
74315
43583
2632
78461
96383
84689
83584
69560
44377
50447
29960
13514
40652
81244
7105
97712
10803
70238
81685
25157
89729
28440
36161
19283
33402
64993
18503
48907
70038
40876
7887
16608
16870
70948
84804
88747
89567
82478
62520
81312
97225
8110
23607
29012
28159
11278
85595
35441
17621
92707
33229
668
14507
41552
55262
70147
32928
19934
34234
68673
36626
39319
8908
17355
84173
99751
13032
44954
73794
61841
30922
19303
41114
21237
72729
17823
63222
79206
4883
69826
64947
72437
92278
44368
83822
4490
15950
81132
84740
73899
71126
7673
91296
33924
30936
50712
22453
50676
78429
71116
69787
50723
53509
19750
59370
48388
96650
76177
22914
57784
22774
23188
87857
45450
14131
48514
79523
71850
7778
14862
35381
93659
51989
65818
47869
14344
98285
72784
8445
53589
93985
99532
75816
79985
17987
37898
73957
22012
70442
93717
38994
85903
59785
29543
97404
60219
88786
25944
93040
29765
66053
52068
50626
18253
30404
68705
56339
96185
95356
78347
46679
37802
1356
35269
71859
56983
47622
45385
94393
6066
27284
13632
56483
41418
91476
96461
80928
51295
91704
51221
26257
25139
71893
38391
89190
2630
83352
92907
39950
60175
84777
7213
46659
19175
9828
73359
89846
45962
90303
53921
25091
89162
90741
67139
95258
52200
8032
55937
35225
28935
44883
50787
29862
65611
97234
36624
37378
3121
80481
88455
54320
52332
6056
10800
49609
97706
62310
62210
73832
34070
17732
85439
97424
93616
91246
50710
66146
36380
85204
69479
73136
93707
21694
93363
52117
50661
98959
37862
63333
42462
76208
19502
44397
61270
79267
10102
26675
26281
66060
22616
6016
83539
90415
85822
13276
26958
29760
27571
98188
46790
92054
50054
84929
78664
11593
75973
12401
6173
83136
91433
13716
59751
48652
48070
2799
68325
78494
99822
39743
45453
27957
93657
3838
41711
71898
26228
94661
28061
94113
52707
31431
68467
58998
87320
1589
84707
3272
93533
21660
15348
34772
64551
74528
43857
37024
81392
52586
97222
43571
39706
67049
72194
76171
520
4060
38343
12813
87373
32791
62382
87712
77277
86196
17454
79270
16287
54695
21240
54627
14831
14360
95821
98445
56468
49821
68644
96220
10292
4470
17470
98592
78925
3014
56602
72832
33983
62211
76472
75895
5514
4501
53767
5274
96894
52950
79864
43553
49489
27589
61039
77518
72270
61437
76891
87880
55601
43994
2426
75513
29784
66197
95202
74458
20712
72416
66331
2633
35623
54046
91891
97703
8946
77244
37552
88284
29270
74694
90326
86487
45004
16221
24491
93408
36650
87305
64584
29627
50140
43566
76345
81592
17875
15437
64373
27308
94370
94667
87807
10967
35903
68828
34732
36226
25666
79539
60088
58417
75559
93470
11172
99555
65571
76177
68137
33156
26044
97517
85604
36768
12634
61855
70211
15520
82478
14771
24510
52035
59618
47999
24402
78903
52712
72671
93581
43180
73156
10852
47272
58319
84825
64230
35143
12839
57728
5661
65102
40615
90461
85653
49310
5570
72320
3077
6715
36586
79410
86940
42616
33809
41742
70150
1597
59619
52609
50747
92302
50054
76755
47078
89904
59375
47552
56278
67580
71392
50399
22296
52468
46764
29603
14726
43981
91875
42570
12725
40338
19879
8299
31541
21983
65111
79898
91152
40704
4865
6075
19794
2338
55591
35588
63859
84828
46653
98100
13774
14657
24094
19729
78385
74431
58457
20845
24644
46189
57033
4779
81622
19274
22560
38688
3055
88143
90281
16925
83878
87214
83117
31228
92424
94459
49704
98410
61044
19946
32934
60957
23192
6421
94996
69088
86388
66127
5211
84489
79446
75153
18937
29035
46146
77466
12341
82445
74138
76532
43134
28393
74587
62520
89179
16083
9010
4309
40421
34283
11681
99788
62356
96534
81804
5062
42654
10487
52176
53303
33052
70684
6799
49581
52853
12258
38650
63548
93151
41382
21299
66564
87955
60980
52400
64506
54160
31379
23402
15803
10859
94725
71476
7058
30553
47842
79154
40591
9274
22452
67590
23602
32101
56071
54680
85637
52801
45109
62459
32985
40663
12517
6382
66214
57955
90881
40339
84891
83953
49917
76676
84366
79482
99457
42299
52739
70411
37516
6532
64942
38903
88284
20276
17700
70800
3574
35874
16967
26479
61149
40352
13762
46968
33887
34584
35976
49432
4604
9564
89913
7994
39465
87220
84584
81098
19743
99946
2558
87335
98216
59654
13473
18966
26543
98800
53035
59265
77331
20871
87308
89558
20549
46672
46835
23967
93446
66527
41867
56820
98206
92204
12571
36491
42756
91720
77014
43884
15980
11623
55416
97784
52517
49638
97759
56844
51434
11203
62272
36353
39049
25764
3500
92453
89696
54628
93765
71506
24809
54319
51359
16861
28938
80296
59787
30644
92399
78956
17451
97456
8795
62590
93140
92563
60074
47370
2946
89305
71311
4323
34613
89409
40259
71178
19874
97987
89685
51648
40535
51365
72594
81687
46831
87725
44108
25394
59719
19667
29738
91235
30524
56732
54793
41398
85349
51506
86586
16110
21051
51074
71816
17079
58073
30571
7139
1335
73575
85855
59790
46289
81059
15412
30105
25010
63100
92065
10215
10883
14338
48679
11433
71619
85630
28371
11228
44498
86621
49442
44349
26141
12056
96439
90652
93214
15740
52446
97607
7143
6413
70494
67318
41941
85229
17727
71303
55181
87042
13818
83127
59569
57232
58630
55722
70107
11340
85588
95260
8135
44014
70320
13226
946
15
4786
65102
47606
33023
3091
76537
97887
66880
18091
29548
34311
91899
96563
30891
53414
40731
1689
83767
66063
30880
50914
42186
7504
90502
49373
94641
84700
58264
27514
55703
9641
44170
90669
26526
37077
98264
44149
61625
87485
53049
47574
24737
7807
80269
24501
85034
27401
75129
70269
7994
32417
54123
90860
64035
34200
5779
28649
36267
26545
27667
50429
50077
97637
77086
11548
70307
97040
84526
571
87939
63311
27306
25979
50485
34290
49255
15070
77404
81084
56721
35906
88343
51461
58062
71187
49188
30594
10212
29643
91181
55304
46242
65760
33975
57341
39357
33705
54985
18643
17854
18700
85089
31091
63471
32536
10874
16656
44235
65552
81126
24594
60375
30050
68491
43384
77875
94779
42987
54854
59556
60468
22583
84984
96554
29593
89401
28440
74963
90296
51090
1142
49330
42056
91017
83848
91883
72431
22227
57286
96774
87437
99157
8421
57277
7912
12245
69053
23237
65592
19198
72483
82872
9629
95127
10031
95050
5243
28880
20370
8597
92041
52766
51070
14430
59892
94007
66873
65425
80842
19579
61212
42588
4364
7879
81314
95964
95006
36862
95494
13127
21037
2756
69623
34250
4760
72407
82243
65884
5078
78740
88680
64031
93664
6538
96652
40979
53045
10245
38877
52328
73207
19521
28724
50423
87433
46111
24099
91526
64643
28497
83436
4362
45371
95178
98919
51381
59179
68871
69316
97704
41582
94722
64708
45363
81944
45770
39090
90662
99867
51569
79891
98588
13596
34677
78228
3332
90980
29066
29358
90932
1867
26698
56903
58937
84082
6053
84453
95273
54067
20514
16843
43120
12230
15268
75401
51052
15042
69805
62472
37635
42655
69514
77894
12072
24272
10839
42826
66034
60400
15890
22364
46630
57849
15202
95530
28696
95694
11586
74404
65792
48716
61443
24115
96879
65196
72568
6706
32865
83038
22033
50763
74751
25842
41416
7076
94637
21100
17370
99166
41384
99706
68616
69427
86375
9246
96790
75411
14374
22734
12975
33637
53242
43441
84539
18697
2832
71724
61048
37524
60915
17940
54150
67105
57779
78854
62517
33385
38815
76176
1851
98436
4049
12832
58006
42415
86851
59617
7383
6843
34665
19467
59648
6008
80061
46096
27034
30944
34885
51799
36173
13282
33286
30662
64983
5456
44262
31170
20365
75015
96754
26203
92761
38276
6156
44352
49842
10705
64849
92042
43010
6034
91747
33848
68639
27
21286
85275
84547
22921
71949
96541
56603
41799
55764
23156
95347
38507
94086
34205
29389
4179
46789
98542
5613
59488
78832
36093
67615
16856
53008
11486
4011
70291
9793
8174
87850
70605
63343
81692
39634
63454
19075
65082
94902
30511
86217
61500
38525
92563
45714
71117
59544
51669
47766
20171
3268
23066
99483
11393
40586
14499
46836
84765
42862
62865
48248
64111
34878
64381
80274
39706
72016
60672
32128
11803
19880
10474
24233
10989
59297
51760
58504
9322
86239
75830
40813
73446
36422
48525
40623
6341
22853
81987
4772
16488
15790
28998
1886
95099
17470
64059
70689
80005
80923
71054
34385
56976
82592
61917
52330
3281
26560
25557
51019
88470
96079
2266
6455
23758
6058
35583
96681
96164
74961
15810
48405
72740
82021
67020
72851
85071
50928
48898
48816
73023
78880
42946
65165
84896
4064
17323
31400
45749
5071
42899
44088
43357
16718
10292
46400
78289
43441
16807
52986
73025
40185
9891
69162
82439
39949
52545
82866
35525
69057
49483
93973
29809
3384
23065
12390
70897
14323
47739
48592
28462
49171
90394
46775
66910
60278
1309
83467
36127
27963
17076
32432
30178
24763
32858
85547
36835
22036
28293
30206
91831
708
80449
80640
34578
96139
89480
37513
54770
99724
76926
88860
14699
19829
766
17181
97531
92285
30883
36031
15951
22941
67885
46567
95807
80028
90618
87110
1437
26813
52086
83336
29734
63681
88746
89392
35861
89006
5768
7612
68713
89074
39336
7671
46073
41967
35692
56716
53620
27978
84957
31859
55049
90731
74378
76808
34605
24605
78023
60057
71369
48896
54756
30286
70988
82875
91455
58739
90364
49161
76730
3766
13622
62859
15128
64156
43596
60715
6448
39091
17424
56443
49062
70520
98441
36894
8949
13215
62247
46235
34576
89261
12565
36363
99428
76058
45543
4780
78244
70679
86901
30868
67604
65359
4556
57264
91761
40348
96241
67129
97573
10729
14054
14347
99978
50596
67542
81510
33295
82736
83123
3861
60673
60530
58995
74985
52001
14573
6329
97162
63235
7921
3621
51810
32118
86936
91877
2749
54270
5289
32912
82483
98466
22022
47275
85479
13859
1442
29183
4740
65365
50064
94966
98954
24248
26034
95361
6300
14020
11226
48015
1614
11003
61409
91740
18075
29980
94576
68807
62269
52871
73800
80460
72638
20857
39429
54859
62753
66503
63615
42763
71731
35776
39190
7909
2851
21102
97672
29069
3446
55096
74164
68925
83290
43154
1058
8154
86481
50721
48305
24777
43985
45344
23095
4484
26031
72895
65207
26886
41854
60134
75760
63682
16854
83160
99565
34117
90531
74674
25769
69740
4384
89073
94650
85046
64425
80228
39570
18384
4731
2476
77754
84619
32054
50308
78022
52829
95453
7435
33735
25761
4571
51234
55061
95456
38302
92379
69871
22548
66506
84523
96816
81794
2137
78143
42312
39917
83504
70998
36864
41704
19630
47548
86132
67575
11501
53201
25261
89147
33508
18859
43040
96131
67206
29555
74043
32868
30751
43768
63173
39613
56578
59997
69739
68478
66366
65220
25484
6464
29021
72186
82628
96987
76835
15783
5050
74628
9502
65366
48776
8072
72815
18265
40537
98198
48471
31534
62102
77379
40851
98694
88972
29591
70599
74612
45
68045
23968
47587
78656
73195
93318
96125
85818
93125
88962
19522
71104
81324
54622
78812
92473
30222
57700
79266
36567
73798
61888
43036
4164
85264
7092
10592
30726
8476
47554
61187
49941
28082
37401
82933
54269
61727
84835
35718
9047
89174
11680
63909
87852
715
90617
1888
2721
43695
14805
48443
98440
50630
77570
51838
51836
53663
66910
8816
26088
92231
63030
51406
97468
52547
25496
45825
50003
97908
35081
77757
6634
12690
70790
34108
56432
45047
59907
81076
45184
2182
16703
17215
99855
63611
53208
74819
15918
46976
80849
79314
11356
94026
89323
65688
37410
34494
98682
94602
45990
13505
63698
11733
76166
38949
23320
95362
84817
66416
82806
61476
21442
45339
22738
48791
82165
17805
69469
49834
58906
59740
98940
10037
49543
31213
77845
38582
18425
81776
95588
94648
8689
39327
8021
81448
46077
2368
80857
26215
91457
67616
25516
12932
53243
33857
42107
60515
48871
56250
95692
83916
16877
24550
21491
94692
12231
24412
10144
73216
77081
57050
27983
78654
82779
59809
33657
63373
77972
72190
79931
9687
8190
57610
19748
32771
38334
45289
32203
74396
60679
62095
49556
82628
75002
19619
2780
96861
65670
24243
5671
53554
21615
73480
95608
61870
32152
33832
79962
80491
48422
52791
93913
28068
70669
83150
6543
59582
87945
54921
49096
7182
25362
15905
90644
57536
99370
73272
84931
51857
88484
69767
6633
29263
56380
2432
40578
59835
28301
34687
42847
28220
46802
3535
82751
16239
4345
99567
26677
7350
12839
92865
80473
42720
17401
92698
30125
2150
68612
13624
69755
6988
31651
55357
11291
9094
39934
98711
9545
61829
86384
39465
98867
55182
13328
65670
42981
81932
10042
77412
45518
66960
86372
94477
21089
83368
37475
81549
74282
69756
89798
12008
69159
51913
89990
28066
51647
31227
54250
81199
7714
75654
8983
32153
64495
41766
12611
56838
86960
36720
15944
28554
20463
45836
42793
12547
55524
11394
87583
62519
17071
77235
46075
3408
20977
55819
4631
57780
54396
46176
28436
20776
99955
61355
30119
28510
51170
30384
54085
37683
3306
98865
23419
38219
67504
47126
55785
76240
91458
25747
61767
93163
40623
81393
30341
21566
74549
54837
33012
48253
57084
63302
99574
6879
77242
80628
1861
42641
25092
83233
10775
11404
79428
84459
9874
32495
87034
84934
19579
95363
44642
99878
95420
81293
1968
32277
55215
37147
65273
90918
24405
16584
79118
61365
11921
50384
96457
72405
56989
62708
95969
78277
77716
32349
95238
82171
99597
79753
31059
11856
87732
97826
72199
50716
39461
89258
40992
76540
30249
11237
92321
19683
14666
49989
96255
3108
73281
5071
60624
91483
90328
40390
92265
25089
79215
37178
25930
37684
63568
48427
91425
79470
59997
55695
83574
9255
25788
10994
55132
84513
42673
77485
2076
30978
43232
73343
84480
73624
11177
7930
56121
56011
73228
74698
14809
23552
29092
54714
96420
59089
50001
66939
65446
44029
59473
29737
24856
97421
17353
66595
24124
37677
14926
41031
51838
27373
80475
56939
70493
24226
55798
59335
85629
34244
96680
42442
19034
11915
20209
93066
38342
56672
96979
46425
11655
86585
25662
37070
1378
53936
44402
60482
4881
34969
71367
18789
8382
7098
64717
61215
28426
79391
37568
62630
5251
90502
89006
59574
2023
74535
51703
38293
3652
5073
90403
27195
83063
93086
53619
944
70299
65498
99676
5764
56383
27635
20127
58394
237
32591
25975
29364
4752
43675
92440
86698
5055
76857
22673
30694
33744
88197
66706
67825
80440
70576
70961
55603
59523
34868
8841
32214
96633
24665
45522
43393
34880
83469
69356
33613
35690
95504
50485
16926
16564
99272
44160
40298
15558
18049
23394
51801
81362
30939
18817
52171
35019
2458
67965
40975
15725
34406
30594
75276
31044
79116
71693
16191
1532
1307
97285
43990
13931
86329
69059
84173
47650
21612
82487
70303
84052
83784
28598
82410
60697
56533
7302
53528
19978
18416
89304
99324
57896
85448
25934
48632
65002
2748
51740
82742
95415
57369
64280
15168
5075
53670
52028
82206
23569
15990
63105
20587
65720
44040
88367
6782
18866
30116
42365
37099
46381
97821
93422
47980
87990
56105
48552
79035
23425
2732
80151
70778
94972
46959
78380
8279
96934
28696
54887
41573
59865
29132
44420
32992
55428
50326
97436
63892
20870
83423
77916
39982
66816
15720
18263
90146
3051
75119
98805
97990
36762
30054
55768
31846
5243
81341
9361
61345
46869
45567
67217
36797
11633
49450
93251
14727
36926
56606
58393
33537
91207
22676
31291
64947
14755
63328
43830
19777
71140
91435
65571
70731
69578
60671
61412
11227
61037
82763
34950
15766
26402
29620
64286
8345
91209
10268
61338
50757
49494
83226
24411
31964
41977
21360
24420
67196
80532
53947
91709
66633
13406
16048
19739
25815
24652
28999
21895
86371
54253
18553
62897
8503
62779
21905
50501
1574
61326
73230
82579
51301
84066
10553
93880
4414
22629
61490
61515
83076
54836
48487
56437
25912
30871
66286
21036
5346
96198
99679
15806
72339
76112
72756
62171
82429
75217
22438
87711
59683
61258
35994
9139
75793
73308
9929
89873
87982
58946
18296
48799
52788
45306
57496
44638
68409
1963
35812
82121
73086
63371
32111
16089
37516
99043
36737
31882
36033
44541
77179
70345
33268
57021
23557
96189
4342
39885
73722
7987
6902
83543
24012
14514
14553
98633
39296
44302
68502
5591
43925
50678
14344
91426
33672
91706
93312
7987
97146
82483
24693
39752
89598
30288
87115
31854
31972
38418
9055
25705
38520
77887
37680
2520
89599
62896
76228
63505
36755
90110
1707
57354
86790
95615
21348
54833
63282
87820
80128
30048
96189
84020
31544
76351
29485
11087
22157
74407
9380
34923
43953
94120
27864
53949
94233
31837
91784
47060
44690
67342
64364
65292
57772
44122
48211
86467
5549
78564
51879
99167
47021
89505
46174
47621
23820
22040
48567
92387
1708
49866
76795
84730
21913
30343
43171
1399
44677
5292
45633
23413
22735
24184
34732
80050
10211
97347
50205
93926
24555
69824
27516
99950
28401
59583
33718
67021
70554
13601
745
8134
47036
79425
12176
67329
14535
67396
83810
29933
86682
50194
37265
89249
65361
52744
46742
19918
98171
50502
77910
79099
27736
81910
16532
52350
96916
23476
63524
51612
19567
47954
86011
77719
35201
83911
72550
62132
48170
42337
66547
60354
78127
54648
93927
30874
26346
45185
98941
99331
48292
75948
96538
47509
18939
6629
33696
16152
42150
71195
81254
93683
81308
32723
27832
39884
3234
41273
80136
79318
9873
71163
30077
82408
33299
72755
8546
73377
82674
18273
38172
40816
44102
96387
65211
69500
34320
73411
30522
22141
82509
46513
36055
18637
16854
23103
22359
86142
68154
7558
49248
79617
7287
86343
67698
17326
46274
12638
3678
99250
30836
48445
73676
74108
20245
28627
88386
24787
90702
77501
69067
38410
27692
28124
60247
9012
23197
22470
35883
75732
20005
8580
37761
86126
83569
90737
38215
16522
35220
78314
83368
88470
11480
58637
26460
29038
24063
24607
75911
81118
4795
30330
15062
97619
65607
58508
827
52394
28676
69311
43234
40804
81175
98389
88439
99417
31408
39474
59539
17715
25999
57143
61424
12033
36425
31091
31332
96931
87197
36985
51474
46396
87404
74412
14226
997
56617
34849
76288
27772
18149
94234
77093
36045
65391
52602
76406
10539
84638
63985
59765
87265
94708
64068
50134
36514
37685
47088
49212
36125
67094
18523
82471
49587
50274
83363
4027
16595
50258
15424
59490
15037
82730
95459
71113
67588
41066
32928
84999
36380
77457
37609
71311
38828
10657
873
51511
79281
282
65600
31674
19195
11824
3395
51319
75160
5224
49665
4456
75885
11342
90894
71826
44045
13555
20269
16238
43332
27931
48161
62623
17362
33269
72100
18495
53704
59192
99846
95349
8620
61754
68092
45955
7172
98869
84288
43478
25690
12399
37580
44191
85189
32213
41456
7041
3414
44933
26606
17724
29535
76379
26935
83781
99067
53061
59313
20908
33885
97673
69800
25046
77722
70343
11847
10849
43196
25620
53931
44128
27867
79792
23250
32975
11031
58672
62046
87028
89860
38296
14151
96170
97186
91487
28737
10137
9332
22191
26344
33978
36888
59012
63919
4926
67511
39819
38676
47068
73119
4810
28014
7296
55254
98401
15426
9338
94498
97960
6662
73993
25337
61999
43453
54711
46821
48175
80691
31655
33877
76326
60215
50335
36883
48711
27513
34452
21953
42737
47559
74069
55254
76870
36923
71981
85940
88064
62253
98616
67104
98524
30552
71959
76160
57465
84952
3491
13060
9520
10196
33264
13449
93509
65037
62004
24555
69518
9758
32404
39779
37333
37570
40999
21159
90381
85088
98512
88968
61863
65618
72350
18131
38596
6052
83064
49143
44049
86582
41371
39404
98053
46786
13556
59596
36221
96679
4973
73649
1946
58308
80658
35166
74029
53293
94298
11274
71275
43365
71823
4909
39433
97434
7167
13568
70658
37038
43967
89795
57749
70044
2787
5108
62426
27007
20078
30648
42869
54488
96940
66808
33556
99966
86451
45179
91808
98089
15309
21634
88251
62905
28024
37220
77639
44742
54381
56192
38802
89419
56126
81977
16749
79739
70423
32059
57437
88141
33125
32962
66879
59397
65542
87560
29478
27814
51363
28561
7934
42543
11668
91432
53879
13600
60876
60929
15348
1511
46044
69610
50502
4208
18344
53131
62946
927
69259
44870
98944
92412
31823
53593
16826
12558
99219
58454
15089
58696
74080
17920
5899
45939
15447
74978
61048
13459
71803
22870
19409
20417
77898
94855
42154
50538
64197
66659
79185
43036
84388
80758
32544
2047
30794
32040
63556
27746
16272
20982
55707
17370
46102
74339
44484
10394
96580
80100
70143
26631
15528
98291
60103
44401
33823
82914
58353
46791
97826
10716
49638
34822
32880
79278
89359
21673
62291
62690
72566
18566
40750
35164
89623
74465
78629
48774
50354
78379
15804
81807
50331
52938
49381
2911
85958
62548
86948
9309
79545
4355
91461
90334
77362
7971
88867
70542
9845
33859
44103
70759
72662
27060
66025
20671
13741
56409
722
18406
98625
72785
25452
56967
18832
47167
57805
19680
33001
25528
21067
56320
65826
12239
4964
96178
31308
43524
88703
96371
33764
84236
77063
94101
58462
2191
50301
66805
12663
45040
10096
62653
84912
76968
54177
67076
23942
65414
49903
46753
82685
49681
75261
58750
93572
25585
73093
95287
42314
56877
71346
32472
49098
24425
79055
51157
93960
13902
63236
358
21614
88500
10078
73882
59140
50961
68673
20213
99111
55259
51669
98831
47223
13222
25223
6641
84836
51251
34627
28068
1908
62049
74982
16619
83525
23724
17534
16507
90520
34812
5301
30135
94541
81541
38074
50030
73934
59915
24863
27551
58689
40575
81758
60824
590
66674
89322
3018
81587
6257
70111
81735
63217
79348
5904
11354
81315
45633
88991
49417
455
93030
23110
95723
21152
44406
63437
86238
72327
2933
95389
58325
64654
57952
3180
60077
79021
77159
37206
15027
7962
43257
42997
25411
74041
32298
46918
65125
39031
68296
17502
20840
43961
40763
14066
35262
15685
19934
41775
50471
25360
50088
61284
5044
19894
82440
99731
10191
41470
71616
60177
90999
86514
67454
68805
45698
32196
97062
57222
31091
67888
99122
66883
91132
28629
99791
32063
89787
35961
39543
34732
98786
19627
50216
78563
68736
92746
59816
50137
73407
95066
14582
78866
4987
76901
77646
61178
71037
69119
16490
71831
88046
44696
35619
94865
71605
23943
66765
97610
38096
73663
68081
88045
32042
59146
29006
72087
93949
88409
69486
69378
74338
2885
97374
66763
45770
10992
5239
83806
1878
34171
37418
97877
1995
51699
54768
54871
27242
44878
41708
95760
99721
83755
11162
61797
23498
81015
14989
62835
28627
84772
98637
59708
59145
20671
58956
15018
50497
10782
78134
14548
10389
57866
90209
67968
84407
58476
57102
85711
65680
43004
41373
38750
34138
79029
4764
87016
38158
16200
53761
97065
97639
74354
96842
15519
20826
94792
90709
30321
33317
58601
45505
98640
88587
2577
38695
48190
8933
15383
15294
21134
222
99361
38909
21741
9574
64634
85006
98182
65820
81780
16673
94095
50428
1380
45721
17319
69577
25674
29139
54861
91117
68091
45470
88842
20857
91360
49267
98849
61224
26828
34861
12247
98175
34825
34337
17346
54464
94902
59648
94623
85397
2889
4276
86340
43344
549
54826
63866
68547
25981
33711
25828
67558
39096
45820
23394
60762
28633
90307
51931
99204
16677
92184
11216
16792
81793
27491
48892
902
52485
67893
92351
74167
16783
51985
40465
22665
16181
5238
73267
24379
6631
88672
24918
73680
32204
44853
19485
8142
74345
77627
73709
81851
22259
68785
62331
37836
74575
9658
45735
72368
58130
16783
53386
14709
48022
29807
53774
20289
12233
96504
98326
30900
76676
39443
14641
7833
64355
30813
49608
37758
55347
96207
77328
76757
2924
23863
99232
894
27031
18796
35870
88651
64310
63128
83407
876
8741
47803
99514
10490
53824
11967
63930
20678
94127
94474
15182
67747
50230
52775
88976
9887
87314
7605
60781
77224
18524
54257
66295
48010
18383
85888
16308
19821
71168
66781
32373
34257
44444
39519
65922
28195
93020
48246
16281
57234
84547
60028
94215
48227
61547
67532
60501
1749
35555
81554
31020
21460
75786
24002
21093
37877
31927
73362
44216
70862
55243
62563
82750
3777
20333
49417
81540
94502
42490
78496
71095
16890
78977
2603
90439
38620
73464
43617
41257
4245
81364
82095
80527
75010
19054
57547
9944
44598
7412
15649
4143
52320
82956
46550
88824
74989
32870
9703
55624
97133
9652
62227
68430
55621
68189
93501
53446
42332
52348
88486
14001
72152
30004
75078
41155
98643
10747
58230
90211
96518
69797
85105
16822
28020
27285
39122
32385
61756
70315
16743
90751
80183
24671
90134
73789
122
60423
63436
57251
66206
30899
17976
56028
74642
25198
67958
83830
4388
89628
98576
46945
50210
80268
83283
58700
13465
36418
28555
70815
11456
94592
57716
27618
68241
21655
34656
36376
24161
43266
35908
66675
17360
70722
66323
44805
57078
99165
23091
4976
50159
39712
2652
86785
85879
22179
9155
67956
48993
84798
59177
8351
98010
29685
49398
41010
5857
57920
66408
18867
44028
80134
42823
46098
27473
87817
71338
56199
95622
96448
66448
66960
27709
73176
54
99789
62604
72032
66543
27280
82262
80084
44396
10094
68547
25120
65124
88372
22734
97684
16673
86764
12442
25028
31456
86652
6163
41739
38595
93351
52479
37653
41376
61112
65081
29322
13614
26144
21422
84324
45181
51178
50625
92642
63741
81530
64601
63016
16365
19940
48348
52626
32286
22113
20821
23209
54375
31298
63708
26299
61448
55716
55921
35347
41636
90766
8029
17533
17289
31320
53009
21377
461
62844
45123
2778
11357
22265
26477
22798
55192
72840
53186
15010
33121
19741
77678
40973
65613
54334
22868
21896
59022
26805
49137
38588
57703
83766
31095
3346
98211
70175
72615
19025
24774
37568
21110
25938
2122
80741
27261
68700
55165
88550
31390
7642
10600
62227
43142
5436
54608
87109
33537
2216
30377
10288
61190
51104
15717
96287
79588
43236
38084
12470
61420
88774
37276
53044
60427
12857
47688
95975
61038
68522
25885
47455
20163
1807
80770
41208
42211
22382
88173
88105
64541
87687
97563
73710
61287
69915
27073
2547
46497
82948
3335
22605
15155
5329
98609
22905
46615
64052
7046
28202
71748
77712
60963
92678
33376
46747
77297
26843
66193
43299
62544
27190
93608
91498
67794
67438
24882
71444
57812
78370
43132
46161
2846
1848
28263
18635
32116
29942
88962
28312
43363
96367
87067
88835
65004
46260
73139
15020
33507
82768
60958
37674
99944
37686
65600
18352
31134
49939
1960
62080
73577
98791
72849
27584
95724
25178
1034
76043
52996
48467
6323
6735
28684
64610
79
25035
19351
50312
63916
46861
1058
36416
85378
15470
1245
19992
89752
40327
18063
96642
26913
50406
38824
75646
86463
82067
62358
44202
54639
44666
98047
35290
86630
66863
86522
95485
42370
77627
1032
83707
75068
22940
57974
67846
48012
23564
27220
81170
12104
53142
68272
25267
43803
88812
3069
50007
47775
67802
80069
48365
7294
88639
59012
34492
78557
36863
46631
3907
87810
58879
21979
95973
61164
14559
7292
46196
68985
58240
28907
70832
1874
84840
40423
23434
57984
16259
44071
91230
4043
81577
90477
61436
88145
75334
58705
62163
50704
70913
80031
78128
56882
68516
36412
52501
19871
75884
95574
36210
85920
77098
33601
9665
37541
98320
58991
99388
96543
79626
65991
81246
94499
41827
81399
9845
45596
18103
19661
23686
522
85287
76839
70386
75410
6437
78838
41323
81239
13389
76335
94092
73703
31123
42613
14869
92482
34910
89779
51696
70318
57267
79175
86763
51282
99703
48378
57205
34993
11052
33138
74178
91860
4361
89725
20565
21470
67873
98371
45392
55712
45919
7868
31545
56335
37298
66343
91140
30387
44573
60703
54285
78680
67983
85075
33655
22884
57095
44691
73620
55650
15553
6801
17922
81502
17194
3828
88597
28414
73800
68768
41875
2871
81989
40335
47764
32041
13513
97822
9290
10312
2935
39579
7136
46697
68259
65176
24088
4834
47940
56101
14268
57959
53679
92932
94255
54764
37580
76381
13490
11716
95798
15673
48262
72069
34336
24229
23444
52417
25650
60429
21811
68540
41562
56759
6068
28438
59604
61946
82446
48957
20013
70497
61276
94992
43415
71791
80322
23200
12557
6543
33620
56365
69895
25986
30412
44615
65524
47845
58629
87416
61620
80967
97473
66366
98951
7407
36157
9968
37428
23654
71568
18581
23576
75325
96581
91731
47545
72596
6874
4956
83089
2584
40768
67103
3858
74596
66168
81339
69853
97458
8723
51697
64891
90339
51336
16847
40670
71794
80657
12893
58715
41661
72517
70781
45845
49814
79193
89130
39090
4027
41473
57845
33333
76861
11289
14725
98263
27830
95435
65631
9366
53023
77165
96534
79325
43167
32803
66794
87723
47165
62049
22871
88864
59208
11385
13745
88623
64249
1145
6582
83587
93728
51193
52224
74951
59742
66429
18637
9050
81595
88232
64267
15674
27237
32806
56940
80396
69179
96383
41016
57085
73354
58833
44494
25876
50637
95102
47378
41836
75688
15800
76481
5049
32878
67864
43325
28864
27019
95403
65494
88126
81983
6124
89949
63636
23827
49780
84855
2559
24216
23403
87665
58825
18801
98430
1690
33600
66369
28058
58514
9001
612
46927
55672
87446
16635
3122
73810
39964
82006
5684
73752
56155
88983
89013
31338
88594
7758
59350
17096
21970
66121
94417