37350
15739
28120
27063
26875
80875
14632
61235
44368
34297
48995
71853
83120
23184
86888
71457
67937
80158
54308
7680
96551
21987
44945
11292
53259
9944
56529
13254
8940
29034
69978
29672
60234
709
9973
69888
20626
15487
31699
43812
91092
86519
53313
94524
98815
44106
566
11246
56955
64453
73904
36446
98698
38807
23645
2571
65687
64521
37290
94555
99851
77006
92213
28720
41339
10804
2018
68481
31962
91286
63761
93814
70011
93424
98208
10303
59065
81840
2429
3553
62015
49701
9890
93981
39729
79372
23053
21780
81015
21107
61867
91009
48848
14293
7141
137
30953
17982
11318
22107
6647
4564
77131
87570
23808
37015
20089
1682
75743
46961
801
8710
19108
90516
45639
52927
5391
30359
35666
24981
63404
37958
36516
21994
72757
82282
62936
15004
39778
14407
51665
74867
12637
24562
42544
664
50775
4615
31607
56018
11682
1767
2884
17307
48748
98322
73163
84576
42060
89099
72260
98246
68446
53765
28712
86375
32666
45329
52132
99529
381
94688
25540
34590
2599
23037
17915
74580
72698
12786
95615
38706
79303
28628
24916
42502
13631
70174
15200
72876
23464
45720
85288
68169
28414
44283
77062
82467
131
10015
28045
12940
92230
23765
57303
58298
17672
88538
49543
71320
18809
85791
61249
19438
23746
18566
18443
40751
90208
93314
47025
17733
44114
9264
27249
68589
18896
51486
71225
66586
32811
71671
10977
99376
6782
91487
14477
55721
47266
49981
18571
24142
94485
51229
25354
36364
6540
60979
26558
6770
19537
74095
15762
45484
18726
64783
1552
14313
36847
30292
36440
2378
83645
55690
66153
53751
58812
70658
51905
87538
74231
92591
93141
17601
33400
4552
19167
77898
34829
86296
36521
47618
9153
82382
79177
93964
25148
25881
42334
26483
81529
70181
50182
10144
47925
31398
59167
64170
89663
24205
66620
46600
6630
39117
37751
54306
99643
86717
75098
43538
53335
73805
51145
58528
38589
30563
49386
94883
85273
41877
35122
77608
450
22043
80502
92518
72852
47199
27176
18
79784
63093
67568
77158
79204
80456
72332
65602
41625
64668
45893
81352
24293
6642
90947
53192
6745
61218
24433
10174
76026
88855
44569
61323
58382
498
54628
23864
1470
29017
79830
79431
84416
21079
57552
36743
38088
82022
96284
95302
74035
92963
88390
39001
20389
36491
64916
56334
62189
40893
16345
88862
85778
35674
40019
67755
62181
52878
4953
74445
15442
93581
75569
29387
73265
1829
36351
9093
84226
31840
83027
1492
16133
58521
12090
9053
40034
69634
71343
57070
57142
80827
67974
80940
50686
53089
80627
59671
94929
19748
42029
98104
3253
37243
95820
86430
92218
87389
82503
59245
46286
60994
727
38429
54823
44323
66836
97295
11603
51162
50583
41279
57136
92898
24404
72653
96402
96060
74749
51366
64013
91083
25895
41667
99450
43688
65055
69263
94989
9659
65146
89561
71539
81298
6163
34939
76756
15518
42344
43459
68771
18688
19410
15453
33505
76120
85864
72095
78077
92786
47876
23074
95235
32695
3694
9290
79785
90581
27242
62982
71790
46450
56245
99682
51603
36073
77789
11455
99127
97538
65438
62698
45896
27961
48916
97108
16696
28925
88659
23942
36723
1005
20251
9225
34775
80134
91444
87137
22452
79046
84427
57865
37964
65870
36871
62505
43341
14865
37066
95001
16347
68868
11319
36726
20760
51114
45266
37431
89515
71481
26579
14072
31825
46460
1647
27974
27468
38546
74242
91672
50961
92613
36076
26568
29801
40642
68534
27178
9957
52416
35708
61985
75860
35727
20520
38663
70399
36600
45005
65859
11666
20653
13391
67554
47857
58418
26221
14510
18462
71524
1714
54307
52994
71805
9240
37786
72744
92258
10876
23533
11695
42028
92674
9248
96679
14268
13887
92544
30040
46366
33409
63325
30746
3743
67427
84185
79926
54664
70423
8132
20412
38872
77170
32802
67831
80743
84249
53355
15088
78830
40644
31495
27979
15917
52298
78542
59710
97978
34258
42458
12778
55422
35972
48244
72291
15311
24352
95484
31820
50718
32523
65108
99858
75790
84300
77983
63221
85919
56930
36487
50775
12401
88653
42625
26855
44940
73450
67493
89236
55712
55536
53786
87856
73318
45965
21841
61534
90633
1158
84236
45678
23797
85421
57283
79891
52882
9580
98386
61713
77167
99078
22445
37498
10836
31077
28189
245
71777
94002
83641
61951
44337
7777
41
90367
25548
27141
98084
59798
92238
81188
15506
82503
52196
98246
92613
2942
84311
13035
2598
78114
27577
56659
95503
18844
10792
3973
75900
15285
93255
55410
42608
98960
77031
65804
25689
33349
9328
84039
24713
92311
91598
99418
71315
35777
25478
15481
38603
32899
67795
70751
22179
61469
10074
34021
89349
25000
64438
95019
47382
16671
85466
72233
89560
20597
64965
16954
81470
62547
30764
45864
24855
57495
40870
30921
78554
13197
36091
56959
69274
15884
7529
54208
22708
67155
88409
73121
52000
81147
36339
51295
46483
591
92972
83016
3745
50789
72098
40157
91020
31112
28023
92138
41320
60125
34556
25461
2783
72109
47249
55550
7170
44053
44608
35527
40480
29776
93371
89288
95764
61410
20946
97905
63109
51676
27802
95561
17824
54416
33970
7197
21625
68380
47658
72844
66786
3393
82536
52024
80528
37492
25205
17268
41746
32750
63801
95413
41022
62010
71085
13358
22076
67978
29573
62557
88576
67592
64886
98795
78976
81937
80394
9684
55418
39903
25454
39664
62452
45509
94874
53751
27384
75529
21629
24252
22506
40737
48913
38360
83728
80366
89575
64797
79484
25929
99301
91394
62777
78529
2019
88197
94583
8358
61220
85044
90881
85251
31390
22687
3377
64716
75867
25269
9328
37986
30987
43035
23080
39056
5449
44838
23759
11012
47371
28715
27252
5423
68259
46125
86245
82286
86716
35955
57005
19482
62882
60993
50498
42400
71708
62888
3524
47262
19712
24955
70388
6187
50365
21188
43433
59772
54485
45207
21803
20386
51472
21671
32375
55677
17388
55298
93431
26847
96326
35706
10603
31160
33184
15269
92422
26352
93760
95310
51171
83227
77523
78865
61024
36456
59145
93604
18101
68110
79958
74325
32677
82100
78989
16743
15447
90230
93733
20650
38342
57485
57263
54600
76275
34634
84844
10142
26028
1953
78688
26135
13527
48434
12520
2418
68731
51027
3166
7954
27484
15212
95956
25513
49487
65428
25134
15427
47073
52815
64062
63107
80297
83541
44101
52158
12906
34652
86465
871
5512
31011
78881
92522
388
79977
52881
79307
96992
4660
13011
88645
14667
45731
86044
60406
74325
89428
96373
63370
26831
98160
86949
65172
22145
41848
52592
17631
12440
49081
66119
11007
80145
8777
88814
91136
92196
64666
78617
62101
35016
56033
51225
20431
8545
66624
78020
83120
41462
7718
80741
99001
9827
43340
88701
57484
49177
55537
25073
59662
86571
19540
31071
67612
11179
13565
64465
58653
5185
65193
50391
60797
62925
83326
90953
80126
31281
52223
84214
86951
37208
96216
39878
77077
73629
54688
7227
89870
34228
93389
73693
4213
89744
1203
79121
46927
16877
83464
36649
57888
5558
35134
41878
80138
30624
28947
10722
3201
13041
70940
47791
37385
23617
36578
42612
72402
49795
46697
83112
84102
33540
62235
51835
40320
3127
76247
87885
43027
6463
78681
79406
34355
67192
57372
49604
31655
53759
6361
74225
76545
91765
71734
89952
48953
72332
72558
47759
15988
27771
93328
85237
97770
22081
58298
79833
5795
45836
57000
92019
29473
69997
45198
72289
55158
64529
67205
66149
71422
6636
47610
16441
90076
51427
56771
21346
24019
49656
39812
42612
26829
64723
88183
37505
40969
86108
32336
60242
20965
9939
98302
30601
33328
58956
55889
95332
29701
26577
45517
26564
39139
58565
7277
81844
32964
85048
58467
95986
1993
57439
69196
22845
20714
42939
28442
86791
75570
77705
30343
52974
20942
65434
97180
58594
18437
26563
47601
64268
47848
84202
57408
16731
82339
11090
8341
37443
45523
67576
1862
88630
86181
75190
91385
57862
10071
66949
58020
47054
22521
71200
91261
56168
6470
14301
56461
47724
65072
18723
38713
73583
19864
39160
27138
98465
53725
7550
64801
93792
16954
24841
90656
90505
5228
46987
70363
66367
69166
34052
92590
28642
53040
66280
38781
35108
22026
49657
69851
33669
88214
42422
89369
30997
9807
18597
8258
17814
99490
89554
7737
31528
49626
62944
93083
20315
12585
62911
63000
93322
78632
86031
93092
45194
93100
20103
45651
52038
89965
676
35187
29600
29870
3972
67586
27891
92044
49111
59328
59923
32479
81535
28978
72219
20034
18894
23740
81203
25934
69233
95720
70754
28550
73442
60336
39662
38125
5819
37951
37814
30638
27521
286
69684
97622
66349
62268
41958
53589
89503
25572
58354
29314
42385
84504
85847
5429
46076
19527
32812
13465
50133
7706
3789
31218
46749
63699
40950
81818
38863
89792
55916
56077
49186
63866
57467
79671
55489
74895
96073
52572
3122
88878
51101
67331
97840
94600
81733
95617
67369
75800
64068
68976
99454
49582
29754
51841
64034
60330
56802
81549
78563
95690
50934
26609
60931
86709
41789
95152
23431
62365
91334
78257
6157
93278
47070
4515
1420
28861
81246
4602
40048
90463
15633
20588
34118
42451
49348
88259
40625
27451
42438
13816
4801
82680
56098
39573
13337
73309
93215
32273
23477
49955
23238
8707
93913
70226
43939
74341
65619
92390
21822
53991
1419
83571
13317
69224
99934
60901
75374
94478
65778
58735
98329
35865
11329
52328
59808
96565
19726
24873
42209
2246
25671
66201
57459
47322
78363
55570
65018
84512
26120
2352
57969
20070
41369
67835
52877
93645
65426
95847
46776
65755
83284
3715
13164
71781
98205
49766
80100
45450
85887
62853
42354
41716
26926
44300
89523
24830
54979
94690
34565
24296
92773
69086
69921
57372
38728
96554
78274
29544
31429
38868
95062
66332
10070
59056
81125
24276
62128
35045
48026
76791
85838
40818
71465
63580
44555
12470
99967
68433
99782
35813
75427
42730
69150
77707
70719
84097
1360
29386
76142
64144
77602
33993
48749
68009
22041
76034
98458
32734
61291
68290
32566
40213
83991
40408
10851
77630
48945
55461
2009
15550
49940
83836
35195
49917
67583
52485
24893
60680
63648
47373
45790
28764
62484
21251
14709
86951
38948
21888
32203
99852
73569
79586
36289
13121
75007
40007
41497
99839
71946
15054
12780
87072
92479
96268
62407
88920
8593
48214
13324
76868
36186
7561
37869
75667
92660
37407
89202
60835
74298
51375
9014
29783
17453
53707
53019
67121
50632
91022
53494
89190
6374
7208
13024
50425
49095
99430
8374
59850
19115
32992
17149
18694
98733
65838
1133
71337
72956
12511
53596
48710
83710
30290
78676
73934
30865
66182
38764
79102
11736
76647
97533
86549
80003
26885
43687
50099
88455
54814
97302
72872
76309
39540
56185
52816
86992
41090
16847
47699
80844
16366
11095
20841
79399
51440
94969
46979
2728
79051
40274
54039
24008
34633
41219
66738
26130
30622
27849
21527
46155
84188
40019
3514
29268
30315
43026
75293
19546
39034
16320
41446
80916
99465
48306
25857
45696
7031
78056
81942
95323
13415
86311
21489
15525
64980
42588
39087
1393
83169
60715
86069
35894
47285
83153
38320
75581
12888
84500
78136
93512
93643
95274
24086
9629
81002
45193
71001
66360
45841
5786
16490
53
49968
43175
89926
79581
29628
71803
85696
80839
72487
91257
52806
51841
30734
32633
42651
29935
35429
35173
14297
84647
83415
63758
3579
58050
61110
34292
6218
6365
83686
60525
60825
6284
93634
75685
51881
37507
89537
8365
48589
93566
27099
34916
26532
65159
17532
67770
42456
40714
71943
96484
14425
3733
59404
51961
79245
9999
72740
12192
55537
29110
93600
30064
20660
61535
93580
42391
87303
56072
57998
14876
85521
14070
65756
24473
95071
34494
21912
74799
3504
72285
34995
90703
40556
41015
56856
52201
56402
66450
10951
54096
58092
39050
72816
97541
54354
19927
84540
41659
40987
70068
29764
24041
39037
47805
1629
93947
6141
51674
56073
76218
90880
67902
7318
45966
1590
47943
30930
60076
32715
92301
31305
53931
86389
80288
19985
8173
68735
56525
18257
80808
53551
84987
45206
47675
27776
82708
89017
17716
86301
5200
18825
39515
53329
43808
73031
50898
97081
27069
34460
26017
72034
73841
11204
95227
33810
52066
49715
71555
70043
62462
20705
91693
88856
37751
41952
35958
81790
20028
30689
78221
56087
36256
46686
92555
14708
48996
75807
95151
97270
81680
11863
86842
34041
78282
51949
76684
27793
30093
64620
96350
65324
5413
19365
30639
34878
85754
97638
34416
57180
62406
10328
32728
59506
26193
16217
32126
44293
17879
15057
75420
28453
43716
5238
30551
5517
3217
24256
77661
10005
88441
39470
46077
58570
45470
76172
81628
40798
15990
38495
19986
55680
89459
64871
79131
93812
32239
62686
87970
82500
28350
17247
56365
87351
35700
84921
83132
45919
83303
24932
45631
22402
77763
62518
28879
61855
41442
58485
46167
54322
43255
62802
96344
65138
27895
44185
96339
28855
8330
32538
47000
65875
798
24533
48304
5004
99088
35077
27478
82830
84207
2093
58037
23682
37357
67055
59797
78649
13387
59181
14300
74620
18385
46084
24941
22851
66825
11360
11914
49426
75800
13125
27043
45727
36815
77410
72227
59122
4192
55432
28885
60210
73638
43005
74908
17572
36408
97024
47361
45139
48594
14962
3010
53899
54531
97684
23647
20292
82281
18343
84071
70245
66585
57580
92875
28305
91461
34708
90948
38265
42795
60039
79061
6493
17361
42614
90154
99076
67774
22480
69155
36871
14484
87101
49673
19538
74964
73837
43579
42183
22960
43732
8009
82152
62482
84816
54075
90237
68625
50248
91351
40359
5959
24963
74959
20061
38305
76116
81303
61252
67708
63469
2093
63077
18281
47038
53478
93997
20311
65373
53154
87792
27993
46070
82753
12417
10973
1897
24931
72540
43543
7161
39364
57112
8859
10117
42216
56363
4892
44807
63918
33737
92354
73480
33795
68190
21222
91859
64382
97003
33694
43278
35863
40257
59184
36719
38368
81761
39801
27922
56294
68752
65658
65957
24362
59650
13000
25585
33164
37865
5615
79175
53542
49414
49116
88317
44186
55353
16631
5851
57702
30548
70194
79719
20990
55368
53528
82978
60102
30841
15371
24345
38883
37128
78095
64971
73704
72662
79299
80953
98781
35096
19277
82129
95050
44156
33793
87563
72334
49218
67097
24467
54163
6521
5021
68739
73603
67739
74272
10803
54085
30914
74964
44546
92477
21253
56470
90031
70514
95255
24954
12901
98959
91274
79237
40262
4485
73464
53642
23522
6904
11281
79407
55867
26776
12454
99150
99909
99860
69657
18566
64768
55176
58541
15675
7143
6305
480
99436
82468
60197
72631
9173
15126
36976
2715
89627
37279
9611
77035
2237
20401
63155
67774
62281
49721
95087
3678
72501
85092
44131
58400
16557
16639
88909
2180
58199
28098
71161
37020
59341
21667
54985
60026
34017
53899
85772
91892
46461
70150
36551
50504
8827
37701
14309
10628
48508
12493
51167
61454
39610
74424
45523
11740
27694
7538
76189
77961
48601
8758
54501
57550
5500
97718
71926
31514
21197
28386
62316
81907
47102
71990
40740
15222
30142
50010
3772
56754
70009
97358
12692
80870
62259
16087
61501
89809
13769
675
78771
54798
81828
8262
77740
41966
11337
99369
93866
34853
71993
14045
81898
12535
16946
5532
33971
24053
93269
41477
16192
45239
73909
64012
16799
19354
76863
23000
28593
18557
11426
78017
30715
20074
65832
64769
77842
97388
38058
99616
40850
70184
57432
48966
9857
93332
54730
11793
46658
73123
98926
23090
18775
57148
65377
5076
19235
24095
57390
24020
593
58905
54603
61428
26587
96994
17113
36816
72489
38613
66870
58193
22851
24943
15361
3760
93647
58278
34753
99142
39687
85935
5933
20519
37507
1481
87857
32876
81337
82406
53712
78099
23353
40849
7365
95893
56338
62952
54281
25521
90393
1636
17442
395
75192
15358
52396
3710
45385
3480
45122
79411
40395
74184
81594
14764
65513
90327
99720
18162
68363
23674
82474
78627
69095
59616
15537
68893
29468
9546
81975
80245
90466
79400
86352
51388
75669
54426
33941
85269
12694
25492
73860
26752
68726
59377
10232
29952
73249
98761
86220
45064
39013
91648
93972
97320
4950
3606
48283
54040
13980
53184
18862
98892
6343
77554
46901
71821
52689
63067
25716
14399
94131
92882
63540
86263
32052
29288
71707
14808
62501
10046
7995
39820
22687
54649
40686
22444
15325
73006
49277
67442
32336
81818
16225
13549
5618
18032
57294
99263
28619
34652
25316
79984
13424
35571
10263
15161
5696
87397
70297
52526
6041
89500
67486
9868
48467
33646
18434
47293
10466
78441
87188
76274
62451
40852
60624
94434
46447
26649
48064
49328
60304
60820
71747
1107
85717
12586
44684
7546
59558
16709
84771
7495
70514
885
29226
41440
23156
72603
45048
16246
78831
31629
75804
22927
99435
96176
34653
56989
15182
25651
4651
91735
48851
85419
45973
4139
86490
24116
44527
99911
34893
43214
11040
74181
87508
70207
593
61142
28615
65596
11228
98366
10520
62734
77447
14554
65814
13849
37346
80158
30981
11745
63360
98775
23505
51344
8797
99188
77864
76169
83590
29274
78995
13708
71908
6191
13474
83196
39690
21426
45595
39912
96645
73553
31925
95263
47652
83343
76219
7860
60970
9866
80668
88446
28443
78220
45761
68317
75545
99577
39819
48899
2769
48990
70310
77154
55914
31874
55667
4768
96015
64459
78122
88676
69309
61751
92474
97905
92333
16209
87878
92669
41331
90761
99698
9145
11810
62145
27904
10115
97914
46680
85082
11594
57284
33808
27697
60552
13187
35833
15426
58737
21175
68125
76733
21874
88941
8522
60347
27830
58821
6703
8447
46666
98729
21362
82092
85722
52280
25962
78399
36406
58058
62104
28199
56748
93166
35643
36063
72397
35714
45084
8804
80887
30368
19672
86752
34678
17489
33853
83851
79549
90744
15205
40622
69105
89172
61298
565
94259
18240
58973
73805
28980
28188
31216
50304
57131
84070
1162
39112
38632
30174
50649
60012
19051
23077
53410
35493
5171
29861
88155
30495
57772
78113
30939
80108
16252
84866
51871
6651
59923
96409
50483
23502
25565
11277
61624
90961
17259
93086
10688
65398
87249
50091
70213
1108
44155
61608
46338
66610
54913
6823
20645
91886
82809
77190
70893
74861
97540
22234
43467
90815
64549
58654
77510
8400
23746
87720
53179
90734
36660
30826
40547
58790
99520
185
13948
35317
19254
56127
4442
87617
17337
95863
3193
63471
55570
82908
16483
87159
34193
18715
75324
56871
16570
16992
10866
72690
99720
46898
78835
97889
70085
15921
69950
15201
99855
31475
26149
10036
57799
44257
4444
48799
13411
49009
65636
5101
61652
41676
25149
4174
82301
40589
78184
26832
12783
91960
98504
46544
6872
48578
20163
47664
99135
4833
14631
40695
97208
29445
90463
18092
80042
47396
84813
51746
19289
78381
26839
99903
54854
21383
57492
76053
13869
93121
46346
48913
47296
3679
22209
39404
39433
86425
48730
35145
8091
58395
22093
97655
56417
50156
65240
90690
89126
43631
73654
51102
41631
53450
44557
20688
83045
13627
81127
37022
98491
9688
18621
75986
97822
22148
77883
19546
4677
78951
89252
12692
78480
85239
22691
19056
46900
4798
88056
41996
43763
59813
62216
71289
26568
21798
88822
20131
6576
82437
89843
88833
26339
81867
71637
87997
84468
4725
28436
88810
94503
69146
56715
8595
43886
36963
37275
23966
83149
48154
16377
63115
96326
44211
24799
56878
13638
5667
18927
72993
80546
60486
40597
22888
96640
71783
3539
86905
85493
2192
89305
49889
15936
83291
40540
29681
48839
37817
23129
31361
31546
29734
82045
96384
67603
6685
69740
52488
7286
87932
13957
87748
46388
94457
17965
60422
30218
84643
35571
71300
43765
71643
34046
41277
83467
87737
10754
65878
9098
51815
78654
6452
51073
34964
95437
43557
50816
14881
11184
95429
3839
71617
25566
20386
83638
30742
44853
46096
42237
16333
36766
933
56439
64822
30371
44337
30292
38817
20718
27963
14298
81971
9015
26008
61388
35066
58217
24004
26402
87491
46068
22815
2749
26037
66648
34126
44636
43100
22524
47022
61037
93115
63732
81259
48797
43411
65639
98814
90681
49114
93409
18252
6253
39620
16229
80669
88223
73790
22228
42256
52404
75382
22300
19496
3428
81725
19067
31878
96369
36344
34366
5599
32593
65908
35542
25789
82440
3367
48957
14720
49741
44118
89154
64025
55622
12395
83928
75979
16638
39414
64871
59717
73892
38512
78128
77306
77903
91407
82382
26810
56838
58358
52119
88312
25902
22466
63918
67816
90806
88380
48232
66964
1843
5430
90969
17027
91481
16893
64681
59733
26640
30833
73565
72253
8936
40164
25901
47550
77594
58687
45080
62433
66805
59885
33356
78494
5485
1096
2982
70856
14487
15774
48972
63739
55376
28516
4995
32508
74810
37446
48250
18502
21635
21486
42971
73185
14896
21562
27992
89857
62415
84438
26464
35901
4472
48354
25924
36277
81518
11765
90758
18815
47881
69202
24587
84781
12244
68258
22968
47314
86183
59649
12525
162
99092
47614
59024
39450
80563
16100
75227
32196
31817
58757
51392
68803
72594
38785
34372
8615
40553
81645
32584
81570
28001
70392
11221
40200
97734
20682
36593
32048
37644
17655
27739
27027
89246
8298
38723
50193
3202
74932
61176
78225
82369
73791
39521
77200
45917
44516
90357
16282
39813
84401
49936
37297
20950
30929
67268
74523
83306
58597
8871
13142
46410
38636
39970
34673
19542
40269
66981
74380
57268
34646
36465
655
86426
17124
59466
81547
24610
32707
37292
67351
19906
48035
97868
90138
90317
85128
52679
6179
99308
26109
26570
89360
85634
31700
10521
84621
6400
70621
35501
61026
94904
27617
92227
50455
45577
55148
55235
7220
94997
60925
37265
34529
74643
37567
85827
83007
53947
63731
5256
10338
82868
86140
38891
23153
81729
2180
50542
58884
60159
54135
26824
54206
12603
60567
61337
58672
84532
96358
67736
75204
86115
72874
47263
10400
5043
54715
53202
57248
72565
41839
34434
45030
18400
80947
41826
38465
73875
98548
59016
68072
40829
12487
53856
53163
87181
13179
32247
78177
25471
36751
18700
84975
81983
60045
30512
66585
73305
36226
47509
64456
96498
99451
2602
73890
36404
8850
13591
62633
59455
58188
78308
88244
90886
38933
41877
13260
63566
27618
97817
71065
17631
27979
39752
31793
81203
25178
72369
90996
48477
49733
96398
69394
28100
27570
77605
31892
24154
38547
75658
50976
12523
41460
39076
12760
98820
2024
47708
11764
70282
23830
69494
32319
34610
26328
33117
99543
72745
3474
81223
74138
13232
71242
64930
80617
27633
74104
11340
78132
44248
54064
72025
26460
83000
33296
12086
2017
1909
91705
18668
2325
76188
35207
88660
85633
45857
95520
4621
39216
72625
21706
74786
62941
85723
43359
88377
40499
61782
76379
7698
69155
35326
92195
10066
42106
9173
19201
65908
55825
38023
14130
16021
46697
8321
60137
44674
23110
11597
54877
13263
55351
29275
95158
40297
43759
36814
4888
75572
87849
24771
59340
49404
54422
47819
93265
85348
36978
36580
23663
72918
60329
34822
50618
52364
99314
34764
63757
17356
12411
90979
44642
72735
98420
61052
41891
42940
58393
72842
58975
1333
26900
67986
58435
19444
20084
79061
51925
64057
6159
32969
48669
27679
94549
9521
74439
8981
86849
1280
88863
29317
99151
59078
58722
48765
91598
20267
64082
68453
44186
35832
97803
91809
45775
33835
42746
69896
62345
47368
18382
46500
10339
9200
19078
85852
10969
10174
11394
34291
45457
72585
54677
77266
83141
97971
63539
79267
32966
58299
73905
79927
6071
37480
9236
43992
42696
8851
32869
44979
98167
65166
3734
20581
63528
10622
62309
10269
33668
71479
67521
8213
41464
49881
86452
65956
92639
30238
64760
95790
72604
16486
8414
98691
80280
27815
34217
18299
65857
37413
47936
31632
78103
18174
72661
71230
87602
92747
43687
99910
60389
34743
76396
41988
54268
53681
83321
14631
10159
16192
11476
45690
95141
70195
62342
26547
81316
65741
15569
4914
81435
73630
3550
25430
84064
63672
9704
29160
66206
36654
97437
60602
64977
58282
68509
42471
29287
36957
65044
20075
60889
12087
32413
82794
57048
98366
94346
66194
64406
35881
10632
4596
73925
27551
55508
46162
20059
46603
84826
95695
28040
71688
50103
32540
1209
99775
7141
48659
15225
13397
47203
77471
60942
60159
34178
16278
44123
62250
11622
72316
90604
61882
46063
18719
20904
21347
49086
85676
4366
37705
41510
50823
61382
80659
12882
81228
7094
82493
52420
28879
336
56142
92748
21829
82679
99429
45633
35563
27950
48187
1492
88462
18001
77195
96794
97284
55093
52188
65599
11586
75709
20275
31138
96169
8018
99841
6337
84715
74706
87016
69642
67643
13776
28515
64256
2213
18259
44867
6581
11174
61479
11372
83290
66858
92685
11654
53364
13509
72817
39844
20183
65575
55229
92219
57084
57776
41284
8924
1795
49151
33427
11601
54153
79250
93202
80013
78250
75276
21497
68080
73906
96266
23059
83405
61261
17768
58488
73821
88366
83881
24736
59471
64566
24545
98463
82374
28811
74887
15209
68441
55485
60862
91920
5643
37392
17007
93173
1768
23899
74583
8382
51182
11818
92782
69347
47655
64303
73551
54457
1162
18355
91046
79328
82910
24666
33825
36626
44709
99299
22255
62533
81236
98893
12830
65497
17019
72641
54342
22247
7541
2296
54003
16057
31920
66699
25340
17232
48978
68732
84806
64338
17869
78496
36496
4646
77772
93080
74998
49565
88012
45604
73430
72547
51955
42510
30878
79442
96747
33170
93731
8532
18449
11450
97328
81341
25082
46312
10496
79454
1376
87482
34497
89066
62955
72115
67238
19260
27972
68641
70223
68299
81195
70312
69557
17356
28622
35245
29099
75195
56667
92963
97683
64694
2061
89408
36499
85299
62956
54786
53080
50676
72007
84993
47207
71628
89729
76055
54759
47388
75203
90051
37079
48370
98198
67725
76990
61947
70093
18372
67594
38676
9905
9906
32162
27239
72242
88006
93357
35623
52656
78818
83031
78463
58188
90266
61533
78847
47254
30214
12246
12882
74876
13257
54338
63363
95010
86229
89254
72677
95057
37704
56423
58007
99000
92910
88733
19767
15008
16563
50175
59112
15068
58755
47025
33673
39970
89026
50
8799
28694
96034
7376
64845
74076
61982
64286
19063
71621
45358
33559
37273
88929
70801
10232
17101
39498
71817
73423
77388
27967
21337
74849
46687
59736
37564
24
41494
95816
22010
39686
59054
59314
41360
84612
49417
7048
35642
42414
96061
69356
35795
21253
97038
84798
88570
42261
47614
17884
69110
89110
8229
18367
71510
98478
84005
10622
3514
6834
50396
2749
86341
65765
97588
24821
96560
54974
63279
99318
70527
21581
15185
62552
48727
40491
80817
75490
78215
59710
21594
60971
97117
94989
34945
44761
4975
88159
54341
47022
30196
32468
39392
77807
12464
50178
57959
94970
74746
73100
66321
11642
42698
3204
2279
85118
86646
53391
98725
62817
75336
27352
34112
94510
11621
11409
98402
62712
56467
88040
28622
35454
97226
63462
16456
28095
74552
22346
1405
49246
16744
27091
25529
9397
80083
99732
57058
76789
75623
62152
79271
88782
16241
86761
4596
42666
32687
36193
42229
73289
11341
15536
11358
34863
47341
26031
88027
40910
65858
55068
98400
8176
19422
71880
77788
56631
71450
73388
16444
91960
80669
64159
12373
37760
76710
34023
35365
73629
56774
10358
201
22603
48237
35318
94479
69256
46629
37983
31960
52121
56817
67011
87505
93012
47081
99915
59171
94653
50206
46481
26946
50590
25562
8438
10305
3150
76228
44884
11391
62855
21030
38023
25489
27037
22755
35580
57073
26163
36484
46950
90668
38207
81613
11442
58856
96356
16237
25998
8353
34726
45855
50541
35459
80312
93009
63288
79596
30854
97271
5369
84525
5823
74933
62238
77140
26414
68424
93604
38745
69663
62382
53080
83795
64586
23052
65186
45570
81614
41524
89575
72540
14756
7396
12148
9007
33060
75012
77178
66227
27229
24997
63683
29314
62201
18130
99126
75232
59649
98383
57003
85318
83301
89166
59878
16128
8733
65643
63586
28539
29107
70427
54130
92160
74179
4075
55821
69952
60711
21939
14184
2145
2441
66824
30657
67141
22668
65718
99328
45895
30042
85638
52500
69916
64105
40070
72771
35838
55168
20022
58237
8201
85868
9150
71422
16385
33822
81983
72573
4926
53444
50773
4126
21698
447
8397
26162
21823
24892
83243
34208
4926
46845
41991
23348
67849
20251
21984
28457
56117
96277
7740
44977
44425
27608
17323
97635
59171
64890
11606
23364
99217
52667
81908
79427
24240
92074
17212
16920
92373
76081
48761
34012
30113
57633
61484
57930
66588
46130
37832
60538
84547
76581
46769
14667
32044
54137
62740
5357
69342
8535
56722
83553
94896
7861
80727
36567
1042
6709
50157
25169
58775
39051
23814
65267
70472
48236
51297
96991
49649
42045
46715
88244
59775
29162
2150
74811
71698
82505
88501
5630
79057
78801
33713
9730
50650
75092
32840
58286
5815
3425
25977
97895
35764
23683
2269
2747
79225
65904
65459
60207
93759
64448
55296
12176
33837
48416
78571
57745
39839
70194
28485
1419
75379
46752
96140
68176
44808
36659
6623
97335
8826
79955
95856
43131
18020
74767
11218
97915
51139
64866
49894
11542
89971
64279
91825
96380
81435
6133
13543
69733
17153
85918
57672
559
34328
52871
30742
76898
46629
5418
70768
36906
10834
4108
82160
84449
83816
19495
16835
91304
98376
33802
7251
9174
97585
99983
3738
15747
58102
89221
66423
77955
2414
90552
2704
57672
63615
83400
71844
89154
89217
33044
98722
28173
42975
3723
91942
29190
86749
61085
41578
10867
3502
50681
37763
15323
81653
57847
98537
10896
80335
69875
36054
74510
65788
40122
45455
70465
63482
51668
70612
91875
8481
80750
5311
55775
89158
46257
43709
48277
13199
52972
2182
90613
32507
78349
11503
4949
34488
88523
85678
99360
30257
8648
52959
7781
51333
32042
30597
80900
22294
88774
4388
75409
6467
88106
24377
7499
97616
33751
58923
5742
5079
73767
72748
94081
18603
39064
56797
72437
2683
31789
94330
90110
90885
14721
62785
51857
51171
62754
94797
43750
39749
10368
36374
65750
40913
79989
63657
42365
66026
74018
55414
71091
54414
84410
15515
95397
63949
66197
78071
2337
67333
60605
23922
53100
78633
92485
1438
3105
41265
51283
18290
17991
67521
26908
42799
47060
29528
35942
68563
16282
78880
22173
79851
56230
91816
42982
53832
66072
12740
99860
38539
4241
60507
48300
68574
53200
194
57532
76073
90267
33445
33214
56542
10700
20654
5042
79268
99744
7345
25892
79320
60827
89760
11659
46621
51872
45075
56901
26476
62098
31745
29994
63020
5446
65315
68371
41944
17936
16852
75103
97905
32028
66150
81266
19548
59917
55032
72564
61444
21724
54160
75157
84460
84358
68309
32293
15573
89816
31672
84094
22418
7590
91384
82175
86643
61912
60960
43876
96164
50791
79295
85232
55165
5316
59270
61316
60623
44656
79600
15339
75837
22979
18551
32698
3353
97157
7624
49341
4735
24513
50768
55172
54456
7013
47603
16955
61372
47377
163
57092
86102
43177
88542
99205
20036
93689
88388
8716
47374
81423
70014
17820
5613
77425
36738
16269
26352
62865
72269
67954
46557
62210
94910
839
68898
6369
14138
67571
17244
85078
33460
77747
81742
60037
62699
3598
69785
67706
98806
22018
21062
60994
29452
86950
71023
59946
17838
52642
53601
6465
45589
69079
12697
24831
72960
77652
18270
73943
50902
40372
48587
71731
16879
11454
5737
27406
92788
98601
21519
73008
45400
20635
99957
72998
26530
79092
83175
57025
15478
53090
58783
42101
94703
3255
39467
92377
89200
51842
2096
49001
13629
44287
77528
32618
925
34459
88067
86293
33646
46957
51972
45446
71434
72377
28427
21692
40990
57190
22169
72075
17789
91382
9996
89923
63692
14477
51875
56545
52054
27035
40056
98019
98576
54111
4531
82902
14987
2834
57441
29177
8262
15259
31419
27188
2663
6387
59957
87162
45083
85797
28529
63622
57875
80177
27505
75094
60634
48087
90210
15541
12108
85724
88706
49575
53452
3101
18789
46626
75463
47938
93291
62755
54527
4812
9590
46163
29010
77975
33383
6070
49726
78101
18894
58525
40004
63436
17123
80576
83192
69870
7689
66797
19087
51068
36493
3529
57955
49633
81859
74783
78490
18727
65058
1973
67610
25047
45968
66936
94339
44882
35602
99161
39352
44982
15782
64848
64817
95838
18380
63707
19750
41964
22482
68661
51561
60068
15205
20896
21217
10453
20509
58619
54318
75788
78989
24434
64136
63818
14435
58541
30353
21783
75322
6569
94926
95144
17453
78452
39697
7550
34602
83796
8235
51327
49267
84597
69096
11861
50795
32718
82403
38892
14778
21140
56262
52318
78430
86845
36997
4420
57052
3627
68446
88225
11849
53168
98622
57513
71764
89547
99451
51522
26709
82101
50537
1563
313
29466
77824
88169
57903
10251
11678
4065
52818
33421
53792
82057
2803
95526
46250
84454
48292
8938
74582
58895
52874
41206
31371
19563
97446
12377
45198
25631
90915
51471
7072
37255
83036
57361
29433
14096
11091
42756
21559
58396
99243
22398
59212
29729
72113
82315
57726
1613
9606
67161
35392
254
84592
34277
25449
44739
33584
8546
41357
47510
38602
65162
41574
47769
30262
51904
19415
10880
64960
47991
40030
83085
50761
47816
29499
23830
1620
51404
80923
41591
33002
61910
50081
1182
80687
57834
22615
87787
44907
49212
12230
35832
4018
92522
56885
51460
51028
75483
4864
84808
27419
65258
74362
56019
97148
38744
24494
44361
58769
66976
83792
69732
24012
23349
14624
5660
17435
34502
11570
68359
62743
54399
17700
50896
79244
42317
86605
62678
77316
57299
59384
46003
44858
33004
72397
66594
62634
20720
26834
80102
63371
81410
71243
83772
44139
31375
65055
35997
25733
25860
62774
91045
30203
68336
59746
3849
7714
50975
46946
22815
34575
23831
7547
12128
68786
79407
74068
31019
76817
58785
40121
78051
39862
31165
58579
27807
89223
16355
85504
92973
24400
96349
71259
33943
42548
46546
25011
68026
71592
68129
74605
68548
46071
28293
20158
76893
94840
64480
47210
27589
50740
31988
50940
33560
4735
86488
68728
12879
64392
35322
36494
84554
25239
23119
15720
7831
77925
38395
71208
9607
44141
14387
61149
89772
93550
36656
32026
95893
58118
83381
1513
24724
48759
45167
80733
92663
46993
97779
58897
90920
2283
23971
39604
56554
66546
45527
20351
74390
83623
4836
20198
20857
2647
63424
17334
95457
56148
44292
94949
23505
78153
46860
46868
57957
53992
93430
8592
80085
98572
16071
46518
75669
53200
5145
18864
91562
25720
22970
85596
2385
14996
17144
51237
9541
64061
77855
47204
97931
17647
25885
78552
3992
96320
20700
89248
36529
1919
66911
2447
2058
56388
47992
30452
94429
61894
17766
22950
87393
60313
92129
36908
83276
80064
46117
47681
4089
67471
34098
16151
40801
68517
21524
89817
20378
74947
46824
47420
39789
26405
37883
36892
65489
87916
79423
64530
26710
93431
40974
36277
79261
42965
4754
66092
92540
34854
36256
96463
33609
80935
72031
91731
8559
85531
15549
2785
29432
14088
88174
47509
84006
78545
5668
82878
9663
29854
82521
44320
62302
74535
32833
19881
38608
52464
14912
25323
19060
25884
26036
92498
31348
82340
31200
18169
46267
85814
49634
18860
70109
1443
4990
54507
54935
35063
38043
7740
80343
94678
20629
61295
19711
92243
64799
40163
74240
88517
69286
25735
43775
84703
65569
39228
78054
35397
16867
96677
42870
9937
61517
56722
50513
53524
72054
60709
88540
58695
12288
91395
30911
55043
28304
39497
57800
47920
54489
39369
93932
4086
70234
81417
44358
51489
26853
68891
63286
82278
25363
20746
67578
51679
42918
570
93892
82702
65107
52781
96815
38596
51235
26163
59457
59727
4713
77706
17007
98343
9722
6744
89077
32129
38514
87256
93022
80965
30077
30788
77457
8909
97164
31386
17506
86464
6561
21435
7685
95665
29668
55864
13669
79828
28124
17912
92676
41960
47067
62037
33188
23045
30298
6927
39726
20390
51718
66044
6083
49157
32669
36050
97071
45243
97490
79991
74104
46291
88282
6563
84338
49704
91076
54965
34152
83702
27087
53252
98089
58773
78076
56290
49591
49374
58027
46810
28597
92850
63056
66714
97552
49778
54270
96568
7768
32210
4703
14925
12313
55467
57682
65307
39233
98354
60755
41626
23472
283
30806
14533
78954
53881
68690
24097
51905
59862
10002
89806
70632
90974
34096
87228
90445
42156
67146
94906
57030
16790
81706
51326
12856
86403
60469
2
21041
61009
96041
29159
20986
99269
31967
83344
9723
27279
67043
26687
59797
19816
44994
38117
57045
76668
93051
20714
70901
84288
64054
739
35090
48773
64599
54694
72208
33402
89036
65212
11422
24837
26331
29428
16357
47326
8618
32178
75569
60933
29843
98470
41743
22108
24082
26687
92012
13633
93715
48927
80500
22341
98035
31092
28272
19466
26722
89963
64928
72580
38517
45932
84690
10086
18425
15701
69137
91177
93058
97331
51354
17053
76580
28682
20374
37873
71777
13121
2002
44512
50283
91323
45473
88866
23670
88681
1807
39461
26394
28818
35241
52266
63701
55408
43630
15035
38184
27615
26534
68920
13356
40152
9504
55320
92765
41239
96583
10399
44918
62119
31277
94906
2884
1643
74146
48162
45081
60387
68125
96723
58861
96055
34716
61416
40319
37701
99409
91465
4015
92472
19688
24838
61784
66093
75368
23586
45277
77214
59801
86875
9451
65050
30189
33968
25650
37668
64779
1329
87280
82644
41666
33045
43544
76089
40695
41970
49659
84884
42923
92727
84464
35892
7188
13819
5217
24539
23230
49370
30250
19189
10989
46617
59244
77296
75326
51088
31022
47878
95627
23168
51609
96159
61896
95518
51595
49447
30506
87030
25034
13598
42719
9800
86522
98678
49750
36627
80038
7229
27343
91113
35435
79725
36932
88055
39474
6520
7419
44607
52895
16205
86450
76816
82367
62476
64124
11965
71419
11747
48648
35372
51679
15595
61669
94088
59637
51324
22359
47399
63155
54179
4217
43167
46954
65501
79804
21385
64533
73676
73931
42408
88360
16481
31115
6734
95515
40080
84818
4205
29630
15825
81373
58973
27729
88081
78805
58279
66207
84641
60044
30607
46359
70394
6707
4089
47648
68683
68084
10778
37747
30393
54418
99733
70490
4743
81401
12229
69943
15862
12729
76444
39015
14359
40263
17281
80423
23558
20598
36502
14752
35691
37924
11332
49379
30779
60710
70308
94597
17800
99199
59256
40010
18253
7778
83025
17486
24244
51458
13326
28369
78616
95215
92513
41923
56550
74224
30786
9448
81244
51205
90773
3815
93687
97534
97036
12789
84896
3187
28003
9750
65215
47906
75506
29576
6765
82791
517
22529
83353
88707
8051
30598
97028
44690
96098
62845
15933
22469
48624
18778
20368
77678
15583
53316
31158
10602
5218
48234
51051
32357
52747
83770
73369
20449
46487
50244
69090
76352
15450
42343
45010
19595
51546
72196
35667
42059
32478
98548
65590
83594
90448
23057
29131
47661
18773
89610
23762
76328
47084
49881
4358
74309
27888
60116
99319
83724
29263
34686
699
89350
65202
11698
88499
74632
85981
93160
28037
7801
77908
88330
28500
73291
75643
1717
16550
98597
29030
94495
53563
19323
55369
24064
63800
70608
37675
48949
65678
6270
32368
60675
22249
9569
60551
45110
31586
60565
33023
11987
10960
37023
65537
16125
79402
52660
93472
14446
54679
60119
60314
63246
19483
78120
27937
25497
84577
35901
56685
35023
21980
5207
70662
13782
28151
68951
20787
48349
97207
24659
59278
70926
87120
31759
8661
71683
64774
3810
33460
72077
23860
71121
62631
6880
42891
70651
96679
60094
14828
9242
70153
21205
17175
33623
44115
45194
74031
99991
27512
18107
47294
3584
51264
83750
24903
40723
53859
66832
71548
93843
50520
98495
16395
1322
99155
74406
44489
31945
29340
4944
78795
75988
71723
13965
91280
1355
56855
69233
61085
75066
46096
94683
65371
64134
13552
90881
56623
23951
73808
40660
24819
81688
57792
86755
85457
24804
21255
69705
9847
68569
34502
82367
79693
179
52217
31869
6543
28740
18911
85721
25190
92046
92953
23648
82538
60968
44468
36719
16531
19976
50833
87129
34422
75938
88199
57398
33773
40475
26184
87423
98755
71209
73262
25313
76403
87375
81520
1881
69577
78103
46729
66978
98099
70627
52563
14993
26585
68902
80145
98717
68161
55513
96168
619
55874
31074
30262
59205
35171
49227
82049
74519
7605
60456
91175
29581
36212
39404
2778
66196
44054
49275
43406
66725
28184
98403
69210
40569
81789
90158
87813
88792
25978
99442
68731
51219
39346
92674
72625
57746
38708
19338
74519
87645
56903
66922
84395
33920
76264
85331
16194
38819
67667
71863
79334
49864
69542
59870
94177
5269
83417
14783
91382
64900
65493
12136
14057
33134
63039
52174
74699
17306
23619
36385
16815
67305
17737
15935
92087
79392
50561
91112
78553
72379
5472
61983
44080
78274
15296
8328
79809
40352
47322
73149
93556
68863
93277
16674
78979
91971
81968
88576
47802
93002
55650
59240
77883
41358
54404
65112
12054
82278
21514
44863
55085
75297
96157
57084
58131
17220
13471
82426
9287
51770
53809
61649
44743
33580
71154
64775
24403
34355
83873
6219
26209
26361
18547
66896
83499
42113
80835
37963
8005
53138
58286
27940
50703
69845
16005
52168
16489
93319
40478
9100
51087
75345
79444
50216
99976
83669
96941
1869
18158
54627
28216
80251
90019
28335
9425
64915
40159
17321
82785
32420
93060
20231
97643
85438
95403
32151
2616
59187
88842
5917
9533
5623
36154
30444
18554
39868
21331
26905
63435
59314
99395
14581
38591
6655
12334
34826
85026
20235
53330
26950
89817
33064
90301
16452
25446
2652
83781
27385
66169
30972
38361
88383
92829
94584
75260
77194
44519
31225
53757
18531
19000
19842
38847
27172
54025
39942
22406
32231
60078
90915
69638
59419
78094
49081
1564
35701
68673
19954
93413
48257
74420
96757
17090
67849
48527
50498
75853
49304
86339
1874
46345
26680
17146
41124
49190
75614
39064
4910
95789
67853
41973
36541
69972
75463
95455
4999
77685
84637
86678
8023
38377
96891
21102
75299
1186
44021
69125
68727
35700
37845
40819
5708
59355
32028
30491
81497
36831
49374
27387
13241
22849
91077
34632
50731
18181
23553
96428
98089
49119
49684
92144
6257
62320
12392
30030
17749
15796
85719
41143
16402
50834
95040
32506
8367
73482
10746
41951
99413
16541
548
60219
6819
50712
50103
86017
64026
94986
8645
15734
3307
22247
10800
75067
30558
30938
28147
63567
22831
69138
42332
30978
34111
8091
63896
58200
32131
88221
81014
32751
46592
67718
931
93640
67935
4163
70998
65358
2888
54845
11033
73827
70957
24211
12954
11640
77940
94245
54775
75346
35786
92640
12029
19977
76786
50114
74491
29798
81657
11567
54068
60938
79989
25695
85612
69002
14958
74773
31708
65010
76072
645
20875
29365
51697
23951
82018
2134
18258
77173
76417
57712
30829
56398
89738
80487
20663
26022
4839
30622
43217
76487
73123
50190
57610
92966
25780
31785
19111
12483
41702
9409
86455
4833
98234
32352
95928
81859
73780
52823
23382
30974
2707
43296
78656
71627
62496
12749
41737
15371
77635
61764
30064
43313
50461
58267
77153
84709
41006
60558
5890
97714
14184
73491
45375
59874
93958
86988
45917
97541
61148
20005
48196
78735
89954
336
51155
16105
77632
95333
94707
76574
14341
44607
80102
4526
3778
87517
85190
88497
16396
88535
97807
71037
10147
66717
53189
39468
70255
11938
53231
27948
15153
39255
88862
10222
46200
43741
74403
45644
80031
96178
52110
91022
46619
50489
25464
68857
89324
19693
85336
74233
59686
91164
98351
68749
61054
41526
24151
31534
23457
75651
40137
88583
83064
12178
3846
40692
27075
44819
62609
20785
92071
60471
2172
24212
8209
21822
30480
60062
97858
94404
9926
20838
16421
37777
70880
38026
76946
77261
98993
74393
32280
90753
28766
30534
69839
19644
23648
70593
32984
55183
72145
36936
68335
28970
32699
90339
26956
2465
97325
75869
61365
58001
58110
75342
11352
63679
9633
88125
73734
45813
57092
61057
78562
63689
5364
70343
85852
33943
79807
48077
89281
40839
38707
39753
34394
45887
6083
78182
97932
38053
58097
69702
76459
86172
55528
31508
14664
17921
11684
31750
52528
47312
82973
74941
77661
15322
4131
77318
74765
59023
33659
69591
65629
23313
22563
47204
93990
18525
53928
26270
81044
38346
79912
79278
81668
32548
73054
17322
48267
17836
79379
53637
82688
6568
72583
77601
64255
33234
14673
90202
59902
62480
71777
65611
71547
14049
33871
51744
89949
35885
47834
5496
76890
73290
94582
47406
59325
37148
83391
52120
37673
15719
31783
32360
41114
46628
97339
22157
927
37046
94884
71409
41947
49659
3493
40494
79796
78340
88566
20635
72794
38364
3816
6116
69797
63573
69815
3944
91479
16380
23226
63463
69889
44012
20176
60623
4998
24491
44364
86435
5364
90401
75847
47557
6506
3383
79656
50919
98676
29748
7548
19797
54839
87899
53524
30643
65641
44656
14528
63795
5088
65366
49912
75668
52506
18322
61560
88258
20971
58282
75996
67617
13670
45755
37483
42936
43036
11256
79306
19178
36687
8072
8555
44238
25654
32865
5024
48143
35616
28429
77316
94891
95431
64785
1806
47528
91723
3469
28074
6801
41163
9131
95906
40889
31702
6370
97183
52282
56128
7744
58747
88333
8234
77528
18812
60810
32556
93085
90515
63221
18618
30318
19859
90719
49711
23969
15576
29759
68785
68825
90471
58630
80574
23736
29081
68015
93474
62188
62306
58319
51913
46364
54259
75996
80182
70227
85027
37615
9282
46513
79724
60829
38691
5189
53
88300
43190
18849
75422
92699
89912
22377
56465
75165
42703
62498
64635
33549
64819
75923
7651
19873
39014
35785
41198
58292
52229
15957
93060
42688
89247
62107
28882
29290
78918
77448
78700
55767
23653
40540
10427
29591
2821
18911
92706
85284
41206
88462
31642
69204
10574
86599
29423
37808
70960
48653
48195
57079
87990
35725
59899
84562
8273
41593
86412
25132
50207
91882
9685
66930
17360
75459
3825
77818
48274
46617
9533
11968
95654
32763
44771
78344
76685
38226
30348
89726
18209
22434
56039
18944
53820
69912
49566
70021
94087
54174
65328
96258
84024
69631
99004
56524
13906
15244
44724
62282
73343
57859
49434
68445
23390
66119
51128
74325
16890
4216
16315
61761
80260
13552
79293
33263
68683
75333
97527
97200
98637
60308
82061
87255
9179
46026
72300
94424
20895
89626
22024
43379
49444
54511
75523
9382
23931
78024
68787
83530
81819
30450
55337
86085
44507
59466
69704
46650
92996
10730
33545
80790
40263
31505
58812
55290
24333
78520
22456
75046
65139
37767
89058
41050
53261
38472
53853
17257
2161
83273
10418
77537
46582
53822
79797
69208
70950
49578
9962
44785
62204
67937
93542
84187
43488
98213
97597
80557
17461
85571
93737
7792
94690
9108
18414
54670
44937
26705
7017
27890
8318
20802
19681
66243
68663
68219
48242
13910
60484
23278
44568
44907
91256
32260
62571
29341
48357
96374
38444
38475
46968
7975
9343
40897
66800
17293
42985
6243
60861
80846
75138
79516
94724
94361
13676
93030
194
1522
70257
57774
23400
85597
39820
25406
84250
15454
80088
60790
78123
61826
86251
25706
72817
33470
89866
52460
96691
67216
34124
71592
87813
57312
86146
98567
44401
47973
98520
38231
27659
92879
20065
94901
21959
30899
83281
86202
88605
2380
95567
97401
70752
80251
79370
21428
97830
90350
21564
83558
56227
50688
5184
50714
9353
38123
46567
5420
88170
85731
8511
38280
15185
87858
92894
32294
20330
78712
39117
58807
15534
66284
14397
73599
40963
13257
95828
75640
14399
55620
69567
40692
60528
99351
1533
61875
55932
91141
29797
17334
57405
16340
58725
51607
40601
62795
45867
68669
25819
87530
58909
89669
34296
7359
19729
84813
32762
96588
45025
48878
53244
13497
21031
26914
93051
76354
95230
87112
75371
98373
2744
11566
52322
4816
79858
70541
91745
39663
83094
16867
64163
69980
81775
89926
95882
8890
67730
11921
98300
29436
91416
63702
36249
89356
94911
82464
59663
76991
56935
21588
74566
11112
71926
60862
19543
44236
60447
47141
55332
33750
43195
77800
68983
17418
30849
6025
40864
97090
36527
40832
22742
35233
37087
70183
64721
45307
73358
68220
63883
23138
35859
98799
68085
39336
9861
18243
80316
17274
85368
56046
52862
48478
48249
76099
32082
80610
24671
61880
40037
61910
48744
76097
80998
70729
17737
30095
96861
76181
6023
9573
3729
33535
35581
37699
84683
7457
490
76775
74062
42763
23961
56245
88276
46117
25375
88461
15346
17703
70752
49063
11886
58264
16218
67515
68516
613
8239
59293
18907
78563
60072
78453
57457
29362
40474
70400
41423
49604
36496
99497
31204
68655
60765
48179
9009
48015
72199
30443
83727
89709
32667
34729
94183
35457
82822
31289
24847
58411
75804
36441
37481
53491
21922
99632
76853
42753
27743
51210
43156
60436
42866
76535
64746
66560
76279
20970
94158
18614
254
31704
93916
95591
25167
87963
30921
75371
56685
38952
72584
21684
95209
32638
76011
78089
24374
72731
98662
94297
97150
47793
74512
79146
98244
80485
22360
66840
54682
21466
40925
59212
8569
73695
90319
30094
65841
69567
68982
31353
83819
4801
92439
49757
29478
42821
14635
38404
11020
866
71105
66470
48629
98589
15922
23150
16417
30169
83456
71943
2533
23582
93214
57921
25211
66717
23398
35600
44634
82398
11010
39020
53567
84708
22585
34355
23810
28094
64252
61585
8538
58451
43539
50336
81499
13174
45929
12959
73188
62632
7781
21441
17932
77995
94065
14969
31751
22065
76620
72139
96031
53045
45118
10659
58318
82656
31549
52019
2370
45300
52911
68171
20677
66996
88793
51668
45543
67012
74975
74286
56793
3077
83481
42191
60220
21686
60284
60677
33432
96305
36719
78720
31752
69045
91558
14927
40050
69514
89006
68243
35196
9305
50667
37210
26204
60863
87710
23795
56592
55877
49038
37661
74642
13747
58585
81711
89872
70827
48653
65379
63924
77314
50121
94453
54801
59992
16430
61811
97460
48485
46301
12483
43590
27622
5410
87053
25576
33852
95868
9353
39069
67589
48946
36373
28756
92474
2988
57009
17442
20181
83633
26888
99032
2410
9838
33452
4143
9288
72303
51750
19493
23151
71204
97778
91720
98649
57371
33397
21032
59185
30101
15304
66723
92662
13689
25747
49547
55502
83266
53052
61694
15564
23886
13288
4643
84766
7361
41727
2364
23283
74595
90965
55867
80879
42756
76681
94081
86193
20347
87071
32352
71932
48023
11414
98279
16744
23324
87267
68440
27317
34339
95488
29353
75718
17244
58590
16191
7286
72322
49320
10269
55810
3729
9548
927
74711
69564
8054
65490
85044
42784
60957
80619
81129
10960
34333
7026
22847
50609
29538
99932
22937
147
4619
81868
36290
60224
92819
41342
18826
98666
65176
22436
24083
94026
6597
36542
46201
34866
82541
16906
34878
28648
44930
99867
85674
67572
56159
93166
92527
31424
45590
92700
366
98900
27943
14550
32987
99789
11076
26020
40946
40263
82983
20362
82339
12054
81549
76455
19469
14492
91706
15338
79657
14954
91985
38834
54973
30283
70895
37586
23127
69462
56549
17582
59358
83781
92190
70229
66757
37342
40143
15756
36040
90094
83980
10734
28668
40629
11561
4100
96535
53351
67948
72483
71100
93169
80495
54726
38789
43075
48203
17089
34550
26293
42444
61675
91093
83682
83063
51232
31212
39616
79509
99413
51608
73259
26253
78927
19502
41273
30513
55996
33104
54450
96303
74126
19116
23641
30505
48205
67157
43981
1077
98498
96748
37642
45950
76559
20685
34345
84325
63369
98014
12269
15158
78727
73945
73465
61059
32543
60495
33962
32286
42654
14214
70446
83026
91795
78663
34347
35897
84706
92129
43659
85349
43517
96505
43204
35188
41759
20869
57329
42577
34173
82832
69452
70251
62935
55881
36347
14564
96211
25725
63885
50305
537
89289
18324
92623
85287
76109
36468
84107
69370
91830
2948
38542
96685
23121
23759
95761
86402
78288
8700
32451
46144
6519
85496
79736
15629
9118
85051
15731
69662
38084
18706
2464
75999
62284
18580
6885
1017
60606
1091
23508
12691
45065
35726
59810
62787
37521
1633
3223
60825
66588
72826
8693
72837
21163
41100
92200
87385
72926
46034
66206
31289
33871
84139
66002
95739
17231
20241
77535
22462
98278
173
68231
11385
38985
23152
57667
36426
87511
74594
77101
45468
85871
30005
93143
37887
42306
15308
3636
3194
47886
86355
81957
8491
84725
7332
95673
65816
3777
64418
75859
76859
60391
60538
32041
29887
71917
44480
54660
70345
3770
75345
44673
42167
4813
81911
17043
12348
56829
82254
3514
54092
82265
8503
2242
7553
53700
86232
64135
55251
94648
11757
3504
92905
77574
31117
23275
35580
28560
66084
98276
72629
62813
9480
74632
20337
82011
30337
52108
83048
88321
28195
91436
75437
84919
63681
79131
13286
90797
96082
19220
19912
64662
12682
56063
51629
64499
39826
74061
17635
90961
22917
78358
68084
19644
60085
62076
97144
27924
51162
80706
23486
23047
20634
9089
83817
32593
92114
87768
14405
59260
98824
91952
87414
51054
1579
46760
18568
12355
10279
8218
15571
49771
11784
82953
75108
54435
35528
5005
43677
93464
40375
97900
8300
22333
31172
39145
16604
61679
3099
24753
32718
29276
41015
90191
20030
30311
95071
94584
32716
28421
18485
55236
1596
86045
83918
75455
23128
63468
91862
33026
16014
53010
7666
98141
99210
45439
87767
34577
40576
45149
14463
27217
62776
22905
67749
84580
45628
8299
8186
3177
9398
80501
4689
92079
43493
959
10266
92366
51776
5663
83451
91882
62650
47087
96222
8176
58315
92323
69620
3713
49671
40738
10959
29609
27269
4376
27083
44219
32543
96190
89487
67558
61439
5929
61151
9986
76756
36088
2617
17691
36106
28689
38590
60007
69201
67650
88757
74793
27977
56999
9367
23387
29970
27743
60591
65468
80145
33453
56403
63401
97903
72177
13477
8002
95180
19871
29265
48139
49491
46845
70847
24204
50291
9075
1149
95237
7695
20672
60260
95672
85804
49918
84728
74476
56273
93702
27604
50269
6665
3721
490
51955
79575
25966
88348
45458
11578
32606
38642
72974
55895
98285
8628
76497
12944
24369
2981
17408
57612
77990
88107
70461
46810
72210
28804
25332
50539
52790
90278
49238
86672
29920
81089
51113
78730
9364
14702
9842
70140
96634
15602
87523
95879
34405
66611
31143
83030
40316
6253
90610
35347
31739
48430
97679
89379
62052
28483
54239
20126
91038
22622
64037
74343
27509
39904
10224
91171
47072
36552
54643
92292
77514
67462
15590
11120
19224
40340
25282
18142
43717
70141
48431
27579
78320
32172
54575
69620
83240
98604
34623
34770
98800
41852
91969
72999
42154
25677
90081
98846
14443
49431
24862
18033
38309
31528
58156
41587
30469
42728
17523
63444
13939
11247
24449
42576
70772
21745
74755
15194
46224
65607
48582
51206
20059
7162
2307
22178
69889
62643
38511
37290
85648
66541
75961
6154
43503
84832
99814
58206
56174
52089
10640
36204
74083
29649
86356
96196
14816
99050
99061
31225
83568
7907
26152
66254
87054
28268
62888
65759
32119
47724
7246
5458
63265
8430
98177
73519
48581
27102
6445
57628
37468
73620
62099
50401
67598
86127
46158
2088
43878
73438
72705
7295
99632
53404
25472
37006
12791
81110
19908
40881
76497
64276
62920
85539
67230
45810
59180
27727
39107
21437
3451
41469
56846
53570
16612
38318
12082
8211
80519
24424
42711
83549
82540
30147
59300
75054
73219
38042
4825
16580
66631
24736
18751
22907
52691
15187
68553
77770
1270
61370
59848
15514
7989
49994
24894
59899
66944
25569
27347
48753
87718
4615
14555
7236
35985
63222
39476
85926
53199
30204
83401
13139
18659
10034
37991
26883
40233
87555
77133
93080
52648
41001
25502
74469
55306
86624
17903
45239
64261
12551
33042
37217
49212
95474
24616
13196
98791
67617
69898
35334
77326
55475
51526
15760
92492
75608
29549
44889
56413
79525
92580
92176
75930
15467
57139
46
41327
9713
91937
3919
5055
13806
82349
51863
83052
71312
39514
91278
96520
11514
70291
31689
68449
19174
5031
60761
58747
8244
93112
71083
12841
74350
41562
65448
45223
93628
63292
63130
41183
63625
45571
36993
25098
87513
62316
963
16334
59243
3727
72191
4320
4772
49667
99974
76115
23429
45745
20219
58344
93058
31003
39829
47043
84346
81672
36418
91074
59761
45822
3730
25127
36316
93696
89370
722
32098
90446
11318
34626
53339
65111
15992
73286
68546
24918
22324
76121
96163
32661
69949
96132
34567
76984
65138
22109
66246
5259
88239
40409
90228
24766
93119
20505
34853
75203
31376
49004
55644
30905
57773
7435
40597
24947
17471
64091
62050
24305
58970
38654
25699
93562
32676
38690
53570
68282
66848
44632
10557
24126
41738
7230
53226
49958
27069
43405
99369
69037
42048
26293
42330
56775
83318
61238
57882
59392
36836
1626
59361
48577
76894
98428
19297
88283
80129
89688
85547
34051
42494
46674
31064
92515
7867
78064
3053
85854
34462
61406
74888
58290
78382
40147
18210
39219
40000
22932
23800
41317
25593
24767
62301
25435
63960
19531
97387
89881
6023
39799
30017
51285
78151
82721
70599
58823
82113
21502
71072
1032
23944
81479
11215
84103
25500
22360
51419
88518
63783
81398
29655
36500
32585
82299
69286
6851
22521
24217
54845
98914
20422
63382
68744
61643
16862
3342
85511
94575
46857
51092
49842
52073
70229
82059
25734
80045
36630
60960
39333
81497
55775
93399
45954
24133
94696
43729
16869
23623
25657
77134
41355
92144
4082
58747
98670
35246
68008
9827
12066
67876
86309
43485
3729
93234
27581
57558
39824
22953
91900
40926
89694
77755
15507
3811
66424
91143
61259
37530
65392
15650
17564
56803
12327
70592
62232
48344
39786
46588
40897
69233
71587
32734
8748
31176
91394
88393
38941
27664
73026
99322
58078
3808
47726
38766
49616
90677
53482
49959
89531
34551
88942
93182
64272
37430
35846
64239
10136
21914
18631
50857
43069
80394
13346
77226
55652
48654
72779
92667
19939
37157
59958
86700
11329
63432
74827
26629
20732
88300
11026
95020
27904
49155
58215
36317
15735
28782
10424
84362
81695
89900
93430
59308
38648
37463
76703
8552
34687
78389
64148
1738
69551
24445
43811
56200
25484
4749
89428
66963
63354
9396
46448
71850
82554
81371
21213
89362
30683
19893
54455
78072
50023
66942
90773
29895
5898
14061
96679
5436
83791
13852
37867
46944
24744
28016
38097
65068
57947
57871
26758
17809
34072
53491
38897
51586
7108
72988
84845
32003
25296
97242
79243
73072
91197
36618
76761
18549
76388
2129
52200
21932
14240
78397
54041
56282
64615
71862
30732
527
22930
81251
23769
91052
43795
71053
59937
45877
58418
83427
65819
70098
34379
29762
10466
39623
21987
64498
42235
64851
10576
24236
9175
95361
30474
64297
81845
68140
29638
92067
55575
50139
65161
12680
15980
7504
72157
38707
76677
45651
69981
41709
39586
13225
25182
47886
89560
51378
60486
37798
34933
42131
99024
91417
5695
83495
44677
88625
35080
52571
52352
22299
27351
96546
83113
67024
31827
15428
11102
96327
85850
99115
21922
86254
95994
25534
26791
80933
77719
5945
43174
91921
92060
33964
41237
41536
78054
6838
65816
63186
7966
8946
15980
37155
48216
93977
58858
94377
17856
59061
95650
27752
19605
19890
18045
6712
89956
5260
92037
97869
63197
54176
65829
76151
45352
27527
94263
23718
85420
97902
74238
6507
91305
61783
11996
71697
42777
66430
20431
50262
63920
75040
44506
45594
18029
62708
96036
97867
81228
34546
666
634
40088
10394
21540
7815
74803
57234
69516
82921
23753
88168
24392
61314
37216
54920
47450
46764
70452
15975
63929
44431
37024
60641
5405
90526
30595
63744
45548
95734
30878
26238
9269
81972
98475
76898
70169
8708
15452
23667
73894
20568
54269
83164
99950
69499
9577
46129
69692
26597
32185
58880
29627
65808
61737
1668
88657
60796
23426
54193
22102
30969
50678
39552
92760
81048
30894
64118
75724
7077
73973
10911
83815
2729
82376
9643
30314
90938
53050
81123
25746
35401
52536
14893
60544
83608
79178
43240
12730
82465
84118
66617
29960
26138
76689
44147
43791
85259
8287
83332
11155
41195
42102
35895
11746
1805
30112
57646
13431
68725
52653
41053
17883
47629
10186
63459
68467
52990
46261
38152
35732
60022
81005
4813
70912
51273
34548
66171
18791
7049
79701
60388
13798
4361
48214
60038
38960
23950
2246
8928
23399
83875
37348
83498
23661
99618
96450
90288
95007
8853
35173
65327
96121
97574
12814
50118
1296
8124
43823
10164
47002
14533
90632
29372
25166
84319
15855
25182
84880
91709
87600
869
27422
86088
25241
16280
55768
43391
31399
41980
53841
11272
73258
84823
50494
67566
84535
43382
32838
38039
92497
93795
66051
82420
62993
83211
86071
58885
19237
7347
81072
84750
18634
84864
93790
80538
19213
9459
36772
6292
52637
20582
6310
29218
5249
57720
5908
46879
21862
28638
36253
66422
31490
65219
14625
12185
68906
50606
83530
93416
91840
74625
6949
47917
16070
47346
84861
93934
22044
24698
67782
38629
25019
81245
86245
23437
83047
90005
89616
80200
2564
81255
39108
19180
22557
54968
82130
24331
48732
72755
36379
76080
1224
37159
71094
45930
85871
16882
68928
79724
21788
41678
20175
31457
67730
36927
2121
82517
62578
914
97820
18513
11737
49066
22312
55704
42155
9042
75729
13094
22855
74926
92865
99867
41700
88188
30370
7709
85747
4126
25682
23490
68095
46890
40258
15748
62069
55397
79553
65656
28030
99560
77606
37462
25710
35178
57336
79564
34896
11305
98525
49790
55759
85523
61710
30860
47636
59338
61896
52873
83313
19672
90115
45982
95052
53904
50391
50889
37517
84627
73273
64988
85177
1080
39400
23351
24330
52265
55733
46155
79802
20072
2097
45141
72210
95307
96756
67104
71145
14202
40284
84384
71617
41945
39834
21805
64706
11391
32455
93938
38006
18492
17133
52878
40161
7064
25141
42979
8895
98431
2695
10513
22300
54336
47581
19741
63370
84255
54379
93949
47106
22159
37888
42455
22661
23556
78899
641
57408
38982
44214
29127
42731
98588
65469
47838
75705
83224
23139
1054
20515
80426
35458
20527
45941
39515
67058
45582
60714
10137
84080
68275
20085
51433
6547
29244
94401
49555
69784
97717
94988
63070
81163
64616
36858
29133
81730
26111
79904
12924
69434
42495
18231
82223
47166
96698
86134
40077
94601
82276
31817
80612
90477
87757
11500
12208
23508
20660
88156
32849
57877
82666
77160
50955
16087
69666
87506
76013
76897
78088
65449
70783
32870
1303
77516
76178
82448
13492
99843
49019
35542
81178
73492
59349
19480
16036
95201
85225
49124
63345
13521
78534
40229
46313
93656
55204
61000
99679
47125
26728
71770
36116
44088
39447
45177
28769
82787
41695
76867
32841
60352
32423
750
56627
88000
37269
81205
56702
87953
44185
42235
12634
91746
50422
91763
35558
63194
15234
84561
91540
46356
74917
37539
67476
55976
18200
31695
36562
8440
1624
23570
59892
87236
9201
43169
74563
24273
99771
12997
37021
3882
16167
47509
56496
26030
86489
17118
13043
99582
10180
77526
51963
94446
78450
63633
88608
2568
81194
32048
49410
94414
76730
62175
52486
98006
79956
42238
83696
89687
22662
2055
41617
20601
38841
46278
587
76078
5344
21310
16942
75916
30920
10665
30844
13031
51625
13026
32374
99030
27726
95931
29611
14474
64616
64519
79471
26350
50736
76839
45747
23936
45993
221
65749
18226
68160
49782
72296
44581
91689
56997
59631
65149
38911
36898
17044
38202
28417
21844
15270
82562
61430
6953
73913
45558
32347
54461
89675
76704
71717
8609
18627
57304
87938
18785
21960
16489
41604
7722
45037
76745
36573
68164
85860
70299
25915