26823
7705
50400
53956
68493
80227
92155
63589
99071
93732
61356
94448
64869
54756
33273
199
25351
25894
84974
2067
5814
69278
34160
28028
80924
13237
9088
94881
86433
89403
20672
79745
32622
15171
18356
29170
23845
92615
73000
65924
44159
67295
32745
54837
27753
69034
56096
2199
21453
10131
66953
21055
53391
24773
41713
24074
14974
53330
46868
12660
81753
94286
1016
15528
21634
55041
93182
97063
9653
36983
64599
19809
26406
90480
58375
99287
14311
25467
55815
53075
86278
9083
17553
69924
7582
61873
8318
93488
20282
93349
23793
83523
40012
27091
49232
15210
35163
1855
96150
32192
15813
32788
83043
73914
43238
19030
5184
44842
13574
56716
65088
85182
80992
29178
20282
35041
82490
52498
48127
58125
33566
57646
91054
51707
45157
20624
63536
82802
20100
92675
48043
43593
58179
41727
64247
80908
59052
44686
57984
20444
49897
76814
5350
88164
78168
95681
74074
93330
71887
66575
68584
3323
56014
43468
81611
83180
83652
32137
58124
29371
73673
90736
13579
94217
56442
51620
87088
31590
93597
79926
35940
66196
62618
32616
33056
21375
42397
57418
47159
80279
10482
71327
1855
33681
13857
1375
94954
70819
51785
92426
95165
41124
41073
48884
92362
32670
19192
53702
18960
37608
55310
16363
5137
16023
16450
50390
21308
53161
14586
68318
32294
86740
5128
60146
64968
20650
83235
73784
78197
73164
54534
86349
67801
15827
92520
41052
94617
78377
46619
76821
13117
32266
82246
29966
65703
2158
87714
66236
33008
61335
67360
13759
73681
58645
75180
38698
77527
40410
69918
57234
39289
8473
6618
9845
64555
44969
1935
15298
60934
39861
686
44280
27283
8567
4723
60216
62255
72322
75570
39950
24418
59228
238
69437
95831
14200
82331
31115
27270
87172
92632
41434
50311
51723
27949
20832
58646
7584
32472
65844
23021
99341
86539
27645
24760
40688
28784
10783
38824
2581
92879
68311
72851
63660
19432
9508
13404
74531
49581
38553
99108
80164
70273
21305
26153
27204
51496
68949
27446
64103
82935
21252
51430
45826
7204
10206
5986
65003
58933
75109
75777
54066
40786
15502
35417
92182
71784
12492
77640
35957
75604
92747
16415
90994
45670
83747
64852
21309
31734
71898
84696
17662
29049
81725
54857
91604
34491
80616
63951
54119
76112
88014
59517
63757
41704
41747
26011
19694
21688
65770
30365
34633
50251
12225
95989
13667
99891
67434
29671
24683
35945
27032
59354
11901
91165
97576
30411
8770
6722
38369
94475
41030
48621
74598
78572
18459
30641
75518
13427
29542
60202
33487
47923
99946
91379
82276
67349
49466
58213
43105
30100
34179
29434
27616
42957
97986
68653
45694
77762
78941
12048
3009
46417
12847
13940
59353
80096
85133
83175
64181
85584
15714
43909
19593
44696
87093
70874
5778
13832
19694
42529
12344
7498
16870
41223
31449
98113
72754
19203
42732
91040
79434
38785
30611
25761
36686
91773
71182
97563
72759
76314
39078
6986
4111
52871
77299
35798
86769
6186
30523
19592
50317
59570
70838
66895
92637
62414
32958
39522
35190
18682
30726
46669
20934
98416
4429
6209
22387
7159
86002
44673
73503
28670
81087
86009
93983
27685
92201
46919
98644
50468
6011
87900
17339
25633
36053
12834
84462
97601
89811
95563
617
95274
86062
17662
87854
66559
83150
52591
72196
84861
46300
11316
31739
1843
85974
34576
68215
4783
11998
41325
40227
15811
30667
27280
6458
5235
79398
44799
80720
65082
55733
23252
17925
47421
79127
35300
99347
27459
83679
39694
75458
88497
60012
5628
21676
71477
8029
99169
93098
83128
60839
72177
41252
24790
9
62857
89373
42007
83095
45248
81292
28661
96392
77370
36061
20150
944
44883
43119
24822
34234
76000
51029
48181
56999
42717
98468
40198
42279
72045
21084
24784
92299
88378
91492
63996
21060
88449
90179
91538
70491
9482
33742
12233
7156
83441
69340
60712
46957
96610
404
46776
63557
46102
70777
24677
4200
23418
12117
48223
85109
89484
56885
40705
68566
42585
28539
32622
27044
48758
3582
22291
23460
7314
41571
21765
64044
44532
50255
28988
30337
44516
12253
80142
36547
6842
87445
71400
10376
90545
80223
73734
28945
11389
22098
23936
94951
58083
65036
67692
88959
7009
20526
38259
25211
46387
73514
95416
83272
32237
23565
27908
65378
42262
77174
31468
10390
4903
64216
15798
6743
81796
41466
70740
95983
67032
99989
18966
89837
26023
74796
73957
13439
27503
79877
68547
16465
18139
88912
77554
45742
90318
8620
85945
58335
41918
68328
89304
58365
12154
94435
13742
24764
41965
79557
75051
16094
83158
47757
50242
34256
61601
60192
70027
57530
58221
6067
16999
21832
83886
52495
97686
68999
87805
99772
1568
71939
45755
41362
18260
84885
42148
36814
17561
54295
83194
17926
47206
6085
52749
38590
16556
28970
89318
734
53820
35449
42093
30294
58043
80327
65236
98939
82484
49334
23946
61963
62479
65575
67989
46128
46049
98821
71992
78294
85819
50283
994
40253
7141
72517
17100
68390
78693
38870
99686
34174
2467
43502
3240
31375
25281
41865
72343
19899
6852
28454
97183
4828
55208
99228
83963
89291
94843
78747
40906
51274
56693
22950
29779
43214
43002
8175
41380
56171
34751
5779
23681
41139
58049
83395
30021
68022
72716
81261
87975
60836
60442
63107
50275
88677
2195
58836
65777
32991
95643
44095
76164
50235
56283
57537
92386
14189
344
8494
87219
77161
54646
79519
67823
19600
13432
71257
13746
59664
51302
82939
87185
24010
86747
29996
34199
22255
25496
57099
25808
1476
50810
28055
55904
5853
89125
98906
64664
47181
3466
9577
8665
67983
91959
43196
86178
51308
62091
49769
61041
37654
24784
33815
66868
64267
59070
67178
42768
8864
34190
47068
4147
90577
83954
78031
61334
47385
80121
82242
4970
68756
93224
95275
60369
85619
26313
45805
12001
70649
60598
75193
55961
97616
61193
47378
52962
48443
73164
42696
37092
44418
88135
73709
94164
44333
59401
51561
9520
2889
88044
34954
80607
99809
53120
48730
64637
65348
85597
23071
71452
61850
61452
64571
87117
26270
80809
8524
55409
181
60959
3783
88738
60485
95196
46250
46638
62092
1682
47688
48916
82209
53091
56018
32876
27386
53253
67539
34489
64442
17151
22067
53868
48003
53572
78270
67908
53134
24373
50319
94162
86120
18686
23374
83478
7617
82681
81434
20967
81574
29121
1052
40518
60159
19035
15065
75928
29831
86691
68300
48035
29021
69563
90565
96298
54464
42783
24924
76657
28683
7010
56934
90878
27996
61340
85541
51331
58080
61783
84509
35960
53281
26804
85123
78462
15959
88761
33352
2434
61529
94437
97523
40954
61196
24084
55790
34287
85519
24996
61195
3121
77091
32263
58991
83510
81837
5123
19110
18260
5847
22332
27439
41582
69426
91138
62566
21787
96641
34257
43241
9136
20844
99491
19633
37485
9656
50490
74191
67049
98627
46163
85607
50622
63495
49741
58036
44147
14238
89340
67585
57871
26545
95883
46803
61922
26055
61058
21321
24294
34005
88390
27378
98080
26678
62477
27619
78151
17928
33353
56479
91219
80300
54630
43549
82787
48748
91181
86386
3796
62186
30071
68840
16595
33887
15451
20763
52253
1101
25994
24087
31808
39119
91784
38812
84240
88527
87695
50
34458
2577
52654
17541
82188
16664
82289
9587
50065
77375
82724
29150
10170
53817
14014
23596
63348
7828
3080
88751
2288
65875
45343
31523
93372
48533
54545
71204
94757
62777
17588
79771
4915
30869
78012
24071
72257
56972
23000
1219
71171
93394
15433
25584
61357
97065
94908
3609
31000
26419
89322
26743
4073
56201
66705
90666
21963
91206
70643
70354
41363
6950
20764
63791
19383
63468
7448
43969
25976
26743
96912
66685
26249
41981
32243
14954
73000
46402
68541
69202
709
27030
68386
25559
25667
63804
34952
72015
63761
12564
34356
81681
50243
95435
24565
2182
4294
813
1388
26747
98812
81529
88891
33373
1940
49239
98183
48737
30853
14484
5311
76833
20625
74600
66125
75444
14898
39755
5963
94882
29743
36523
9178
25289
64429
57280
15619
96135
19896
25844
88120
63843
71449
99953
77169
1127
22933
13925
52806
25391
50242
65800
30520
35595
41502
28343
62791
6407
57917
7572
97781
29428
67874
27464
9510
68273
89320
95235
67543
2344
93161
59825
21857
91616
74399
60527
55493
83032
44418
67497
42610
80054
96610
11562
57398
6398
40749
96740
80026
86177
84817
19254
19478
44967
82008
66487
5077
6639
33190
49718
65116
67379
98318
23669
38234
10167
16544
60307
70611
47323
72349
11831
93917
3848
34034
24209
20919
61603
61943
46812
96315
8148
11760
72366
95579
54614
84180
10325
30646
83681
22417
33615
42959
36467
39920
26448
35205
36456
14732
35154
15035
42331
91873
2522
89636
53027
1291
33837
82580
17101
97063
59514
35973
1791
5328
76903
77979
657
5495
54373
3566
55053
85623
37683
32798
95059
29265
96728
66493
71177
4670
72735
13146
70962
37985
98996
35349
94323
88691
85928
93986
6220
68803
82798
52778
1055
62318
71779
3207
2999
86104
20317
86593
57976
47267
65378
54743
87759
94302
55807
89440
11177
65971
93612
4685
13288
23725
60999
41769
55839
15736
24524
15764
39002
73900
1037
47613
32257
89178
12703
11263
31706
97518
81871
90809
79623
24068
57755
34620
55438
86026
45201
41360
53376
91422
17534
50805
25565
8490
62730
21441
14340
7178
84615
56725
75059
33521
71407
462
68228
20056
43758
204
7838
90698
16088
59883
14782
81550
20466
56191
55610
54729
5184
60815
71528
53794
11959
64044
69382
39149
67836
91701
45664
72745
62249
9637
4478
15842
95405
97371
85720
93564
29868
18287
45523
26580
9714
54084
33465
14194
26244
66291
57040
85440
59393
11749
75241
24753
45947
32058
88720
95008
18258
39157
56622
61081
15128
40554
44501
84011
48597
73878
48377
84509
76772
75725
99411
86601
63705
86455
96184
69448
21207
86501
58051
88136
49896
42451
12617
50181
863
19928
65807
42424
10220
19977
84122
32419
40271
47173
62145
31884
93325
44176
1985
32018
28999
5157
2407
7612
77508
23094
80007
67634
42526
39381
47255
94776
35638
57833
39343
17097
76169
82279
66007
10662
37772
15643
74707
94793
35105
5961
45562
55185
14439
2750
5917
91583
48535
68731
22609
64428
64179
74811
65969
44297
67828
45004
94254
56589
94214
17546
65393
77764
26235
7889
55532
57137
43643
48803
34698
76493
32494
97275
36716
73034
27183
82900
67488
12320
46924
21286
51800
1016
70185
78266
65954
15239
17898
52949
48004
79605
86879
36928
3153
4211
59002
7023
82559
64435
48836
74914
37620
98235
16137
70783
75760
96261
84153
5207
1758
76259
70689
27705
22368
14651
83161
45383
85248
24312
38062
63768
27377
89942
75626
73930
9574
51928
92282
81345
87187
22386
541
92643
16209
67571
54629
42939
52905
94147
98321
23868
61429
84871
32568
7624
33897
86698
85996
37437
31157
73466
29804
72260
89843
22680
60256
67577
78156
31926
33951
33081
90834
50554
20458
52630
38859
32382
472
88794
83721
50940
92386
91117
13171
42284
45184
95228
71416
54273
3311
22663
40039
55810
51091
52887
54908
5387
48724
10912
91373
12259
31603
73970
35885
52181
18884
86615
15479
58951
46445
77042
43549
76730
3392
73814
24537
37990
16386
51535
53124
21977
94735
88093
151
76787
48688
18839
87802
85469
34370
2145
19173
10204
2870
29558
45947
30879
41316
19800
33772
68626
66886
62440
98219
2704
52834
62407
6543
9841
98854
44616
72518
79538
33557
48999
62580
12539
47699
67854
11080
57417
13978
36371
73020
33102
18220
13055
32824
12481
35770
25845
96599
81872
467
71642
85238
63084
74357
56995
61707
63728
29604
38388
7433
85158
44303
97139
77707
26946
33459
84949
33248
56737
93748
59778
17708
85945
33209
63484
36960
84253
56273
10362
94514
30708
82863
72112
80925
43433
99765
14712
97750
48061
32625
79743
16225
65847
8928
17498
66069
18941
94956
55677
18147
9583
83259
28354
59948
18710
80031
88770
4161
92781
8725
72371
81774
54059
28946
61041
79197
67544
82480
67742
48975
118
2214
26314
25068
27444
23555
86144
53711
40358
63513
69098
56865
33920
59339
59740
14032
66769
64568
23890
63753
71904
70938
41462
83486
80063
27528
34620
27834
62305
62736
61035
38609
28201
98846
36914
73541
23306
69029
96918
41024
28331
48022
28655
56629
94024
36474
56102
72487
74348
45301
54083
23562
8772
36940
15863
99629
41643
47722
33621
49539
25038
25976
2098
60924
80889
12002
42544
80594
33162
87967
8773
95167
54070
62370
85354
30855
17656
67451
92738
94410
65320
19592
85387
25887
97852
69243
77678
56331
1964
40668
18605
41964
417
33025
95821
93430
73856
96670
34415
38392
70275
66109
33062
92557
25301
48708
50781
544
38687
44207
85843
11669
18631
88143
92419
90074
31937
47869
74438
70164
8600
70637
73192
96881
95581
1349
99227
85981
64752
99962
24038
1441
51483
90385
87636
66482
37105
8050
51508
46523
39802
89944
52616
88401
12426
76723
80945
51727
15450
31923
73774
63430
5444
86213
88772
70714
98861
18745
19198
47765
30598
20569
64240
63287
26522
53982
99265
43972
12184
25863
69846
75507
47745
43167
74399
94942
92312
89274
32760
43062
29660
73700
93610
60921
42397
10173
83199
85837
29108
54761
63362
49490
19086
14079
95824
47623
6046
44066
93819
93042
64185
12204
18685
26898
58321
63332
47536
24695
17492
93204
22593
70889
32954
38908
59231
76320
63701
52710
83851
31337
34852
42432
5527
85244
17927
6624
10272
90032
4231
95517
658
63515
81672
30958
6336
96142
90962
48682
90710
33137
92874
67094
85953
83327
66580
91420
672
19353
71731
74393
32910
66880
46995
33343
25922
16509
16210
65375
71344
18691
93267
802
84856
24546
14719
28987
50616
80328
72670
91193
72995
53806
5582
39660
8747
275
2741
70214
12791
48487
77648
33158
72252
21113
74916
80452
47375
19304
1906
26543
28897
64410
85909
78920
19834
99393
53785
90434
20832
29692
32565
4371
9466
84935
42715
94935
18096
86312
59759
73280
61062
62299
74277
469
11046
68883
27650
71352
62778
79160
91060
82120
18517
10436
19116
61111
34243
94214
1602
56069
56755
90377
15387
34406
98311
21693
35059
13851
12265
76903
1134
56621
91322
41245
19839
1313
95110
65569
21056
7124
92263
50640
48009
11790
33746
25388
31664
39092
16103
79206
164
50173
67788
97423
34346
8552
98815
83989
42720
2766
53931
74139
83685
42418
71454
29625
9388
44783
98930
78228
63258
96267
94040
44150
3659
39989
66030
9507
57950
50992
98630
76215
49241
20734
55956
27290
76111
1274
42557
71285
92799
9817
7375
73675
50998
84114
12806
36404
91521
86973
92024
99371
35214
6111
30542
74874
5688
17688
14623
37742
27353
19755
11613
85269
34546
46544
49307
22041
11921
9645
58088
70003
37830
93996
85292
20322
27433
95287
72324
48024
27475
35442
41172
61781
33150
15990
92233
54033
43527
40923
33583
19849
200
27324
94790
98360
87420
85066
29034
42841
76851
46511
13410
62344
58893
83081
57269
37949
14465
82483
41874
1063
30487
17884
99539
22882
93671
58321
11431
88803
81818
36123
52029
47616
53975
56235
53103
70331
91530
91927
46940
83775
3930
17845
33401
27519
28529
5334
22832
94195
70527
17973
43207
64030
68392
5802
20822
46070
54044
59489
49503
74295
80864
99922
86264
93415
41493
58390
34932
34412
76592
47814
89872
98009
81022
17065
20516
37287
71734
60420
11739
20784
36873
98769
20485
77826
71823
44325
1064
11609
73856
39630
72508
92038
63020
49665
40190
72038
55536
16890
74654
7406
14839
31545
22798
66027
77510
63219
36544
71872
99228
3000
4743
8240
76630
79857
18574
70789
16996
44894
81311
48949
11947
53712
79413
31243
65827
29691
33313
66516
32395
1352
29249
82764
1705
15215
2381
96406
10172
79139
82466
978
96131
26358
46333
75245
20415
1655
23802
11001
93284
12793
60058
11174
97571
60210
46853
1666
96160
74523
3711
39704
61484
5665
89699
99093
94003
17227
97317
81412
28289
5605
64628
61429
20632
63982
70579
75950
35412
1458
99723
61371
10463
63779
93687
82429
74643
164
81038
19283
84050
92781
9434
2816
69920
14630
92466
94265
64168
16175
18230
40413
12815
26694
58114
28202
77109
7966
66864
15239
55806
88670
7031
99694
9366
74837
38933
53060
89886
24765
83769
2991
90681
10861
92332
32180
97313
88152
4979
15303
48103
94684
38222
39177
53121
69418
39276
91091
82256
44504
81438
25505
18190
39721
69887
2353
18980
26826
1958
67771
37729
92284
97805
98658
77395
94745
64023
31724
66483
97343
99304
77699
9654
20416
91691
16858
2061
3054
64896
51727
20803
51306
68540
73096
75877
49563
95691
5637
75349
58460
79212
71872
59087
72677
2473
38313
99215
20618
3283
83539
17989
71381
34835
22603
10443
5502
51645
80096
70675
5049
30879
69478
90819
34768
64667
46522
50759
69367
72756
218
47087
68462
79840
5601
77641
82488
79209
16182
98004
39170
50328
64704
90774
20344
83708
42785
93282
88154
84473
40986
31518
2417
31656
60888
13948
15088
52732
61561
29156
98125
52036
36466
52121
1169
20287
33264
92408
26300
40578
22401
80877
74326
47689
61205
93678
10518
29244
28387
12674
33271
57990
95745
33123
67260
17655
82530
75391
28552
74569
94521
58696
61463
37052
80302
47417
96904
75465
57030
52094
70996
50989
94476
49745
49245
75997
96618
53234
44111
99553
51390
59908
11315
3721
31183
63156
10106
28329
74497
122
79797
44171
14621
96531
45370
23920
84869
4553
74781
23112
20470
34697
74182
10458
67895
1709
31184
82045
48674
26256
21569
68883
36343
51893
71971
80970
71607
15436
58970
93517
56575
51857
32741
65419
74752
16866
61457
4874
76006
71614
73102
2810
96817
53177
20640
6126
78075
25223
32939
99262
81803
49465
68760
95099
87108
87402
80536
34156
76510
79214
4332
71242
53866
62698
70206
69455
58597
13108
59408
10638
8135
70013
17078
13046
7865
21737
34897
66485
90071
51957
35629
44516
30226
37609
25377
60312
79009
80930
51024
35662
95650
36162
11898
40219
30268
29942
34330
92021
83670
95801
40998
37651
92614
95141
23808
66263
11713
3304
58115
72403
978
99295
25958
22808
79079
94257
69591
94641
52696
93287
39448
27664
14518
7783
94829
24837
58885
72256
1989
97865
51423
85571
60705
29463
49959
34791
30163
88311
72237
63184
58431
60014
6379
4733
63786
16845
36746
92112
55547
46966
93016
69230
26567
22116
53016
91194
35013
65245
87485
38267
46943
69962
26670
31902
45482
78466
52809
42795
95384
66270
36644
31033
19861
61912
13859
72656
71346
66219
97322
82184
51869
66227
38871
13288
69363
37068
26803
49513
15565
1283
67520
34972
65879
38694
33043
78168
36143
83308
2837
43015
50059
83754
79803
25526
74673
61764
52290
16291
91949
57097
49888
20938
34154
83299
70775
54785
4775
36858
14951
79907
28275
36690
79290
66743
28263
46195
27580
40395
40455
31200
77431
18477
84903
19435
89010
39681
30248
85803
19334
1733
2671
10160
96412
11811
26509
48181
28953
69714
95520
70819
62722
11529
18604
474
9143
32478
98970
75868
57526
82197
67331
36020
35580
81594
62775
87723
36784
84877
86175
52025
30696
26112
54241
1290
63441
9102
69987
13395
33826
54493
26493
88018
10867
27644
92700
75710
35781
33403
81725
13284
95912
10678
13266
90378
17982
1465
70873
78530
8811
35100
61068
27627
26088
79363
8409
22472
94104
67336
40285
74721
93407
71989
90824
10136
25021
60543
95132
37983
19965
77337
79137
25945
60731
35495
31283
69322
25697
98748
54873
97095
34591
22645
68249
53801
19943
60537
70348
24497
38179
84207
57688
468
42483
39992
87865
60724
3230
42841
85970
57882
55379
37553
14967
4080
45397
85631
13923
4153
82020
48133
68988
92294
87042
69131
17877
93057
39721
48861
12452
13644
53454
52811
7235
70640
52844
33554
32317
29321
41931
22751
97353
9807
36181
71375
2166
806
38664
13654
9307
57779
63020
81853
67547
86565
20107
88537
51772
73759
63629
79121
13253
67260
88615
85373
76850
94104
16715
91501
41796
10671
77983
64264
66231
10663
20120
53471
84017
79834
89745
46509
21210
67007
24808
25355
14323
28006
97829
98046
79375
44646
31847
15203
44210
45082
57691
72057
84945
24770
42780
85288
16034
77661
56581
15821
70585
81258
82338
39856
94948
12701
43579
70390
68001
86442
43969
96882
91587
35689
92873
43814
10770
72971
32183
15299
73781
99276
23054
58446
77439
49207
90719
82738
66995
7601
13501
12871
3004
37318
87146
55090
62283
76647
78528
54020
84716
64163
43990
68322
99597
75614
5120
95343
73512
44607
69955
80070
45755
60439
67003
87892
46202
3404
14104
23779
72617
14793
66381
63730
81503
60110
5157
39890
8616
12136
80703
66107
24460
81387
14215
47300
36635
80310
64529
94636
79647
55981
29466
27398
75335
59159
2654
71124
19848
17217
25457
2425
24513
13139
55031
56187
33976
39623
64342
96575
34454
83849
82189
3987
49348
11445
7062
42398
53115
90918
96346
7727
73867
72026
97315
41262
26981
38078
16745
94196
78143
63212
37082
31467
46379
96164
4786
68996
9410
57091
63831
48283
42764
29620
17270
63189
87088
60995
19435
89176
38090
70615
53601
5582
94665
73354
45636
72997
596
80920
37312
60045
1198
90989
81680
30165
50437
21593
4987
76075
46615
11809
98012
14789
53333
65566
9033
50233
22566
23878
16146
3765
85891
40009
1613
16420
20744
25649
60149
70426
17326
17419
72191
41466
595
70774
59979
98702
50596
55164
60807
19062
22672
90801
66032
89041
95213
51031
20338
56817
40475
20985
95912
29788
66747
80798
48419
43681
58184
11791
99508
51
80255
12989
10805
10992
37185
8597
18527
47173
78781
59836
14069
63446
49051
16750
48979
98847
33359
65650
15368
74946
18697
7541
63051
68278
13928
95467
12571
20496
52815
14940
98441
46567
10627
64833
43063
96264
87265
19579
98646
98163
22792
33885
49161
43978
56220
42693
44931
84682
43844
68411
59782
28365
54324
6044
84252
24276
40561
86713
66391
29896
63032
96085
70893
41308
71310
1425
23750
20736
33707
88858
22614
71003
21844
50393
65962
97761
10206
56944
58084
98281
54639
20569
82963
19818
28405
18153
70956
93373
91942
90587
79958
68751
52884
96383
31522
31401
73037
44036
53421
49310
45286
95102
54948
42506
11025
30913
98239
68663
93853
34491
60260
30276
80720
27544
197
57047
31591
67389
32466
669
15001
72688
76246
55300
12212
37332
62822
26942
81339
55274
7489
55307
4796
45108
98246
32627
84394
68385
41724
11746
81230
94214
12674
32320
74307
79432
25634
68943
3165
44501
74496
22419
77782
1938
45482
68315
85762
27003
47690
9285
16256
49863
34679
98989
91567
80773
46238
91745
89941
17851
48193
54705
40604
3686
70063
63150
8393
29531
27816
32863
26307
50551
46837
91985
61461
20337
5435
85789
14931
61048
39978
92839
75024
92265
640
64826
3262
66038
35005
28833
93014
35697
76479
24497
20553
50666
82362
20092
54008
92890
57217
93162
63507
61689
75987
27815
40885
49256
27694
33886
21423
4343
24871
90676
77591
35751
45320
69429
30650
34618
680
18670
50178
10925
93242
53029
93471
64716
78327
9389
62263
6188
53112
42657
78214
69015
62975
80273
46082
37302
87352
28971
16165
12634
6206
79474
53052
30459
23326
88180
42495
62644
3639
8001
81033
60108
11646
37689
3423
12041
71886
10567
99636
2091
40863
6365
50708
95285
8096
73441
38283
77602
14719
53356
76539
56242
43089
22436
74701
18012
18859
21814
38012
98128
60167
11458
10839
41701
76634
46118
94390
40529
38328
62462
94651
30851
4975
47422
24578
81122
44214
70298
89678
39042
45582
84198
92052
68093
70922
50632
32615
44729
33454
43535
23692
4225
47724
47880
32723
31949
88
6752
80681
30178
77608
37753
50133
33906
47339
67109
56951
77794
68979
82372
20843
89613
11989
47187
97652
35690
56485
64037
69593
34897
31634
31646
85848
92258
85061
89136
45126
79051
69066
24465
77124
72744
84195
79948
32037
70450
56254
78922
30278
46302
50740
69475
31721
68500
38771
45277
34585
72059
66516
65148
56694
71189
33426
67178
9652
80090
6900
96869
61302
10322
42620
94391
71797
19631
87632
3534
14762
80047
7347
30923
1247
84363
24134
75840
78449
82782
8894
4205
58629
53665
67137
59691
12443
66762
3841
9588
9887
55549
1196
45153
28567
64670
84539
36094
27593
32141
43431
94953
64046
92589
51775
46519
29027
25616
88025
58263
74171
32628
3270
80988
34713
42420
20253
16329
95252
36470
56574
6807
95084
30703
53807
34296
44617
98231
34399
69411
3883
17404
86396
99849
52451
12848
86677
36615
43722
97725
32903
40881
18637
3631
38591
21423
6807
77665
58905
93458
97048
30210
3820
84064
35747
22143
50422
91377
21333
75313
85082
89177
66465
89043
88216
78676
3628
45986
31604
55126
3261
92352
45905
68105
69222
55666
93605
44734
88352
49748
75053
17075
61022
57831
3836
48723
34837
84978
46229
4673
47825
82496
44785
91700
68870
17065
85588
43026
26140
80237
83654
22220
24001
6184
96388
94282
5705
14714
12895
9253
1054
51437
47283
15689
60275
24223
88814
97169
87949
75119
41133
67379
70489
67047
88812
11932
57211
60213
49540
32379
96095
69667
92922
85687
33762
62924
56701
73533
72051
91987
86457
61412
90704
76798
75727
30463
87483
69631
47875
40155
35007
57865
46959
5962
27933
54144
3300
33890
66840
54603
30572
31797
42532
18873
8339
33650
81897
99815
26592
91936
79837
47457
55238
64091
7441
66511
50716
25698
43379
9959
99355
39530
94499
89667
93334
76211
21650
61921
78855
48258
2813
43221
49368
76734
18984
17048
78066
18011
9473
3554
81489
47724
63437
58340
72597
39833
32683
69789
44654
26200
80482
66568
23497
66649
44058
33026
99134
16426
72844
71610
50896
17770
29774
37618
96848
16128
44702
2477
68765
71982
88028
286
512
61367
25528
32607
80256
46213
98294
80227
76041
77464
33941
69340
24884
92717
11494
46723
59693
21214
27200
66726
79478
4601
95459
42878
62950
75053
79205
77027
96598
45259
43455
62026
12413
3261
78874
82332
83375
38081
27285
41443
41129
27553
76285
37796
7240
44917
60323
49588
82031
21415
69238
21734
15547
33367
79088
75754
58281
82152
66674
38495
36674
27780
17771
77795
1510
35324
1125
98462
89097
4614
84580
78063
69961
7643
94661
13879
51736
81928
17878
98483
76739
7318
85986
75391
12507
97920
31014
46842
15244
10670
21190
83125
31489
74956
20602
16830
73604
41782
87405
61716
54541
92104
61168
31501
30431
24121
97493
31994
31388
47883
26410
39983
84866
26106
9133
8334
11904
66344
96858
63745
78915
85291
82363
93286
39552
17917
80296
36299
30570
62262
41722
96783
74568
64804
42997
42231
50581
86548
42063
14389
8893
22408
51043
40530
14457
83655
63347
88974
83256
4009
53896
93956
80010
34646
9078
33274
87491
25463
88934
11905
78206
75698
11108
80536
30516
77507
14852
50480
94092
36881
44234
80203
63643
94670
32647
20222
54400
35706
14828
10768
56852
68089
82081
61922
25098
43294
94254
74838
9668
88543
41848
85143
20889
71094
5348
91767
19443
26219
77067
81497
78936
22010
48163
66209
29262
18452
27284
63450
40567
98217
53006
47483
36175
7989
2572
79891
35064
58506
68082
40341
47655
4596
32641
72674
57000
89788
24805
57247
51883
66239
32766
54386
56067
64898
13603
66036
69520
78181
89215
48080
6173
30915
76042
74724
97493
80013
41852
3414
91325
14630
89803
47635
8189
14654
709
65676
54047
38842
24559
88275
57216
87150
98571
26580
28827
97963
13837
43510
59218
42189
14330
25905
43497
17644
16647
34112
75461
80635
57034
34820
40762
33774
36949
13048
6919
1894
36401
84003
62635
46011
82285
44391
21512
76738
96132
53466
63041
62298
98977
42452
32539
20331
21629
1209
81650
1604
36706
71755
80537
27356
61387
78209
6356
32765
84495
28542
59415
1180
70897
99153
64564
3996
11664
71827
42735
90325
47302
22751
94722
39987
545
10806
88084
34554
8602
65056
99806
52668
69187
73722
45230
38167
42935
11546
31386
47854
54442
41103
56228
48600
23548
25463
84674
96750
37374
12889
33355
92890
52190
46445
57820
20751
38777
72780
79678
56548
9978
58555
28837
63422
75304
85967
15350
39832
72957
84259
36115
32401
45564
12031
33469
13465
69075
84942
65763
19021
41538
64754
56307
1819
67264
8751
59860
98064
18013
44072
39985
46632
16426
22417
16944
14107
6076
29005
45543
3658
82559
45254
19139
63190
98549
3
14035
77284
43526
10117
34539
33603
67447
79061
84490
80886
11294
49943
19232
86772
26343
33002
81769
34636
36471
47318
47703
69268
5433
36641
25030
52416
37041
98777
53471
53388
26863
43389
22975
92960
11253
5235
12360
18802
13065
13017
47976
95111
52568
69876
12688
94025
65093
8449
4165
31289
7965
32449
62295
67452
39387
55864
88539
54700
59668
2335
94196
1254
58340
55178
66361
98418
33988
13131
58995
8685
92884
3609
14051
29375
51904
16148
25104
67195
17456
77594
80503
67662
53284
35819
80105
79919
58228
86844
97755
59649
72712
50735
3851
90900
15151
16202
15738
3047
66305
32088
40052
55086
65098
68582
56418
55595
89659
70583
44238
12117
20590
49461
20882
94101
9681
53522
29577
81397
10450
89199
56898
73358
6045
88892
34168
67745
20247
89762
85259
10896
84675
74954
92293
82423
52636
30669
30145
4571
49244
7471
35062
72501
6067
47801
91276
4868
56881
9406
57267
87424
58232
15349
4724
61199
50937
77303
85051
15488
21081
16593
25735
79026
4594
51979
45187
39052
98525
91721
71855
34263
42412
69844
56752
14972
98312
97257
46917
7734
53424
67707
76874
82552
24826
94002
20540
67511
86789
55620
97102
10490
29877
57125
89107
98023
93373
42239
58232
85503
69239
11121
89198
99947
70269
68648
61772
89012
58880
41327
3196
33395
96604
79876
18627
60279
17872
40869
24177
8322
48013
89630
9684
1636
24589
78233
43139
93902
32719
60431
71022
3048
98518
65859
31040
5850
52448
51048
4207
69105
65309
17047
90775
44831
98787
22913
6156
99799
65573
75729
66467
66656
28891
31740
82212
81498
98290
82258
37178
53309
72897
86892
49818
77708
48062
84713
44669
63356
71354
66579
22960
99587
20681
21262
64080
16880
64657
20703
27052
78323
30581
92830
18794
14320
92781
48606
28166
80869
89621
71377
21142
43739
54199
62278
67410
61669
6316
93904
23556
3592
63798
50064
40923
60838
45267
36445
56010
80476
53035
42622
95881
29472
15732
77611
91748
18929
66919
17145
60646
8975
46909
66639
95575
83346
33147
25225
7185
65176
8909
39954
52595
352
64689
67166
93837
778
87738
67994
18687
82646
18986
8842
6818
27924
33037
80802
83850
10994
51707
62133
41609
59904
88010
91140
8833
13790
87976
19484
2454
5836
83859
33135
92689
88078
65178
4195
55776
38450
34995
71000
19250
63148
7629
75889
55628
81442
43469
93173
6566
71103
69650
25081
55275
72077
70427
53982
96709
69552
54668
35475
56755
87529
76865
95789
21934
28066
66459
39729
23595
37241
37336
64296
82662
8861
84613
5089
52411
51848
6799
9850
39961
39351
5302
46422
25394
36165
48857
69144
90760
77051
29804
5549
79336
39948
31313
5337
8896
4243
97005
52390
18790
94016
86319
13739
59083
5336
86606
33851
97913
40958
94572
94554
76798
20545
57557
60236
59200
20492
33268
67711
66972
57006
63924
55363
52321
90180
10249
27727
54010
89070
73428
81755
56334
2099
10876
30228
64345
22524
10297
95418
98722
95196
44871
51172
83809
60860
12844
41055
95740
10855
27824
77538
30266
81937
11040
37758
26432
90561
78477
92890
30266
47638
32405
5893
74340
41820
28907
46482
87448
22825
5069
87776
86925
3854
85357
80981
48176
55204
34266
77932
83074
63772
97972
33986
39439
13148
45806
75357
85636
23152
14618
32345
18670
76889
42948
58312
8611
36864
33401
85106
20350
82574
20934
17760
42594
86545
5252
66079
91068
63079
68272
16371
483
52674
29411
66678
82216
54956
4592
67278
42479
25712
56588
59519
28170
39633
57781
72774
68782
1649
15275
30089
16190
25452
88296
54517
61534
9648
26501
49128
85796
23908
82460
79526
39554
99871
22469
24236
65032
98310
65157
43658
66836
13162
82977
4361
33554
97615
43479
21987
20715
7544
1114
97179
28556
61214
8853
16524
77246
40308
45299
38450
26020
71114
83130
60768
5579
51758
32801
43677
21694
26075
95535
44353
74128
61456
38690
77155
52694
59448
10533
50863
50293
56297
45157
58646
88314
72563
63274
66336
5896
78105
39010
18471
73557
64688
71534
57828
2353
75560
47684
39133
22002
68195
77163
16120
58400
86308
89497
68201
18720
28997
226
23082
68456
47479
61951
56831
50837
17728
30657
76688
30390
64664
33528
48186
61563
27423
31236
63053
88687
33385
78073
62406
476
78085
82018
63738
86716
81301
8060
64042
58214
66386
19434
14140
51635
99416
53983
48288
61314
79586
66766
61315
87591
69126
12898
93381
43379
22791
47378
83225
92520
99826
42233
69842
89192
79044
56103
97942
25142
46800
38120
76527
12674
12885
93343
79514
11765
84490
46249
61245
88157
80872
97722
96536
19185
8501
98925
48374
11460
58298
84420
33266
26967
65617
98378
67672
47444
75032
89931
62999
48601
76469
42913
48957
44546
76133
97060
63272
14975
69242
54784
68280
49717
26713
69137
79938
44697
35733
91261
62905
69169
55496
97162
15452
98018
51188
72533
28463
17535
19958
12571
55152
96233
79581
91327
78997
9814
61975
39702
21538
8201
53738
15799
96075
35226
29972
83414
47790
60487
84971
36719
56448
72380
28158
94997
18624
8916
94654
21464
70056
62901
85891
3854
90135
45811
82200
57773
44673
5479
33904
60295
83749
49750
44732
66920
4394
96422
16632
27591
97570
77329
83264
88910
77255
25611
38989
9118
31773
31681
37576
73004
46745
46262
80610
88261
94671
80431
65260
81588
70692
22589
74362
11967
75021
88279
52572
80294
40915
49185
76520
11591
27552
27677
93152
12727
89860
26333
6693
70949
84045
72965
98182
6426
21632
15027
14024
61334
35771
53229
52063
59962
89396
24596
7389
56544
37750
12260
17079
90983
12368
72029
16836
32323
46447
58845
69271
76459
92556
86515
72618
79083
20885
1377
20637
24104
26505
10411
68153
50007
69692
68915
37752
32016
86263
24451
98333
35579
11687
19748
59016
16042
75596
57956
49514
27099
35465
26783
99157
11550
42053
62430
77701
93059
39086
61722
17585
11521
66092
11870
49122
4714
97666
33540
4739
99999
66406
43696
73635
63414
18242
34440
44756
67800
170
22751
12267
18186
16707
93586
89287
96175
21758
81864
52871
36440
77981
32382
66193
14242
79791
82735
22788
9355
44974
89944
90878
1814
20629
64974
90470
29446
28473
94907
7768
31184
22411
56058
18669
35117
88931
89712
98220
86421
20750
8888
29096
33814
7884
17261
17118
41097
61525
83043
13852
75980
65326
22680
84514
4984
31420
12506
75843
28125
80204
36881
70472
61799
90217
8397
10752
99781
63381
96296
67775
56062
91428
38876
61945
65234
40698
84729
65274
68866
21282
47066
37152
34195
96091
48807
57708
32015
25693
12673
71414
57009
94611
77138
58294
32118
93480
91055
57269
9733
10485
90957
12104
54102
33920
23743
51342
8854
51398
17141
6352
63729
15639
64146
77994
94049
26910
75951
1221
3078
4148
16466
54328
95316
47647
48391
87488
21931
982
32309
99205
58819
98511
74451
4970
23774
1462
19354
28021
85952
54829
7894
63715
97288
14077
91202
84047
12431
39997
33227
15960
68132
32673
88039
15191
57676
24521
34240
29333
39838
83802
28614
26265
75443
36985
62409
7010
13906
63814
14535
85215
7046
65616
93721
63474
71146
70761
79517
48349
84769
15928
94113
70920
11342
48323
69473
43845
6174
81359
48952
3162
20284
43208
30112
28080
8268
42514
82879
39302
65428
95373
98799
26210
97839
21821
74784
14827
45023
8969
84268
50031
39345
83369
95662
7522
61529
50681
78631
71422
94235
89807
26302
43392
26655
96044
39579
79553
3039
84503
56045
91937
56993
67112
83105
17933
5949
27224
54918
62873
39944
99560
97989
31009
49167
65492
76232
61173
86516
28941
36619
21993
74542
50736
49432
44977
71126
52392
37798
56242
82976
6570
13863
19269
28083
9484
78603
50332
66777
73897
46653
21007
65679
47398
50502
51502
90132
99904
9962
4857
9551
33325
30677
77198
20282
28114
55386
71517
36177
91458
74669
68373
33609
72570
71172
81874
22398
2130
13083
59679
89537
36429
13108
92925
92047
11712
21821
92805
6085
15709
77425
8345
22985
79716
56209
90159
96632
22544
48994
98752
56861
13401
54881
57555
61146
11152
11900
21923
26392
67947
90586
50257
70292
54838
68387
87317
85942
58155
12841
2893
39307
8556
31838
69603
88257
86909
56776
75362
29269
77922
82410
47502
32338
46981
77406
71723
31358
56167
34206
23470
92695
48406
36307
52780
88022
4630
78838
98315
79101
53099
85800
95867
81339
54962
65417
95322
4654
45027
35754
47257
84267
34219
894
87578
84762
22882
88085
18295
78960
32787
16417
70062
9187
12938
26413
83994
23798
87362
42838
92152
75195
42132
19375
47198
54880
27279
33790
850
56273
15894
58400
62981
69412
13380
95988
40438
94394
72065
5371
27693
48442
75996
16919
45413
72673
27974
88975
18463
5560
1065
47782
39378
78989
46072
18602
95805
86144
57575
10570
7079
91253
49911
42866
16074
84824
47977
25023
91759
29279
63456
61331
79822
7460
10536
52203
30351
32021
78952
26978
40354
54417
79125
76299
38005
80301
60104
90778
45526
51381
60205
55853
46269
15734
17982
32832
24093
99722
20788
74968
90238
72929
32301
81493
4399
26516
5056
84673
63641
70279
25675
71037
43666
36466
78611
8704
70580
62543
1383
39659
43193
36422
91929
97330
14545
2914
91862
45626
62698
31471
24814
21279
53832
16401
41310
78250
78108
89523
18807
74441
8239
45824
75902
39734
50546
67808
98107
64431
28935
13747
90151
44109
31925
79606
355
48886
41162
26718
14218
33832
86908
84695
81983
33861
77150
7380
17744
45813
97589
49665
53882
89531
5026
43484
85227
35172
3044
43673
60605
83732
36533
91556
54004
78750
11650
13905
3809
22318
95393
93592
92765
44170
2085
16629
87843
3700
79938
81713
19270
77945
59970
80782
23839
88986
80034
18225
2264
61099
60425
50119
21907
36122
45421
21359
90599
32527
2476
95524
62174
81134
61100
13511
75198
35776
13787
44204
61209
75411
37753
54784
42533
86442
33184
42500
98292
43984
82241
44441
19133
73016
75201
89508
89152
30730
72266
29840
52009
15501
31160
64917
45949
28532
18468
84663
94028
50860
60354
86460
55757
72770
63770
7269
69281
38652
11836
86587
58894
49392
42711
92853
32731
44999
34614
92152
56461
10329
24639
1951
51809
51396
98441
36901
6051
21665
94608
54676
39067
88848
65253
97666
93071
86670
91073
8385
17032
99677
40110
32188
23155
82833
96893
84915
27734
53932
74674
85952
35061
91648
71821
39107
44218
7187
25501
66160
25827
6346
30156
55245
23352
63309
80787
99961
11876
80774
53960
2833
65616
75369
72427
44485
81905
16316
17110
86615
64296
6495
71427
16722
78145
89968
93010
37588
89912
91387
54625
96944
71711
72204
99630
96990
83157
66486
77548
69919
94014
96088
65102
30296
40418
67796
60946
86396
45460
53809
39617
96692
3329
45528
36726
99663
3044
76418
88260
35820
60397
25009
35942
49117
28513
75137
12804
80702
70482
72302
96276
89874
43668
96161
45242
80618
22140
19110
93291
69649
3459
75516
66824
90707
16577
14976
89497
5821
76980
30158
64035
95904
87465
97985
51129
56502
83788
55043
6887
32667
34735
64017
82173
22143
99587
36808
33849
2227
58403
38943
19691
46105
91882
81230
48313
98025
1189
30013
7324
83070
14646
57616
72583
11534
15371
11771
29616
84470
71226
53994
61927
75017
29155
3824
87990
5078
15656
1586
56363
30778
44411
73095
86702
39528
82998
60962
72590
43343
73367
26292
24697
98955
6667
55061
34277
61748
51381
70988
77559
77061
34279
76348
23615
47474
58419
41766
23031
8521
16029
73908
46202
75339
93911
44367
6972
54178
15518
2925
70173
74134
48640
16065
80293
83319
61395
4124
54193
45548
68878
59256
82799
10097
67007
28327
78907
3156
47553
90220
23243
61475
34311
45041
21466
82671
3307
27421
70636
80079
43131
72582
76942
79753
42081
69134
59708
89281
18286
25211
13990
94829
86705
91930
15687
55638
17244
58435
15527
24823
28645
52725
32962
73092
76149
73632
69906
89284
68889
12477
10073
18390
67527
72612
12266
22157
44671
47713
96980
69044
79843
41674
8675
93974
74296
47682
46447
4971
70627
56870
97652
48016
21985
80501
47584
8971
50374
91908
23845
79049
25013
11915
51312
64576
14826
71280
28009
21351
9189
17362
17984
67878
17065
25125
453
99621
8986
65515
61599
48482
74520
40538
47933
85462
34512
46344
17463
77504
59998
80183
6667
2086
11677
97423
59102
24044
32494
80423
84681
72828
49894
33237
43050
3792
92875
58926
17868
17438
28580
13630
99225
12124
52094
76067
36051
355
19904
67854
87692
1739
68271
72746
52106
49993
45870
16448
24126
96673
52328
25375
76652
98938
42636
84485
67406
37080
34665
80077
65208
69249
92472
53379
47628
10348
49654
42861
17676
36094
80002
93291
37369
47876
43190
60683
72129
69046
33615
76831
11845
73060
93892
6541
42916
62030
17675
56924
64060
28494
5625
36321
58833
46795
57839
11908
91998
5580
19211
45251
78424
16170
58906
10972
13954
56575
34201
92841
44784
20072
11044
60831
78511
49912
52037
10023
77582
7925
41677
86601
72810
87410
47972
65325
42867
35033
46255
46787
50110
372
67441
59413
3317
4976
71789
68603
46689
70424
8890
32216
3092
84929
78234
99086
41274
46652
76168
91910
54591
12256
79062
85076
1210
48641
16473
71557
59647
72783
91539
2013
61988
50479
72044
17663
63875
94795
1644
62757
38516
63392
18328
97234
83096
17635
50316
25778
41957
1406
43127
84832
29941
39520
4957
20479
34316
30093
22159
59200
61599
86517
38053
78375
41927
51629
85475
93486
21081
65793
46675
62024
14237
20565
43758
20956
23380
11297
21656
40832
78457
33026
34259
70837
85667
87010
95547
41634
63105
53380
22445
8385
91561
24994
40991
42752
36418
97474
94490
30773
16201
65693
8623
10144
7902
92180
76588
33096
29303
84575
83344
1088
8330
47021
62341
72619
68519
839
79103
65952
91648
30403
6864
12713
24320
26548
29983
3444
75375
84006
79925
63821
394
78970
52062
80677
10688
45652
48961
66087
21841
2734
73452
31422
74037
27769
8861
82501
65618
69012
47935
27854
22208
11406
93961
54472
85729
17132
63695
63927
59085
78775
51417
72456
66528
62733
54352
44529
91633
43576
26204
43482
93390
92214
26869
59388
29420
89338
35919
82552
26111
94393
74897
60658
10930
56081
70371
42872
87348
87406
71796
4632
7436
22503
29185
57469
68022
26162
43017
1226
55849
94038
33586
31676
5104
71405
5815
12493
80835
22216
20615
43387
44374
8011
63146
89542
98426
22772
85999
73714
33081
45308
34625
43674
35669
38896
64549
12415
77923
21589
18728
49094
86308
49068
26176
82602
17121
58845
8749
57997
27712
77388
33301
23940
16394
74761
21601
15218
28722
58460
34704
36367
36121
19183
99231
72064
19183
15720
70494
42607
64253
7729
54711
86260
99473
36341
30396
8319
47754
78159
27005
64972
77527
74977
68020
69292
79668
76163
66917
79101
84120
19635
43084
40051
32651
3938
262
94417
97423
72212
58480
22589
55017
86309
72116
79343
79419
91265
37317
3753
74332
11695
99575
52738
34
42754
65476
20548
11451
53890
81584
16857
96065
16818
87415
69723
58767
11440
21319
88532
66484
11917
897
69600
48788
15530
39023
61749
87272
31603
4194
14726
28819
52747
88490
20664
77391
17003
67117
36170
20576
96703
81273
30805
68766
64835
15650
20677
66405
63551
33074
44227
87042
19804
2210
8709
88819
37738
54461
89222
2145
83243
5717
39940
54331
49898
14820
27354
55751
26560
98952
42637
62555
90775
69808
50081
73399
53066
13690
18044
73633
48502
76932
93514
32822
78415
16606
73454
14074
53093
35924
57792
52247
92663
15030
7511
78565
78075
34870
60820
14645
49116
1041
93721
20787
56093
25664
24484
32062
10599
45812
65847
81441
56639
65262
26524
95330
77511
74238
84486
80370
64290
73045
8731
80754
80164
49350
86500
49164
62893
54063
53910
54412
6086
68614
90512
82664
88951
24815
62585
21075
79232
59498
15762
85669
32641
91190
72771
35682
12372
14345
904
52684
72975
47372
59605
21419
16195
824
33787
45724
56141
7022
29098
72369
92484
74176
69157
24982
31217
72415
30783
8131
61333
39599
11204
50291
45792
23413
21286
34032
31822
92919
64073
72411
64601
95564
52916
25287
15350
59859
97361
99855
30765
58159
83106
40603
14424
12626
75930
2582
2903
38827
68102
27517
65970
3905
18538
12646
87803
41792
63134
23054
45251
89148
53622
66750
23070
91910
58270
16474
83340
79583
4356
77333
62412
60484
1912
37963
95060
91824
52966
90643
92049
68890
22032
88468
60614
7800
69868
81933
44060
90290
50411
74056
87328
90230
13116
2807
44591
12585
62075
72748
70725
7332
66710
7948
2875
15353
30039
79700
6268
61242
70250
43471
58062
91433
57254
52186
57113
96685
550
29045
59754
8032
23786
90370
12181
38535
19421
67563
32244
76050
63534
20890
99870
29464
73298
21494
63962
12548
63941
44543
45235
57733
17620
98640
8669
21619
91476
22450
82686
83305
75582
2424
10793
42272
26647
45207
90670
4777
93018
77647
68006
2042
2268
46407
13188
2663
34505
56549
48802
98561
59776
82868
41554
49954
13365
16322
69432
82759
93811
98411
75226
46225
37574
49181
505
24113
70894
4918
6787
19829
34889
5661
59518
36905
4916
66125
65976
83497
82187
58001
29769
47888
69596
93169
5412
30720
90478
84150
87861
95926
15386
93191
51356
60849
32764
53146
20142
6436
54830
24351
22256
22135
83729
89964
55197
58918
38567
99874
77820
66086
35071
95136
10718
54794
8027
74070
76880
25301
10623
24222
15046
33089
90423
41756
62208
3175
18695
20364
38649
94375
94458
21204
15088
7680
40903
2731
89216
30657
20924
52901
91108
92054
60810
85267
44788
16592
75195
98483
70419
83267
42646
48879
6549
85065
77342
2903
27307
55391
89516
49555
93173
6454
9801
5851
70220
51414
17925
55443
89878
17209
37077
67854
47954
9481
83497
66142
77693
88104
9993
76324
35622
32836
31587
12293
59186
40856
8112
64859
86588
43544
83154
60324
13783
51772
13209
38755
77457
98965
14904
71890
12381
6049
38555
39952
34681
35776
78786
23655
51929
67077
93903
61212
19667
33977
98494
51729
17532
27177
63705
14390
20282
13578
51293
33611
51646
71680
9897
81798
10175
26494
67955
38860
298
58083
5871
22154
67928
52493
57871
49553
26231
14086
15285
39879
3179
56051
79914
59128
19034
92875
60281
48162
75348
60815
5117
1247
73899
33142
76070
51948
76376
12597
30965
80684
73625
59631
60246
65474
81101
4511
91046
16868
50412
61417
54971
33349
81705
63473
79754
79257
17777
13528
91133
23255
34533
38369
74778
75375
47406
66230
80850
36273
87564
17948
97921
44024
2118
88108
18683
16017
2006
39689
89829
26041
44067
38478
87264
35249
25510
5030
17396
62985
89751
47399
38245
5650
60720
97199
53058
22282
22220
14810
10817
72396
14803
94381
7682
16393
53273
8243
7982
3123
77529
92201
6388
42103
40851
89357
51650
58573
3517
76058
4214
99739
21977
18857
38824
93583
528
86362
82064
17077
44908
82628
61378
4181
56278
90008
43298
79654
19766
17931
50962
32726
80828
29324
25564
68318
73275
54032
79143
36292
26867
8084
48445
54573
37145
25851
71826
29587
88311
23468
87815
94397
17502
92117
36975
80953
58932
89943
83485
43380
94085
8117
25492
12529
55195
96732
5520
88464
85663
77321
95768
2303
33957
6882
47390
24554
2983
17644
84747
56358
28164
995
78880
97145
98312
18030
58375
34725
89874
18747
42619
63294
43021
15351
11839
74621
62486
81771
87323
43041
35790
81472
81065
19570
66709
26732
23142
5109
5377
95780
30006
81880
21661
75596
14657
85488
89007
9440
5489
8451
45177
16558
8057
36628
47005
77063
99375
53923
85731
45975
45408
16117
92976
48010
22672
54700
33545
78685
93338
24515
25048
74358
21010
62516
67948
31010
77166
93022
56329
940
1129
49515
48080
63105
80012
30169
71022
3363
7675
18294
35203
63185
72449
76261
63079
42544
63491
43844
43608
46534
51514
3498
85392
88940
48076
17805
22057
95301
9208
51755
59404
94656
21133
55236
3911
1523
34955
76077
94442
11394
80432
83280
60437
25903
56831
7858
9989
90179
54974
95752
30810
30654
36043
64470
74157
42455
16817
16116
30739
38801
46882
11477
56005
49080
48267
39370
43827
29915
28017
34109
24380
55772
53714
35658
55374
56948
19093
80859
6678
33410
42777
80665
17674
84775
98304
41647
2859
87540
19316
2659
34506
93033
22344
59404
55085
84910
43675
88985
60027
24291
40883
64174
49858
79752
86330
88195
78684
99985
32955
79018
24949
92060
50181
44432
12403
13054
72209
54511
50394
88666
46799
89191
1392
99130
50931
68317
40681
29321
32166
71210
65789
13195
94834
93511
54341
53657
31700
44092
9494
68517
62269
11883
36470
86188
82330
63236
64715
69383
25701
14528
53691
74168
192
67084
67048
71117
42778
86634
48897
22322
73249
27844
53146
67364
65508
17772
25204
3888
4701
41928
26371
4077
63913
67267
87008
65274
15018
72891
26161
98162
48379
5248
34096
97643
55829
31962
9421
1751
96739
44999
1290
43411
57615
73495
35742
8717
3862
49497
71592
58724
49680
96641
3649
45576
61363
86008
60179
37180
2743
78407
30915
48865
86524
79278
86256
28368
30638
82058
31863
30621
61204
43635
49063
81410
92230
69083
68208
17111
50605
59041
19022
85507
4703
66428
17264
34395
73325
9592
92159
51569
94632
39552
31594
13310
54854
8177
60467
12549
47638
6487
622
52169
57161
68056
90179
56341
16082
93592
81693
54203
23343
7395
50645
89831
81995
7446
80251
48680
45990
19668
6559
87874
40079
49489
11157
43600
87036
69308
50863
61944
58314
52863
99262
74900
29817
29512
31604
61188
20524
19328
17044
22482
18416
96341
98071
88700
13060
914
47292
65843
82236
41406
83941
85584
42489
30757
62357
12366
84180
8811
24659
4810
24883
79654
86253
88049
55379
81763
10446
25859
55833
69599
62707
30413
56153
64526
43376
8153
14670
95495
6466
52290
93812
64064
86302
2293
94881
10490
75995
81451
66992
33508
87614
50252
19961
90150
82241
74599
19605
28881
52079
83909
67367
34164
88410
77740
88787
66533
73478
96563
7913
82906
20686
39251
47687
37715
93552
83078
90376
48874
32468
51801
20385
67753
37722
21789
57090
10625
12329
72484
78053
81864
1388
18347
77455
55795
89483
30822
61908
85777
92647
9163
20792
47150
8693
99434
52211
80128
43416
22637
46019
82506
80781
65545
52133
59290
79045
46082
93521
69981
24455
89515
47442
36944
18681
34267
78795
62393
72578
75975
18956
25732
71665
150
76065
20570
57423
10215
66030
51620
312
30328
63517
27958
59241
27664
53753
7646
89152
77438
60991
61803
81769
92197
13261
39496
21413
55410
24442
8966
9833
32886
42557
66793
28207
28939
29604
84459
64266
94066
22804
58003
26469
11360
10819
36462
27409
25439
39863
97326
59634
50432
48177
7584
57999
29229
17875
57426
31952
81678
98061
31622
39615
34848
11344
5769
3735
84026
85688
72164
10333
83442
41571
78005
38011
13869
44261
76074
67646
21068
61679
1104
85296
52177
8074
68930
17977
50525
81706
58822
45051
22019
57035
10149
51188
97635
14679
69374
49039
24876
48927
43570
43431
7947
85111
45683
4212
16538
82433
23644
9979
66861
76237
51076
83592
79818
41553
42438
84946
21290
42036
68195
65588
1738
26479
1853
22703
44959
42610
435
8821
46538
5974
93068
88133
79138
5476
80674
14185
40444
66148
34641
65813
36316
10149
93630
20153
52120
20684
47469
59017
14259
37847
19807
11897
85443
61089
78093
75618
85460
99159
65492
26310
55708
59756
37980
3285
75345
53290
63015
67742
15317
1216
64234
61346
67227
62326
11258
10370
58562
29949
33922
17225
25916
53328
80336
28135
68749
49667
19564
78137
92028
84208
17022
4159
85818
28291
44361
11689
58076
15953
76072
18562
6058
37509
39326
29606
74659
38705
95205
49457
22889
81541
52548
11611
97581
15235
92986
49535
65256
24825
57000
27902
48976
94154
64956
69828
53503
41050
59090
48337
17112
34806
44887
48784
35583
96257
93751
99083
22806
38851
1875
1275
14030
18423
74952
46789
93324
12167
14592
98369
19408
86960
41414
2050
52482
29879
76372
76683
21986
84130
52622
57281
88386
19817
89938
39522
33129
71585
35937
88403
1825
14859
53846
78732
87571
33583
72045
54693
64278
2441
99746
39259
75771
85476
9662
58899
8975
77250
29477
36353
59976
54571
93249
78196
61024
61099
86802
32900
3083
67523
37142
32881
97080
59408
10278
83307
55156
19845
14356
35389
99071
98718
50034
36859
87531
47350
44749
1636
37559
89699
54692
77537
56753
20346
77160
69316
2287
99427
90515
12065
53038
15662
64039
9753
80689
89160
79717
90219
68972
36692
45050
28135
99620
5406
68814
93674
1654
78455
51411
29570
9213
76562
71864
95089
94934
26156
61571
88314
3448
40586
60991
23398
64712
31234
72821
25954
58500
26893
8795
71158
87653
31156
66342
96576
35554
37674
58802
20724
62100
25835
7360
80844
56216
73935
25306
76806
97424
35253
75652
97459
99964
22476
68480
93119
11907
4580
67871
14321
1398
40118
8536
59008
90619
63859
18385
28223
67486
31924
34150
75630
45688
84848
18019
95573
34452
52982
18175
39843
89188
93102
12249
27405
59419
68495
7899
16113
78421
82146
55610
12130
63694
61159
15770
87991
30106
62419
41510
2779
65477
29793
79079
64034
18827
83647
74364
96346
27122
60657
43585
46763
21086
68471
5423
52457
96570
76797
53800
88952
85132
82238
39317
34592
2302
57325
28212
1156
2776
7766
36426
59617
60671
73220
78714
38025
90443
2372
33788
51215
93067
66391
18994
49941
66252
22008
73535
82596
17906
3909
43478
19934
88702
57818
70319
11437
91216
91853
38561
66672
72228
19914
66174
25231
54617
37123
33507
16027
9636
17436
10179
63833
48659
92474
94444
32147
40474
71584
76430
55572
93890
8779
54942
31462
48167
47550
65277
11609
80843
59431
54108
27936
37516
22816
34949
25381
90835
79196
27030
8449
61215
21131
65414
57647
80722
45395
39765
55064
29574
51105
95000
74598
93579
96253
573
70229
12559
65842
42393
60171
85047
1176
41782
43487
88836
21083
34850
16432
77504
86185
21199
2642
72159
80311
49358
68990
61255
97893
15414
41416
93551
86919
58665
6089
10142
92174
25955
33129
50345
89571
7572
30906
47605
57978
94888
93530
67932
36246
22808
7267
68273
84491
17585
94413
9175
77082
35348
12
12108
27348
48581
81195
62587
75141
78230
52565
64150
42836
81967
82120
21382
69340
13857
13326
38140
48400
32019
83086
20866
63938
52911
62441
13025
98805
90288
58588
84636
52577
33128
86838
18410
69338
65727
67048
81498
73645
32173
51669
24335
77829
16201
28801
67518
52919
25678
23529
17034
96219
12105
88338
13120
2411
40899
93525
79271
53742
35032
21863
1202
21418
91089
70708
38365
81968
39112
53569
65637
58481
18252
71230
6211
70370
89066
29201
66900
74950
66180
49170
66849
23483
84588
11157
35483
93208
43008
9254
25643
64966
32734
56043
88314
65775
19957
9132
32916
84282
64306
89135
28332
84553
59162
73803
85006
29831
2267
61133
86844
92039
6483
50380
25739
96209
51316
5268
78223
31223
23416
62986
83677
31829
20409
30374
58662
9377
77760
87490
19577
80245
14469
88190
56312
27761
82913
35365
21116
29767
62659
57589
40055
45235
31951
46190
89691
29615
23530
55851
30229
39994
26706
27325
47297
85364
95657
88337
68168
7458
52057
83682
19670
73353
79794
20601
90309
70291
70045
90026
46308
31571
41864
96265
31312
31269
21240
20547
52964
71867
2284
94462
51918
42544
63755
66682
17016
81438
83937
8384
71560
55219
52059
59140
71371
38941
47111
90838
78268
67587
26874
24386
72098
34600
41732
26204
95117
16240
13291
47548
42620
48109
70810
4114
79580
73703
380
62617
73289
3042
20789
9818
70988
36355
55992
95832
42989
61406
98955
52595
33781
72573
92696
29846
98042
23042
25459
43787
80396
29307
52615
23928
13963
89997
78645
76633
11199
5664
69061
61565
87905
19424
55888
65655
71724
29707
86429
27870
69782
80366
51276
20228
33570
94449
68007
53127
59531
58467
36790
32209
41969
73976
48721
1529
41759
31292
78284
57514
74657
91674
37833
54743
45275
17239
18029
7562
37387
50173
75013
93096
24006
64589
90690
14818
15173
25738
55084
32330
46267
41999
66348
960
68013
4273
12254
94168
96650
78122
1330
61829
7564
87875
98530
34370
85491
88484
43547
49681
51178
40239
74109
72699
99276
4006
57075
40894
60439
41995
11082
60932
46623
53708
54956
59068
57750
90156
70068
78977
22645
88616
98072
47613
87446
10133
48620
57071
79424
30101
66818
49070
12340
33317
74700
58062
40328
20859
27090
35242
60095
12720
19308
21949
24292
24727
88990
2205
96606
18993
60600
76862
17431
96620
74108
17219
76169
5085
57537
40876
63977
30638
47123
50174
45562
10154
81419
10704
22401
63392
97932
56954
59492
15613
47723
99649
27709
18493
75960
71472
36727
20340
94783
29271
33705
60988
1629
2165
39274
44824
71551
73062
47628
49952
3839
3288
32670
81035
42294
18993
69248
67451
16907
70554
91829
20719
23947
96860
36093
87469
85206
43151
56226
96742
27399
86154
80096
98666
31202
14229
13772
97014
44999
12614
18453
88525
2052
90403
28371
99651
68397
35746
41981
3126
74609
73019
1408
55256
30751
27433
50986
32627
44040
78774
68755
98005
27801
67389
67880
78509
43740
72486
49157
97937
55757
35674
10184
87369
95875
7673
43884
77809
73340
55243
49354
8728
23622
20158
79889
5834
16878
90573
29726
724
14984
21590
79408
44054
75433
42056
18531
63647
18789
35427
17155
36780
24685
54438
56447
60753
5200
42357
41499
2276
3639
91116
26821
19738
48199
63897
48742
36094
81832
98526
78718
37765
61531
12762
71561
28773
5896
80596
21656
74830
72242
62653
85471
40035
75873
16479
96066
33367
50371
87427
75385
29754
41104
80388
98910
681
37584
40679
78522
85822
29781
30644
71535
1783
25221
77613
67382
74466
82557
16746
6809
85485
79696
22888
7161
91559
74830
20500
33219
24753
72916
95907
52425
86631
84962
15168
6093
61807
81485
35261
10048
36564
74055
74760
32720
54101
55814
86814
79306
78345
40542
93239
60983
59788
74194
50688
30878
32800
38536
43173
46320
87966
76207
78962
7819
11821
64174
39953
16565
66006
1066
9553
32631
55855
92557
34164
2021
73068
31737
10033
37834
60390
95181
74454
5940
35617
50987
80284
89494
90032
12891
79061
33444
15995
41359
60591
62237
6755
64932
93885
23245
22918
33664
69946
62045
69075
2029
4675
88718
45592
11505
71454
26435
40710
61442
87241
4566
25161
52363
25571
51614
61185
89954
79179
6906
46938
96526
76337
95813
60795
71943
84947
28155
16609
11248
97864
26553
13936
5339
42602
37217
74330
54810
34600
40670
7929
31187
31763
60373
23121
33678
68337
71132
48119
39661
66131
31004
41554
26351
14071
41025
76231
74342
96485
33489
31208
32638
40288
12153
16062
76475
5409
59491
73506
51561
54431
94876
28774
21745
48173
47572
69408
82179
87736
87807
26889
95982
46342
55906
25503
66090
46246
21988
7910
24475
38852
3337
13955
96044
58891
14681
63894
42786
91749
33008
6986
9375
47108
64187
26753
46888
30704
8573
5059
21925
2132
79904
61375
79298
56374
11191
34160
86892
80392
23233
41897
13911
59238
20213
23079
75698
90948
5141
10708
64882
38630
43646
21557
46865
1024
31901
35914
54412
6725
27664
84918
63141
78584
68503
13155
13117
88459
80717
48128
51889
62763
29111
72300
44870
43993
41652
54008
83943
1537
4063
19169
44727
65333
79385
30961
1607
17104
44999
59081
97445
42546
17435
18033
63210
4439
42990
46439
80181
57996
91427
65426
34903
5281
91292
65547
86246
4861
13323
22678
42257
43180
27122
18261
74508
51319
17272
59082
47829
91185
3972
39538
24259
74922
50592
10264
95871
10988
78987
15268
52511
73660
99805
34093
13323
93573
92206
1725
48326
33492
60548
74261
94936
94143
40947
615
82864
41878
75848
12398
10173
5026
9821
28499
96432
54822
18770
52492
4712
46848
91302
90018
895
76654
51291
98951
70532
1431
86854
53828
2090
22724
19336
42966
66415
58294
83265
8903
93954
38991
99765
10101
21423
28829
25839
22282
12366
97678
36535
49254
48275
13411
52062
65487
88612
55320
3251
14882
30065
79801
74607
30734
85246
90907
89355
28598
74441
75521
3809
55908
21649
13885
63878
95884
57416
12610
27951
74454
59937
86529
50546
82117
15904
12350
34094
46247
80212
39802
74229
85495
15830
50415
69046
9053
32959
10523
20798
77068
31674
18981
42361
79739
74724
28142
2603
49951
87048
99444
21119
45084
76150
80887
73846
63770
22530
34806
31312
21150
8927
81536
57271
41825
42515
9280
297
99748
43984
76500
86676
34956
16922
16754
87005
22387
53637
39325
58599
89353
99810
74875
23697
9994
70696
35921
13843
43685
50827
69024
46733
78648
4894
80498
46546
52751
91871
4297
77917
37238
79848
81826
45730
375
57339
88085
29736
53650
91799
6531
72263
78236
77972
17116
68915
79149
54528
31539
13228
92136
49145
95809
9708
68327
809
61626
51487
49333
27055
91451
18710
57533
13664
45360
16680
61434
20930
9861
1116
73434
98972
51780
86915
56355
61858
59592
77433
35225
93497
21186
52541
60160
89397
52324
41441
26656
58571
16091
28605
25511
81125
34154
98944
47613
68065
93032
22685
46102
35384
71294
9385
80733
90500
72386
43294
79126
40960
7311
36289
38344
59364
60295
62572
87020
2020
34611
81124
98582
75412
4296
39621
38871
50385
41644
9242
61095
60825
99483
72424
60876
68645
31516
87898
88426
42801
92364
376
51780
11351
42604
7391
13191
82438
55587
72393
59983
37848
72529
83737
90138
12283
46054
69003
52211
68366
5657
54728
19897
52638
63144
5912
39402
62877
52745
23580
40753
50104
21989
70094
90783
14234
11863
15857
24439
47727
2231
30515
27795
80273
50829
97247
73299
87119
27037
86525
98670
16140
64283
61974
19205
98903
65099
79490
21838
4271
76155
65733
73381
14802
71504
76751
69457
99817
53133
73099
40789
87007
21001
65915
4662
60802
24793
43692
40290
7185
60824
32704
85094
79925
53201
48784
38700
68981
65515
3281
90578
29071
37067
88185
5442
4189
1674
74258
1836
65842
78096
78180
99948
53253
5343
33232
97184
63681
27655
51608
87614
52402
25689
30283
11770
90893
94875
4113
20030
55026
21443
39974
32882
841
23253
44705
60507
64191
97555
78708
13391
65224
18405
47924
91500
50261
33898
73045
15333
58833
34381
63882
83720
79133
81416
37702
95785
1491
51214
81286
58153
33247
50677
43506
63752
97303
36113
30205
94928
86590
4048
98290
60956
9006
56130
60565
116
49663
33785
8213
33709
61700
23190
25692
33473
25926
18120
74119
54360
91630
85230
81426
94485
77769
73195
72023
79962
82406
47612
70128
94593
12865
49769
40142
66670
27519
60616
30967
95565
62636
4938
80277
78202
30721
75535
37889
37441
76619
23821
21718
81744
40174
93054
3710
37019
77930
84742
36863
17635
24866
75301
44356
53490
30359
57240
7883
83910
30242
87275
39451
26243
94516
97267
59150
80263
84085
15115
96584
20169
76413
11827
99865
87628
39381
5498
27178
26746
70184
5510
81642
67966
64937
74765
32325
69658
17760
80734
66558
16703
37266
49859
42388
21746
69398
25162
9030
61532
32883
81376
53895
62991
89930
75007