33572
5498
15176
56744
20134
25198
90035
77250
93928
45051
88381
43866
46460
51891
21305
19184
19647
77512
97360
69559
72311
59075
45819
83586
68676
70748
72957
38252
7633
52378
14265
97352
85687
10597
28139
22566
16234
42921
10808
88238
24627
56186
71692
36288
38099
74863
63473
29444
46838
5486
89104
42696
33411
45149
75760
58578
68696
98784
45177
2206
28040
7726
2555
92395
1464
47213
12247
89284
37821
90803
50586
24117
38029
81829
55841
20549
86226
52763
41697
98795
84168
15626
56432
65458
96287
79501
37611
13137
5775
13113
43904
35869
77513
21400
85940
96005
6395
54159
1312
87181
15898
80968
49483
76947
19549
8510
62472
27231
19270
93383
50367
46965
83917
29088
24275
30438
32348
25752
34809
6143
52134
94516
75107
92215
5836
33857
92944
62420
48402
56025
39798
29924
46075
55574
36799
85305
11717
51093
38934
37653
73825
66360
98438
14029
96070
19146
34748
82160
65197
80043
72830
82837
76432
15661
89840
2545
56789
60446
25775
37192
43333
69798
98195
89123
89638
28109
6742
53468
567
11486
26795
52767
63766
957
51186
19883
97228
92749
50850
66816
10328
67179
23779
71481
21872
16786
64273
59967
93628
95103
18131
6002
23368
39045
84680
5537
82274
14696
75142
62150
27865
43601
4635
97535
9402
97525
91985
43116
8698
76895
82432
86910
32644
92345
46892
11954
30685
83339
1053
41548
96967
1208
70662
77345
59829
79354
19736
37958
11454
756
83407
68838
26393
29044
80743
4025
67449
37716
72654
23150
63711
25991
19618
91610
72944
43500
73540
46018
22679
28803
894
94105
26184
84066
33778
8989
47034
19104
98216
22581
68281
64641
40183
88121
73285
82637
54621
59210
93558
99598
6739
89641
27034
54007
24973
36568
30219
12985
36130
41681
18084
89197
72250
8244
42423
60045
67941
87309
69104
67415
73646
81570
91787
71218
61446
21061
73730
68502
94864
56256
51714
78959
81729
78931
65094
36735
51399
85313
45837
10070
72063
24668
58093
36034
78135
55052
44712
4642
87270
78794
13414
86628
85370
98232
30988
44952
32906
29573
30879
99630
61332
44533
49839
25936
53711
25680
71263
19732
59841
67384
39859
12558
22946
39969
44471
43468
11965
33004
29368
14207
37564
99884
43007
60869
67120
78703
10895
46229
6928
15348
73582
57358
4308
77884
51109
72290
49679
83696
7070
68322
49267
31585
65916
48043
4866
65277
15524
57385
8907
24214
41124
44500
29732
71790
97238
23255
3020
17943
29570
63765
59537
74689
94380
55282
81678
95770
99667
68710
62530
61850
57068
46520
75106
13064
67296
70794
26610
50857
78268
26392
79860
15089
22770
64986
40098
48425
7043
22393
92529
55771
26292
5659
93802
60425
96102
54333
25443
52435
14352
81321
62485
41144
93967
54874
37495
83894
30120
45542
20869
87411
89179
46055
11039
68230
32683
30721
26330
21283
88944
45142
82273
33215
50286
6528
17884
37375
68011
83806
99058
8359
15608
66169
1887
1004
86600
15857
86139
68431
76642
39998
45142
26333
14295
3025
21507
49273
21133
19646
47159
20785
15464
68948
15896
43042
64234
81466
10804
33938
54820
98659
74469
37995
93303
51355
25301
14714
15843
25226
76412
24425
48153
88981
34340
89106
93687
18449
40264
3879
40494
49521
456
83514
21593
41896
69574
10820
72733
94363
34187
22238
54225
34404
38104
22792
35064
65195
69594
75318
16254
46881
32839
39823
23532
79159
65312
24644
32325
19315
36228
58984
37881
68951
50819
51852
9981
95976
2119
40969
99855
64164
39875
85153
82856
85087
45302
67266
3505
38456
9103
58949
93763
44483
61569
22430
49150
39190
57144
66783
99504
10754
77293
6445
20111
87546
88590
35002
46037
41145
99963
69796
77567
79036
34563
89363
20734
79072
88066
88521
6179
66438
85312
45015
78525
79226
48213
7906
82876
86190
13113
80888
86684
13458
34146
39981
22874
88136
27414
37471
19235
89477
9310
26148
49227
44354
38239
6473
35621
31869
17140
54673
40310
32991
83729
18195
57458
52400
73325
64580
45454
78361
1927
28108
28081
55797
2901
64633
61858
43569
8902
74799
11074
77762
53688
36133
71732
81592
55424
67003
72117
14817
86343
20160
96955
61822
24773
41267
17898
38912
9013
77617
10874
41018
45449
43037
99779
85462
9452
52700
70494
41164
93338
68324
23786
78425
79210
88964
29426
21012
48555
95809
68704
3993
84935
35962
25959
92993
25244
72426
81646
4490
50601
42199
87363
79453
70663
25170
86619
85281
40179
57022
7512
58036
23496
64211
89520
27096
60520
82169
49815
54237
43110
18753
6226
11280
81775
28784
48991
18250
22498
75070
89104
26350
1084
25425
99211
17133
23424
4291
90104
60553
67580
60282
44047
46881
30364
38100
49075
30831
64219
64265
12841
78760
45864
4052
90836
61088
33311
61874
21279
31523
96752
2403
52513
16772
88062
41998
80382
83214
90279
68114
2794
69252
27046
35967
98553
84875
12777
93934
54372
5313
53543
59342
61536
94084
69906
5952
41165
3922
43695
3238
50632
31006
34097
54843
21363
33617
14924
26502
84283
39134
87951
96696
12046
61892
68786
10895
69277
67060
84428
85496
72430
15755
12971
11058
31257
43402
38679
13855
15158
69524
62712
97463
51621
24562
18416
34963
27424
8997
6266
38430
94039
54720
8597
39521
60827
42649
77733
76873
24953
22634
96690
58419
73313
14664
2622
92478
9619
90273
82393
15244
7700
94559
11491
17607
69614
75008
98993
36841
64485
25482
70235
69865
58145
62990
38479
55464
32434
39163
397
16049
8781
72406
67803
47875
6189
6570
52088
15332
52221
89931
38136
61837
93358
11581
98440
77109
14936
75101
74678
80497
97006
13593
8967
84021
31744
3186
50144
82547
3042
80308
65680
23854
49939
43923
22140
40459
75541
88600
7012
3091
42050
39462
41137
42155
78681
91862
27581
27819
3633
80551
37941
12066
77375
66934
4131
69364
56215
55035
43914
40085
77985
60651
40023
76191
86416
49695
15101
21326
29722
2374
78655
22493
38976
66248
81332
55058
38307
86785
38587
55626
56509
69408
83096
28928
96469
55632
59834
12654
21573
28001
66110
3664
30539
25022
71277
49812
59646
87494
8517
84092
98242
28115
53002
63290
38715
49314
88054
38290
14584
47294
6283
64035
85717
81364
48344
21683
1684
44095
63178
9575
88356
46591
17254
7170
30736
87967
18195
61265
89595
9323
96875
39379
21645
50839
66750
44874
69762
80027
6765
1677
88206
34982
93578
67546
18814
97848
42159
23171
42340
86573
15948
48575
66333
44563
15266
93914
18137
6903
75567
95842
87983
92761
77332
61003
22544
95702
88175
59347
16121
43001
60437
70844
69962
91625
38704
98039
58003
21799
26670
15459
17258
69367
86213
58014
47828
59773
39927
75738
60124
71435
6892
23816
71403
41979
42709
70950
50157
39642
28725
67472
18024
59068
55699
8875
8576
22956
39003
89567
80866
76718
27833
18736
75943
7821
66752
33823
83651
35854
28543
91368
28027
48976
32065
52741
85769
23392
81534
82926
37871
94723
87559
29880
59642
37601
65525
13343
29736
69657
3207
45761
18374
53877
19643
38051
67188
64095
99318
55803
83520
52516
85848
59698
68497
26914
98320
5049
93709
41079
47101
90987
28290
44503
85275
44617
4328
63829
47252
72737
24883
74911
75916
73735
67804
98487
95505
99477
41839
27860
4889
79267
23736
73774
52887
15410
78767
54421
10467
64593
10784
62454
3524
97113
41909
60556
31774
92763
22354
57268
23524
67851
79280
86995
59786
50313
66957
34262
52783
89874
18
81576
12502
35787
43813
39309
52518
81796
76988
65249
11527
34310
76187
45731
6504
27456
73534
48645
25413
22895
61508
79884
12764
68451
64322
76755
69660
58275
35633
45896
55820
84393
8027
48246
37236
2032
38248
52817
7733
27407
50090
12156
16410
15334
85170
31393
71818
91338
14934
15890
93033
68611
34857
48826
28630
21196
38526
32717
45939
65128
13697
65598
72311
25022
3407
99606
9602
48379
29116
6730
21480
56833
16048
26397
17570
17538
7925
27787
75023
95202
38867
79548
38326
67233
97891
79848
55948
64491
34794
46257
53436
32299
68735
952
34467
93095
49719
6568
35498
69624
77545
61539
69786
9212
62645
23060
56091
77760
98484
43964
42417
84250
76579
5310
94411
13343
77095
82623
38216
16435
90774
48344
28820
15659
23129
54462
97755
20833
99699
57777
92379
57191
99333
53223
72695
41758
88251
4021
99457
83100
30417
36370
90456
90750
29005
38914
65652
12078
77328
65628
11765
78135
60473
59281
49702
67271
63482
27574
42813
60384
35321
41060
30529
6104
28414
41308
82398
41146
1075
82595
69364
30651
12289
67113
90527
77167
83353
1573
3480
92779
4958
55906
47831
94630
4907
23102
16844
98721
9469
31105
46804
65376
59605
13024
33427
50344
37255
9973
20169
25797
20355
57265
84914
51185
63708
51658
54531
72672
50909
9931
71620
29842
57716
67376
43739
41602
28856
36074
63724
95748
34141
37713
16155
43849
67881
8421
12520
47619
28254
20571
62715
46606
57298
66211
51608
26040
94159
88525
82823
88525
74930
90609
35168
88323
75109
82264
29406
20251
90031
72471
81013
69099
63546
87096
16413
30426
22825
70834
23184
74816
84390
92895
60295
10576
64791
43178
12768
11846
28861
57455
4818
39716
45486
77705
17245
86259
21352
2483
83534
11702
40906
82464
4869
98350
8001
36743
4454
11913
7726
40341
57240
56597
23333
79496
71475
2608
70068
66642
25133
49243
47187
11363
32970
19964
85362
75348
89293
39475
49624
57488
25985
74210
70448
41668
16662
98997
79534
76431
81588
60831
21006
61346
78349
96952
87835
96168
72468
47506
64985
39342
63573
52677
56571
31351
32042
84086
47266
42988
59146
56622
73149
48240
78159
501
6699
35752
80667
4558
46141
89307
94814
44328
95684
57442
31611
43742
27578
98416
45228
65922
99812
29424
67302
53587
26002
82589
77286
35991
68045
1377
18403
88932
72726
37923
37064
99066
90464
89896
93596
5023
88218
12980
28179
47693
41493
13568
80195
75295
32654
11089
84697
38945
25749
32408
89451
14153
10567
89726
24313
871
67098
74673
80975
92315
37653
65400
79660
83203
82889
68823
32778
4998
17096
71758
43763
71805
59221
80557
94253
11445
19654
45772
93637
71127
73364
77812
70637
1424
32980
77173
14085
58259
29834
68340
14272
57292
22791
33664
83105
58407
6971
99925
96478
63598
68047
31348
13371
39402
71901
22688
10606
54135
59034
76666
80660
14285
95033
6347
76228
79091
59740
85465
82898
40978
73780
57115
28977
69850
41256
25394
75847
85141
13570
48041
23221
53250
16750
83349
75375
89042
31786
40382
38859
96914
80746
13213
86386
34406
49728
90951
74285
55094
69739
44639
40245
99342
72635
39934
23556
41410
14595
75333
86576
70433
40791
35442
92949
82697
83054
53269
60727
34561
79855
92874
14137
65067
63099
8049
75556
72846
99047
46213
94679
43221
12494
59178
99835
43705
43551
65120
20523
98916
23609
53068
25613
99980
71608
17376
75474
71031
52374
18916
34340
56838
2694
47877
81939
90966
14266
91288
13705
62748
58466
35426
42927
21071
12224
89732
72844
19488
55609
53264
27166
11344
95618
44694
45399
19255
20539
91658
18865
57197
98225
82885
71808
18295
52558
60213
64092
62082
97179
95343
60754
87171
67235
82754
16792
33268
75336
42510
1473
46517
39160
20003
47090
83080
99324
49292
64901
79488
18515
95275
79001
35798
27862
83128
38991
82836
45423
23392
59753
94187
9710
97708
25912
76772
87729
36250
74201
24975
95153
20014
98671
39255
6557
3754
64644
53527
83051
54492
4958
49213
46417
55653
83868
75286
42802
35253
28423
91175
15816
80739
67882
39817
9525
31598
23582
12298
61121
83518
58878
77592
23837
2197
66946
41664
7720
46453
3432
9840
51858
4428
38827
60675
38935
50822
42930
78410
71531
21414
3624
96553
37500
27165
53997
56084
51646
91328
40
52501
9340
54566
89515
35152
53370
33160
76132
31491
31004
72358
55429
29666
88139
63065
91542
40388
42666
18694
96582
53800
5350
13214
10305
45729
82765
64968
66964
30471
66653
87839
78508
41119
47750
68254
55143
31616
30263
78641
45495
3192
96992
58602
95031
33322
73110
7941
21284
91382
41915
42681
57128
71037
34658
89850
5183
79362
73760
77698
99124
48590
93539
52062
35225
23124
54851
55208
62685
51046
6081
50879
94279
80981
17399
40003
15229
80963
61681
60175
32229
32087
26949
88195
93934
67848
94444
11899
64739
78275
63437
13294
87932
12375
92969
90107
46536
48850
37818
38188
88422
67403
44218
35705
49280
81553
25941
52438
36421
67826
89810
21194
18067
28430
25948
42046
96896
20958
14952
17001
33688
5895
32486
67822
37170
50283
46330
70542
38389
55560
48945
92434
52355
61508
4528
76524
67504
51860
7598
25443
37776
83137
89790
9418
57722
72477
12805
35750
33656
39747
70192
23190
1843
25892
93485
40075
11833
16525
562
38169
58537
8697
24961
17263
4472
58054
13478
50720
19190
13802
57930
82925
56901
32217
34895
6934
57193
68839
51159
30470
95363
97495
74047
24531
99836
80361
63010
41853
33059
34112
71388
87801
11545
37610
9635
41520
11159
7181
96957
72262
29751
85138
5487
64
96646
84703
92004
99252
27072
76657
45571
36308
64455
43423
72493
46415
21445
50372
1658
47312
75203
38621
34021
35591
98194
74709
48488
71271
21080
6557
13089
66725
94695
64138
34199
67091
7140
41550
92076
59341
48532
70375
7911
12274
8254
40086
6802
71906
29131
28968
13727
158
37617
31302
86907
52582
43922
91964
38149
13273
29080
52034
4371
9123
95566
20453
52079
63061
38329
53283
3757
42414
29727
11922
69776
45302
1822
80224
94229
61990
57407
87848
25939
69812
26354
35558
85817
80904
43149
8857
61032
80503
32450
93545
48309
98645
84304
3393
58074
38503
48371
40361
6950
60203
70904
25519
98496
58270
34278
27478
55513
99271
87605
13614
94175
75890
42835
87171
49174
9054
24843
15923
15616
64874
48093
63712
4721
51445
52452
96333
44772
18119
47457
19112
49613
77039
69222
40119
125
72237
29123
41328
51391
92380
89969
62501
33583
76826
34845
80077
55486
97145
69221
98514
99593
34489
1665
44485
86532
19969
94510
47547
89719
40315
7163
30342
79862
45041
99238
51709
31816
73498
20927
5477
66884
56324
64886
24769
5197
38371
39901
78469
20390
39512
45261
48266
5150
60401
48394
42984
49420
77049
99618
70842
99716
69310
38907
83684
88631
45623
32424
88617
9223
38905
87092
96887
12275
40010
1728
23404
23448
8787
54922
93819
14515
82648
98542
85697
80207
93419
98656
84077
31622
44708
84037
62457
23143
12586
74016
33103
89903
55539
77785
87158
19390
81063
59020
1635
87297
79218
30656
14768
87908
56435
79956
1875
97833
74674
36875
29008
76437
11399
4232
88705
71702
45469
51920
66971
27151
36994
52109
39683
63000
2347
83903
67569
34297
86751
31536
61164
67485
28499
68090
63085
70095
61531
52774
52417
58234
19869
29981
5257
31866
65776
54901
73962
23121
22315
59153
64230
9194
41853
50061
27779
77005
64278
66463
66226
18361
91040
33368
33447
74592
59080
49602
83324
89226
70255
52251
68173
8433
54062
44329
69768
22990
36322
73814
18494
98711
37171
38339
21617
87657
29189
19570
19700
10761
45509
76906
31964
85509
35393
10228
31046
16030
18846
90204
36782
27618
44382
60993
93388
46916
76193
51152
90586
69261
53748
91159
17685
89119
21868
73874
81856
42812
30544
765
27998
14381
44949
78423
17888
24829
14162
21940
95727
67844
18383
74290
16052
5692
403
54217
46745
18224
35595
82084
59675
55192
92740
72799
97210
23160
10664
33227
72625
10675
17070
67386
68129
47268
12540
839
89686
68753
15858
44425
13881
69033
84327
11481
38153
8041
61892
98925
52416
21988
80458
18081
19573
33937
41710
83923
28525
60806
48348
40722
31204
57275
8989
49424
55201
53274
25906
49340
69627
58593
18456
68497
99702
27450
71609
52617
71922
72525
10722
79105
88775
86012
78584
95182
50670
75982
46344
78156
34436
69522
62275
77363
50830
18980
28557
74734
77049
8759
39826
39757
42729
58659
88247
46081
36005
19239
51934
46729
7108
62945
46126
8363
65024
52888
91719
55518
9275
97021
38275
63255
61375
92732
25563
51090
5021
24106
28564
51077
77205
96694
44186
58152
65672
36645
90607
21725
34785
22202
59054
12386
5153
59487
66088
75731
50991
89019
37876
60033
37113
88670
81942
2202
70365
43301
83971
33848
98050
59967
45991
25006
4987
2668
58853
37106
94062
79968
89091
53815
90108
68767
28394
51554
42231
41848
20082
93876
65049
41409
44690
79033
63839
30991
99889
38371
59378
28250
9775
49118
33400
39830
15124
93533
91284
36410
88909
45272
19428
9653
32082
2485
16145
52117
14481
50331
41589
76105
39861
79309
27487
68966
55636
18050
33715
80175
93635
68309
83038
76050
93875
55025
28754
99580
38254
15489
78736
41731
93797
78253
51488
62717
74201
93591
78028
23267
68765
61706
3485
8971
51922
84690
84913
22269
34275
32216
91085
44178
80954
66576
65281
49274
96140
78455
92760
59123
8486
5122
66892
11100
73673
87605
15093
29677
74191
68464
39573
54926
65930
24173
31455
58505
45959
55934
12927
30384
23441
91855
62079
71146
91995
82841
88223
10663
7732
83140
86998
37367
27846
43320
48149
3144
37860
49294
23355
96671
38376
24100
9795
67876
10072
80205
79971
55777
74324
97790
57409
55824
53715
22727
37735
46148
78503
50611
67033
41417
4442
34078
58578
12843
87725
92018
55582
26807
87000
77833
77453
93899
11672
56674
89063
37923
37162
21872
59849
77819
69886
26891
733
40404
37876
80562
38430
99764
72643
85354
70485
66162
40677
75049
89907
80740
88739
31953
84127
99404
66634
98925
87266
18468
17545
66615
43681
21782
23997
8872
16547
55431
18406
89473
80625
96761
36988
55444
47211
96408
17605
57161
99614
2062
41038
54865
53688
98062
73795
54048
99911
2936
81173
29253
6364
53817
76017
57943
71608
3357
95169
50064
49704
33035
9123
85097
74700
47746
48870
54109
27068
58323
11326
42030
46779
59685
88900
59840
35260
6767
4028
21208
59997
29402
71736
98051
86902
96457
7120
91073
66812
59695
24495
47061
19954
583
62486
51551
42999
58714
78747
87601
36211
52737
23759
45250
37532
79401
58384
90228
96636
38234
62552
74497
25178
84852
31928
35189
97148
4625
23961
61927
42290
88654
87442
50983
30023
60741
64108
44273
25324
44618
60403
53622
65404
28379
81566
37168
99958
81835
7206
65247
65841
40194
16458
77910
9263
24809
67886
73503
61324
94282
79869
5465
31923
76520
89030
18690
12878
97126
92968
38832
36478
15032
75510
5322
59071
9591
15241
20100
48728
45113
59314
32610
4345
53084
51301
4719
28787
67910
5163
16589
9494
18335
19730
40171
15235
38119
30363
36280
98444
11739
79465
20975
59882
17066
60822
74831
60026
24872
3614
19659
50673
87986
11121
4966
25315
97510
32925
47574
25918
65233
63097
37558
75084
26389
43251
36237
68421
82580
72878
59545
75506
74274
8524
7530
88366
34572
55533
26892
17021
89605
65318
73527
59706
27629
99221
84324
5347
99785
37950
14845
12845
5993
17606
55320
87424
72288
59442
43791
19088
71018
25575
36950
70601
1761
24569
46455
97459
34109
46465
54346
69782
43812
46548
11498
26046
64589
82195
87124
40068
59064
73560
83928
27061
84755
37259
12834
74589
64028
49178
14675
87554
32175
58714
47958
80262
77261
96089
67069
82830
58256
33456
30242
56615
39692
40298
85260
89743
30013
54371
53814
24393
49000
50913
87681
70267
32103
24040
45347
87062
82568
48932
77454
93192
87593
88914
27016
82474
68367
32844
22691
4781
11586
3283
33177
54772
20724
28180
97288
54869
50378
49073
66279
74057
61804
11478
14208
32927
64061
3303
61563
36334
59127
83130
2142
5536
33408
59615
4240
86554
90598
190
94915
30119
32481
62127
56716
36414
15653
49731
19915
66762
84150
18794
10845
65299
25805
2760
90310
6119
70874
49424
65630
16715
3519
78890
3227
31409
78213
35559
63283
64190
99551
12110
74018
96819
51650
21205
59365
65717
68171
30508
66378
68312
66350
81631
83049
57742
61944
75419
74402
42822
22768
74490
80556
58652
74457
54635
7730
99355
43263
35991
2642
5672
37165
85908
7069
22015
60876
24329
48710
12362
24269
54578
63792
96098
19153
60982
45167
48305
51926
20296
39387
32619
88839
1316
76128
80847
51299
34066
10063
66890
87077
38267
55693
89073
92549
30033
83095
64944
73540
97457
2253
43280
175
38132
37509
83236
10854
31988
6406
6446
62307
16194
19548
78708
99430
23796
49994
60177
21887
9175
38769
3647
27923
33872
92660
143
53621
96213
92525
28598
66533
96408
16773
38994
85847
8446
37943
44275
14471
7749
97622
59717
11103
40768
95235
37770
26717
54058
58299
27929
35835
41203
32723
26708
49690
45725
26671
27421
2503
85217
63626
7410
22016
43603
85102
16616
97533
33808
59334
49635
27
10094
44876
92806
93799
44709
45687
24513
78489
77548
75074
36767
75700
80671
14503
82595
62566
27829
30431
18356
81416
41765
60768
8032
36681
65905
17332
99959
65469
69051
21573
14657
3243
31871
38977
59193
34659
77090
44635
96057
34421
82584
4874
20677
58044
52030
60220
7719
78684
22973
18626
59508
83326
93400
87569
83714
82969
64292
55387
56189
63790
64237
83740
67198
63263
38919
93814
11688
1133
58117
50681
50382
11606
11565
80173
86839
2688
65863
45452
3077
72992
57188
51461
95401
38680
59770
12095
35146
92510
55807
60615
19991
58277
22314
34169
98051
36134
17087
86544
46460
59083
93890
73936
38259
90810
50638
93897
95217
99337
11172
57584
62473
10260
73187
88505
98556
83711
12369
19615
7154
1703
97040
565
42978
57125
11751
64301
85468
90415
81398
55538
91012
4233
30163
41800
7726
69119
16837
10926
59336
92061
96160
53721
74903
40804
57875
69693
71993
27634
53768
52641
43713
96400
69482
53249
54105
61314
87837
31578
93772
59646
77034
4667
22679
26425
87800
28779
36878
55721
40096
1302
29590
4232
14126
67456
8989
52719
51884
16454
55692
85915
16304
69988
71954
47160
56499
98520
29291
92056
83173
46147
82108
45425
69175
45354
48616
17999
66139
80412
61965
90987
54851
80436
6743
263
13487
516
69094
69504
56412
95057
19262
50608
85973
18702
60805
78196
30880
47018
91347
22190
59307
40131
86723
72789
23469
80556
42725
13490
7897
56546
59181
91719
42081
75974
46079
80561
20989
31296
52211
75006
39526
78622
34109
4280
77066
16746
1628
60154
83582
21790
48710
97527
55790
245
90379
72744
97772
13322
86620
84152
27602
52592
57275
57093
15460
97493
3430
24876
66929
23021
6116
95997
42793
68647
25955
11997
38386
15731
44408
53789
18792
81936
61753
12717
83932
25420
74437
20287
86998
17439
88499
16629
96510
549
87482
61841
81745
6709
80671
11901
81622
44015
42989
89886
30219
58703
46950
86603
31183
72317
2799
34776
91594
82861
30345
11924
79602
95823
24042
94871
51369
72073
96951
29499
10067
31185
82138
37364
17068
47329
36158
56369
22419
75900
88705
59647
24691
60102
56820
84808
29601
56022
78323
23810
10685
89136
30272
4380
39580
64836
9923
87027
21417
80588
44580
14076
96680
80872
92480
32529
64508
11775
71530
90673
87805
93148
82867
56868
36496
8720
96391
69648
67269
19853
55098
70900
20311
29861
4146
55052
61434
65980
91779
31988
82627
55581
24171
37564
79703
50584
34381
32161
68838
78109
41537
44786
24572
99459
43618
29193
30779
86477
58628
90037
93579
87335
54006
51936
59949
70011
79033
66001
7899
22664
17479
34832
56195
93595
77696
82548
7231
9054
7
20636
12633
31050
13845
28057
64156
22843
2224
68210
4009
5181
92228
43507
23357
86833
21814
36183
62509
90124
45876
20848
15647
87112
88154
84343
67020
80989
87156
12192
65299
85348
71479
69267
9404
13457
39203
36536
89984
82160
56902
46487
30454
53879
73535
91386
44468
88680
65181
73146
15056
1102
51189
61706
79803
41895
70975
22322
33222
60230
69184
42550
29413
91887
16295
62954
41034
16913
93873
79488
9243
72006
46441
10216
88637
52804
85463
97009
10569
53184
42543
43929
45710
40763
67653
73118
25382
54236
67470
4271
15212
90546
2927
52647
2973
24055
98714
42506
27336
81594
78068
94020
18962
87987
27257
19489
66748
31503
20140
66035
52725
47641
43533
42210
66285
30928
78453
45251
64598
51375
50775
42262
97430
83524
36910
59967
37503
54503
40637
28817
23613
30491
32737
80887
62240
60642
74851
38324
56610
3864
87253
14718
89788
14506
45623
98443
39214
6706
46251
59693
62418
97149
51127
29083
485
68898
3837
41748
31271
46168
60207
72170
52588
28667
75758
38427
76785
13255
66334
24841
43302
86216
60640
31864
77953
31914
96997
42910
92778
40425
99278
37343
87845
81903
80362
29262
75475
22678
54537
22441
46103
5605
46967
80121
57754
60408
50622
83445
4061
60904
87500
90880
30356
75534
88889
73630
32004
4950
85500
73612
54105
91587
11613
44307
68081
97737
98965
78556
53417
75398
5546
64080
3999
69155
25842
39452
89331
60271
81100
76425
91936
53143
94930
9577
40506
8904
27552
92519
23965
50084
11724
60117
26757
52344
35438
67252
42946
77277
57329
99673
91163
48676
98448
82057
37329
19735
40906
68493
40466
15685
73333
50787
78908
56395
66460
80792
60893
88570
64523
6470
73635
63842
20876
67305
92303
70336
4917
38546
36311
37581
78041
11678
14955
30904
2481
68584
71872
71744
14872
95319
5048
79149
33133
372
93093
1563
28108
8667
26551
67823
98723
35087
73246
51116
95894
14716
96317
29426
64456
24527
2776
79110
3216
93793
7861
9349
51274
50575
94597
15049
29415
6822
94970
11952
35660
15475
29063
6483
79075
37995
15099
72657
50990
12406
26748
44640
4580
29962
67306
81383
78872
12840
87068
42709
70375
6307
79876
75773
8254
95707
13415
46367
51959
77834
56513
55733
75202
53572
1387
86566
38023
20552
46170
81632
59816
24313
63970
47112
50859
94177
93001
42174
91874
49057
39960
2202
8307
86264
53412
57344
60939
34192
41471
36619
78245
37025
23702
67334
12038
26798
16043
81072
48312
77638
17351
3524
93217
38520
67478
57730
96120
3955
87524
94301
86761
63462
99494
83971
86317
89717
78215
80421
80847
72505
33081
16425
56838
1017
32877
17758
30827
16533
82404
71359
43953
77840
56297
69448
57714
53820
63092
53968
66394
95528
45180
97895
70746
67279
12573
67963
33700
47180
45414
7965
4023
48307
87589
57560
42959
82333
90868
48057
79895
41965
17959
88096
83812
17027
51960
65772
76781
45749
28171
49509
94340
80748
34654
98326
84729
38162
27256
86949
60150
25273
63417
15218
29234
10765
34001
88464
24216
55763
92731
30506
59313
8591
92207
87185
29876
63917
17422
76521
18253
57391
13561
97780
46246
66271
28690
20174
82670
34918
49471
98994
3586
64738
34354
87912
82138
94156
75603
65565
65657
78003
99993
2765
8030
89082
5009
29195
61107
25091
8659
67394
85647
12113
30587
56136
3796
36456
607
71395
34780
18637
1126
38978
53383
58481
43015
11371
45619
51983
37702
49622
23251
55198
27464
492
14736
22939
36432
83328
10937
24924
56167
77766
53681
58732
11830
94016
29098
27031
43645
90712
53674
73900
58195
42568
93233
75940
55410
4576
86889
95983
60904
32689
10499
51981
3940
17212
75451
6396
42294
41298
91391
16583
38793
96825
83327
84994
69236
17533
67940
5273
80221
51173
64235
34097
13453
85129
18560
2838
19138
6334
41925
21313
92613
33604
7054
49686
64693
37077
36622
91115
22902
58004
25174
64488
41351
87724
49828
52025
70152
12861
23910
9682
22517
38968
3910
52800
86909
4065
66331
12585
74896
11591
29929
11185
4437
61910
31816
14820
66572
15181
49216
76143
23606
95434
30513
19990
55414
77839
36266
42592
46797
84057
32370
1947
65807
10480
64004
29853
33071
14175
67123
99304
71171
93291
30477
9654
59335
58469
74294
69106
53596
56003
64235
78559
74569
49999
58601
44996
56908
38680
4945
90100
68186
50194
12437
83768
277
61695
32284
36698
87612
89265
15258
51371
88473
11936
71830
27124
54747
15552
42636
3792
53035
12764
38389
15127
93855
19300
28870
5938
48729
25727
74616
96198
23009
11592
16166
5387
80501
49290
15038
51850
33552
25673
66894
76078
50233
7677
67830
55186
52695
38775
18963
6095
9256
67840
5790
15153
71933
53707
77243
97174
58674
51484
57062
86522
16209
37894
17312
62765
87829
37504
75329
5755
58493
44830
99511
44715
10577
38526
51311
67012
11978
72056
38578
30010
43998
26587
6046
30197
88492
15616
43851
43575
52118
49273
87937
35912
87069
89072
83731
7028
88400
9675
99529
11880
31226
51813
60899
97727
28169
45505
8195
46282
75631
71508
60337
82128
52762
97439
58809
28026
35985
80954
59588
53176
28769
84574
37818
49403
57325
38777
60427
88022
61798
40626
11861
85982
12497
67119
80233
95211
13668
7364
37359
35852
34282
59859
43185
43495
49557
60434
64047
25147
34946
40443
11465
72272
86743
87309
74582
68586
59762
13112
98065
78364
34774
78533
10744
7268
29745
16728
93447
33360
16693
25458
59108
48729
30438
83664
29616
96671
38225
46661
57440
85184
63942
57129
90527
3313
85055
37580
38076
81208
48599
42174
50468
29693
54176
29186
92744
70072
70459
50963
45903
44806
38232
74056
1642
73802
15401
30040
61027
59903
15407
62550
57443
98466
26664
10466
50394
6954
12319
43758
5214
50632
67335
39162
16386
59434
90623
9016
55572
41585
71847
38104
90268
80300
46987
54061
47148
32709
85452
29462
14664
36231
88225
56195
56378
92368
95886
91535
91708
88176
28465
80633
41035
61999
43284
92512
77485
51211
4817
37138
21046
47946
68882
20557
32406
87029
21756
7381
50114
85550
6860
59370
36747
85196
20642
95008
61634
98539
84100
30619
47876
11700
9900
41062
13144
77106
4149
88637
50117
43925
93275
69450
11491
72863
14431
31179
22856
98498
64113
10375
68752
84596
95799
76660
46678
41858
88891
23678
6309
71891
53188
97049
99219
57099
70894
48748
41349
41471
48633
68423
83669
4797
91063
35051
76488
28817
54038
69213
19831
39411
27404
41258
82153
56586
92540
57639
31031
52539
31680
54792
99141
95702
74779
58848
6684
73084
25900
36674
75985
10767
25426
80541
76925
55850
68625
1786
93228
8136
503
11877
87348
78615
4897
60056
12040
5502
35325
422
52830
18869
68443
43348
95010
52455
1731
67532
63490
25125
16416
63502
8424
13225
59774
29418
99752
9962
54762
20014
68921
89794
69451
84441
97449
46681
49383
64587
17166
11438
69670
85687
47735
21630
63280
3372
20376
52283
97828
73411
31525
37013
85576
72185
75367
17860
27752
98138
17330
17454
90355
39381
35636
34280
95300
8211
48916
50497
15030
20914
53429
92740
24837
12850
58629
31275
71198
21682
13052
39974
39078
38980
76603
11616
48190
16936
84650
5000
61454
970
51545
57721
27391
27811
76851
33703
98121
41449
66219
24643
32078
67695
14438
34692
80304
60624
49474
54750
31406
18475
21807
86203
7024
88999
18962
71237
8551
35871
60099
70762
80299
8802
78992
79432
94220
56149
91258
79948
54130
66674
74784
36866
93750
24224
55184
39577
78196
7874
204
3794
21938
7399
76685
343
20947
80197
23935
61724
427
57284
14523
80595
67106
75656
90948
65819
86231
7092
42151
66977
78055
49233
78845
76159
78939
4006
8920
66319
3433
29252
52134
14064
95709
83128
13628
10720
1989
10873
73274
77602
21021
38736
36248
14844
58232
24493
13948
92880
85790
28918
36207
47849
94249
59367
30147
93310
69586
80523
36705
74632
12419
35759
18745
65035
87942
65292
99648
32349
1058
89087
73463
99540
15089
69947
45404
46271
5582
63585
7931
25587
57847
93725
90624
21135
77684
32212
46571
27840
87701
11514
38456
69448
45873
18950
86324
15535
26761
43627
93275
3945
37725
78432
72823
99778
68661
69215
570
77675
52763
69368
58422
43995
41041
45041
87965
78987
8932
84434
22266
32342
63158
69722
46798
89230
98068
70010
8970
38936
35659
61666
37799
81202
39366
63121
56641
75054
91739
73434
69092
97037
66889
8205
10934
32300
8657
76585
52422
19119
26839
75678
49141
49742
6221
29423
54368
69663
14330
46804
36962
51415
60862
28040
24798
64882
4293
66774
92258
25336
35558
22720
51977
94957
14015
40507
74591
8702
15608
80004
91701
87185
66563
50270
45306
21360
45306
54324
51846
78543
74070
14827
86793
11662
17092
82336
97719
12893
97754
55352
30044
55925
51288
1031
39081
56419
26963
12293
80155
49037
68148
24364
66231
45140
4022
37071
22613
41343
97426
35393
90910
6101
69500
9940
98265
70337
46000
34099
23474
11697
28754
48306
53314
48663
12237
64675
35264
70643
89344
74835
42583
95121
16968
82464
91101
50224
97551
6891
67547
86064
54969
75824
54335
59917
96823
24011
34578
77223
76381
42355
57962
45115
57894
96375
24192
6193
90785
9792
22991
67186
54194
30609
46574
82703
86935
59973
57665
54992
30431
3078
85757
71602
21434
41943
9495
26533
76989
1950
85362
31586
37251
26825
36745
38345
3866
74992
4570
40413
64991
91404
5073
2931
29601
5204
43370
53036
78331
9818
30238
59435
76107
24841
32988
30653
10493
46773
59069
34606
98337
57600
4822
18667
97055
27272
96280
72646
9797
66130
93566
78101
71181
86408
69702
16565
90073
42753
61569
80505
91645
34188
3961
16743
81899
81534
73456
89646
76621
87068
3925
7301
22253
95244
27580
11172
29536
49087
276
73790
5613
9526
75917
22923
60095
46941
91498
41595
45566
32007
46218
40280
18507
59254
86201
33457
13656
61731
87021
75437
31224
76449
74910
38763
88142
33561
66844
86292
98672
17149
21479
68801
43453
57013
45192
1092
57936
43422
85290
95034
18559
12022
2280
49874
25384
46624
16073
17180
56979
72343
21978
27524
66214
99017
81714
85383
90293
53389
4804
14261
74462
58603
61675
16463
57069
63758
74771
27012
49384
35019
40486
92363
61360
29265
94719
8186
88405
7036
94954
65095
89950
47546
82089
36498
29914
14564
13867
82
72099
35872
36879
31537
20784
66487
58815
47122
92933
77328
7128
47828
70756
26895
13435
42591
35951
26356
14044
18241
83220
62848
94744
16338
2302
75889
30520
82527
15486
58194
38504
89821
69129
19943
89158
26238
5602
44926
84987
81446
93942
28807
91274
40267
76194
18533
50495
41609
2173
31088
94585
36044
96119
20165
57424
15771
48749
8155
33638
74974
21606
71112
21153
20841
88885
8969
61532
71524
55447
49261
69990
19952
66491
19817
96854
9583
55060
18951
62596
66573
20835
13637
3093
81451
49735
89632
27771
29728
51362
64372
36286
22526
93576
51416
4656
30428
1806
46775
68204
69515
23016
41146
87572
23248
27899
51423
55108
88837
5000
5810
71114
57588
67964
562
40894
39208
90109
91539
20035
5783
71010
69689
6781
46414
47428
65466
75765
67551
15120
95443
3757
34748
6084
84248
26821
21534
2602
20065
74398
74403
12206
16614
44848
89697
89323
99134
75318
99714
62562
38134
79002
93790
17472
66799
69261
97800
47731
89631
94260
93682
71253
44864
80223
15220
81881
81593
19564
55295
53356
24954
89400
28474
55859
71553
29396
13771
84644
47948
87929
85479
49446
64628
8370
36685
18672
37309
97331
81181
50788
48745
97022
96076
31421
74771
43776
33286
5104
98911
45580
6227
75915
99236
42889
97666
82776
94368
53520
91535
42315
90353
52597
94840
92836
7066
99804
21068
9934
3850
99086
23205
71997
28316
11099
6110
58127
11136
66846
95206
26608
3327
19905
21687
13715
23693
92350
99942
57455
61797
50196
17649
33945
80526
6102
59400
14729
50386
84323
53049
60800
65475
99844
80903
6783
87319
36530
67629
16903
9906
48523
15249
70086
80393
88787
54399
913
14504
67088
1527
63553
4477
27281
93818
17700
83898
59258
27804
73295
39583
96616
29303
7690
68422
99831
9957
81324
60747
60228
39204
49430
68491
36957
96390
95434
28601
86735
70139
44251
94044
37570
88458
83027
72397
24357
86094
99445
53478
86890
35740
15883
24492
4684
88857
4905
15057
45961
89334
91500
7698
69278
25024
13796
98149
36593
24632
29358
15403
24941
14707
83620
29658
84748
18953
11376
36159
52538
58433
62649
18740
71316
68029
65615
26985
98203
95829
66887
48821
61982
50908
21088
47143
89800
42482
42441
70216
33219
68251
58401
84029
22011
67915
72533
69523
23195
61441
80045
157
58781
85870
12219
20279
27370
7400
17027
65451
546
3172
4047
98741
75684
6503
35536
69735
69401
69810
21594
20893
3543
41049
10378
35433
94452
79229
73442
95878
10982
73229
23545
44212
49050
91404
61601
16615
8582
95055
88964
96527
58888
70194
50196
97998
92822
85722
25292
29627
75520
31654
89233
40247
86548
48388
76170
17399
34500
98658
76933
19604
47707
24309
27685
16756
40348
94870
88182
45281
75994
72307
86589
79496
79747
84646
25823
15169
43565
75303
38509
1735
80478
17126
49679
14482
76496
4747
83667
44502
76493
52251
66550
66201
14222
63921
97278
75768
59192
72626
60752
72857
35396
27361
19953
10298
92813
17588
73737
90248
70398
70174
37308
89630
98119
41875
10399
22035
7052
58377
74833
12962
22060
24525
96741
6829
10908
28555
10867
88053
99940
85182
59673
39256
57698
98256
79276
43871
45863
10374
1715
58388
91070
46022
61499
59807
57806
18621
2018
7012
92899
39754
87952
97032
43658
51254
50404
60044
92956
96266
56492
32562
48969
61527
55544
31426
63150
26034
51912
88778
71337
49341
27994
22778
89128
29244
66586
81284
68087
64620
95581
23235
36496
74076
55164
68173
61892
39560
91296
75473
47041
98950
82043
90983
85539
9051
89077
96242
85564
22340
11315
79060
22755
98166
65252
45393
74671
37063
30446
47995
82782
99924
65368
49336
76709
58729
69594
41601
72809
75133
20194
15583
87126
11285
73155
68735
34051
55018
82990
96307
58259
92623
90900
14325
38887
72738
2153
61444
22331
88599
35967
72163
59578
77999
75636
30290
74148
13028
45609
27021
38094
75066
64975
71830
29173
28807
1652
1592
25590
5994
50584
20399
19117
31489
18471
95845
3822
39158
68852
63797
4001
53180
27702
81317
77592
66766
77015
16542
95711
19990
32776
34715
48192
47746
99979
8748
55375
95843
91641
26716
93189
73110
19819
41973
77535
84696
20059
65187
7974
12575
23878
38287
76886
47054
49887
49369
59203
80047
82536
75823
87439
74578
32062
48160
84716
89312
23406
45915
46416
35316
48594
84363
66194
20996
53916
42183
81653
74996
35387
69750
60609
16263
4487
63381
99695
72850
26040
73933
68198
19696
87077
4691
96350
81320
6263
96607
29334
49
46710
11281
1048
52097
7718
83464
11124
2752
54390
11304
98338
92459
4641
192
52676
70321
74179
9944
73763
59547
87126
39909
47837
60963
69595
50149
44353
42624
43494
16273
41631
5979
79040
2202
58441
22662
26618
70223
99644
99561
86543
14932
16521
11554
18655
40009
30906
90318
43321
14408
37445
66513
92124
1946
91879
66210
87196
43902
41129
86793
34347
65321
37497
10359
68084
50710
39042
21937
78396
87718
59496
59443
11722
91302
11859
47606
56752
13729
22348
23092
97720
5724
83232
6607
30650
19834
35605
43582
95978
61284
33121
29954
56435
50536
51895
43563
86692
50198
22519
89119
50721
91649
98613
51904
10383
82183
93765
51138
71269
57036
44074
81768
27648
51883
85743
7992
40823
30666
92951
85217
15277
31191
8549
12016
31633
34593
91593
19311
63170
92273
80313
89234
72965
28543
49705
88087
59847
78267
51915
63584
5772
73383
76619
22823
82053
63376
24036
61487
2532
1084
79334
50466
73176
95217
43720
95130
39036
7130
41907
32218
29334
69175
92708
58137
75699
66042
29476
19556
70628
42263
63150
33957
91546
89823
32893
57728
26161
18145
72563
9131
11238
36044
6403
20313
23589
67398
11235
10138
67105
35169
63088
82208
62552
16770
52139
89136
66117
11510
92227
50504
68519
45205
87055
18142
65852
25851
6060
23936
72210
50284
7647
24861
8996
64888
69935
17249
99708
40437
53990
17565
46062
90974
52622
14144
29217
88111
75739
43945
76194
16540
73643
87279
40111
96501
28615
21375
64955
45619
81047
32654
48263
31400
97468
39624
76366
99137
26742
81769
23042
8889
54284
49077
63250
17847
591
92013
49509
5374
23666
40740
41394
49418
89577
23161
15792
83953
43686
22053
96274
71943
70841
78968
72035
75904
83993
38579
20197
21833
50399
59820
79944
249
1765
64989
62282
54855
10151
96498
57353
51503
29238
24971
78724
72254
38148
99600
26113
31325
91071
50694
35428
49993
59338
2919
96321
92512
37033
82904
56769
47882
44652
18433
58312
12869
19861
2878
50076
50379
18062
9619
25061
30135
96546
56578
67129
63863
74353
88018
20474
64753
61012
41782
60778
61492
56923
57511
37908
64710
89512
56133
41065
82864
58852
36978
1085
92607
67077
53510
4079
11222
13632
6386
11907
66705
65321
27687
62026
93727
57871
68004
25351
50740
21098
45847
25751
95082
56495
36290
16673
6021
31006
87241
61551
31383
80391
62619
10738
2677
44498
46189
45414
99251
6602
3207
88771
63834
16978
80253
71306
89268
91274
89889
91537
36447
10234
99959
76551
59861
28706
14485
54602
28385
51365
23488
52407
95774
52853
3572
21187
7968
7601
58223
95509
26087
9236
81600
90242
58636
67912
12366
80567
98777
96033
8489
13005
11134
7470
95151
71661
72452
67793
9020
84119
66272
38519
28813
57508
10562
92240
85194
57085
1638
26700
283
33731
11802
10100
24137
64988
61812
43391
50036
63698
97619
67398
57880
10904
5763
46912
84334
58499
15724
8792
42007
11083
60419
41784
20903
72540
37979
59189
3599
26835
73616
88485
89684
12297
17181
63540
68082
48667
16082
27582
85464
9902
45268
32988
98394
55701
75158
91510
54721
70766
11340
78572
87882
85977
79411
741
82037
54267
13524
84598
95755
74091
23141
11395
26690
64906
76614
1531
12008
72875
68162
61552
42436
98773
47051
68455
19791
50841
61090
65130
95032
15971
45661
9306
33816
97708
64420
62364
18592
37586
16698
70520
10408
31396
85154
16770
31839
9341
12803
6326
24039
15692
2303
81599
1512
75307
8471
9962
41776
36228
43730
84179
4751
93157
23306
12828
56915
82110
91610
65591
48788
58258
37709
14833
55841
60966
77860
54956
10124
37171
48573
96272
21197
76954
18247
80097
55759
94807
4308
11500
25210
97508
21720
8852
6594
14006
40854
54900
22721
2628
58001
96198
5975
5013
63441
26973
43391
22586
93585
95607
97421
85435
23719
76356
7874
41295
26070
81413
82699
44014
38578
95401
83951
83541
83092
24135
89258
68221
49630
15705
40706
22201
44369
21539
45508
13198
96293
92002
71513
86337
41929
46078
10235
32551
71592
75824
59067
20802
81547
35247
54155
73332
65933
44127
23209
87373
66388
93579
3260
93374
65101
72209
95276
48215
59408
76180
76723
27638
33568
51378
84614
87766
75899
57006
47691
97005
21858
65695
7565
66404
44559
48728
34944
45758
77869
75875
55658
61862
35719
79306
56631
18892
70522
59837
39481
35294
92787
27029
88216
54388
25825
67298
70253
64456
40392
46316
746
15179
58690
73083
62492
81601
72631
38055
85881
24586
15191
77458
45728
45246
88102
94042
61121
70933
5027
38731
82984
15804
55564
80216
55716
31177
31797
46888
49941
23176
49214
64683
85186
96994
28702
38088
24038
9703
60652
88214
65137
15410
45956
388
2010
73667
10737
32813
18680
13167
76382
54601
75486
29837
41214
36563
92697
93572
8275
68775
59709
5100
61571
91481
89845
85989
74889
3235
99792
35856
58177
99901
37017
81455
71537
233
49175
73463
63180
74301
16642
62282
5661
96609
18750
96242
69116
47683
3069
25249
12275
70920
23778
37704
45695
12618
73750
69514
36505
74074
69686
54947
80881
74093
5756
50200
41972
85720
68543
53650
22899
71354
13819
84192
18829
97698
59252
66453
97111
48126
18741
59521
16158
94903
43268
53704
81209
75494
99550
45485
38774
63192
81556
278
33113
61124
89007
86558
11243
15389
72848
26282
65965
51891
6903
87043
4763
96571
32760
12586
96639
38882
62830
37208
80487
51351
10803
71329
94925
59938
72428
25509
21117
49339
73684
37144
83995
37326
63720
87156
60016
97863
83637
76815
99129
57795
20330
49900
83338
63038
95182
13554
22806
77755
3687
70984
79904
69028
91363
27735
66009
91588
92978
17451
56349
63763
34950
76987
20037
81942
75687
69337
71703
28359
53896
33240
25296
61630
63016
65242
13763
70500
37986
79254
28089
10169
66820
28349
39932
28108
92509
71104
42584
94457
50947
8423
5296
33911
33452
67665
38517
86634
29537
70087
23240
45498
71195
37469
81358
3163
70112
83035
73486
1286
32756
30387
6182
38171
70138
76518
76778
85629
60109
87334
39280
10806
33178
76803
80184
76360
94324
26072
96178
12723
60538
83336
46496
1078
64657
32401
91126
63883
44898
94986
94022
47520
24316
32478
67464
16388
96508
1516
11273
77409
70121
24347
69912
75165
83900
31999
4894
64685
11523
27236
56463
32038
85530
87146
74201
29352
26967
67724
20794
153
40735
46066
85015
89212
30145
29828
45578
69963
78720
49706
22336
44999
35460
23031
25577
54276
33026
82295
76049
11358
84408
14786
10692
98171
40647
95157
65911
14786
74445
86560
97991
8670
78259
49157
11545
80524
87449
83974
94523
90904
31527
46717
19876
82177
70189
15377
34863
61117
72152
5744
69025
56598
52763
36104
41659
24333
40917
89076
90471
12322
79999
57141
88239
78934
34499
31188
2442
84887
86820
46789
82523
15859
67253
99365
79463
29914
49757
82608
14339
21097
16300
76906
87651
99927
16813
79717
25739
29697
71944
56864
34823
64277
81473
71659
23546
73478
51872
22443
76865
68176
62752
18799
93623
28238
72183
23278
87817
81930
81987
40513
17567
36170
78829
50055
59087
30457
79237
58905
81698
86646
41337
41202
48462
48870
63393
5761
58215
79721
32739
18064
34189
95529
87544
6851
681
25429
34431
5603
36700
48564
48269
59541
14524
74284
34871
57316
99017
95145
64523
62733
12432
62891
36796
38490
60108
72418
74320
84367
35556
48710
6927
20113
93600
19489
83848
24597
63682
87249
61079
44040
51039
33107
91420
13186
95809
63942
25950
76484
51965
41173
48032
49567
69035
10236
38869
13700
2124
43251
523
54569
81945
35577
85281
92012
99219
7633
18380
23617
5450
56075
25972
91116
58756
63924
86593
1457
53200
80143
81546
52569
97371
24409
80528
86424
57082
73860
48725
45455
20290
70089
93584
4074
20447
26103
24890
13100
38899
41689
4807
96534
11860
39219
23101
8169
63337
50377
5098
99932
76678
90176
98721
42890
16312
51348
62991
13935
4290
28654
20154
48180
26852
95228
60974
58495
82955
43569
74645
56667
42994
75544
27159
70763
42913
71720
19066
97270
80180
27440
1787
12199
67400
73217
83735
58281
99163
10482
85075
78122
70811
41652
27886
93495
81540
49010
96167
99656
97119
58943
95109
90916
1983
20177
76266
68843
9459
97374
72600
60658
96474
24748
77522
54221
46044
35208
21086
79829
58621
86288
94067
15592
77479
39191
18909
11804
81380
40490
87639
88576
78341
62141
11914
64177
54685
75796
46999
93422
75346
30822
11729
1545
76281
41000
8584
52412
53219
70903
59118
83481
68273
82583
38714
84163
49738
38387
89897
20979
14830
75366
92181
54217
82515
77984
25829
23202
49332
60204
41218
7490
94424
59195
27103
12868
65932
53486
83598
76178
59408
74050
76622
97315
37890
39981
83305
96846
2022
10487
97402
17370
39706
80735
39240
10315
98529
10480
82699
86256
2151
21242
24590
14373
58905
31702
98813
74742
99755
22643
5862
27458
19978
15707
82861
23804
2891
15025
23463
7463
37567
22608
3045
46699
99290
1508
96650
53665
40015
17809
47897
75609
55740
83819
96283
20141
97827
61301
13740
67527
32859
20901
384
67588
50768
30817
66237
35715
6739
28398
30774
74869
55091
77020
26487
30557
12885
67829
14937
16076
84651
46466
15041
49378
48956
86666
86688
49529
56855
84753
66213
99270
74456
83965
36086
69405
37984
11121
74553
72728
85556
27557
8956
37701
91146
57187
37019
99050
55194
7023
79224
78256
42330
83377
57366
77078
25506
16074
57685
42998
54762
6600
75878
26233
42941
55892
14022
25207
12533
43184
19899
74066
92556
67636
24430
37574
29283
81263
43191
96080
55481
60312
57546
2450
84842
71980
47230
6702
32437
92158
50900
6376
97431
91647
305
53656
9464
1064
4696
24816
93770
99885
6177
9607
98200
82842
48886
66993
47180
32746
28982
23070
13624
86764
56976
87014
10524
65061
58605
45114
78370
4225
8743
45027
40967
36754
94384
98898
72936
43899
75598
55168
41357
67752
46120
20850
81260
95340
53264
25189
31530
35546
96709
49403
69623
459
22937
92340
87498
42254
39950
41700
62142
29259
8977
63139
76486
57495
67680
15921
40142
99412
82617
49547
77490
18504
29919
70543
96
9406
21988
42
29126
16895
37459
89654
3850
62415
4550
69393
55629
66289
20977
87208
3702
17740
22889
9831
25547
56591
93723
12507
35920
97821
70832
75241
20157
65525
81905
82203
51786
45802
82299
32319
4709
86640
29855
42258
4797
37922
85648
4823
98294
17541
80843
21550
87510
90421
96797
25440
91383
58841
80420
66928
35660
78469
4752
11879
42299
97560
2966
99876
84508
46499
14875
40396
57972
60341
10662
56046
62932
44204
65459
71749
81329
83628
55184
51796
12175
8568
39293
24657
52143
85267
17803
28203
85612
43994
17339
98736
75946
13868
30186
44490
39438
69801
46518
12737
48753
93548
85795
86483
97767
90107
21941
84035
41280
36619
78487
92408
61801
32777
27595
94317
77779
80303
24488
63956
3351
89475
32119
39695
65855
12762
75820
6954
58978
56943
71431
70179
99173
66957
14279
38035
11886
62297
13791
48373
69676
48619
68738
68595
97385
43673
48125
35144
67853
53640
77071
62337
9389
66254
40645
55898
32210
71545
10937
71118
23262
45412
59665
54562
21175
97821
12875
13788
87283
51325
63560
55314
80728
73431
26275
86321
11287
83719
4786
7267
33178
46655
21694
11532
21431
93135
72752
43637
51593
34314
80637
48779
25422
6958
24952
95931
41132
97812
57755
95840
16962
41559
69316
29948
67071
90059
43317
36025
44714
33348
76245
92143
68935
13985
63855
62956
84420
39881
54027
78066
29024
87420
18570
24505
10366
86574
15130
35542
87274
61395
28942
82550
62926
65298
20433
12612
71669
48396
82243
79867
15867
90013
78058
84790
45466
87774
18100
47912
82068
25851
51456
82417
26287
25528
30613
42728
41048
53735
39285
61278
44344
5407
62467
18
3863
98343
1039
36374
55924
61253
87389
24602
86826
85758
22383
83729
63611
37447
30325
91437
27504
94791
4677
45546
47199
4108
17293
21454
1813
13525
86596
4012
32846
64460
58055
46120
50891
46857
84869
25870
77107
96444
2435
72028
17446
600
50168
32435
63985
65469
46115
52550
86442
45911
23294
24819
2115
68578
60125
38659
67225
819
98365
66017
67320
66962
62087
32584
31587
79537
4502
66582
81629
1215
95979
9022
86793
6488
95552
83012
40968
33885
85091
67816
16888
48237
11672
27655
19250
22336
14714
55396
55807
44166
25414
63413
4222
64144
92646
55378
62683
91295
71034
87958
73121
68033
69154
44366
8387
559
83874
75808
96467
51582
12298
46412
63180
31455
42797
7526
10808
81997
44137
71454
86577
45675
70242
63454
6810
47206
41988
11303
18987
95652
98039
63087
65418
79927
76561
393
90572
47160
64352
89552
64263
53685
75804
89147
56440
59042
16173
74136
67046
2529
92970
66406
514
5175
55157
96766
53581
10261
60546
51733
31218
21083
90886
83464
11013
1909
69311
82512
85893
62473
75060
84204
81483
46156
96551
26722
99563
42180
25906
49379
2853
63945
69158
69726
72257
48950
4297
20243
33186
49912
3564
84727
22674
59169
64909
89398
9987
96638
97040
83939
25240
65678
41589
61977
83547
25913
20568
46887
92217
51807
12562
94118
27669
73330
1700
31374
83748
52431
66105
2581
13279
44937
55848
87190
30192
54295
72243
94456
91448
18745
52065
17755
54220
42882
35599
78947
87050
73179
6531
96991
46124
70509
7860
51609
18180
64221
90169
41734
79645
98441
44074
80442
47390
84976
37066
64556
48520
12047
86981
36491
18076
13567
42694
88384
58715
25839
76075
62859
72048
66041
71025
98581
18745
76904
99576
52363
56240
27539
93258
98500
81072
81092
22263
477
79228
56236
8356
21137
14989
96559
20877
54007
19270
89182
82320
25605
39083
82293
86575
95088
75088
11890
1344
53646
55045
62280
21254
77832
95021
92619
61564
96380
62526
12098
16452
8609
65957
92940
70810
59893
62150
17746
77977
28520
13695
89002
6635
78637
51506
48869
12225
48840
79074
34191
66741
94243
43796
99031
6452
46733
10326
39674
53967
16110
59377
67151
24594
65244
60554
68825
23344
37502
54679
81183
66931
70128
47945
23132
36178
66066
54447
99393
31569
94525
33105
37206
25574
49660
19801
26928
45436
74114
5864
90948
21408
91779
29061
58289
7452
55962
29061
72960
40578
12988
45528
63656
14661
82037
69977
88696
2643
79769
70750
99533
99210
22958
81667
48128
41734
15341
78863
23320
17753
50524
38759
39671
22741
16581
84380
62607
40124
19300
97603
18815
88000
18590
2715
95295
11642
14354
31302
47755
94240
37839
78362
87101
75140
3042
35149
18093
17085
56045
34512
97957
89299
39558
29320
52114
73439
77382
67263
22064
47464
93688
32888
22546
67451
69326
66751
27758
10560
5626
37908
36483
82748
78758
97290
11106
92073
92053
2058
14325
83796
18548
8224
85503
62891
8090
95854
56916
18348
99940
61940
61182
20349
11676
42835
32565
21921
41207
36973
23214
44613
63036
72735
32654
61667
28777
37510
40642
40853
87596
97620
52613
5581
67140
30765
3123
91253
31188
10830
86690
22745
63454
29363
8696
46507
1019
4911
27842
89040
39846
64288
54820
66067
71693
36765
58453
6116
41219
37896
78672
2302
85631
28144
32634
64505
84389
54497
92179
39283
68284
63162
92950
91078
13389
61051
22315
81815
18906
42113
65503
88647
22693
79241
93763
24424
82264
83215
31254
81777
78027
5882
8046
56377
78872
94379
83948
61726
40544
26297
89431
65949
27015
59746
28627
32118
60900
26943
40781
31561
61295
65038
57650
7530
10568
39625
91440
77874
43181
86222
56098
86190
88071
15480
99492
20910
80033
28208
85700
68775
48724
79732
21641
26685
35576
83610
40130
48270
65084
92151
64026
42515
15248
23382
90641
48171
64112
96774
85092
68981
21895
79632
16618
97227
43738
41678
51857
84454
22249
88295
48839
24215
59041
74771
9829
4357
14363
67622
67562
49896
84289
3158
39693
61381
85771
44518
12172
26174
71380
20988
33365
23332
95862
17274
4100
2442
69409
776
70435
52608
98299
35357
65331
50188
90679
93046
11354
22699
1874
2464
70310
3916
27187
93064
28981
50248
78038
14796
58511
43354
44426
92668
30459
44835
62681
28650
95640
23465
63660
88826
58446
47925
67633
2658
10621
12423
47940
47886
52992
66260
37089
35727
26747
65614
33273
98631
17420
15235
46886
39387
62810
65825
2198
73635
5838
81393
11959
57818
32212
8823
10111
68837
44486
8337
60950
27057
9779
39939
56173
63591
72569
76657
51223
13333
17734
42217
85670
20382
30116
56695
47654
65072
8780
31771
39632
88944
42345
24632
62641
44831
38205
70303
35135
27130
9258
22321
25424
7781
55621
73533
24592
35323
70497
88165
90069
59974
76242
12498
92758
8215
74616
57034
57327
47928
58019
10220
36455
6866
84581
78365
9318
14455
19367
4238
60813
4676
74563
9777
28141
37272
51224
55295
18745
99653
38261
31458
95527
21533
37538
85952
74098
60237
15132
68544
18968
64876
4232
3355
35328
58479
91124
66595
48723
19755
31273
87173
84350
48835
10456
38335
2450
20305
34668
84869
19291
91742
59966
62300
98502
51042
18535
97508
13817
98420
70542
82720
91966
69438
71242
9635
95941
11742
53440
54480
51845
86059
52629
58234
56807
56213
68117
83922
28464
43521
76942
18318
34323
46226
7678
43192
43723
61953
38393
12375
72269
26731
3434
14253
1022
23237
88277
34633
11191
90071
36461
43398
1715
95610
88835
9135
88477
49872
7360
39697
63880
61424
58134
28230
93658
27272
88756
9834
88430
72347
83227
53563
6159
19308
86715
95616
73427
16493
87324
39275
74019
85056
36777
17607
25170
56558
32952
96146
11025
75634
24521
60857
25937
53504
51797
41190
1113
62699
83222
91946
83482
85406
69243
16514
64750
64612
42067
9300
75632
9008
70579
95342
27716
79296
79952
36181
8780
412
45894
46901
51728
13127
42827
59057
33829
77326
52354
35930
14724
19545
91006
33261
6542
52533
89699
19822
34081
92042
90181
13884
15749
14651
70120
70996
63315
5058
5835
85539
52267
31070
35958
15530
82866
84567
52808
56418
98497
27280
2499
84473
27972
47127
53104
95534
13299
65117
10420
42135
23304
81540
22135
52914
67028
76687
72448
15597
80175
8491
55016
21299
42332
72630
34789
28952
92734
48692
77090
1419
2752
79913
47276
92909
36007
98228
93272
63919
47379
23073
13595
63637
95514
3989
52787
25790
69955
13340
18692
12878
32383
9583
18977
33562
71347
34519
79558
69015
42282
55896
27807
40315
72855
17962
69130
90837
12206
71007
82111
74926
68141
74807
1505
15122
90953
2502
21480
65695
74574
95315
38711
88733
23674
46063
94488
99515
62398
16491
21120
26340
39324
54393
59222
74284
13489
8116
51144
87122
42529
7861
58762
94103
28780
83288
18431
86353
28440
42049
3381
59604
42030
34761
99555
44773
5439
52622
53276
90716
40508
77114
96081
2821
60294
24522
73504
52097
3353
42028
11388
66008
99795
55188
53501
59833
12931
2383
59851
2866
68434
42080
8389
95595
99282
86693
43869
35478
59182
50437
18426
23659
68237
86597
61244
19913
7772
37751
30517
20830
38092
352
48253
96197
89098
78875
92170
18000
12383
56618
71377
21389
84130
55086
7469
16267
66416
42050
3693
76047
23437
88057
85733
65207
32510
20641
69634
2264
11485
14107
36290
91948
89243
78845
49533
94037
88157
82113
29812
31160
33085
10469
78702
80862
46070
39622
40997
7527
77591
78694
96890
58174
40973
69945
18597
61856
35606
39616
10179
79364
27800
94189
92141
97084
72831
43366
17642
92756
78528
44153
66786
99782
57212
1582
98639
63902
41056
34353
72223
48641
14076
90853
20624
25354
14907
56043
66611
37970
54480
38139
2153
18802
62395
56573
56352
57190
65553
33713
12260
4721
79402
45524
95870
23892
40682
72841
18832
34875
12596
47962
33918
84453
25606
6062
50393
90853
84887
45205
95455
31539
14840
38384
10528
66251
23236
66236
32138
69967
49406
55404
68614
33197
83589
34404
59833
61854
80280
48275
44566
33899
11355
37495
59173
7197
29288
66201
50014
81756
73531
67687
65120
77924
79849
94077
55509
1870
39246
90022
26157
52005
2271
57183
37490
96973
90091
91496
79946
5891
18308
45496
84061
79462
7378
64916
99951
55348
73774
39119
29816
16194
63323
26347
44592
42653
50319
67954
6957
64429
5587
42429
51744
52581
12699
24307
34409
63314
92120
70844
57004
62299
81393
66142
88008
23208
52720
3052
35182
89321
47020
96248
70954
61843
14988
31759
63160
59115
40696
58766
2526
27551
83369
95317
92345
16122
56543
70661
99235
13827
5276
58893
61843
85907
56416
19089
24371
86504
64496
62065
50970
65998
85953
70840
74533
73005
65013
25553
79420
9294
2906
18133
52031
57768
58541
18624
89977
12694
21158
5138
1163
64452
8344
49886
36635
76142
99430
16558
42873
95154
75346
44304
35595
95330
63021
59347
7833
89183
63437
26186
81325
38067
68142
60331
10024
50973
22775
52004
50764
55241
61070
3193
23077
54094
23814
7771
13771
64260
4748
93101
7447
16845
27625
69650
29742
50371
17389
90618
60377
6484
17332
18722
51831
87592
37992
14754
94816
1633
2862
94901
22408
89807
6646
40995
407
82074
89032
99520
3567
78569
89371
8792
62069
3307
29395
53484
2544
98155
68524
72318
69928
74035
38386
94368
20550
55431
43784
3419
42667
12660
78226
77955
44959
84885
30203
36261
4877
52050
89808
18411
83817
72499
52882
96927
72639
9251
62091
54691
81719
69289
92778
99786
80083
83156
27264
86631
18152
66703
27514
46798
59683
67009
63422
50932
47911
26312
94137
38786
87580
39449
78988
57083
75743
45015
40925
15113
52695
69692
38541
67971
39751
97252
14026
14773
75345
87888
38465
70806
85449
42571
53925
29066
24902
98796
64505
93390
34630
7696
72200
36835
85196
64083
24953
33413
11374
81590
7169
62575
66348
32844
58147
54926
82548
60853
16555
95119
30197
3383
82124
55204
53456
23744
21863
49322
67820
2212
77592
81468
20610
533
47276
26791
60629
838
50675
13694
54563
80476
28069
29671
24658
14126
59530
56974
56832
40777
83479
64827
39929
69804
85809
29157
99805
14015
84842
86072
11186
43269
68254
67588
18435
899
51621
15795
16793
91946
45441
8213
78066
69625
66247
58436
93870
17067
46113
11909
33037
68606
83293
34132
33502
98494
57807
97721
29436
22792
56755
86347
42967
40996
74567
90277
53246
66277
7010
88942
73542
48138
31095
42429
44998
65978
69167
38785
78314
59289
77603
30084
51418
60017
42314
2025
80241
8908
94491
94023
20226
55679
40027
50631
61193
81239
96329
93049
34289
28630
64762
15754
18908
87856
35083
92598
37756
81222
9373
29929
10250
4415
31090
15793
53454
16207
97973
71966
45139
87839
43014
15719
29813
96913
46238
39025
45142
13942
75035
72395
95126
8998
63226
21719
5302
82565
18245
84098
87105
3150
83231
37420
25790
35228
67224
2939
47216
24532
96299
25916
85209
19233
88575
72780
30813
28396
62637
45724
26647
94573
43768
11658
13929
31709
47655
82496
3746
99668
73869
14161
49699
68362
91110
74854
60230
60280
99258
9089
3405
49649
3049
76018
40547
94241
84857
34966
86942
61520
33802
20462
63884
43271
82921
67274
66888
64187
26137
49797
19482
35819
422
739
26006
61993
13093
16771
77355
11448
9503
73450
46080
42551
29702
82171
75460
40852
29275
58374
86378
3371
58895
99873
24768
7712
88502
34314
28585
10251
9896
27868
82184
20518
84351
72354
36173
75246
63409
81482
6003
2539
21618
52596
31754
5810
71485
68737
53420
52564
14068
78359
8428
73471
70963
96788
18321
78507
64456
10794
71515
76415
62139
62035
5004
28889
22559
63396
67796
32182
9535
78650
32375
64101
40801
82138
21278
53917
54083
63256
70977
47396
27944
39599
20778
30441
48452
44301
82936
33579
73019
20720
23007
2471
92075
25635
99249
69615
54838
2050
34649
87298
22693
67357
77094
51053
23562
86844
25601
364
45677
56968
31275
52328
23144
47354
66177
81856
73704
79467
78667
69696
19958
28990
16114
53131
14907
25549
13575
80418
94554
31820
67530
64070
34487
49646
4621
86114
83677
66999
50940
24003
69876
10558
29920
96260
61628
92029
81235
40922
72037
4555
50478
11091
16719
53570
33040
15268
52584
66521
99363
67451
62975
19023
59515
97413
6419
93702
39443
44340
85923
88734
69889
55289
61935
36049
34435
74862
19556
6106
14502
89158
39147
44496
93881
73297
92890
58519
98085
12662
21298
45308
84748
93122
96174
48920
91900
56945
38907
84606
10912
29440
36421
29632
36086
79244
51906
63005
12626
24184
49197
3293
64063
76573
86158
48949
95623
43668
62319
27896
74279
22080
78620
33703
69139
86419
68916
32603
30479
4606
71990
6039
30677
67619
76482
55545
37632
92026
90204
30171
71005
77863
69742
17723
13556
52868
82513
52171
46711
90124
79063
65846
89608
46216
95894
18268
38361
12692
86444
98818
55811
27685
72830
91672
62963
72843
84357
49833
75358
29289
30047
52651
8738
36842
47867
79981
495
43858
50069
7002
16543
82039
70163
31161
49482
912
76752
9189
95954
65281
55703
92415
55233
20158
26333
91587
89326
26525
37004
14421
65797
18487
65470
2889
78021
24446
3172
73184
60164
63228
38513
35402
92415
41329
83081
92897
15844
11472
35615
59745
99543
81461
19589
96543
50060
2996
63311
89230
85962
67184
37534
72878
96725
25271
63501
82651
90171
1096
7320
2004
13078