57848
40764
55378
98664
13769
88535
99584
77872
64181
39055
9887
38687
16780
3988
3066
4259
69974
32685
69678
83111
35792
90090
93601
43559
93395
910
5385
96709
99193
29276
90199
37779
43471
50508
44977
82638
9131
66608
22416
51912
15631
78170
90347
1623
3159
3744
40185
880
31508
47857
48126
78842
50777
48635
37555
74427
63128
23890
46727
47687
35450
25968
17531
64040
99044
42703
56286
53100
60578
9227
88028
4715
64625
34824
11795
67296
15097
46169
35318
43137
91005
6638
86969
37723
2501
34972
11228
95698
75894
95817
26470
98713
44031
87767
81168
34938
34612
41287
24987
44709
88278
51911
71525
41695
98536
15232
44530
54101
86063
76150
31107
24825
58266
44407
19890
1562
20436
18719
67435
36585
25315
10462
79451
90678
47438
38141
1912
8367
37408
76108
47844
9217
23044
53881
2059
94408
15165
84906
81266
75600
81969
71411
23717
39320
71315
37927
70477
69694
67799
56324
94450
75966
59384
33826
65674
78195
18302
88373
54054
3823
18549
43241
91392
84916
31848
433
24062
61455
12042
21821
27560
61174
47575
18979
48183
77813
15467
59136
79324
26961
79921
90439
36974
48500
18859
85157
58275
40233
61557
19414
59229
95270
87730
20738
88735
95893
54487
1544
11206
16890
98827
56767
666
61347
77253
15370
32975
20735
24324
57908
51365
34183
65212
63917
32117
69114
43030
59018
56989
69225
99236
93675
5466
13972
11961
93581
94903
67069
7471
39235
73120
74082
54474
448
87969
83525
980
45851
37385
83565
90161
25309
32498
26703
34777
27407
5925
52832
20505
30504
67902
22825
32634
21681
47437
22479
3732
28040
86565
9508
89283
37288
82764
67538
45688
83042
70500
55637
73786
43263
20395
8983
59390
58249
99846
26510
12098
94838
12058
21281
27306
51180
42537
73887
18817
90089
11274
60622
95119
23532
1846
7004
45130
95052
39019
1364
77547
4288
95363
70369
83668
14135
324
75813
7725
11112
2034
87772
71895
81622
60671
43575
56461
6320
5473
42255
76587
52078
43577
89216
24870
59605
65119
63317
4144
73572
39721
61869
85641
32675
92452
32726
35306
93828
82492
11220
81768
18314
18714
97055
22209
52931
77611
48441
2732
15744
71052
43325
5455
87459
79978
38262
27063
76545
70482
79242
62747
21187
50822
67409
43278
40494
45234
22035
14634
43059
5099
35620
22658
87152
49524
8437
69925
8273
47600
67814
18749
63598
77440
88070
54789
34820
39576
87211
88777
98867
28398
38745
18828
14817
58419
21174
89335
47968
47909
95736
93523
99594
59380
70704
19816
58564
28321
95423
19026
66000
27900
25641
58270
40104
89603
14867
39520
84481
33377
96281
87163
76419
92331
13267
10028
25077
33933
49469
82592
915
43385
78655
80289
28861
42042
68245
766
84906
36016
19154
46164
27307
83830
89026
21232
1193
85608
80518
81135
88382
4759
17925
33933
45550
42369
55491
53259
89250
22705
51510
41797
96282
15660
93426
46327
19387
36665
33258
4841
40071
74921
14337
10275
79670
48020
10366
96475
65148
56188
93277
12123
52671
60947
19384
74545
75450
79942
99850
42953
5351
93064
5396
69384
45247
58209
26436
7667
71667
75734
53000
87399
19601
86199
3257
93921
22921
59158
29867
67424
27714
92063
917
23656
29214
86545
19171
52133
99473
20620
33924
25091
16955
8692
85989
8014
20124
44830
48708
79537
28803
76641
12675
24197
54344
44618
51955
17838
93805
82305
90500
68069
5336
85605
50372
83630
24784
62138
8643
65025
96926
24315
24498
15277
66029
47553
65005
46893
69002
96778
70690
50661
63835
41757
56829
38569
74768
38883
72552
84246
26424
28504
18656
5532
56550
81501
1637
72487
40340
2736
35379
42339
19106
83879
71098
29199
54349
97248
9309
28293
54775
81519
44099
19679
51084
50640
98809
69303
52168
932
68485
672
23548
55643
86923
98850
26604
31708
86331
28344
14045
6976
76391
31696
64110
35774
65152
8001
35437
36063
79127
23397
60594
31530
49694
9712
280
1057
86173
66746
21648
98126
13205
74480
11855
4176
24222
29357
93567
96171
97462
51617
71761
21376
68285
58892
80768
70375
58124
17277
5798
952
69209
28631
32507
35358
14959
3865
55785
74503
32695
36178
66672
12969
66010
31943
38445
16589
81141
72969
6812
50308
95249
32464
25481
16026
28323
49772
36812
74919
22297
44614
11993
84062
81055
67745
7134
33802
65731
60709
37039
29661
32855
95292
81078
30492
50128
62415
272
80915
28687
22817
75300
4517
24006
36281
36721
32674
68073
5967
96338
57293
66783
60562
1100
43308
97733
36912
18170
71713
73867
40974
77917
38851
39586
81251
55476
52180
36149
40510
52516
5968
40372
36181
77689
15130
32480
53538
30627
48508
63002
83207
4678
83017
30821
64393
56312
39104
59266
65395
59550
36130
14480
35654
47590
25247
34834
11344
83041
78507
54184
94368
70980
27384
56505
46282
92259
64554
54262
76262
67534
95965
55935
95461
4417
95238
89046
93879
85395
17807
16975
48378
54655
22126
52022
6692
78211
46002
61181
14689
7836
83292
19880
83112
83978
27250
38567
37242
5922
33270
89870
51855
48475
95618
83263
93044
21217
37019
19276
30269
24555
95645
6809
88081
89566
8790
14563
19051
70018
93310
45026
64784
46102
90308
534
15525
97453
87103
50651
69732
97940
75065
56722
42242
77503
71522
93914
16141
24498
15633
18725
35207
70591
86432
44822
76927
11851
63307
20491
10349
36238
38897
94374
48978
72397
49321
17028
55515
58837
52444
35542
53429
2181
28538
42485
23354
69106
63724
28122
39229
6366
16260
70426
12366
50350
26154
14331
45680
37989
259
9786
81791
50344
83623
5523
65119
9792
61025
23557
59885
15762
28397
78916
56975
49880
62915
20369
25709
34919
78787
28734
26642
13005
4076
5006
85925
70433
50563
47829
22213
12648
42341
25839
87674
66651
25239
11853
86189
61946
27592
71065
57684
13655
10389
23095
51508
96412
30792
2998
39673
12883
8075
64245
69128
83835
19654
22916
12891
50478
61574
10798
2974
60329
42542
92808
31295
90437
96590
61672
11973
9018
42867
48493
61521
99705
26221
34790
1948
7398
67998
14454
66122
21147
49509
10382
52070
42202
60553
7316
89117
77161
8236
33794
42409
99566
56110
32542
99263
43820
99989
44634
80812
57153
97760
29403
3935
24484
10660
28925
45404
38178
65723
61594
67678
62714
47682
58196
83082
98485
81285
58518
19934
96297
65890
30039
75276
64327
45509
94862
80641
21244
58995
86846
30257
80355
53639
3674
57447
69468
63058
84053
87648
32850
56346
53889
26188
44105
77102
44731
83046
40634
39944
44955
77955
74556
15299
19681
12565
92434
48068
10818
78330
1492
18312
72687
22030
84197
73498
19884
47835
10641
81593
27276
92576
26522
14493
14522
185
54022
72743
26766
6945
46232
64684
46818
13918
49488
24745
62928
7480
56121
68266
58
53677
45981
6889
48103
47206
60740
70635
1646
68332
10009
16794
65196
55194
27162
3327
26861
44319
9146
44371
49375
97378
99654
60904
55045
18392
77143
47172
30515
59381
88676
25041
86953
98144
29264
87949
24040
4601
66107
62394
89051
24072
49083
82038
46022
54762
63128
527
58956
40393
12339
32671
32620
79223
72494
14084
81241
48844
711
9629
76214
79492
12888
34652
12939
82106
77349
58908
55572
60252
98906
71054
75622
22177
14143
82459
19641
96579
40091
38780
25658
56387
25358
64735
42061
56520
70103
73442
51332
35346
70605
81679
62957
77720
22547
54072
35648
74712
43918
4712
21888
12067
62289
76515
41849
16902
92087
47867
66329
77566
23163
82150
92682
84375
9644
51546
8855
91189
56922
69822
52338
12190
8548
11341
25037
87503
95968
12391
85696
89535
92202
86113
22768
60422
40944
92148
37498
64674
98303
75304
34640
38098
80990
28903
92736
5749
9654
27988
60306
24862
6720
41614
9369
36959
33236
7658
48694
12321
51169
18331
8860
48699
92868
87439
2098
60470
4052
6050
88174
83799
68977
27233
99219
67056
51845
58321
65153
65022
64273
60732
88743
94268
3420
6986
94496
26644
70942
9366
19718
6123
5479
27761
62657
84251
37060
48477
34342
26258
54518
6827
37517
45850
62103
81633
80863
10888
23544
41215
91542
62001
44576
80637
73855
2913
3945
62762
98594
50169
59460
88019
35152
36383
76405
20139
27609
58735
70018
17184
17706
25761
62827
7490
74985
32095
86953
28672
29534
93841
9174
51492
31992
48121
45281
69241
52829
70907
41657
87856
85723
22979
17553
22754
56935
95410
73707
69333
17562
4082
69420
22410
54254
80037
96776
29993
7096
47704
46539
55635
93020
26071
3893
48208
63729
32460
78493
5050
88591
55136
50680
94303
32240
50345
87338
12853
8125
26311
76112
47193
97354
8461
46038
81490
67030
20253
75238
412
24310
89254
50746
79123
50188
27312
11891
70205
64829
90938
35921
9404
35031
64030
80597
39508
73530
69523
48373
96066
52171
88277
83210
51367
32955
780
41803
95540
21964
31760
32057
73659
48540
91705
564
60154
35792
59724
19977
856
90554
94539
63315
96327
32992
54832
19177
20839
2697
39057
4914
91531
20630
93442
27221
53638
17678
96824
91534
28925
51360
92515
57705
45510
63875
32284
65176
61479
23150
31881
37660
42107
82042
41678
42296
83228
20667
27800
42772
65736
422
87663
2190
57369
71651
76655
79188
84010
35441
7383
89709
21424
31392
48964
7741
99716
22782
52568
37467
75663
59751
75495
60676
97062
56404
15395
24480
40617
18441
42151
10435
49856
57953
72769
38002
50792
61367
74485
61295
57829
32902
1722
14153
26774
50672
20737
47853
63992
68086
60109
23157
44451
72698
61091
18478
24291
57974
57570
55174
12353
29735
52684
2317
53666
79153
38704
57385
77150
76725
72306
2939
69826
41912
78286
10966
12455
82631
25981
86715
94366
62920
97364
94307
99658
5896
57753
62213
28316
50177
75211
28453
94950
93805
96197
39892
11944
70695
12496
67475
20556
96152
39049
92333
25230
403
73465
83076
20020
21619
39721
90621
62532
82064
2472
16212
23241
428
26641
91715
73911
48992
42155
6337
44925
15106
97201
15074
37672
58463
23263
74943
18327
21735
58849
22555
66236
58916
51506
56296
2422
30906
30004
66698
28143
98889
20662
30155
77079
2829
72370
47894
88273
81841
82528
54648
25809
58512
3921
64331
2773
72425
17589
30155
92194
64632
9866
50079
70583
87540
69225
94957
21856
71077
42956
15078
77703
25092
26876
50148
95896
66104
43989
46300
49510
45135
86760
38902
20496
32756
83835
93165
59720
98269
18500
87488
30396
22708
48371
23765
45479
13695
18545
91681
18680
60102
4114
45981
60232
89514
6257
5157
86066
29902
24113
14999
57932
7618
9524
12552
25758
94570
62000
91861
83997
14767
88428
43264
63280
92319
71865
95755
68552
38996
2760
40186
38380
44011
79271
37195
19087
75034
35084
79434
31982
69165
48222
64999
36773
64762
35763
82155
38602
81435
33921
44257
55074
45623
74161
74768
71889
32213
58230
25909
56852
61188
40904
79867
52443
4411
40800
65013
51322
95866
34209
22027
51154
27117
96843
96698
91430
40059
66005
52278
59068
62743
53357
13895
87681
7230
11442
41384
44253
81732
71819
63048
6675
92852
23600
59288
48411
85669
54951
99021
80452
63097
91176
59681
50219
76138
32320
74707
69736
28513
43854
82835
1664
59175
84683
11484
46803
29883
92649
66732
46515
84058
6384
42956
35603
92914
29143
7526
81977
71396
52702
48894
75151
7892
1284
85225
15566
89534
48439
52595
61242
46786
45663
63698
92635
18503
48821
28851
6653
28989
90528
24514
46628
73310
54724
45571
66327
89318
7774
3211
63573
79329
84380
35085
54498
38959
78761
48613
34753
10008
3674
67640
50308
93823
9414
92502
26858
67256
47087
59311
97615
40805
9708
33739
29844
1629
75152
15215
3200
34169
39008
57028
23048
81256
63226
44435
50103
66127
84925
18254
63283
97322
30728
53044
83913
59758
92468
14278
82180
11882
80745
58276
32501
54062
43847
63724
12500
96474
16451
14031
82797
87545
774
19836
54735
49588
72033
92037
64886
11112
45439
57177
82868
77867
1058
18921
85862
70440
24580
77701
5236
53598
17882
33706
12847
7574
53611
54944
39667
57268
58480
63797
80676
84649
31897
42380
76352
21551
65738
53828
23635
29741
42504
61175
6291
37207
26987
1932
72148
57853
5627
53580
10497
6439
24329
60390
20636
29586
74724
44262
61527
28931
42067
4894
48508
57285
31715
16217
76251
51548
66488
67267
1559
64103
76145
82708
37903
4760
98821
15886
66318
61685
5561
38010
20821
92737
21238
6169
86603
10835
50825
53566
12197
25088
38489
39052
64920
91087
93248
83735
45323
2146
54960
19697
21191
21899
24302
78326
8427
38172
51074
12433
99213
49418
88694
67642
32728
62810
33828
92574
2813
39236
69505
76787
76754
41578
41952
9274
76181
88031
39302
49855
23797
32138
28514
51766
34496
15815
62788
68918
49055
9348
9506
5221
30518
37434
68148
30598
90449
20883
44540
83333
24763
65932
84244
7521
19928
17526
10970
79026
26237
54639
60743
394
79690
19816
19622
24322
97372
32997
74317
45688
88223
84189
5014
62083
57315
97384
55635
21322
34057
96595
25840
23498
29902
85075
85837
80576
60958
6080
34504
10699
1829
81971
55858
67939
31833
46907
52531
30440
27484
61140
46925
93309
61077
85286
15871
76592
23060
13770
80190
20159
32031
24005
1692
61932
19175
68517
87483
3502
72522
46941
16086
65230
79934
4020
3247
17534
5729
25961
70849
28139
53212
972
87610
69697
60774
67506
43545
28749
21791
2354
22223
44365
45563
85816
2782
87719
47057
79651
76987
6928
60287
44001
59535
11399
30955
56695
17075
69800
30305
49592
16996
30642
74419
31018
96247
65154
84896
24825
93966
11542
34109
95737
78278
73179
56174
1045
55024
18567
9178
44094
47855
2777
51923
53618
4685
92240
13649
94496
16471
820
94402
29792
13176
27079
8206
44360
77724
94048
21869
84721
96295
82162
58727
34962
92023
22665
85904
71929
11256
5991
21909
3287
18226
99339
31199
2259
10292
28530
21306
53071
74618
85334
16313
7714
13484
68524
42458
26193
39518
73406
25971
91161
31879
53368
58203
10211
64807
59814
27840
16100
5571
84302
70354
21892
70815
53361
39350
60024
46063
13642
79870
37432
12617
2753
28210
86752
52500
79937
84868
61028
50396
739
78776
43956
57896
70159
82154
51658
11217
83339
76797
22086
73112
50771
16402
70936
34312
46290
38125
57487
37578
87257
6026
96575
28326
39410
79869
52228
62190
41467
92367
27462
36092
46271
18776
73667
63608
84836
7013
69330
53357
29730
58539
51898
43161
46141
92965
66250
50145
11799
17130
56266
52044
8457
90880
58536
23396
25805
33323
62857
99221
85458
99750
59409
49081
98244
52144
28642
24271
83438
84239
70739
29673
90814
50619
62775
10119
53518
14435
70456
68769
32164
20156
67085
56645
91111
8780
88207
64302
49731
39602
21235
92960
77078
41243
80789
96363
17230
25350
19976
27343
37848
96834
89225
29774
17023
653
70132
4473
55963
4426
65600
90643
58844
35090
36697
83307
34189
26297
49946
38825
7879
82315
64022
74376
53558
73052
29116
22464
36598
10442
76748
97912
29202
80156
51571
89682
9518
31562
53736
69653
76807
4129
80776
32675
74382
85811
68007
31104
77579
17406
74312
41046
16710
49649
90398
54715
29433
7901
40022
16027
41409
8927
40970
67985
89322
89819
91025
44731
68071
40432
13063
20671
48394
51544
59766
60649
5474
22536
55904
39551
98443
45689
76659
29372
13764
47087
87609
28764
68477
20521
88962
80338
48396
19197
56962
22491
4675
55807
73349
18740
19614
88072
8779
12645
77246
52893
56873
65570
33844
86327
95358
80132
76101
61782
13990
59965
7866
26230
92164
63605
24873
79987
93832
71328
78374
90773
71563
28116
91011
72168
5783
60666
10060
27417
91083
69318
70707
91789
44876
19079
23600
43262
36010
9318
41314
86834
10745
71514
62634
31696
56322
33175
13607
75363
52076
49621
59379
11180
43454
41336
62781
69946
93136
3870
44965
50552
35932
55568
30517
72803
38425
60548
31512
64725
84416
44218
16324
70569
5949
1417
98038
22492
64727
2709
50428
63154
62490
25097
40217
30547
3194
68745
60644
22364
83357
9509
22846
80074
85982
10024
81638
50530
44046
75679
9176
40997
73290
3671
88535
19273
73901
72412
53018
95491
83375
59965
88316
37213
58031
34760
56089
26237
14052
39379
37640
85612
31198
16967
95219
38473
72447
79608
41229
12362
3090
91960
86163
48397
50243
92607
90221
75324
35777
2641
88035
2137
54757
25093
64348
38406
47593
16174
48215
21203
50094
31872
83184
16823
10497
75433
74654
11374
10311
54790
51324
6091
99889
65531
26852
23313
24747
65629
52867
29522
84983
59863
27259
86851
9899
80092
94584
95815
21110
30240
30555
2101
37234
44015
14458
6216
58180
66753
71652
45525
67910
60579
96628
10326
97142
82188
93400
93706
54425
1819
13760
69089
6777
63389
46383
83516
87912
16227
86876
6856
10494
27378
97630
67138
18349
41780
30228
3755
36328
80241
73144
34569
63788
58671
8864
63735
47932
62245
39454
19123
93360
90597
85679
54684
51782
71987
79248
23674
42887
39962
75781
20820
9919
88038
8417
74489
78240
59186
504
21683
21834
84929
30718
73250
85160
28234
76414
33963
7916
17275
95903
37672
96359
28675
6776
32335
15406
78251
64955
83178
14059
37788
62306
11714
49692
5343
40503
95535
6078
57034
67985
82471
1895
66436
34756
52934
56012
35140
70538
29016
61605
64078
14424
55673
23294
5217
6554
34140
25911
94347
78400
4174
58042
81243
47601
29295
57369
51453
77268
61326
83965
41665
80516
33487
54943
68237
56981
84472
9695
97166
86371
62745
62345
71784
80042
22576
7007
65079
50328
89986
70515
18362
21178
57390
24503
74410
55025
9726
70437
77279
9815
61836
29354
31745
99766
38483
92209
89667
20306
6156
17700
52799
24666
30999
98588
11647
6500
11092
75385
52882
38059
3886
39305
28542
84918
34090
40518
77367
69861
36841
16448
26689
92364
92631
52987
62627
27051
14361
33818
45533
88321
99500
60132
65294
47176
20963
59740
33133
26643
72205
10216
37111
83739
87405
26770
61115
9051
40247
17516
35030
21176
1298
8793
9047
26862
71286
25327
35641
93541
55377
77402
23574
82181
6942
42293
93415
42446
94975
83636
48027
5217
36335
86800
82902
42374
46962
92325
46329
42320
38326
86130
80884
48860
63346
70209
13926
35527
73607
10066
48206
49419
68555
26578
51542
57710
92671
64589
86591
81741
56691
13596
98312
42707
42519
28989
34149
36263
71511
83139
50559
18297
50159
24515
85752
69452
90920
1283
96892
66650
15851
885
87634
36400
7689
27050
41060
27353
51758
30920
42596
64086
78169
88428
68060
51758
90028
26468
17536
75265
20277
47364
79563
10559
32520
92564
53203
54544
5409
90563
98487
46343
19148
22816
83527
38054
83312
33815
38182
40944
30903
63345
53713
29097
39792
1207
18242
27644
97895
41656
57275
62336
15836
75535
34105
97560
68877
40753
2815
40200
79565
61112
22868
92362
81369
55208
68188
79223
10191
31166
31692
49333
15565
33492
90750
25034
78419
4847
53003
72723
85030
73756
13417
83982
50039
1600
8096
65723
9141
87685
79404
5025
49111
42436
66054
71187
6045
38468
19018
12076
95295
23
11738
10349
70484
95095
34757
19287
24441
72293
60475
84340
40444
81931
9851
73899
52050
89181
73173
93411
85552
86495
7007
89597
8212
68409
21909
76101
14894
33499
28123
21928
78807
64345
86595
42568
14901
98394
96687
97942
67483
97941
86861
60655
71823
71752
4657
31996
14683
65205
58177
60541
39408
97626
19876
35098
17486
19739
62691
98117
28373
11814
88363
98035
99350
81836
28996
47713
42450
28971
46666
4631
88249
74234
10339
76660
54682
48404
64610
18936
7664
39846
13509
43361
45372
74558
1100
23807
75983
5527
94349
52486
83505
93750
9628
78561
28341
90791
19087
1545
31460
78681
38598
45382
78172
52199
98833
82207
23464
44918
90624
24784
11482
6444
90108
65119
63554
18370
42331
86440
26976
78757
29786
76517
9460
40292
65943
96389
49948
13456
70109
3732
67273
50725
11278
8105
40749
78298
50788
20123
43579
74508
12856
92151
49893
36416
47337
8725
2765
20158
52103
99741
59635
6645
73035
24130
80075
9468
51034
75789
71917
71840
4376
7723
88354
39751
56947
96431
92927
78553
25549
94854
24541
90102
99187
99077
53441
3853
88398
66380
41576
29987
22967
89499
54241
85941
71842
56867
3413
91915
30800
49684
25966
68877
77176
89803
22305
11801
56646
3100
38015
57006
56059
13192
63032
84916
50378
20694
74018
40081
26210
68078
41993
24827
84031
4131
42597
12983
38433
27135
72500
11738
84722
59734
30596
92432
44652
56686
43833
54060
9472
22421
33466
810
68354
42372
59448
62880
19447
34831
88717
17491
62198
37780
90560
45792
89723
71570
91736
82369
49606
56586
75614
48363
67726
74654
83329
21483
93071
88860
33119
61434
63902
58323
62919
55110
95762
44114
32718
91240
44717
4148
61145
59188
20951
77874
36652
42348
64404
37305
33940
60088
56166
49829
31896
50543
38666
35779
54034
87591
24141
10809
52628
39159
74801
34570
13184
32271
59629
1699
32695
16993
50423
92787
74857
77692
41225
99182
13669
13636
87196
64245
90439
149
74870
20712
90703
11608
9289
36782
2191
55973
41244
35356
67858
54328
67569
85368
70257
74946
5651
43658
63092
47860
98584
59209
35789
97705
11667
61290
58499
77645
50431
28270
62414
42971
96594
99207
999
73901
48304
80722
42096
80179
83702
43748
66302
95659
28077
66950
1075
85466
12841
25961
21555
14026
42861
45474
50499
82267
67724
37833
47987
95641
25836
77159
42003
54513
99156
83314
28120
24649
94341
46655
24318
92496
51004
1603
4181
2599
80715
38921
88228
58598
18906
2834
94321
49907
60790
18913
95335
11194
86856
14883
16453
15632
35376
96292
53199
25765
44371
6895
42479
40693
92826
84705
97452
57416
84203
37543
46133
8076
58203
37862
1931
14840
19354
79934
21436
32532
37425
85352
31767
64145
54438
70076
20935
30328
88615
26867
39834
41103
6016
58985
95238
2693
80428
3077
46684
93517
66181
63018
17966
86554
1546
68791
91670
39422
5504
24182
80729
3750
58912
69354
16058
16129
49503
78984
84239
46215
50179
88710
64489
11476
59188
30700
34566
33732
42901
61773
45331
39901
88322
6916
1506
43577
10478
30033
97704
48717
93186
22283
96678
71777
99638
96616
51639
79593
90911
77778
35406
53328
75922
68651
18847
69686
19045
50502
5919
4847
13612
40038
795
49726
87810
42892
14978
78502
13100
32064
24200
11890
38860
26719
71947
38625
79672
197
44877
71448
70206
37851
92580
87911
32132
11085
99579
25858
57697
54158
80837
67692
61125
21568
16850
92562
84399
280
71942
49850
24865
60362
37849
51096
95879
60940
61090
79222
60857
41880
37912
93275
39937
22803
57690
90196
60608
27895
75475
17372
2446
37474
2049
29554
25943
80083
88306
30934
60432
53285
33434
47504
44022
85639
68637
83100
45361
19025
30830
5535
59795
25103
66278
41151
28603
75858
89323
92793
5651
23485
19523
14090
79782
58886
24845
51070
93530
40555
15776
90344
4920
22469
6554
57142
28945
55000
34313
53376
79535
55745
52550
13449
63718
9676
29274
2421
28008
33889
75363
95450
34830
16046
88193
62216
33214
43956
86866
61646
19443
84408
14364
49010
32904
10727
79622
97952
91255
5763
74985
11783
61434
92127
62498
95191
14095
96427
60051
59044
12256
90480
99099
39334
83903
9102
49560
1747
23466
71031
13051
80443
91379
18179
45662
36802
53800
47981
33753
94535
46487
62608
18983
16007
27929
99158
27940
79860
71146
73328
59971
32863
46050
21824
33990
65760
19826
87550
82762
81312
49724
5361
16381
68948
56235
57948
19000
40831
58422
78261
85024
4197
77759
35745
99538
20783
11531
24604
8465
37545
67826
83585
88985
12145
89278
41647
86016
71946
66055
29163
54500
17525
47006
17322
6430
53376
11022
46150
92209
27985
23782
69804
69596
56585
68890
13062
47945
29145
3903
11464
70525
21763
35782
31094
8048
90003
76878
92628
93094
51566
4333
98097
72959
99239
54339
67367
79637
36387
19753
61741
53848
10478
55601
50525
73827
54755
39468
48916
76606
38583
30423
43845
35207
60864
46465
1722
9067
51597
62966
53305
45071
34960
15065
49855
61999
33084
8398
16199
91334
3626
24078
99174
36580
79574
34727
91764
23255
32164
89378
33613
17232
99685
37251
56176
39218
22576
88131
87294
83284
3933
33075
57278
38684
62787
41146
32635
26110
60429
13327
14840
69916
66873
36228
76884
21161
35894
68721
61576
97218
1083
28071
64407
58248
12271
35615
74149
21148
19868
20706
72498
11411
22094
30241
55227
7357
91050
80097
87916
10150
34530
94537
71381
2922
94305
67291
96291
23659
65285
43557
57256
65341
40873
68579
68505
3309
1003
86883
97019
88348
36331
21937
39494
93527
65349
25144
71991
21756
58761
18521
39550
37088
34774
64296
75174
71837
84100
63499
73192
56868
66424
55869
11430
62577
53739
36226
46669
98096
63270
62788
79140
17383
33521
81071
95069
95240
75810
42600
83056
588
38400
27933
3913
5633
46061
79879
55798
61741
96562
8333
36109
19856
3242
73295
40484
31311
99804
53967
81357
80221
71994
4459
69575
89945
44132
74837
96354
87640
13245
40875
71071
72600
32316
36463
12473
34833
49579
93499
9731
21398
71454
12898
81084
61314
28641
55431
68592
90356
95512
8082
47666
87713
47642
58540
1307
38948
39089
82017
59340
35018
64965
79234
84863
66451
82596
61531
29114
43886
28710
15345
71752
3371
33024
84492
90255
23768
15780
36933
24055
26632
43613
94597
15542
83221
42306
25325
84316
30849
86795
95182
54503
72191
4687
9977
66802
81113
57847
34409
1162
27268
989
84508
60219
62246
90906
81426
32097
76496
23786
77216
75896
61897
72590
37823
73514
57649
10509
82435
76334
95521
43326
85099
87365
6410
75831
32922
39413
13827
67861
1760
72500
22581
58500
68768
70231
86402
6955
90491
83599
69332
1187
80772
59918
18822
18388
47383
52550
18968
21297
35736
78719
95888
78748
33802
66417
4081
11704
79704
88783
36086
73759
36494
43793
74416
97550
60881
19359
63611
74204
55259
55181
55516
44615
84121
48580
27167
64228
33303
6511
91056
7257
97842
36581
78445
56255
60019
8190
2289
76716
96631
45499
49291
91561
40659
31902
92201
67234
67488
35663
15679
37747
23668
61040
70456
67776
29215
40564
95219
13956
15550
43811
77594
96423
66726
8377
31711
45660
54833
31153
64898
43434
27681
77931
65926
41803
30415
52766
41072
5592
56943
77200
35467
38075
17047
40341
64554
5874
90403
15403
95120
48469
90336
50909
27444
19451
33582
44917
71381
83985
41475
90782
99694
38500
62092
6451
51382
93360
22611
75830
83281
74735
2548
12378
23637
92274
27458
11005
98259
4733
82668
39457
28987
68119
24629
98757
40632
88904
42781
7486
10501
27047
54709
86684
18874
10480
37704
3307
50684
22842
82130
85846
10610
10668
90158
19545
41770
36217
604
41680
73463
14028
89899
45354
47726
68108
66855
19358
38473
70823
22162
36282
24218
92864
1737
83339
68561
62734
47237
7895
96343
33449
76235
7077
74961
64576
14975
56319
62537
75483
42063
27110
1066
98311
34342
10121
66042
17877
94402
75371
4031
81286
77816
89965
62305
12472
65915
60117
3197
68530
72488
31376
24807
35118
3533
70441
5299
48821
14722
52239
42948
97518
959
50855
46771
56313
15214
21258
16052
54780
47305
76621
62339
23854
41023
2271
24861
85419
2788
50242
68835
8347
11065
97483
42754
81051
61613
47982
61547
56110
20164
35863
54017
74287
18288
48395
69098
38619
935
6886
98585
80998
18936
55965
83963
21906
4646
75771
31517
90721
13297
8672
53047
98606
42631
90730
29970
84824
29771
11922
32529
29047
7453
10531
44365
69865
29517
93188
5382
11151
10966
41622
18715
81785
88543
5062
34169
50108
20549
35272
48924
21492
83612
51471
82606
53173
33585
75327
43258
77602
45485
70648
82023
11011
80283
91769
67613
68443
38064
13167
41378
74853
10454
71265
91618
70052
42820
41952
72776
13958
57266
61770
92775
39087
99361
40780
19837
22762
99824
46041
35370
50753
18137
35768
72012
19255
49913
22173
8124
60722
25698
67956
46860
49041
67694
2757
71695
55517
58549
56178
55082
63583
36809
53217
34181
76277
81257
25514
88887
26460
38148
44636
97296
95280
49001
72976
87557
11192
93239
48465
20681
28646
53171
73445
79198
85525
84326
96471
4167
91967
46
8384
44392
69016
3155
427
47000
90453
99569
73709
18907
5661
73048
54491
26788
99384
12057
59710
23859
36364
56256
38832
18706
27883
76654
25456
74589
32647
13487
8492
27040
19017
9940
91174
96144
35008
50303
75001
61830
82928
94290
11851
80977
13163
17025
60095
19673
3451
91012
1390
57852
24445
77495
14404
20640
57866
19822
15889
87695
193
3729
77689
38114
40701
6672
24587
40544
51237
89782
81515
9032
25188
81390
77428
79871
56250
95865
87979
3850
65994
54706
65787
20889
4048
54114
1025
7147
4895
86948
47449
58354
47036
49133
74300
82595
27752
96173
77106
21740
72302
80881
41392
88156
55653
16194
95215
80466
25269
78370
15210
41651
85847
51753
67755
84648
82078
956
81610
87655
4587
45780
81985
61288
84517
25483
71591
96064
60485
75198
13720
68001
55438
22251
55893
63371
92306
86763
85782
69348
33931
38714
82699
59073
31581
26911
1211
68997
41517
38901
73394
50657
27719
48647
31264
60128
14723
63947
53040
56371
68497
41590
89194
73933
14779
38504
19095
74546
33858
15494
71831
83334
22283
74065
47218
1460
15841
47267
88379
59546
18339
5852
82619
38539
10584
40653
44
90565
81748
41965
22815
83528
45702
25272
69903
25161
70492
81026
86760
20645
8223
21694
78353
38998
1019
54137
37081
82939
30143
33275
19914
12567
5778
56626
63832
55729
70566
19481
32048
25503
29287
57627
70126
72289
65095
48609
51103
5552
26960
54181
19947
17333
74999
91666
9873
73799
14588
40883
8785
26930
97383
84794
41847
65080
84052
87930
10310
54765
95942
26008
30313
21573
91691
74649
80219
20134
28297
8887
48953
81678
67222
76055
36948
77742
69151
61715
27050
95767
44114
42416
86179
35891
69057
94925
41597
79079
27520
60328
7270
54484
80896
23257
95722
61487
91181
75102
89665
76954
82343
40200
14922
21975
68699
6825
96264
80125
29720
93308
28340
5407
34833
80161
49066
56584
97290
2151
64060
74249
34502
67575
82349
29157
86957
63123
91787
24252
58213
64189
56659
88037
56892
51791
48100
91237
31323
66570
39222
64379
44458
30812
88918
14880
14920
74247
72868
73017
77758
96731
90369
63827
97183
63793
52327
56229
35121
55713
66078
76454
95448
75632
93922
84901
35425
88140
10676
59300
86603
83224
33240
42564
65808
24529
96142
10571
28930
73071
93891
14528
38496
64366
65029
73824
28441
37650
85420
90285
80970
57411
19896
18673
34534
85710
10420
87810
33126
15476
49457
56589
82225
5298
22203
73933
24569
8258
26045
86291
89953
73614
61771
84393
62836
68308
89917
51031
10546
69759
51661
47673
1955
69881
85178
88078
75803
1016
76658
69638
50571
31672
10437
24191
17278
93449
35415
43583
28822
79219
81907
49335
54551
51218
33416
6905
47273
83547
45966
86749
99408
86182
1750
3832
71548
35898
89729
2452
91255
53189
8034
24609
82163
5538
75015
43209
26600
62888
14037
51808
68458
64840
83905
63544
26941
49204
10536
94267
53334
76154
96638
46670
23298
97057
83074
55347
79761
12989
93263
11875
24893
53869
86946
76497
72598
66998
54713
7805
9205
59094
96328
54637
86525
62412
89416
13659
2358
42689
91086
32843
96018
59668
69206
61349
94614
46689
13453
9083
41229
19400
79479
6812
76288
43166
50289
60224
74534
98078
16974
42472
83000
99259
73945
69601
30958
7947
31134
58252
35140
30853
82374
58029
59432
61971
77981
79441
34540
76442
70299
4807
50151
46089
52258
95963
54583
18910
24010
67443
30554
57068
68350
51321
85808
14357
72135
83812
37432
61848
78780
85663
46265
5324
67633
47079
78595
59641
73488
22563
68858
26790
10423
84062
27667
22554
74887
93692
35925
91959
83628
22332
1841
46089
4793
32014
81014
53335
11957
9794
98750
585
14810
12126
77278
66029
54935
86468
13145
3384
16946
1591
76352
26470
88589
34950
85634
90939
81356
28694
20542
76907
10449
31729
49623
27596
91066
56320
67713
44930
20451
41673
12052
23408
37885
30170
51763
10731
83214
77711
68163
43819
22557
55450
25653
10114
39507
98993
15475
79420
89264
41708
54752
72126
52227
56522
3485
45091
17696
53525
83940
19708
35660
80492
40478
64344
62806
61311
92426
67602
24867
23744
38227
12256
74221
47581
80982
96177
46573
95507
82491
99513
55695
90678
43061
98399
36344
73543
49463
9601
68861
96276
42914
50728
84022
94116
12586
90711
22413
99665
92618
18530
6012
25943
41047
81310
82252
51861
25475
62764
9553
73816
74209
50264
29596
49830
77568
28855
81528
84622
37446
85095
69681
34648
82513
2582
46986
3428
47603
18658
18843
90439
11935
49901
42182
56091
88310
42807
14357
45141
80654
43682
39034
5221
11636
78007
54361
19875
44940
90346
98442
42813
65937
81457
85857
1939
77122
38994
75634
83641
68836
65431
58406
79736
99882
96650
89565
54807
10145
80165
77508
49776
61084
16552
27134
36600
74091
10252
98731
24234
73056
69933
49176
230
50368
58256
79102
97920
92416
28213
53400
76680
12815
34503
81030
33831
58387
79185
59107
26366
904
89383
67727
26891
19886
57911
56214
34793
7316
11627
89981
41714
87309
38239
59557
98483
22669
75621
45105
25289
62297
7846
45425
97737
35512
23159
20376
56453
8802
30778
54510
33902
89819
59244
6295
872
45828
61013
79144
93019
91282
68890
53335
67293
40053
47470
4985
34305
76116
68338
72479
54159
83523
96368
53173
84427
52483
67616
73491
64027
35712
85305
77477
33469
60115
36548
80846
84922
67771
21749
4559
5892
41622
16190
44730
69332
1904
36073
9840
54584
49711
5757
48612
19960
44838
47988
51714
58431
36215
41675
55249
30034
51724
82154
59230
987
38769
99711
77103
66617
15310
71055
57724
96834
82002
18047
59946
31171
32961
67283
59823
43929
57845
42793
11442
10829
94248
90168
61217
26074
93299
28375
9507
68954
24299
71045
44674
44466
4666
4819
10157
29880
18762
80256
43957
50835
57986
38885
25870
97213
26825
55894
51319
31847
74837
12526
48162
74921
91644
71565
69716
23752
39197
55654
29347
36729
74467
72519
23139
3894
27393
93203
32431
74612
95675
53613
23172
29180
91104
63095
2703
48382
38297
45818
57809
47453
65626
55421
709
49926
13691
24468
35811
13790
25532
25728
30936
66310
45751
293
34496
74232
94654
406
21929
62480
77685
41039
23308
84832
52228
98217
32391
93929
79496
34964
13801
41468
998
25179
8384
28188
70783
5298
15094
48395
56148
75417
84916
99338
9615
84658
20896
95643
5726
90574
60408
42087
16717
70480
56327
79940
50139
60734
73466
94925
80921
63301
11222
56811
66657
16236
59214
80601
3698
17695
76348
79328
15325
69801
45526
24222
62319
27100
50163
43275
42076
20662
23191
23173
74082
51493
70416
90388
77137
9553
10657
39144
42275
71371
83866
18220
63142
3537
46407
36564
53892
65534
63131
34333
67624
97296
37151
28491
96875
91584
78629
89625
24470
6196
58860
59311
1986
76013
88311
89367
56283
56131
71898
26970
44884
98955
6722
23263
89716
21639
67485
42801
80556
92973
62961
17218
36252
90272
44992
42775
18497
99299
60620
83195
28769
48041
95753
69961
22306
95648
87478
55973
88988
34785
52868
27310
74019
43371
72479
2489
58230
15551
44867
32457
26848
62208
32738
29259
95716
61214
59274
54521
31592
1821
74062
46623
33188
36043
69813
16059
77092
20867
85923
71786
61904
60868
85707
5221
38600
91399
88832
77002
21899
56980
26947
10514
8666
75923
33435
80502
24449
71081
96452
89169
26523
48698
66782
33352
1458
38456
23660
74424
92217
70988
15055
19525
17603
7836
42255
48267
14479
91342
91689
68921
35695
22190
79615
86280
19387
93862
32612
62904
86704
47476
75163
11113
31385
87634
29417
1676
82765
2460
93184
11365
92096
22264
39581
27863
7868
40862
39141
74805
87117
1232
58780
87527
5970
36320
74621
1001
1492
31764
78775
65163
90076
6025
29642
57868
55662
21280
90358
64569
74690
99759
15270
80586
563
9138
34740
19519
26406
39947
97655
29443
22795
40983
97254
70141
57061
95736
66706
63660
83426
50340
57191
76229
63859
12309
67698
52413
88837
6673
37364
3428
97810
6556
60712
96468
17161
537
48806
11673
77316
98127
56736
47482
33458
44290
4845
55630
6042
8317
34031
92225
4437
70201
5748
58171
22207
81112
45561
80455
80388
65008
79742
28379
40392
54823
91855
66509
16212
49676
83215
74502
34685
28693
27391
73691
60320
14428
13802
1377
43803
45831
99315
27898
26214
29552
61346
35498
82847
61745
75221
47930
1013
36321
68931
43321
62548
3813
82818
65601
70702
79638
96238
35364
27059
50482
58396
81900
48214
44631
73404
94391
42414
80658
42208
45512
58140
97199
26142
84848
42097
6482
67606
49078
43527
85859
12767
86711
57403
66869
79369
35403
40319
83192
97583
1313
84859
83196
9839
30174
90550
95163
41790
16770
44300
73439
1063
73862
60646
33737
51643
80891
46405
93513
586
58226
20290
49160
60981
74202
44028
16102
53316
28523
11715
99725
88679
71225
87337
9630
57023
2458
18165
28031
93411
71046
19586
81219
2677
90490
44164
25394
741
58998
82346
78197
95712
16533
77037
37154
40986
88007
34076
38647
47598
44832
40028
79459
31561
39799
88366
68045
7711
11843
94254
23940
20876
91347
35069
4606
52903
23226
1212
43605
59024
49204
62545
70033
55086
17021
21583
97264
45567
26177
93980
1942
36980
26431
87693
59623
46805
37056
86732
65766
79094
69975
32268
2541
89580
92368
91569
93845
19290
64165
18117
9689
47501
24988
4290
78728
49064
61852
24119
6967
79829
44384
28343
92136
28044
84458
98649
94528
88024
84559
94609
48628
11540
24563
67177
52166
74367
22002
75071
20314
42721
26149
19841
42533
2999
96875
80699
91783
10990
88796
96594
58261
36369
90664
76990
41354
87930
45744
20141
28811
57432
71485
97955
28210
29187
54625
73192
4327
84114
23197
8499
71283
71869
1476
1055
21973
11152
73881
54072
91569
10237
26476
70203
18269
7055
99664
50338
98930
42483
77017
15410
43930
98978
42709
46790
15863
88364
19728
32461
14534
13724
60555
87146
72589
34653
11068
27047
99096
16850
47226
10777
74372
95857
54701
26086
47342
75379
45135
93872
2067
15323
94750
67086
31137
63285
30299
9552
94667
28091
1414
1535
80095
31321
33803
61366
6202
51015
95008
5021
1399
54636
88518
41507
13837
13765
25074
27554
55399
69578
85186
76677
83370
34393
85628
81677
51979
10058
20916
53314
3330
46023
45019
25496
61995
71542
46283
61056
87811
61074
10202
57900
35829
10942
17317
68389
38933
26910
1316
16393
50043
81122
58870
50352
9784
48587
50637
98846
69310
31001
35132
13434
58581
20150
9628
12457
6484
21914
33451
11627
87780
91090
14447
79565
93090
59056
7828
76406
51064
68043
83109
32502
95756
87666
40570
13450
24219
55363
68061
16359
77119
89631
41441
54183
41700
58459
22964
50961
6420
62635
24524
45719
11287
28887
78817
68003
53588
57910
9291
58641
66289
35808
80558
43170
38065
2229
35380
65320
51730
96526
33610
58331
17528
19502
16654
94470
40937
82921
46723
28195
22897
24663
21008
32202
429
44090
28604
26970
46609
12505
22826
61040
32488
87114
64275
7745
97482
83471
21784
27611
92766
21141
74267
42744
64790
64051
78776
85084
77433
12841
84179
8388
98696
23416
45549
21367
97124
77466
61144
62041
33398
49735
67872
90476
73241
73755
33384
83378
75043
38744
58621
76342
8260
8604
32125
32004
73184
32712
21730
85538
16767
86417
32956
91211
68491
98506
4430
87374
21438
55031
52093
90486
31350
82453
97023
91770
90336
15118
15911
65543
42359
35154
60498
60108
48799
24328
22058
74625
77325
43566
56449
49353
53728
23908
19510
43604
42683
25451
9743
91729
18187
16689
25116
33816
78202
90956
66059
39169
35062
38385
59168
76956
42124
10830
47188
34135
13506
41105
82603
77574
51822
59484
2547
61193
86933
43543
14432
80700
8820
42120
80434
55345
7573
68327
38528
55280
99463
71189
2701
98440
80691
22998
9285
80194
60405
33609
56113
67063
30071
19737
984
22228
91384
61646
34015
34397
65897
47075
24269
58327
28824
88705
77801
52298
66569
81915
53308
86309
3632
36739
35613
551
66012
64305
26941
46375
13826
19138
57481
97661
88713
64040
19336
95526
80408
67101
63501
30575
48360
78610
52487
79770
33596
25944
11053
58081
55958
39750
40493
83115
87268
42550
42311
39742
60376
4430
99612
9804
38898
17464
55886
47142
69050
92901
62023
68188
24446
96534
92355
99719
46864
6268
2595
82882
25924
26081
52022
54607
93203
82669
21283
2723
20723
5653
1600
39399
76090
78342
42410
59966
56416
4753
36534
25155
44305
70369
56026
64312
58350
61865
39490
57774
45089
17427
5667
84858
70807
84977
69436
20806
20762
84927
17405
23648
42344
59031
76497
84120
18003
78410
17794
22650
93689
6942
88355
82000
34142
48581
87031
39848
85955
74586
19466
64571
85625
94869
28713
55408
95910
11495
79776
42522
84091
6456
46964
61782
80552
71935
79814
79687
73701
55406
66782
89564
43563
47888
50995
74386
78023
33284
47534
75800
98858
96403
67604
38434
9120
55221
30109
26533
1172
72587
15214
65645
42862
62474
80064
20322
50051
23343
98889
79407
68996
9208
9354
41494
67126
79437
83609
44620
24176
56793
28160
63282
38478
10779
91247
43797
21139
84972
44113
19025
79611
48647
25557
51676
31777
47313
2710
82742
30466
77827
56719
32890
54456
45631
79580
43757
30452
924
69347
95727
4690
75234
39096
27271
59215
5567
84888
37839
25463
46795
97866
91073
787
56610
43907
15307
83826
71101
89392
75187
26192
82704
45833
28657
67752
86656
60666
22815
98531
29036
48635
68150
86849
20701
14025
5370
34643
69885
71131
91303
1218
8132
98020
39917
59165
14800
23841
54847
49627
40524
90523
41401
18394
82031
52418
87337
1205
92482
98036
14055
12984
61183
40766
81253
23391
24441
92386
10724
92307
53790
43610
62055
30012
99348
15790
12448
80390
46766
73408
55872
32897
28268
52530
56569
63727
72872
13990
34946
54757
32862
1458
36282
65297
86871
87387
29324
26841
74945
94004
33672
23429
27441
4363
54147
46659
8414
17241
76493
86592
9844
5217
29555
12686
63975
5284
28101
89479
11897
51137
54182
43995
14265
7028
40471
63370
26362
77064
67319
5187
27968
37262
66468
54728
3641
31124
84690
27657
41819
93038
58099
14326
51715
76095
84439
9425
89772
1243
72919
75098
4999
84416
80346
52367
40006
10971
23978
34440
44208
79243
46834
80705
49899
61693
66507
78884
41817
35665
82358
8744
85676
27306
79398
75216
73519
32440
93104
54111
23097
3502
67757
89047
20605
27738
6425
98740
76969
62403
12035
3095
93332
74626
12812
81088
67715
6784
65658
71514
19696
44578
77793
92588
80183
840
93964
70750
57405
14106
48482
43021
15610
71958
25293
17212
10656
40909
42781
63698
6799
9417
81727
79741
35196
28944
12269
60170
7485
15069
31802
84458
84434
96207
74501
63298
93367
3633
95570
67308
620
32620
45381
510
67360
32878
24190
23421
24271
58947
41989
7451
96146
97032
42996
75854
82330
21614
51563
58819
17099
66302
97015
81172
95525
71607
81503
19347
80141
60985
98128
86957
75149
80062
93418
74269
37118
25703
59012
7053
28915
22562
8043
480
87565
71023
37086
39347
89929
95961
98933
67726
10513
78999
97242
25450
6870
11586
53682
45363
86324
75130
71203
32354
8466
98764
9354
34423
92019
71773
38773
12676
86607
8789
56658
46032
16873
34660
64267
71378
69791
38598
7216
76313
91794
57503
32592
71507
7112
14939
38707
66381
34482
75162
38961
28029
98530
25188
62750
85609
32860
23353
93914
27086
97959
80139
29468
28815
76534
53527
32166
70288
20354
65029
14782
35163
17567
28021
34495
75665
36317
76060
11399
15387
54672
7279
44938
85936
87296
18701
20982
93543
41799
49603
94705
30242
55248
13223
63118
18798
49633
78745
73194
16631
60157
44127
77312
63961
82651
5409
75808
4567
50007
56668
5092
34257
65726
73624
28036
57775
43602
40892
41628
22281
75145
69543
67091
12427
18820
47073
77888
25146
71882
8312
63737
12506
9604
1456
84530
55890
24428
20985
50261
12487
42741
63173
68334
53319
8461
66375
47039
44570
28746
72718
57215
24972
55367
87472
86977
5746
64568
98552
75980
47035
41660
8464
95345
20599
41225
86560
55101
56706
6975
79099
69341
55850
32330
63741
58518
4022
65489
7334
24649
22544
31513
95149
95355
29146
16128
12809
33307
74086
46544
78011
52126
31113
11058
44305
86587
86007
82062
2394
52064
17939
40235
33319
54840
94158
79690
98878
63590
18290
41953
71678
69155
15059
43070
35879
18517
19449
22250
49586
14309
4565
4614
63432
24083
9998
31152
15119
13887
14028
14016
63176
19475
97905
22028
89742
53278
86850
98621
93609
29840
80834
75383
86539
12812
69927
66438
61477
37991
90697
49047
52384
14405
67823
48877
41053
13698
43288
56693
5323
95710
95793
82138
46554
84173
25878
41910
5518
16946
86524
39037
68751
88978
2635
52034
24390
23885
37915
67489
1579
34678
94891
17517
83263
28127
17210
66172
81975
66314
78039
36000
97500
26015
54136
74356
98986
7416
15984
2497
47736
30176
45559
29928
59152
10311
69586
56672
4931
59922
69041
87462
39879
61724
86830
49990
22450
87750
40042
34092
12203
4795
56949
31281
49763
40811
23426
49450
53490
38903
29961
18260
36354
18397
16641
96306
90856
96847
14371
16133
18104
99434
95438
93278
6510
58629
80188
63656
47042
27291
14933
42416
94465
76983
45596
80800
2774
52108
56838
14602
81522
88103
46558
81988
82271
78022
12740
20950
44777
99328
5046
62416
66972
27784
13948
57682
50205
54141
9730
43374
72435
4874
53818
45674
22580
11691
48698
51241
45728
68883
29575
7749
38004
50494
49358
43794
85860
31996
99679
84198
4953
70444
1547
75191
72351
69527
29525
65760
59280
91631
39128
64156
30445
11791
88008
65753
58046
71893
17515
13870
41672
39395
28691
64956
86284
60710
44223
74060
99932
34419
82201
84818
79193
61124
15825
67708
85396
3716
17052
54478
47613
50077
67050
15203
63882
4859
93935
2949
49752
60228
81732
52292
39266
87025
60576
35726
1775
32576
95223
45722
85791
17572
60337
73823
39273
39188
13633
84349
81807
32652
14011
20550
89874
43193
42585
51727
52619
64501
84718
19374
18651
59493
70241
68340
19321
46127
16731
41694
98260
3084
91066
51459
49820
90576
69768
53893
34009
72461
12998
94075
2150
90827
18709
38958
98677
1152
27057
84765
40079
4268
87310
96036
59790
53041
14299
33256
31464
53319
70587
23493
67645
62202
60119
33345
68219
47562
20177
19692
79239
38516
8585
72887
57824
25397
61755
41107
50334
36062
21803
54549
84696
65150
9132
46610
26292
30077
75354
88725
89614
53226
91341
19882
55987
17074
16127
25953
62580
79392
19605
82247
92585
73861
48231
65503
98130
38421
59192
78704
85005
1407
38082
24487
9484
89973
63332
27691
12761
1672
81320
27935
52095
58539
3305
10766
37912
55719
27470
56350
47363
69710
68795
46343
58605
89618
86543
46927
41568
93061
243
77376
29383
38669
62460
59490
66321
41449
43118
24461
54796
66742
83957
42001
36575
70237
95268
83565
76679
27196
8083
96061
84909
91608
61506
49024
91044
35538
37720
58147
65053
10239
57963
41240
77399
41199
59236
8522
60044
73083
84299
20643
74735
59517
75689
48229
10671
92328
23283
17243
83582
38848
52468
3626
50500
62616
98781
29133
6607
76859
71728
82232
51234
40663
47780
37691
7597
15118
5237
97392
35555
60792
86031
92112
45719
81731
56271
4604
30541
93810
5483
44059
58470
41835
32151
13050
4770
12474
63225
94548
44499
16655
61658
33164
66891
58680
96855
43965
70281
26226
50886
61680
18389
52169
98720
22110
48571
56425
6
42906
15900
14277
96682
99547
66309
59528
41882
24280
83469
41081
38443
36680
62296
11757
24443
55963
59499
74584
89295
17459
65426
7747
66599
16698
84920
43701
61569
8576
15484
28686
87688
2467
38740
67954
53039
69954
13187
79114
89133
25408
77501
70990
88
20968
75856
41879
39673
91034
90293
74218
195
62131
88731
53905
98287
76096
16436
68018
80139
44918
55982
57252
88113
34787
82237
67479
29257
85668
57678
32263
66507
36302
53169
72930
15797
72739
53972
26654
60311
9505
40158
78674
48924
21426
25918
97245
216
45541
46168
90677
1539
41344
87033
91446
34387
44272
22716
96865
46727
78830
76716
6815
41278
37029
51285
14402
6436
93008
49018
10774
27597
66527
19968
95949
11793
70435
74697
80787
23140
27881
28439
34499
23512
96334
54820
69039
81336
59916
59101
21527
66137
71093
75931
5380
11742
79967
53145
65487
4108
75602
22280
57106
30876
4508
5272
55970
21082
97510
32511
5331
50678
27323
99099
51721
24017
38977
51080
11186
35698
84174
48212
23812
49528
53249
52356
9395
57660
25053
30825
44919
92050
32659
64485
63064
1439
81772
8850
55879
67715
29883
56582
73843
80148
44524
88606
70753
23553
98301
24347
73962
24390
59162
57475
48998
55677
21980
77135
51672
23598
51590
8993
10700
38440
15779
99644
25560
74453
18572
47587
59097
50227
34983
58118
73651
18644
20449
1296
50755
30910
93734
94260
83973
80178
19776
87519
93185
11366
84105
96055
45509
63300
61680
64822
8647
56686
44341
91518
40972
22725
1097
8211
1425
76529
431
61545
88277
13889
33015
47791
20938
91956
5035
21857
95426
73908
82176
34199
91899
22825
80111
70555
30389
83619
54665
8359
85751
91466
35975
86052
39860
75048
46965
34875
77063
70861
94655
145
3057
22618
63433
38302
19555
79432
74501
17238
27736
59570
22681
42021
77739
93389
30390
70362
41713
88604
49551
25935
76875
10314
94922
48856
99012
26809
52416
52005
57437
86316
8265
14
52104
11009
59144
18808
5290
45337
54228
17258
15413
23079
57221
27519
49499
13105
52006
94489
2278
16002
18332
92477
66667
27282
81580
18654
90281
60031
85429
51054
58651
55068
5543
18501
30479
91166
45518
84748
80249
84559
30134
48794
69861
66356
8378
6666
71765
88602
16483
52928
83863
29549
71487
97643
66532
52611
81911
21759
79920
41333
27311
31755
80271
73492
33564
60202
68518
18799
67778
77923
61659
34903
77825
45622
70430
95134
53568
58713
49933
14908
68391
64520
28939
58955
64213
23134
28615
93024
16408
24371
60306
4328
67354
73691
5301
36298
27368
42442
88534
969
86361
78676
25401
56686
117
30330
62478
69421
88388
34122
74393
63700
38521
7966
98575
67234
50897
43432
72737
46373
6214
95612
9782
77666
79284
11478
36577
36832
99729
80806
47792
34867
63248
38256
96849
28387
15705
75123
63410
11258
26458
34410
83337
57577
7897
86598
79198
34916
79952
99132
37648
11028
46858
38289
28039
2359
98375
76193
78172
27763
41180
64193
10355
66335
90659
89209
42883
61933
97391
30946
95187
19014
56556
59796
51465
17255
77227
33816
98223
29866
8664
86138
28820
36503
49862
1396
38032
14495
50668
33591
26719
52164
50700
8572
18862
21398
73204
10746
83829
30123
52479
86448
96836
367
68609
36010
5313
8719
10050
44078
3039
15962
22737
63017
91214
52245
7540
16189
61484
36570
56986
93590
8864
19462
26386
12415
82717
81306
52954
90077
69334
55452
72859
35024
92869
93075
54797
83445
5757
32604
48109
14654
89711
58576
20942
48618
14248
84003
73180
70943
34793
14081
72791
3493
95964
28769
75554
60554
43798
35585
69260
58852
22139
61594
75149
94353
1552
2552
62489
89239
31959
41756
26985
95570
60548
84748
72562
58020
10708
70478
67633
41215
82370
25212
11762
91629
71375
93141
23324
11023
49306
29373
68773
56122
14492
4476
31515
11
30924
35018
59312
4316
61988
93067
79402
33691
44458
57092
23069
15827
14431
88120
88468
12170
12925
31221
59718
96792
24439
19182
30849
57727
98316
40721
68947
48161
64117
23332
6490
45924
55208
16543
41117
46
8554
72182
98982
40117
54462
78381
56921
94625
35754
19952
95481
21091
77315
3473
69227
58935
18849
95139
95114
50348
97607
9378
6188
9625
41486
93692
70140
13970
67310
39349
51794
4409
78106
66136
99470
12094
63031
53209
74004
27027
15643
967
28852
40697
20492
99417
65682
42223
34360
56949
22178
17756
20682
13528
63464
21973
27925
19549
31666
8973
70774
73973
77760
9730
59954
81015
36423
55487
51968
38562
40598
84624
27098
78777
31443
40665
18181
67942
40451
78141
27248
86898
72448
4461
93199
37755
30964
6446
10818
178
16907
46039
76246
86649
31172
18327
15767
52864
74366
91292
10855
36999
6547
48488
17613
53139
72173
39955
61111
21646
29374
64258
32612
48436
12729
18944
56877
67699
57236
69362
56683
74077
67761
95555
78000
47161
9385
1436
34345
88910
29057
34703
7060
56773
73741
58145
6960
45127
90855
47949
22983
20088
17191
98171
76827
86708
58533
33534
77860
38505
5450
7412
27100
30404
93416
14551
80798
5658
58392
15619
94198
3782
36097
30561
6919
4173
50878
31012
51729
50223
96449
39686
20680
45010
45668
54540
8788
56679
47741
11202
59253
77632
47228
60265
65524
4740
73832
21839
67374
26388
30930
99856
31091
20878
57293
8646
58261
85316
67521
47351
93067
34909
41780
88315
69580
26284
3233
8633
76245
67101
19640
32917
671
96532
72978
46557
17115
26737
4633
95697
60955
48696
54629
22763
92602
66049
47542
8705
71721
87404
90963
84483
73893
90949
18573
36660
86654
67138
9248
29772
83754
49469
84307
64587
26250
70066
57384
48495
15674
11376
22154
92958
51751
85817
4656
71933
89000
18918
15132
28718
12274
57812
28862
99447
34744
2667
94349
67171
68294
50669
53627
48047
2439
95914
85243
82779
36943
93634
36116
9107
53915
22615
60584
71347
61514
50544
56620
71633
97383
93667
97419
32190
79562
72058
82335
591
99497
65205
90186
79088
33505
29458
80186
66560
65898
84644
79541
58141
37890
33499
86936
8045
25719
29412
74929
98408
98049
38816
73927
74485
74377
30861
11340
61002
31229
4746
60132
36613
35175
72679
47342
58906
27918
61352
33371
93241
98452
65398
72454
71535
98092
48998
39212
48966
22767
95156
13887
94712
13436
19032
61766
37114
35677
53379
27400
83777
1327
19206
91267
48247
43216
90938
56647
76132
74175
70719
14047
52869
37045
77272
67683
73823
65195
46451
5297
49307
23996
31696
86847
90692
29150
49991
13447
4013
80138
24715
60507
55305
23028
74193
68397
71891
63144
51784
56057
89241
42280
93954
24056
34480
83609
88042
83087
38139
92023
440
95453
4443
54650
41101
6277
25532
59632
43398
4337
97466
63500
8370
20536
99650
66263
6779
94991
87361
86185
62381
45771
48908
41847
71919
39229
67867
8004
56255
30762
34964
75745
35714
80608
26247
85531
74888
15086
23782
75124
26109
91583
34086
80830
6379
67464
84911
68953
80873
47697
22432
97508
99950
48316
35782
82906
45020
65573
43084
88059
92064
87150
26381
77205
48602
33308
17771
50760
82286
48008
23948
33119
33766
66102
74436
74729
26157
80304
25382
69096
4717
85002
463
88664
19579
27133
76258
93402
41418
96918
18147
9424
2350
13782
82873
60171
87971
56120
87396
65859
16212
25733
30409
98707
94790
17685
57313
2535
57655
84276
23930
53148
55560
68819
82915
39741
65205
67138
86836
93295
66811
55181
98865
56605
73434
86683
28267
92537
15906
67886
41307
10235
81022
49173
16367
37378
14878
83564
27154
11124
36026
90937
76449
49707
52099
84471
80993
81693
65937
54558
20354
19268
19930
14713
97736
3597
69247
64730
45035
46269
15252
35109
58654
52916
33549
23694
28327
97439
53529
12919
66231
18496
66689
95400
42224
33798
75203
20892
83617
52623
16317
78052
27036
68721
62419
27910
47425
56547
33338
53181
30710
26653
66687
71538
41932
76602
5746
69399
49474
85717
69404
24867
41842
72084
65120
52065
32884
88144
56044
44342
37088
20360
17590
28901
70311
45791
25844
43238
8935
80976
61127
22959
21284
9499
82390
83977
24317
16478
38554
7674
11397
4723
78903
3720
56619
85205
40089
61485
77939
64608
43004
60084
2803
18730
2159
55806
85766
10389
12170
16758
61734
90371
70476
91878
92552
98206
28253
92023
30966
27124
82771
12611
34891
84450
59620
48569
59423
46420
2248
52202
71101
93575
22457
15979
97172
25877
78766
90582
33682
67285
90928
72975
82710
95569
98891
51698
27138
16139
45936
25965
13764
33036
49671
8489
53839
68862
38675
49098
33669
83063
29930
82512
50270
17487
44752
719
36058
11933
93902
54132
30245
13191
13964
20522
7866
57333
75456
96193
75933
35469
83782
20414
78483
90111
54499
83352
98643
18471
8660
86056
27511
85279
21522
22661
13124
93375
75034
44357
76941
80030
32128
20832
96551
63997
99568
19659
79974
99
64474
83740
77755
1287
14164
42266
14275
88404
31238
22696
26773
9402
47566
70457
25660
86487
9638
11460
72782
24080
47095
91089
50552
15995
29595
14638
88538
45128
54762
21027
82288
81137
94246
57250
64056
19077
59422
22990
70850
72769
47173
13755
23320
86658
12450
17076
55548
8946
76724
95338
63354
50843
27672
30505
46337
11620
13350
98971
64738
80281
30800
78660
90509
18551
87572
41552
30429
70557
95112
65442
68062
52942
64311
61192
56828
84988
38843
54392
96544
64051
42064
52722
17223
70602
27712
4699
97894
14896
69172
32732
7472
70966
28027
82971
93650
48113
63682
64838
71654
28815
12048
36084
1544
24721
72050
71340
94745
55785
30252
29016
50270
85694
83211
77428
42229
27561
13468
99894
76094
73275
76832
40698
46806
16639
14985
92699
12420
90176
13114
39472
74992
29315
17771
66289
73344
25324
24760
52737
13141
66947
16593
92222
22177
5571
70294
71188
79030
85824
61676
5761
29421
30646
39888
86503
77686
18207
22031
17738
26961
1186
28904
23898
71258
45170
29021
29914
9086
97810
86654
50269
26632
22248
40788
11588
22606
55400
45545
65187
76298
77655
98281
79718
76224
56364
92418
20118
36581
16734
22806
70791
84497
72838
26369
9627
81509
90516
56660
4482
92047
73025
75160
31940
35142
8692
58128
22452
5018
7777
74120
16784
31594
68624
17317
78961
32119
93202
25450
95771
98097
84641
72271
26697
98821
85758
43348
16592
99541
39071
97161
90710
60024
74369
86417
2854
65674
34317
39656
414
78561
39613
73325
42316
14173
15294
92700
8547
77102
27187
92362
11843
80828
29742
14908
54641
74959
2578
17539
1893
89481
46248
72964
86577
39179
34527
88365
24340
59381
22872
67957
29461
37996
56730
17343
19568
218
31092
16259
69752
71503
56924
48444
37879
11811
82742
27390
52550
16808
68964
90464
45541
5985
98455
27383
43508
70746
48542
70770
63248
2192
47663
88036
70860
5304
73983
57017
74535
50380
67674
29469
21271
2978
26270
66080
95984
39682
64643
60102
28551
41873
61049
49177
41632
96627
50609
19515
56824
35227
35522
66818
54665
19328
22455
18690
27033
41893
53588
12845
4889
317
60571
17323
73093
58428
58222
62667
37484
85028
58144
84865
58869
3255
76043
40306
31653
99280
47790
92931
83237
24867
89399
79768
77075
49909
30552
55104
48674
25489
34492
56938
8397
74628
16334
4531
40010
44647
21086
76478
24807
27613
87953
11457
51343
761
40436
57680
6996
47192
19509
39877
54616
87399
25540
86731
23414
16790
98916
56100
28932
23098
77325
56397
87420
51625
44488
39152
51660
55004
87512
83929
2319
48786
98756
93796
35459
43696
60473
68675
89050
8543
42742
13449
69563
98756
55452
67202
83193
17763
57859
75411
63593
69114
27411
59159
54450
10768
81982
5993
95064
25515
94908
34799
32096
92377
36549
25648
36021
76648
14211
89519
72721
78578
32825
80631
64301
73132
395
27958
41173
62726
63254
67867
62197
61751
49086
26821
21878
84648
76506
91469
69181
8510
8383
70757
58179
8622
23622
47163
71624
29926
36787
21176
15370
98617
88922
1279
76831
61540
72407
55385
21682
37038
3389
87719
73188
64660
67557
35335
12530
59099
41102
88366
75399
83824
85647
77850
78005
73456
84668
34670
86423
71114
23578
22040
94579
85415
60850
101
32412
24116
5487
78326
75967
87078
57635
15803
33675
68832
15276
1683
23560
5613
17593
35566
51259
49118
41471
90203
18968
10075
81058
77436
63198
73445
85180
11948
53024
49636
1962
37196
67411
66804
5047
61618
93606
43941
34238
64858
19894
75461
87604
47780
19021
5865
69167
41563
90505
96901
79629
88531
22045
10446
46274
17865
51391
93791
24015
95900
32753
50621
31812
72000
25692
37889
26135
52202
80915
95417
19951
50359
40732
26834
18818
54055
43965
55440
83436
23091
98335
48536
91625
69617
69973
63949
72627
41304
9094
37274
52712
56639
52125
76883
4005
34129
90893
19973
59948
51778
85959
28476
20383
39664
53340
66103
94688
22539
32761
25610
5624
4837
11535
53210
64870
6411
15750
30593
30023
67539
32196
45822
84234
81987
12245
53898
53703
61192
29284
85159
2124
26828
83879
79034
60984
69037
85145
49749
59774
78683
49832
4737
81997
16973
59727
25747
91266
83888
32972
91590
3441
61930
66870
97034
11237
44425
82537
57833
90000
62591
594
96720
32861
53631
22651
81236
62689
16630
93231
84973
67041
76202
31588
69839
67746
10548
83348
33209
22220
45946
90561
83608
66440
78702
86774
71524
29780
15051
18882
13988
76810
20934
24370
97781
11278
55309
4323
17158
69623
49174
51781
50324
12486
24602
32123
64204
90335
35274
64804
74574
13226
13844
70575
71120
11544
72737
12737
68442
13785
21767
74845
92247
49656
56318
62662
18753
95943
89095
22304
98807
22517
62805
59379
72861
59015
8086
85721
53412
68125
68189
4862
86528
61479
33731
13314
67008
14271
18402
60658
47798
43574
83568
70557
90877
66225
96216
15250
85159
33647
5273
50902
89906
95172
53521
6697
12906
92106
4470
75262
23581
3546
4892
30510
16048
68893
34797
62351
43215
77851
50223
61689
14966
2225
45125
68662
74094
71317
79823
54486
36813
70297
38789
2561
76232
70185
50545
98227
53866
98082
7496
92419
4156
46131
50135
7107
48335
68442
1732
19638
99497
60997
78505
41964
49479
79167
91910
14627
27969
35641
72448
95400
34697
93577
71749
18949
22104
72517
89979
93119
63322
84708
28766
89251
42771
340
44975
5275
92787
6944
6074
97771
69518
44388
91701
79308
16870
97354
61193
13693
53144
91515
62696
65442
48875
25600
68609
85013
94277
76964
38211
7561
1318
31932
4134
34445
20705
15039
54797
98329
12228
50444
68361
31133
76200
10264
52412
84972
28528
71935
60801
46059
83446
52130
42349
49064
89143
65099
11302
40028
16970
11908
80363
95393
59343
65729
79467
72712
13102
97580
52769
5662
66291
62555
67765
48697
95754
85949
21761
28030
36179
85879
25078
69135
31345
23779
51671
51251
51741
11484
66645
33251
99333
54124
47865
61944
38897
58423
17857
92213
25315
1271
2867
45393
93149
31421
90046
77130
90913
61027
57845
52020
79838
18624
65467
21650
87620
20741
6702
46627
71592
30216
56179
99020
43596
34531
6610
84064
30999
20004
94316
76132
602
99935
34147
93445
97586
12246
26415
17302
45947
23229
41694
89160
13152
84641
11562
25164
89136
70081
8717
84500
83164
27868
17992
885
16234
84564
29796
70010
71604
31704
11852
33335
21636
10439
39798
41568
90438
77701
4948
1722
9136
27746
25382
43010
8809
64971
69312
99199
55383
10546
63581
68922
8614
94421
80225
6468
14481
37272
50643
32740
83653
53100
31501
84328
8463
80595
43553
42046
73133
69115
71132
38781
77141
25587
54472
45016
15384
75498
16278
20781
30892
11272
58413
87660
81793
52116
47469
19329
77043
48364
10771
63603
26935
8094
9743
62796
59740
75102