13180
62355
14606
65123
4625
98603
24561
14005
22673
98307
97148
3771
32949
73903
52877
49777
81532
38540
22810
50163
79722
27666
63170
75803
71938
14554
66589
51973
75571
81969
6076
72416
17115
47835
42328
92490
9993
77804
8244
20778
8312
2594
28494
19593
22828
86362
91204
60506
19737
25279
15050
64581
73087
7459
50440
65074
91497
20331
79132
69079
81259
42924
5149
5214
23440
37003
50741
34159
84872
20596
35160
62277
39406
97148
17004
25734
15607
49473
47598
4357
230
44297
91372
46314
34637
47886
28808
18090
76437
17337
4183
92430
52701
25643
84289
8135
50813
91644
72893
10
82567
15207
60500
1030
25286
22401
11306
64879
6880
73330
18856
94518
75355
81215
15919
59408
34109
53896
29952
71259
92218
84788
19348
57075
69979
83080
869
87562
71566
2309
57221
44100
85170
20069
40906
79857
636
12448
74872
87639
50993
43512
61490
49622
64688
20964
93047
46535
16154
93787
5764
53387
63624
99268
67324
72806
51010
94442
58587
55922
72933
73098
10249
74561
37513
31461
86860
92387
20993
59384
60464
67196
90020
71941
56849
32668
35333
95614
47004
56268
75806
38853
50342
69125
13340
5209
23743
68198
88681
37783
40201
59085
14450
48967
64882
23128
4537
29218
55834
29330
9408
72263
96967
50570
76658
18994
87791
85972
55988
89934
633
11664
54686
79558
38737
13782
32801
84690
48108
83559
73557
5512
2751
20016
79382
61384
64884
85306
54031
5855
77127
97463
12128
88858
72240
26844
6761
21593
30976
90528
18837
25057
19222
65720
66941
23200
72024
39997
80123
4808
4027
98206
45444
40319
49228
60006
27190
50235
66707
55496
39621
48
39996
23100
72097
45248
83781
12941
45312
2221
96487
12535
29933
97893
2475
1426
17951
35650
35417
14523
77659
96305
18510
79188
50398
85512
85962
35221
49178
77967
40922
75730
68200
39497
46487
36066
70574
95214
37972
78238
75498
68538
39209
55422
85638
83451
38323
1384
34235
98582
9479
11120
42145
80601
17867
67933
24387
3477
21208
70235
24020
40073
45411
53883
25513
17201
55137
54664
87583
29885
35226
98239
78527
53184
47811
20574
57842
57686
81223
83911
31092
19834
36061
86987
77563
23695
15342
12120
6083
98342
9933
75682
89904
36077
8422
43021
2266
63996
66381
30211
66896
89023
60549
54683
85719
70650
46455
79144
73947
88152
37120
41511
17935
20002
75993
77780
88755
29888
54835
73862
41962
51774
70939
24666
15694
8572
42526
46770
38980
15169
10195
30646
7415
9020
3938
2773
80564
33099
45391
80480
10813
80739
55555
18956
90737
16637
24317
55668
77738
66614
14928
93650
16502
65506
81577
83924
50509
93478
24065
72559
66080
52797
15425
87907
94790
63007
28212
16340
38158
20165
76327
48457
73857
43814
36935
90623
27765
15350
23431
31897
97128
61031
63987
13385
12172
73191
76497
86203
71221
78762
79105
17120
2998
9237
81219
1686
21649
56705
92536
61043
19806
34741
17581
52019
25724
15145
84734
6781
62243
48303
91526
60512
25302
21864
16755
14963
55071
85666
3242
2903
736
24970
67245
51418
50895
11116
89395
5489
96950
94308
90772
48722
25681
46800
37719
84259
43025
33857
85139
5776
71001
65584
56246
8798
98405
79638
93658
52396
44076
60122
64471
96646
94925
4181
95760
87722
59000
93201
93886
37518
20013
41136
27078
14262
94506
19383
63729
99154
29740
68666
31192
60333
98155
92628
25518
65599
16710
29908
26200
82086
75865
57011
34959
87703
21784
33962
87196
23042
58364
86087
36590
40985
9781
69130
57316
62314
35434
71042
57755
5715
73071
50817
26451
10297
55067
47477
66953
91300
99394
1024
81594
39607
79812
21334
34553
62700
96160
48812
40681
96560
93190
1802
96286
55205
97082
98759
729
70644
85141
63678
29743
38384
72717
75167
84956
35144
27883
51345
1873
88878
94538
73193
9644
87910
51953
9689
91526
80832
84876
51772
3203
92197
64060
3626
83945
77254
1252
4246
73626
64988
65447
95576
57370
57202
849
61472
73721
61350
58012
22568
22657
72733
85532
8320
69304
58334
39134
24531
65791
81642
64950
24406
57512
49575
26437
49659
75871
94913
26742
3060
7755
26915
24619
15119
29308
13056
74256
77222
85328
17429
88217
22135
3664
40967
75540
70810
83198
28607
8111
15009
25759
38362
74264
51891
68443
31742
61337
67482
4942
43927
31753
5361
54143
38590
73220
1486
97678
76781
45615
48553
77579
57534
86784
81669
32243
33288
56750
58184
32596
91032
18385
61183
11483
48921
30080
22187
70288
17072
77331
50585
3278
44977
84189
53812
13296
5945
97647
26811
26699
88900
66661
77499
38643
61844
5314
72347
8005
50156
28867
39593
68242
20951
26190
26476
46148
9346
62222
84805
54197
39182
9301
1904
64627
82340
470
93000
92974
57756
95585
29009
68787
66580
98513
12181
33489
7563
91298
61302
79178
73718
19245
37531
28672
18615
44755
3619
61021
26653
51663
54230
84212
98940
20450
12362
66683
74110
2578
4443
3531
15571
54907
22017
64623
32379
61590
12385
84534
4974
94162
52766
45904
84412
33326
8685
28963
61351
67386
97719
47766
46363
19251
74032
41484
94414
65732
57327
13405
70619
32634
9028
17473
75243
54048
93942
86554
57242
35638
8408
80909
38917
95081
6222
9654
79508
1594
36688
59784
45010
71397
87610
79536
55405
78014
12862
76001
66808
86949
20629
76602
78797
8755
67333
42968
37011
50792
49138
54501
50752
60114
82840
96240
66359
53108
31337
80548
68636
6010
99040
57833
61142
7577
64867
46571
55372
89434
89732
99579
27658
68799
96532
8505
27301
85084
17735
86357
47702
62911
86700
85332
88360
63129
9256
84999
80925
66923
16000
5662
68673
87920
89585
99243
6937
98280
22396
19789
21165
13189
64858
88819
15660
79029
75163
91614
79845
94598
9554
96959
76087
30191
56407
32524
42965
45747
51679
93792
60869
62033
48265
76213
2456
8718
54486
65801
78350
56237
91923
84686
28371
9927
78658
1786
43761
67517
99784
21247
9375
84178
70582
93444
47750
80678
86805
31523
56713
49264
64353
41583
96202
46023
62379
4810
3874
61346
78132
49323
68865
20238
2029
35567
35305
1228
53749
46184
89103
63871
70101
43579
89586
83333
61888
82980
60484
13377
2974
99183
19119
11906
5784
31660
13066
54547
21146
16161
78427
97854
39878
18889
2829
92066
6900
53907
96642
10888
66494
15196
99693
57275
6243
68635
65288
48384
46217
27597
35542
74088
61470
36634
83597
26347
45835
70777
48202
28715
32215
47435
53738
61004
54916
37265
50509
97141
64108
73221
14951
90046
39325
14951
42275
44327
5034
67540
90766
72650
44631
74346
69867
55242
30593
79200
40021
20221
12899
68447
286
39035
25228
21897
40854
79716
42947
97721
34158
25675
90879
16345
14603
45075
68016
73136
17271
26486
7887
6815
79127
96918
53742
20050
47304
7647
6299
20013
47058
47966
12106
99743
30685
52067
20168
2217
70493
46396
77237
4960
8354
81278
5625
94125
18459
81820
77168
43154
54152
66495
49012
93417
5954
56934
61310
75914
62759
71658
78868
37053
45013
25883
30888
73545
92094
85868
94933
54372
54472
90747
1346
57619
45180
47795
68804
86608
89629
3471
86778
39262
62208
12643
47414
46405
77759
88600
85114
15983
61379
68553
62912
58719
58660
52660
86958
61617
40512
98614
30675
24655
54695
54514
65142
56970
56567
46057
83438
73452
8275
52879
8287
70390
32569
54320
89322
53251
13087
76041
97195
6047
88238
62517
94868
61968
60381
58092
45993
42225
55088
14521
16031
95300
9450
15065
56244
4093
62869
93642
75186
17097
332
44926
37850
40209
74432
84126
75280
63986
64873
64795
17237
70996
42149
39566
46811
90996
13433
34411
33147
8964
50020
27531
55428
68600
36675
50365
73705
73331
69085
87709
56658
52162
85887
68968
90834
55091
81219
71378
91703
62568
7266
50504
23036
42677
25466
93949
14576
87660
11964
11397
10549
2671
70676
28643
87097
25206
98085
4975
60742
12067
92856
57344
32214
24705
89322
56494
38846
77152
8078
8699
95300
49605
29347
98105
76548
95268
96057
81753
71098
3298
51542
51940
93898
34742
78848
30762
1611
75970
7214
25183
73882
63740
2662
93597
41043
18751
96866
20478
66952
39023
66673
43377
7737
719
7718
99929
6114
9881
89725
71810
87803
83124
55989
14475
53327
7149
97841
36855
98088
84093
70566
23661
14458
4023
74032
53786
92525
23546
49787
15680
98596
7649
21831
98158
34339
60178
25071
3021
11463
70617
86723
65816
46426
64001
31070
62929
60190
67663
21467
65874
68546
91917
65360
45515
68329
12496
22051
60915
16425
11244
11911
72238
50351
83924
54297
91368
90001
84865
6222
12041
82075
89608
40909
8076
91678
3775
5272
76189
39398
82396
131
62912
74653
24697
73579
68529
26235
14833
49112
40547
35773
85872
38370
29203
7721
78548
36196
2086
93469
81253
1905
96459
61500
81122
87633
13550
85112
88501
5880
64606
755
78473
67041
63485
47392
9612
60223
36020
51430
15589
57373
90314
33912
83699
56234
45374
95742
59081
29159
26344
68918
54374
86787
21198
61510
9602
95858
74201
53226
92350
93064
87377
9369
81160
27288
35656
96517
62931
94181
10909
82270
59944
30938
65584
28672
98178
6204
66314
56021
88108
79324
13052
43514
58615
74113
36605
57743
54301
62199
80605
73040
71670
80936
44712
68360
72077
97913
25499
89606
63770
88587
26377
35233
34591
89125
49556
62143
12682
25166
5157
91604
22470
63770
12007
34377
82681
95860
34800
36326
41260
32300
8412
95868
93774
15316
36188
41566
83500
3063
97439
47958
77302
3412
91044
95985
17249
62691
39443
7030
64342
45744
40639
2585
67351
9955
96230
3239
43506
53801
40264
16696
90559
48962
50728
52229
52503
46249
31118
79356
96835
58002
91928
35634
50016
30062
31845
77378
78793
9324
29078
22069
27902
7119
3067
6245
35907
76293
28301
94348
8537
53196
28498
14853
51190
83269
80296
16910
94940
40998
52930
15457
46371
44046
73410
30925
16925
24640
55032
1125
79503
41250
17239
27798
75637
64931
49052
57245
16798
79395
79221
83111
58186
57534
86050
14896
21318
17469
27688
71668
40126
91268
25112
85676
66913
16575
43641
58845
84414
9867
27177
60100
5774
61733
81850
27501
17634
98422
19672
25804
10372
73786
38456
15749
37349
26431
23548
64313
56302
42000
78120
81841
51654
57080
66616
42799
43797
40213
1540
50566
18281
90000
35912
53062
29784
96090
2613
950
7964
16670
54673
44818
68471
24055
66536
17980
77765
30831
18892
1596
52835
2691
89549
56296
55544
87288
26301
54106
91774
48883
64212
81347
60170
26757
23499
88024
96011
30710
650
32221
61968
63430
19628
37457
26489
22841
32203
15218
77410
11179
5541
27286
56379
2289
14605
83851
27108
53830
53043
72850
15438
60629
49614
76777
5971
87849
58163
41889
27182
97207
12568
34050
6291
96163
4782
93378
31702
43940
58177
48738
68610
23129
69541
84261
73878
9762
45503
93950
61763
96820
95668
50576
92942
70306
55716
27668
92336
26833
22736
60319
7518
92850
6706
83981
2485
43997
79130
61955
30486
46369
96475
52889
47973
91961
73969
45023
5213
23375
50793
31542
33424
78425
43193
62963
82643
52516
94068
93523
39269
26587
27520
81236
78335
41890
71193
93227
78620
3295
66104
92725
60576
87555
87453
62427
48804
79513
7555
192
68434
57074
78684
74022
64540
64394
10582
44250
32095
36148
51237
20448
84114
61876
97902
27800
9456
27685
32031
31533
82366
94055
71699
31033
25792
41794
24927
78899
96232
38093
85291
12877
23317
81622
71287
42683
75169
25192
97429
14533
52772
56074
24727
58451
76914
57766
68058
57212
97677
57067
16183
14243
8754
88306
57785
24797
35903
6709
94546
89948
6693
79099
57384
72268
55235
90775
43239
1059
36044
7102
18731
49300
97735
54502
3906
42288
25126
44056
77896
4640
78314
5996
31638
33374
13229
94689
23282
12444
71202
70495
44202
73290
70238
43402
46673
5171
1117
225
59581
87557
81360
28546
29924
89590
74710
67573
77901
89373
26055
54008
79613
6142
2828
88529
29966
60607
16555
70245
58491
81740
81575
56976
87154
4573
54770
27576
83041
183
26470
9477
411
7740
62074
24865
50091
86049
7352
21649
10229
81551
7483
82203
56662
72466
24830
28364
57807
61954
13419
22927
84310
68498
59979
94388
1468
72088
59647
20158
92225
12300
4943
21323
81529
28055
81031
31125
72979
38524
75296
51712
48389
23381
44610
67041
13754
53383
45484
64393
93709
99617
42122
55056
48921
97938
81774
24078
97968
96209
11005
20651
64329
94299
868
51371
44097
22271
53725
13939
55784
59125
93537
33267
27981
58245
37930
71563
30275
64855
23882
76391
90546
83052
57242
93272
27395
35967
42304
85998
84298
33567
93338
72499
9885
41562
3804
60894
71275
32917
27147
88986
19289
96270
67655
30678
96523
68646
44110
69952
64551
22116
74864
8142
67118
88712
44055
63141
3581
33853
43309
32863
46996
99797
71380
67252
53890
59392
79990
72517
61858
40752
93268
2007
72472
53374
66752
38583
17654
56727
15202
74571
22259
52168
26519
86449
8129
3208
23188
87633
73686
83353
17416
56008
99903
70566
52122
48583
29169
64269
94176
38061
87863
16381
44024
62446
90163
51709
33773
68380
35679
58959
11105
10269
69065
72556
28248
27344
78822
72214
21002
3275
4942
29102
33797
29507
94590
36261
45932
5422
9835
57449
20597
19399
26687
33558
68172
37215
74266
44209
77699
86957
88687
29471
67691
31666
82462
28549
63884
31268
49627
34858
56185
92439
19433
32242
99934
28087
3254
66873
25819
67433
49179
9259
54192
44713
37771
33187
33426
41984
51106
79557
17736
66939
41490
28844
59298
60901
82580
52183
41061
84162
53314
27930
78736
64792
17883
66415
78973
76424
2441
4237
38545
76656
55581
20984
83675
30281
4674
70836
12395
45154
22444
91976
35590
55655
67489
7315
1887
37652
9269
98309
685
2884
34091
16625
98424
26826
48199
17376
97185
6940
35933
91350
30497
57690
73606
21617
25451
42821
27395
75151
71584
29078
76264
96323
66645
5266
36148
13146
12064
92059
39555
54719
27471
27049
7665
54358
46243
23192
48685
27250
69104
78863
20395
34791
74522
86533
96828
14392
43163
59844
57660
94207
9940
62344
90583
23043
47277
51790
29790
27988
43811
67593
25162
66384
59868
31357
20822
47183
66974
93340
70391
31386
35599
67924
78337
69857
20482
45464
68921
63938
48549
96132
52617
65598
82280
15359
48213
58863
89505
5780
13817
61981
87813
14637
71121
26821
53896
42074
95341
77474
36101
43531
99568
55727
56424
82874
49024
19074
13928
77161
32881
5426
89223
65501
77008
52791
75603
71203
46747
98456
10294
58460
77646
72913
53592
72315
88463
8415
71222
75708
52434
95641
71574
74416
43617
7003
28114
37103
62949
77017
71548
73054
38866
45913
8686
58047
40599
44402
53454
68635
80941
82068
81637
30037
83920
97793
49709
43442
96149
8535
85899
77443
95946
63212
30895
22346
12644
29210
39405
46302
90669
98021
18270
66001
57653
49025
93880
84479
39663
13473
94728
50911
69819
68624
40545
46416
90159
74013
55892
52631
63392
68257
58498
64849
77352
64263
45810
28885
81475
40177
47343
6734
70133
60259
57005
8440
95326
32663
88585
37116
29821
7847
91109
42204
71744
337
85675
15200
63790
33589
41419
45496
64328
8940
42572
15927
14366
40742
53947
833
89096
59574
53854
73161
86026
65469
24132
38622
47687
64364
13144
15558
7469
48288
93271
34149
96679
68134
3435
80110
82908
81631
93857
18993
99303
65201
11756
79856
60024
29285
46953
50538
37755
90491
71842
4179
80727
6923
88662
78415
22286
76237
86093
74306
12917
92060
43500
91340
97359
2898
28789
58825
77062
95852
64649
83519
71663
83206
10483
19988
59340
53269
54960
15676
28940
95383
33399
42933
21836
96462
70168
49895
52042
94984
28356
68370
94318
38426
71421
64706
42401
5713
39286
72195
47927
54113
95074
6653
1908
23545
74419
84555
52939
6821
35068
6302
56611
63832
25378
1474
26118
28457
41783
71315
88829
42243
46648
41102
86640
95930
4745
82254
90178
85846
9728
42799
3114
51835
29027
53084
5258
43548
29835
50681
89150
89796
38113
80723
69004
43909
47097
69364
44705
78309
62559
1133
77489
54455
25110
55119
84019
20565
17754
87193
56823
62052
98053
97569
69185
17790
38353
40447
58040
79068
3643
70569
2936
56680
89263
51920
41871
70743
71569
78001
47459
6047
15477
96282
87296
78646
18311
32483
3017
77004
76187
21007
20410
28813
2161
5963
56241
12606
67542
55297
22090
47764
7715
40879
17383
43876
38341
4540
93016
95197
28517
7763
83049
78852
21697
53844
61063
38647
16253
46022
53582
85941
39132
73783
11564
75483
6268
37569
50686
90810
666
91400
58186
38703
9050
8814
76498
35306
87514
25185
56628
9432
64172
35802
85092
26004
11949
77113
96247
30288
83019
30470
9480
7134
36675
15306
5987
20017
60804
32407
29289
15702
27429
19719
19874
83256
4276
93805
15112
52719
33827
63901
37587
24537
89826
58314
75548
20639
22769
70772
52981
34230
67681
12671
98915
4030
16071
93763
51161
84873
83102
74813
68276
24862
69809
29152
5729
96174
69200
89185
26278
62468
81317
49740
20412
93573
27352
70889
69238
70457
59137
14177
57265
25576
61284
32742
2707
44878
30347
9317
14117
7912
10390
43218
54000
55370
49901
33569
83805
38716
77174
39182
90361
51131
53773
18188
66398
74046
4181
58895
19420
59394
29526
40534
61615
20392
34441
96685
56110
19252
32333
96778
13023
18387
7699
8229
20761
51949
32773
14956
82143
6352
67075
55075
64882
96398
64763
8573
21065
39150
61563
44934
74659
22256
49698
65427
76018
95047
50548
85040
98930
39504
16208
42901
63435
89011
10824
99018
13349
14585
37724
75359
64258
10857
6256
22429
44946
11452
56899
90453
76013
84457
44605
61103
98983
86516
38755
79835
14914
92648
66611
70214
52809
59315
83243
8795
77555
24042
74608
36415
25971
65050
60863
41912
41606
64158
25815
77999
22240
49245
65493
48650
99626
12059
17217
21308
23067
20044
58213
18966
74593
20880
86111
10134
94757
62293
26079
87328
51247
70540
43752
93146
90401
12454
93806
2878
57739
8270
10399
22143
70896
21955
69297
84480
23168
82701
6677
6054
7437
48067
30183
49634
60719
529
83539
27650
96179
12823
45985
1641
11966
43553
67796
90814
93124
52164
85967
14979
56123
17849
26747
18674
27210
43882
97882
94876
88650
76343
69560
35461
91161
68135
10551
66326
62526
68940
36715
99025
85025
93212
74984
94044
96744
92671
46541
89415
11439
58559
71322
39979
17427
29435
66471
66850
54357
50094
92516
44484
70508
50537
93070
20621
46215
94246
41909
55598
14026
41424
91323
72900
70107
6033
50402
35941
40820
37697
13470
81053
7261
30794
20292
69236
85882
34702
59841
68238
79164
38582
92021
42804
63002
70701
76870
68689
50822
49977
92433
74427
72020
45894
4368
14486
48381
90411
97270
34176
73941
28511
69146
90537
69852
36259
78333
40338
13289
33344
55346
32448
19848
70308
93749
6369
74625
50340
33671
78531
63517
95403
47113
75261
82570
71499
40381
20851
29621
53290
68136
29234
99524
56089
97633
67321
95928
15214
69901
77154
27076
10559
59277
7362
2739
7232
41289
28100
43142
92695
9053
72516
33866
59427
56700
55748
20247
66724
17679
14645
48148
78367
53
1494
52199
5266
46164
70844
90392
84160
74388
2065
10946
15719
48741
17581
41893
835
19306
37686
11733
71701
55856
34503
52071
49731
51434
8073
66371
54918
49387
33664
14538
3548
19292
62479
72150
57635
55965
65278
40213
23312
66536
60426
29523
62276
21159
26634
4245
4675
949
53413
76235
96764
82578
54575
42853
90352
19190
58604
29751
98881
56201
4767
49733
38556
71494
11298
56514
1700
97823
35867
80721
32157
53376
8799
3896
47744
28215
42677
84106
90581
70659
32005
11641
80597
3116
41172
39669
71421
49726
91511
20687
86554
28682
41173
57290
2416
77241
79186
33102
9208
96011
31791
81667
77064
47259
75558
53525
33731
85818
11601
80092
76989
35833
90061
65975
44153
8013
69163
63087
95155
96756
77637
99874
41005
80606
93607
46721
68121
71517
68521
3395
5635
57079
10469
981
67420
31720
13120
26972
13896
87987
74621
99179
67035
38740
64515
79604
9788
58646
85832
33364
9778
24619
46576
11230
5930
33127
34957
9725
28754
38487
69293
49573
53731
92452
53899
47598
36197
32407
85751
47747
25155
45452
36891
11594
87139
11032
65282
34382
21198
99634
75540
6562
53591
79571
70296
79022
16032
85291
68950
54669
60925
97329
42831
31072
33760
33269
69229
92248
28932
86242
9905
30783
3085
66306
9887
7503
9249
15459
28492
16253
59534
53172
94730
57474
27076
58890
80277
72701
28409
77090
98081
76128
97030
63500
20178
85360
80038
7523
64516
13045
61984
70535
91139
45801
63011
74058
48386
59905
66285
69955
75243
21861
27238
68969
94973
78522
37423
11544
64489
18111
46597
69384
55080
71268
82779
40927
42941
29718
77430
21039
9381
27556
26881
35239
62979
65374
53883
7772
83664
31398
17667
69587
5290
36100
42903
63078
36864
32198
13631
20735
91583
52608
44850
17127
67900
2157
53667
18542
50498
20230
44301
27052
80804
20165
1626
85992
9977
93299
17928
59042
94499
29419
76018
30099
15616
26966
25614
9769
71078
73903
89245
7474
94614
9038
63554
41301
57040
39236
26322
40708
20984
82078
58706
38614
58522
68088
37570
1951
61909
29681
89466
81962
74186
49189
75499
87928
75549
12020
57687
47724
18318
29008
7353
27181
53526
33090
13134
89141
82803
50357
30445
37404
16453
46834
80062
19873
68226
40166
80068
86471
99799
10273
63670
29998
2563
60078
14892
82623
53219
23570
67512
23809
97801
77873
16338
50010
32868
97432
55599
28522
81487
67942
76559
37923
41608
64617
62663
81043
54195
46668
28870
80100
5680
20006
90977
87959
71166
73008
16123
37092
52019
41118
22791
44431
25016
3916
46549
92421
94752
69646
92969
86243
23698
93823
75734
92411
66088
56608
52647
95648
59291
29878
4446
62762
67438
48374
79056
87136
34595
68740
47856
83623
25286
13613
76477
77528
67631
70087
59896
19794
25098
65466
84119
35642
6575
73685
91028
90271
34518
94425
31264
94545
71207
79492
47654
75757
340
19649
93993
85021
60366
2670
7895
60726
10823
70706
11494
4650
36783
74661
99005
32245
47218
5889
4346
2760
78417
34701
85955
47329
68594
83790
5946
1733
9835
50254
31863
1392
94393
79439
19501
65074
57036
81461
39302
46096
79315
16447
39388
86776
67272
19303
35534
78678
97108
59107
98198
77975
29688
27092
33789
29032
27727
9437
33605
90852
15741
19660
36496
77435
74780
88639
24866
4060
40335
68732
4835
34861
85864
88130
80557
20265
52479
19699
75635
41055
53846
59770
54873
74853
93146
56226
33557
22636
53292
18187
5017
22087
48586
52308
77351
81655
21625
47561
20719
63043
87970
55163
98414
20811
57568
98718
84410
94910
60138
90601
98815
29499
72309
23643
39185
1573
23961
14991
2798
58208
20829
79747
90312
87201
36983
13419
24075
33132
76164
57534
8133
19536
52704
3196
62583
27941
86426
5406
65915
39608
90061
68802
34575
54820
66868
22434
99603
44018
67383
15448
98214
82697
31889
98757
60780
73872
77918
13384
94039
98713
40372
26222
47284
16249
53834
27445
47302
36942
2138
86266
22255
56020
85563
91632
20725
27873
43153
49405
73982
55203
54037
65490
75269
49644
35543
14871
96690
82903
80591
53877
70027
43299
64502
26931
47281
71659
57541
93553
62558
33697
8843
52797
52370
26362
49900
20724
42523
69304
36407
46047
81496
17821
17179
61401
51178
70497
79126
48267
12786
32679
57133
51181
69087
11534
33834
88171
5197
19419
99110
50749
8592
46003
47536
9379
64706
46221
38369
29343
78416
57538
11083
85518
75935
6493
75966
52580
67374
81938
10800
17777
67406
7471
20619
74635
69820
37266
73665
97810
40350
21736
18516
27042
57415
46713
93493
17726
31697
8347
62163
67046
18078
61962
82375
6451
8494
52400
8691
27581
6369
91785
48780
26801
35884
48862
16748
449
66973
99319
42868
74325
30285
93554
89164
35995
45173
70901
52286
70959
45692
99867
15917
62483
56487
33480
76560
70295
11601
2495
72491
12577
93259
68448
75168
51394
94651
70539
14299
16666
54350
61514
58791
22833
2519
81904
93392
48195
67065
87664
75658
58896
50500
15717
81566
30945
2368
51023
52809
72743
47537
30365
4968
48852
7153
97360
83730
680
10863
25803
68363
85220
58003
13466
2750
13972
24862
53503
6082
11852
20336
83675
80368
11525
61079
83652
37709
29154
60441
89069
10690
85222
29114
36939
82040
6088
2561
43464
48406
32080
31456
22023
66730
93547
6652
19463
11026
4618
18392
89547
46881
71498
69473
47988
96834
58990
46631
15658
79495
41700
22298
73015
8941
82178
80242
84670
33472
31199
51350
59841
80197
26533
40636
42370
21945
12994
46428
71043
88682
72355
65868
34840
52434
62868
63019
94343
85137
26907
97624
51642
97408
52046
78351
88170
30809
79484
663
47560
66223
94063
11823
25359
7622
61171
99334
36200
92355
84369
59163
61289
36784
62269
26076
45851
77214
73622
64923
73092
23295
28260
14611
65693
36235
82103
37336
33547
74852
50308
35115
35901
17829
26067
9775
77255
3260
7520
150
92749
85711
64098
63956
65611
9249
52842
55692
97742
13885
92597
87630
24230
42179
4166
95258
77071
41306
62229
47899
76458
91111
50576
16938
76122
11435
55381
93208
29080
55370
4513
73891
70563
74873
28036
13187
89538
53862
75374
60109
69246
60129
93524
84021
38268
43624
67230
76817
61678
78537
75869
91803
88260
56776
49695
86933
32845
11239
8497
47464
51900
32279
83589
71368
60895
13423
96062
23930
46331
87867
73558
2170
70247
41433
41408
51199
39949
5910
83602
85360
58612
87560
13639
12604
97715
73886
55060
96868
76780
8298
71101
9993
10960
11849
48329
91230
28684
2711
43128
24337
11448
35401
44558
51683
17145
65897
26456
30393
41237
98786
42294
74713
69598
29986
85816
94671
50181
73818
64698
6770
16618
79300
75939
50612
65012
50318
25347
32824
36267
97230
50265
79377
43232
94434
89365
36803
41775
62845
16688
77285
63916
19616
16314
11590
29357
72052
99619
4337
8540
1351
20485
46347
13301
94154
96571
1232
12353
16627
11702
84437
41108
49951
60697
15145
91949
10627
62563
19878
58746
96172
52603
14977
45195
23512
11256
63373
72818
87082
44330
1920
51586
63682
91480
42587
41124
57554
51169
7814
86759
54180
91513
94569
4365
88008
34516
21112
30440
93563
33088
43913
13375
30988
15846
81679
9051
22699
5260
86087
92855
94790
10755
8826
38110
85103
62040
53361
59501
65182
92231
8952
25516
37663
76570
30528
53741
60211
1355
33889
63150
5445
28955
31271
99685
34440
77167
53206
19957
76896
94242
2089
45499
77130
75966
1459
69261
12897
1549
84737
48172
3430
94579
95400
77013
45551
77721
65991
72556
31811
19668
86467
5160
2808
43421
46355
61101
25382
50658
96924
65902
88560
76499
99144
23482
88857
50958
98393
30543
41800
93650
97467
2152
80229
98718
859
16765
86102
96460
41471
99709
67796
58582
25758
28406
50943
20848
10383
20155
19332
8575
3679
59109
78214
90292
44028
99950
85888
11796
96654
41039
82516
72343
8853
11667
26556
23119
2299
40845
36273
69405
32663
74127
70795
25036
89717
69510
93297
57738
48554
81665
9942
284
15976
82355
61704
49235
72784
95257
88868
10364
26574
61339
39270
99507
73904
13315
30467
42287
80168
34938
6367
96612
4325
32360
75885
24874
49038
76389
16704
9016
2582
63505
53496
7495
38102
79892
79663
59486
62618
8636
3417
37735
64495
89565
34825
77959
18356
34347
68990
88741
35976
95170
34380
21471
9657
92065
82401
70711
95680
84694
57519
37195
7361
66706
55219
35164
39685
22690
58038
25677
7470
71573
40023
39069
84332
67967
75047
78977
20606
12295
91875
64847
44993
58158
96439
66023
52572
61653
19085
99053
58264
28088
58102
70270
25763
87808
20248
31186
75754
91195
44391
74103
24315
67917
21069
25052
25706
63332
11900
40284
56607
61897
29336
96057
90872
214
19664
42912
61181
40110
67658
56845
55155
50177
35893
29338
87199
48366
25812
41512
80130
98985
92383
29987
7264
1347
29580
30716
29636
75871
13731
91937
99655
56179
26434
58161
17254
2404
15425
63567
57260
91393
78348
69412
53153
88213
79460
8599
61543
11889
61095
17653
24114
51626
86838
34161
36782
59413
37236
62338
60622
48482
3235
88991
78737
79953
80870
34944
81164
1667
57981
86195
54710
85456
7397
43289
99697
96993
16783
40529
89195
79435
42279
37093
47103
83716
81352
73568
57442
87063
40548
75120
35184
28649
92038
75449
849
72081
15561
17550
69452
9616
55502
77550
71368
78211
14210
52406
85840
61396
6264
39993
97458
17260
11901
15722
18483
23143
12526
32385
36730
30380
58441
441
46109
58469
48416
6072
18858
6726
3729
83341
13629
2510
14468
3024
49566
82423
33472
87599
14825
20386
98943
58935
59578
34820
31994
96163
811
55301
97936
65481
22338
3315
94158
32022
12838
6351
92238
52825
48698
39805
70637
7746
65207
41331
41973
9138
92066
44066
90771
10490
99724
96517
76822
4568
37013
20922
871
21475
21993
38025
56870
96617
91783
39487
73522
59089
88265
3386
73564
55901
23429
76192
67848
74676
12584
46983
25368
9342
70179
24185
98626
87652
50806
14871
1369
70522
98940
89322
99176
99627
56057
25092
61797
98452
86051
32375
49920
61216
73994
26887
12214
64974
67364
59444
96159
55931
46423
93990
29785
23885
66736
89739
31559
4611
64302
31982
53530
46560
74760
72963
99450
35407
14745
23374
42471
22851
2036
54644
85778
11898
24521
84591
6942
46380
42881
52194
94092
95000
36044
1182
94543
76842
35705
45266
19516
38722
59337
82699
36454
4432
56258
92657
38167
39456
41768
92658
34110
70738
80747
31875
5140
25898
9323
15263
67422
34985
69873
57217
14776
86940
94067
84553
84758
59096
50742
15007
69235
99138
91969
12804
26191
17591
29432
83398
52845
28118
42999
6090
28627
25050
71077
44206
94510
18421
95065
84757
23226
49779
54010
94953
90933
19306
22715
41550
7130
78779
278
46618
81583
26140
62864
7247
33661
98044
9035
15387
91776
27954
69629
54614
20705
68270
40393
40139
33320
43962
42050
3346
37297
58055
74487
99740
56917
13303
90567
59505
58833
28231
64795
24012
79166
23653
79835
62720
15156
27375
2667
72575
28867
52885
15003
54534
50426
20385
70837
95714
3626
57619
48236
4227
713
89519
20640
51812
10465
41668
6970
35286
70321
3876
90464
26856
93159
76719
56340
75256
2019
79306
83950
23126
83623
9082
76125
17363
15037
46202
38971
25893
53315
36891
24929
6235
69580
13499
83148
28658
25829
69971
66145
55078
51125
72186
2299
76960
40424
76698
76914
71233
22832
8372
5803
29307
78333
45154
13127
99223
41114
78548
15012
86935
4203
2517
80122
47272
75107
85170
93964
98652
30296
77973
84044
42917
15184
34853
55143
40867
71274
71240
69089
24390
60461
94574
70549
83832
93898
35580
34448
77032
32238
51582
10733
15265
98288
6306
74684
87341
3699
64634
97001
61271
77120
93500
95438
66424
48822
61550
43845
52439
15566
43796
73855
43981
71980
73935
60209
48815
83682
79813
96393
60072
72268
82501
38732
17111
49027
46603
50299
30279
11794
78749
97051
6993
63588
20958
8087
95246
91646
13279
7684
37810
39422
66704
9472
99222
32692
55612
28796
44147
36859
84378
29468
43392
3140
14795
98720
40680
71950
30793
84406
56552
57989
78716
4750
8707
32510
26867
5825
17937
36240
42265
25035
97884
24677
46921
77725
560
31229
64521
52251
56229
15435
25613
97831
76859
39759
32995
54076
30024
70318
7608
53937
34123
75186
90398
4816
84702
32423
43263
69433
38040
41895
68115
21584
7744
54723
59582
5587
36293
87491
95450
16582
83932
7330
76965
57893
88935
78682
83052
52587
51318
31451
88348
99926
87583
24117
90912
4557
20314
23996
10357
73596
99420
21458
63138
46998
96824
12967
32971
30894
94897
54370
61556
24724
74864
13813
19963
63953
54779
46083
62220
42730
92936
68215
87348
78962
80152
75973
50412
17993
62333
40910
76496
64296
82243
96082
33195
46643
35364
16902
69953
15129
31416
75394
64578
19356
82362
65193
96254
73715
75934
64396
12791
9810
51845
10041
89560
88593
97036
15805
24778
90614
98755
64843
70785
70058
61979
16226
11907
61537
77865
78892
67224
49297
80311
39919
79870
67557
16761
59572
37536
45719
26143
75021
51747
88545
53648
8584
2690
45526
63172
59926
81621
12657
78765
5065
18793
56640
40639
59783
26845
8537
92816
21199
25560
50756
38630
36386
40553
96763
71762
88109
42279
77332
78997
28900
54945
15407
38785
96981
96672
35262
61301
3559
2555
72390
92577
83074
10782
42913
10048
835
22943
64069
41666
74083
79417
45886
4724
41157
93630
79577
73598
77562
55229
41381
67080
54333
40329
64826
76206
48438
82390
38080
72213
3072
23322
2521
23557
48054
37189
91787
91927
87398
32750
30196
18184
22728
73918
76493
54316
28391
33668
22032
63629
97283
17003
54817
75790
40563
515
64589
24843
62895
23235
74805
73699
78536
82008
59221
25750
71661
92497
46497
8980
95173
58986
68327
67219
72712
82369
53485
29501
81906
94511
17138
22377
65229
84642
73644
38867
59409
72707
73227
82183
75244
19465
60456
63180
49199
17876
66875
81362
46058
13372
10387
47433
20802
38722
9962
94512
37262
87915
26169
34023
63172
4953
3740
43282
17626
95387
59325
29597
4593
37150
74630
72645
33560
22236
34457
88580
57195
23495
15910
98528
64915
84778
32180
52798
40424
90945
48135
31578
10317
77547
29412
11969
49404
5858
23481
39900
24006
20110
58963
13675
83315
47387
27373
37916
87477
97166
34904
37113
7794
48038
31948
50622
62284
94590
35652
72920
5432
55069
12333
97985
8188
95226
75363
30281
83231
79848
72888
19953
99761
68328
24832
9089
35587
57871
62902
85474
96646
63515
42320
76391
18350
48370
36622
114
74702
46845
73827
5286
25670
85174
93502
95129
38575
1438
9562
71007
12577
8280
17093
15180
93052
81017
90704
4805
88759
24774
60866
32628
11255
63730
42653
77559
97064
27286
75395
82096
26124
23862
52972
68990
12256
1853
45618
20529
15846
62539
37673
11835
86894
91656
26209
95211
66953
95206
12542
4512
89606
81101
45345
15989
56628
89709
85286
30884
25909
90566
66907
99358
50445
13930
36432
94942
73878
52753
77780
64847
72103
12488
88020
55029
29968
79366
98065
23367
83273
25425
90774
29074
2896
98843
82593
35931
43072
58281
44212
79570
19684
43464
70595
9210
775
13790
41037
62848
27489
39811
17251
21878
77694
84761
54173
91989
30694
48893
49202
82726
14097
93225
88059
37611
42932
75151
5868
63024
52212
24266
62523
74064
6832
31206
5103
5306
4055
99064
56017
97743
67817
62205
71369
94930
64330
19009
58608
77464
65497
82399
84008
95635
77958
1031
20465
39951
46654
79136
86370
8776
60547
77067
92017
8288
49656
80959
44323
92739
43822
57998
81291
93611
20682
63908
10986
50016
47165
84159
65476
76321
19749
71121
96929
39616
18792
73640
53000
3044
64421
95531
80106
62415
50694
16344
83298
80643
32754
97474
73058
6102
20433
9520
42579
15277
75544
20273
24415
71438
92668
74669
79066
89490
69438
11980
96639
23490
38923
83022
397
61392
83907
27134
86842
35349
47041
19101
14576
55537
36214
56014
23822
47806
92251
49294
89804
52037
53766
93790
97216
62602
16609
42014
99174
80565
62192
74611
35113
57983
41979
23262
60319
19312
90549
20718
99207
7854
59485
27993
55507
36801
79098
29685
72649
4532
17922
12789
73130
77805
66955
92134
75175
47005
43753
69794
83972
65110
17193
51001
75322
8206
19006
29406
97449
33828
42972
17264
60756
42007
98512
9254
30037
72423
18720
62423
77268
74887
18801
77377
13281
19855
14687
72377
91223
80961
63523
59977
52922
28243
79575
37713
73536
58354
42747
23364
37060
40573
33810
60021
9412
89140
33732
75091
79339
97500
79154
19566
40622
58080
29486
60145
63303
15493
5260
20132
59474
5470
9160
70964
15984
61131
24402
29953
92062
30694
7789
62722
65765
74538
85979
91123
82859
44543
84743
80046
52529
29972
16354
61125
93449
70407
1005
46858
47188
79698
19332
68362
96363
39450
5563
76131
51351
51554
13917
31553
49096
15696
4770
93206
33391
6035
75638
53224
77161
97446
41614
36889
87203
99481
47866
39813
78387
89057
50091
27785
78535
59118
84336
10392
28276
30839
26062
36687
94586
94022
21831
14632
88115
62829
26734
49574
58223
61963
59878
3847
15569
62811
98141
78119
31093
92386
1602
49116
94356
8148
91765
10690
31239
36099
49282
92544
25399
17080
51144
49220
14837
48180
18624
53813
26005
8846
73389
12539
35047
40854
6382
39733
11246
17629
77082
31350
80969
61283
77322
49234
2086
12773
20571
61172
90865
69007
31215
82195
49927
68918
88376
7833
39794
45145
80338
41801
37631
22202
10688
10789
50286
89267
60491
40815
93626
73242
1751
57836
93559
705
88152
59678
36075
78868
27496
87195
70801
18200
34611
43173
81779
85338
64366
46349
19150
57841
20363
88310
42865
74044
19157
50338
28794
8512
68816
32321
50631
24364
31144
27023
48411
1619
99515
5098
90962
95103
52229
26353
36775
53957
91242
73791
58473
45572
11945
97357
59573
32836
55805
3621
82130
37166
29617
12250
50854
5176
30802
62645
11911
44157
71858
27832
13449
76534
95741
68546
53033
40452
43248
5859
93566
56426
15413
49240
83454
89217
37892
67306
84139
5202
45162
12957
53245
94194
27356
99843
54158
39042
41564
98501
94748
35653
93781
90324
8472
15542
75858
30697
3310
778
8389
27572
61902
55196
69205
89897
29371
62740
37103
26067
59527
90741
45790
90688
18959
76008
16953
99010
97725
30701
54987
58211
4758
45560
39656
43242
59876
86475
46929
4471
33962
39408
34765
45656
30253
4273
82254
82020
39259
53679
88455
24371
56014
25152
22581
19458
29057
39189
42654
93669
35965
29657
29017
54328
54042
5753
87489
87400
886
24242
65699
36951
63476
44200
6848
77574
50838
53271
75669
4367
14572
2907
46271
26768
19319
96626
37126
85535
69885
49763
43214
59810
15883
62694
78272
28173
53952
95147
26316
62254
17592
18548
41877
70383
7811
39358
6714
13697
15324
1240
64017
58626
91727
18521
2965
66443
36835
84614
60776
984
11217
63879
19256
93912
92897
69088
60829
42227
59188
10912
92583
28189
36767
14710
50808
89057
18953
43243
3502
44430
70496
27703
96555
13962
87972
28134
60131
63453
90069
84324
61994
46892
73673
6476
33465
92018
14919
42943
70298
70103
4026
53715
28648
89360
93332
48444
61277
56754
71322
83960
48002
27050
99398
33072
33383
63237
28064
30503
60863
10031
64502
43173
28102
96788
49040
90742
30771
32515
44289
7035
29006
25123
41735
61477
97059
41068
68142
88131
39894
62742
35759
40622
46261
29451
38272
59262
4784
51393
26623
58439
90078
64871
70637
60497
74422
24171
65130
1596
8859
14946
63649
79407
50756
20321
38423
24308
87332
84439
21291
16989
28335
80818
68415
64205
1453
69284
34817
66358
81731
4557
69377
34673
74490
53380
43747
12004
15779
36425
60452
88996
24703
65981
11339
43396
53580
38550
28487
9616
10144
36873
42814
82081
74534
6235
44292
53800
36019
78975
73021
76452
14049
99375
12814
66401
57469
1890
62050
91860
93795
61878
56562
31812
391
66691
36754
2045
19298
57903
83826
20191
94883
36083
62491
23396
6974
3580
236
46828
85683
41052
2649
55147
97578
46304
77100
37634
97014
54858
59842
82921
93034
82320
40826
33721
36574
54255
23263
45546
55712
92833
66735
40851
54810
36035
83115
77452
51257
89061
39655
63716
13745
36026
83762
21201
50626
80290
535
99281
65890
59147
13551
2148
50909
45757
87044
30490
97702
52105
47445
93339
52630
92932
11199
49378
77079
80319
69670
17305
49475
75763
20350
16416
57496
92066
77780
33554
25313
31815
2265
2897
80270
14407
9604
92035
8735
46126
54562
19139
90978
79404
21617
88997
48427
7769
23617
23624
11279
11924
19213
73662
71550
14435
5281
61915
26793
29491
41158
44914
5627
71966
5536
9281
67943
4914
69771
38869
88763
80136
79041
64849
66699
68115
3608
96243
23960
23557
99055
65621
66097
76265
21506
49445
85491
80858
86599
16288
38122
557
39423
89489
14405
25898
66854
7572
85504
34567
80037
40968
43276
27524
63588
40746
78230
77573
23069
57598
14603
94207
70088
4962
58885
63055
99251
97883
52182
40446
87430
38691
70766
86868
55793
52273
94907
59422
57757
11720
58659
75907
95468
44550
36545
82285
61263
2349
39071
11845
94483
92092
4608
22685
88910
82882
7435
87731
92660
18927
84778
36885
11768
88013
85290
86420
38674
37474
87412
12775
23603
92191
19084
71438
8227
22771
38787
25792
98498
58156
44880
36812
55613
77862
55274
74789
70082
35104
93063
21889
75316
41096
28430
76786
82352
14088
7803
68641
94705
25738
73374
61706
4009
88168
66626
36711
89485
93238
11782
72604
39801
13949
98283
9708
88962
6949
32657
90117
42703
77688
37072
78368
44439
27833
91798
2427
21761
40382
85323
91500
19989
83899
57655
32729
20355
47111
53075
54665
50247
34058
96
25723
15611
86482
46396
47323
7132
2455
7955
75275
69331
70247
3519
10566
99431
60077
69591
68171
58046
81970
96157
58637
52395
13998
75170
84614
99327
70815
1584
66778
66945
46876
68458
43867
20118
40428
75062
68015
83603
19440
86230
59901
12904
35769
94988
79829
9828
38015
75038
61407
53050
13231
84434
32959
22552
59894
21411
81291
26183
65303
80397
61308
41304
40187
76283
57762
59575
30526
44345
5748
76641
42830
99760
20550
10014
85566
42035
90774
21003
49792
55408
61332
62179
30150
73141
8380
42936
36865
31399
73083
6764
48614
19101
98065
7134
16830
94758
96576
80888
10974
33522
48138
71621
47241
70828
46504
24864
427
33385
63073
94851
78863
22218
25448
57520
10349
1447
16353
19961
79238
25758
37636
77622
27410
54770
41924
25224
64703
9462
18916
79745
63384
10829
15882
19469
61508
41160
74087
19302
86936
86708
65563
55915
88984
17563
14897
12289
84030
1344
50405
13914
11787
96101
7800
18994
78047
26709
26677
55594
70083
44358
69466
34454
86433
64510
16438
79534
34911
79710
77032
34666
78664
64876
41952
57992
40552
93507
62388
66724
94558
61121
94449
34405
90636
90168
91041
41524
73710
83952
13758
28164
73969
46536
63825
92598
83588
42383
25336
15539
62319
8604
66568
12458
16627
58797
94655
44
2054
54086
54131
36165
92079
50560
9278
33405
66327
51095
72183
62237
8257
76272
95227
15554
57357
58490
19203
2391
17789
71266
15018
42009
51428
43170
2472
54678
32746
75469
81648
31878
82951
14874
58859
13335
89641
92475
57992
6869
66521
9211
6545
18915
98075
74377
24989
23656
60724
22443
24078
38686
25662
63779
65222
92982
42550
85242
4100
25923
74438
87305
75570
14186
5835
45562
97102
74617
8563
53508
62500
27506
80954
15843
86868
567
83744
5119
4288
57355
31361
84201
87048
44185
92881
15594
89032
64025
76533
55375
52670
19971
56616
1535
14316
5748
82386
36945
15715
67775
7745
71187
52239
76750
56266
17948
16628
34852
71787
40213
19981
6969
30
75652
43308
74925
53337
40737
9720
40478
39864
67321
72102
15197
91151
47878
35916
78512
91976
24853
72531
78680
285
84044
95536
93993
60739
77905
59083
39384
36719
40715
43708
67815
87093
19189
80375
77303
54250
58094
20203
97112
82550
11387
93131
62184
45823
15640
48403
76118
90084
8221
39001
9360
87192
97221
45378
58767
77989
41425
4254
18852
65425
42222
22797
60625
46816
99967
69301
73044
75279
29738
71520
59804
39390
87321
6204
24821
84568
16457
46671
29295
15888
897
39316
43809
98986
60598
67067
50989
28822
82620
62423
84825
60375
11485
26415
22279
34148
80346
26575
45282
19638
49667
33784
76232
51582
38043
84664
42308
33111
56798
96759
59753
77221
24319
99426
59323
44589
63275
10193
73216
40821
91804
7913
60137
27175
63479
2695
58758
16070
10388
86482
17481
62045
26404
29933
29929
54089
87046
76288
34027
8269
2634
71067
90381
83404
97914
5964
16666
72454
54319
21941
71141
92862
15641
86093
97939
64495
79024
72137
3153
57759
83628
20822
18620
36219
9171
15547
98287
46499
99509
65275
47597
24520
75345
24964
15237
22405
38061
37210
46230
54058
43859
72372
10115
99502
819
87521
89390
40067
223
67717
32446
64096
43232
9477
34435
78321
53447
95277
81711
82377
23333
93453
71259
9727
3535
66342
92009
452
24710
13727
95819
68515
86903
25466
73011
74791
33218
72537
49947
47034
80710
56416
11828
17336
52479
59008
68157
36870
54502
40942
34232
42075
13532
20440
90847
24592
95777
3556
1945
43285
41162
59546
41801
92101
74476
72831
58258
42430
88665
43004
49653
27692
65781
49981
16149
34658
19758
99645
28354
49974
15397
30008
73498
6697
55012
69602
22368
87411
17266
74094
66480
77780
10428
32457
93009
26692
39233
43220
55390
3320
77476
43481
47365
29111
71390
82342
3653
23206
77059
8694
37154
77050
81951
44254
15171
8357
13578
51467
29143
96640
95558
19310
92557
45760
81626
73868
96113
77679
30751
34622
12421
96555
22862
76471
3936
39750
40282
76568
14670
6698
61
27031
5339
87924
35844
4737
63487
6630
83531
28651
83181
39584
58483
31436
77897
90957
32151
59151
76302
61943
33395
51979
30605
38816
98536
10002
2891
35362
90655
84091
39126
44339
66875
93360
31650
958
23256
70628
18720
41245
89497
65174
19853
64065
39148
19479
31829
54516
43868
47672
36467
98401
79620
34588
16905
38199
82664
80092
99269
7174
48323
64297
27220
18586
64085
40546
30152
92658
17488
77067
27911
92207
81955
52703
19396
68749
16370
6299
28248
29737
66942
10561
67635
36491
62159
3291
97358
81435
4033
39836
92943
71572
39055
67371
9209
95183
38714
49586
30152
36192
19750
59319
91619
70040
59169
11967
3289
55847
45696
30155
73410
69561
64986
87938
87648
17633
60839
27995
68778
16607
61531
74081
16780
10250
6694
24580
6268
17796
63755
10155
88380
25448
53701
59768
83155
97555
49190
38252
64866
47887
81122
176
61749
73124
56572
70293
99313
17723
28221
62558
53533
81201
55400
15003
96950
68666
21136
94242
74182
77041
31072
50739
30166
97471
4261
88776
174
84091
59868
44915
77280
6252
56726
32555
66106
43407
23041
32778
48313
9177
56937
87778
97803
56168
18911
226
97332
57757
17845
63558
33522
33091
83828
68957
87269
12399
44573
69234
45487
70948
77749
43459
87438
19320
61439
67705
21639
59303
18385
31837
26935
12338
32327
5896
82410
88446
5719
75920
3070
39695
67127
72837
46034
59907
38711
782
25525
79190
90348
38606
17118
23514
23439
46512
67233
94859
8297
31797
50163
84910
50823
3287
82442
79565
83868
80846
17479
94960
25627
53531
30051
51255
55471
29154
17713
37031
29079
14872
21894
45411
89830
93929
97071
85978
94161
32416
76976
74465
84339
86769
20939
70482
67679
84153
94355
99521
70352
7910
1016
56081
46265
30509
18614
84724
32905
78872
43134
96691
47139
25826
34171
36946
78267
7045
91623
16261
62860
57939
13203
36371
55244
63880
91176
71963
25561
43937
23683
22747
46960
36706
96258
12140
77779
587
82843
63435
91572
15196
12661
90978
24667
56291
40199
60757
11489
18193
44955
59585
99249
62863
37152
10887
85331
79190
6382
32603
87474
67481
48669
87132
91500
65469
86081
79476
80617
39501
33251
67806
44652
22607
2624
17021
57903
20613
73926
55879
40621
39208
25630
76658
1222
64506
88727
74932
17694
62989
41175
19470
55694
6900
9270
98725
87307
3017
88781
18723
95838
16527
51113
96449
55041
89081
43326
34027
2638
55173
69396
15863
17666
56978
46129
11371
82118
24740
24195
57239
21995
370
48864
18462
9243
76440
75273
81076
78758
85419
66451
46789
23381
27384
60036
99431
71964
81451
35500
85860
93656
99705
76148
60111
76162
4236
8474
64937
91457
9409
31433
61659
32953
68991
58115
33587
70136
95194
69389
70919
10412
50702
62456
78230
93056
77406
16422
83040
81641
87368
96671
47478
1464
49650
82202
16684
68004
35156
8626
60849
9549
35687
24872
91641
12920
98140
81465
71550
3216
70657
89846
99088
10672
72791
73397
53594
49597
36498
97761
25236
25015
2406
25375
28560
12618
34134
77391
2734
32900
12603
7044
38725
27650
99079
84486
84902
13902
30166
4695
70441
85165
56359
41839
80009
49061
72863
41754
35216
45977
40319
79208
50740
55754
67895
22583
96562
59336
40128
30185
24682
57677
97512
73321
39865
50558
58346
68302
13579
69831
10549
11510
84294
9868
24168
54119
74301
44740
50398
54996
42662
9935
27214
9449
64006
32418
78711
45632
5840
2053
24226
76116
56113
58021
99432
52451
79592
35596
42823
3142
70162
85647
91912
68285
39812
98154
99460
45523
91951
2180
8169
92393
93834
37575
49994
18829
57034
1701
73344
62628
97174
19779
97563
54717
78073
8132
95359
279
63848
56615
27445
79543
33353
66289
5540
74937
89223
33158
3055
95020
74095
59435
6127
72875
96012
45505
8067
92515
34804
26199
2120
94744
70420
48503
82603
58430
29206
68467
14915
37969
25447
40188
26316
45214
48148
89467
52903
20379
48754
26019
91027
99253
29076
59220
73623
63375
56395
11673
481
30394
75085
8800
21991
79245
22294
35437
76572
28269
42547
16889
6312
85910
89766
90338
52974
15268
57068
57775
29081
411
65362
37511
46318
66118
32266
62144
75737
97543
52593
35508
53670
56367
43493
24173
95763
2597
49654
23952
17225
42908
88575
22311
48425
57911
29506
91455
50677
41665
68430
27549
76199
65476
61090
36455
25808
8895
14465
62617
26330
51742
24387
54206
22005
36361
18259
78931
99731
42023
13993
29591
7605
14979
48622
71812
84219
27987
52156
63309
60791
96360
75653
55697
54429
81548
83216
89758
96
57671
42153
15534
43710
14281
34791
79326
21928
96138
83158
96929
82493
82685
56766
68406
75445
48868
13930
48444
60891
92435
17591
76021
85578
35471
93386
94279
37320
5931
29819
67127
14336
44471
55599
10739
44198
87940
96581
40108
56452
57556
23505
86793
16545
37276
16754
36247
54726
74701
15952
72769
9723
7433
74113
75571
59776
71396
27953
36038
65364
59010
25235
44110
94100
4428
23030
82129
88409
95342
89030
68593
93871
399
77123
9498
70086
43078
98682
7814
25199
65428
9755
85302
23167
22355
8628
29037
58300
24538
72580
14820
275
87608
1630
91867
96117
93694
29436
86946
2415
11659
48269
28160
14210
44165
98781
20694
33825
5975
29581
40607
28342
47105
53536
8342
42650
53122
77214
27784
16339
64128
37659
60742
79410
78128
85484
84857
25510
84076
67718
47312
3812
97422
74144
9356
94020
17912
49013
60798
24925
21148
55090
3895
8320
34506
44027
44424
34614
77329
89620
29385
54431
36485
63323
36664
16791
46921
77714
4445
83100
84156
34253
59145
50909
52414
20512
94888
74565
54067
24065
99146
29854
32877
96677
59986
18043
20282
64864
25978
9276
55009
71961
61129
61303
26524
10817
46614
19844
84724
15725
94274
49180
67955
40477
39398
32572
18279
53739
52851
99195
19854
395
95597
14471
46494
93662
33809
67039
59109
29000
84007
82410
51683
66419
33721
18792
14665
41135
77217
11847
62048
39279
55667
53154
13350
69641
9450
93013
24612
95794
88944
24590
39562
22752
48185
38482
52502
17034
12056
33901
36522
85506
71642
85240
75978
62721
23285
99626
31412
48129
37167
80877
60436
75124
86405
82120
64438
52277
20490
52428
53258
89143
82921
54006
97880
60730
5616
63601
12221
26316
93693
51576
28457
6751
37692
81605
63174
98778
25537
10667
74465
91913
17024
59304
59909
28415
43827
27268
55779
47361
62091
75872
8889
92307
33729
28086
55092
98071
89448
78119
91678
27598
44517
57194
2492
92939
62966
6120
65747
52227
8718
26559
70277
14372
14324
45449
71511
48414
41322
84120
85270
58779
69861
79441
44865
20581
6942
505
15329
36917
93226
3905
62841
1291
81425
37125
98499
5850
13748
72331
15647
72378
34435
57273
94442
37867
10436
91084
56298
54836
34155
50498
22977
65390
33374
94226
56415
89465
86894
80145
20310
88799
87368
57763
63979
25757
77986
54660
981
77050
84949
35247
16548
98690
30236
99401
44389
72311
58328
99487
61871
15971
39657
41314
86425
59616
27985
34082
75914
28718
68233
40862
28494
98770
40309
50632
30481
94463
66387
87028
97653
24674
57793
34272
15849
96417
25576
28307
20866
79070
18916
93625
37718
54406
55783
37951
61820
58007
85117
37203
90476
51072
74769
57153
10207
36321
57401
51016
19539
53686
84599
62007
27663
91124
99754
31021
56813
96095
19455
42334
36655
81762
97842
42656
32218
62966
12650
12379
8791
93429
18183
33794
12777
6793
70370
85228
51773
35221
57964
78276
26292
13350
73411
92323
99536
38875
94832
50522
65588
28057
32873
91717
42886
70390
51680
61636
92979
49895
55713
55597
99667
75447
87871
2769
55981
70944
60268
81552
11595
79887
94916
79357
59704
91071
98352
87661
71057
31339
53775
60279
17412
31539
22262
71543
69710
6413
98978
64845
30863
408
28503
91763
31623
38762
38849
17729
81254
89224
10028
13282
99439
12858
39390
6164
24131
25291
61074
62274
57834
60966
70645
59186
57283
40704
98587
67842
47526
85051
38820
44148
88211
66434
86282
78558
94207
42028
34700
74972
213
21638
36988
58249
39619
20355
9691
30075
44355
56288
35995
45623
5278
42596
52070
32354
91179
3866
18113
78299
8663
37642
1286
49015
95121
55244
20920
68588
86131
81516
31688
22389
17830
25699
69324
49239
65573
62183
33710
3005
62327
79271
52420
681
77130
63264
17400
81187
12194
10133
84219
23036
99526
87122
49914
43696
66382
41846
36772
95506
97132
82039
2697
30961
28518
2001
20783
77907
29790
21029
33053
26658
26063
7355
74084
45978
98930
15581
25887
616
12631
68087
52947
99397
31930
9806
15275
4858
813
74400
13590
26887
68714
14149
51832
34463
48970
31645
63464
27803
26758
20631
53079
89281
81965
14840
36369
19574
54162
381
25558
74588
42276
51968
9871
99640
18646
98949
65079
26785
98566
36786
18201
17029
94328
66925
43900
17181
90185
71813
30775
59019
63232
72853
17648
40256
10565
8769
70723
87763
62043
53202
52021
75417
8856
90951
92960
28729
93729
56209
43201
11923
2525
3159
15155
84743
82169
4103
49154
54565
61006
60099
24966
57303
36191
63126
99661
99906
81621
46385
66928
94206
92032
8494
36221
25299
59794
41373
28124
18402
3587
68604
70961
99387
91454
1577
41153
54507
77508
51363
99382
40916
18153
34461
12846
39241
62809
17370
63604
56406
44960
24326
65077
32957
17847
10741
27782
20877
40355
23460
56527
36196
86267
18170
60478
33953
16860
60999
11990
28432
2727
9863
16934
90488
44280
14913
58713
23820
61698
80546
12212
82090
42101
50738
81436
73774
12779
61743
12458
35370
88714
63913
8894
32968
51459
22015
69696
56688
97243
80905
24659
69062
88760
63622
24034
20406
28542
6941
59709
76025
95323
57224
39693
64167
54008
86341
70275
4267
52935
20804
63061
8548
13911
97696
53668
32496
90543
12420
87000
77459
1819
38636
96843
60913
89197
90891
17440
27237
75960
41884
18286
4982
64236
96152
54862
13533
78414
12252
21568
50337
91661
57782
5543
83140
51600
36470
66777
40736
71093
92698
60400
59660
57307
70
33618
78693
28344
83674
69282
26117
93739
54188
45463
72323
8847
45946
44945
67007
79288
12467
50835
68998
15440
306
85386
79895
83092
2287
38161
27602
582
40164
62477
44023
78743
28800
34099
44734
40067
39223
57910
78375
54602
86520
11259
81610
41020
77888
26591
47121
22464
76663
74474
52706
98726
78216
66778
15046
24323
1837
81674
58635
45314
75507
70307
42826
75882
83370
47866
36539
7866
62985
64087
49838
27738
96625
73785
81638
51203
45585
46464
54490
85508
99950
85270
82697
70008
82577
31951
74292
76774
57341
24200
40981
80080
44656
84897
32351
26019
7887
74120
85361
15205
77333
41120
98905
37953
79314
28565
81502
13554
49740
50905
95152
22506
97073
70181
95872
16112
24744
80642
55265
10281
29327
71348
33786
64863
70184
44287
87733
86695
16515
93497
96075
89446
63946
957
93165
30773
59834
76768
3128
34025
31673
4755
36540
95936
11640
32132
88692
43862
36597
89903
94388
34561
88719
59990
70865
13702
35674
88969
80302
23570
78230
3172
32268
1736
89046
12827
66579
16957
55609
42858
72546
40669
30536
27483
66918
96410
95073
88184
11404
83811
14292
70815
47585
50460
6237
15717
44650
17348
48034
60511
72013
75605
98757
61370
23964
15897
45508
70968
64600
2834
89898
78718
54705
17364
2478
33818
72402
96693
75053
39066
66759
77640
41190
59761
38177
96006
20374
49286
42837
82789
33747
85119
28336
69118
74247
48328
54077
21812
84022
14248
60406
90036
50178
23005
45625
15867
35852
37183
94465
63339
7748
23584
64002
1180
43918
26432
28473
3503
28141
49657
95073
76211
32895
65447
58431
24344
46840
35317
99250
23406
29397
94094
45303
73150
189
51515
76848
39253
87423
23432
57683
79535
71161
60977
22567
21369
40298
75329
15932
22558
27796
94137
7008
73728
26855
47975
73892
98852
70626
49721
97505
11832
54298
56302
36279
54101
53924
1944
64442
18145
39381
98214
67214
75542
85549
71306
69461
130
38578
44044
80941
91696
93560
76064
51082
84782
71575
67684
98801
64007
87469
50386
86701
29782
48709
25317
74180
38002
7038
18874
48143
52615
55510
44980
64497
57911
10661
20836
23827
17657
87341
22160
4481
90601
83270
44312
69671
59335
35466
22249
17952
8753
98749
9658
7535
32498
43948
27189
88094
60509
85150
64235
81553
90732
10879
42209
24691
31008
79043
60990
84149
90436
27981
86928
93767
87830
17068
54813
68287
87873
73518
33489
21044
23748
47834
96343
90508
53722
60966
59595
67400
82066
58368
26169
39636
46845
90284
85058
39426
58962
25944
77667
69091
89489
45506
48209
47634
43708
58925
58218
8723
31596
6393
70030
47634
49255
59103
75492
41141
48386
7627
27418
1346
64758
99673
79263
91986
24008
5417
25405
17001
42924
85985
67923
1146
54438
18553
21486
66841
58790
95498
63531
53434
55582
36216
95411
96947
71182
78678
97656
37602
56700
10547
24041
58843
29916
39274
23869
10925
67670
44218
24482
98405
54783
14965
71703
52459
97123
71916
36017
83189
43313
91432
89097
24041
1679
37716
44397
99608
86738
39920
32229
75342
62736
92554
25206
38617
28670
15012
75133
63391
99525
59043
31652
78416
79610
98859
45352
91179
26301
50639
90225
60326
70631
90759
54126
32309
76358
48659
40709
88747
62531
54251
35569
39027
44970
38573
4294
76090
24511
49990
58061
20955
34779
44424
87317
23910
69808
19479
9780
25818
74419
95030
95745
31933
8850
77921
62462
50086
20470
73023
36485
45296
88424
91837
14422
16795
87714
1465
50625
69592
70625
5335
82774
31081
4060
3984
14842
57733
17927
98756
89359
27920
87491
86129
60636
55546
66704
74766
31147
2532
58121
71444
94495
75493
63142
88383
59171
55945
47266
42629
7984
27274
22951
30599
4395
9694
33772
59316
98038
41878
45240
75113
58264
55754
88681
39163
67034
41959
41132
16170
73270
52302
11686
17184
84246
25000
90867
57503
92456
52675
7124
16457
76238
32476
71817
42256
41457
84138
81599
96536
59994
75165
62528
37336
62036
8309
55223
36522
54875
63006
80744
64456
9684
20880
82420
3915
98816
9316
7886
1912
35944
58025
4712
52904
18581
25860
34899
83847
65936
58511
26390
56610
11237
30888
89198
42032
38315
79335
49731
33540
73299
84458
24600
13934
14516
49988
55028
39820
18715
62635
87109
13481
11873
29441
33475
86780
23934
84790
88297
6817
39627
14897
64307
20546
79402
72156
39013
32277
36653
91059
99931
16713
89749
30129
9205
58676
18174
88101
82333
62153
86239
49252
55208
46850
79424
90099
74892
21691
83501
6983
6276
16600
45239
7542
68531
94937
12486
63510
89004
15384
28992
53111
6266
85600
62360
3895
27922
57662
81344
9400
34555
54331
56193
6388
17158
14156
84383
83412
33424
37098
97632
64164
88069
16294
40522
26168
77335
74801
54312
3144
55397
57845
90256
89119
40296
98000
63585
2320
5692
19883
49350
88322
35233
41669
28281
61512
26939
81834
21723
20302
41339
52772
41023
20742
10597
8477
58104
50881
35438
85641
39418
71416
63850
41767
5038
9021
30937
18660
57804
48658
45427
75158
42955
59530
70630
56658
25427
78950
72701
40078
95177
42639
4979
3712
70866
72426
55757
10020
73663
35879
53886
60685
47212
68227
83325
50530
86387
70016
79251
33635
19022
45921
54825
64455
3948
72017
26802
30720
58811
51461
143
76081
25520
3651
24971
38774
28342
49908
2209
28158
48202
83115
31876
23368
81251
17688
90223
53846
33909
81684
63198
68879
59996
95833
74361
52061
73897
93682
46304
60061
78277
37468
31683
52842
76197
46549
52898
31166
7426
95211
89618
26239
59541
45187
26830
81956
27386
52847
52649
62315
40895
29340
47680
92380
27877
21409
952
34194
4533
56166
22947
18131
41006
18095
79814
58414
23604
92660
63698
60586
64352
27628
89288
66589
46350
41870
62901
41729
91345
63355
18506
72295
13762
85423
69756
78812
63991
91847
17173
10716
47222
98732
72593
6690
45270
12598
29249
95474
94078
78857
83959
91267
10595
29934
7946
78034
8989
42453
17844
2223
41401
17639
94740
44379
23206
10080
22071
46787
55754
40684
2561
80581
16293
1905
70966
8750
96696
83425
7246
54901
20846
80283
80017
57609
82710
5242
73593
93610
81089
30501
43308
32390
775
12745
54425
38391
98323
92419
57812
67302
41726
8999
36575
81285
98120
83857
66678
63987
81740
39604
57089
82643
86979
22571
62596
34819
86340
12185
32180
58591
18470
30684
86280
83036
21580
5747
58295
70553
68103
1647
4784
33175
58389
88631
17316
75481
19724
12060
67541
71414
43442
18316
24999
83571
85318
8783
77060
55971
77552
97856
28815
80974
55407
69749
48307
9596
76663
81422
96692
5319
37106
9196
81228
29206
12832
22859
25718
25704
44959
24671
79377
30440
50571
78149
76585
19710
54078
61952
32426
41488
79747
19703
34712
8739
22799
3665
75077
97322
59704
16789
24555
78740
91429
76957
6434
61041
2378
85808
22980
53735
44712
16246
78053
80614
77436
13565
34029
17342
44073
90247
29795
77335
52681
78452
75771
89880
18069
91671
90481
65099
82533
65977
8026
24233
49010
84450
74281
26645
7874
95152
46159
97637
94019
96511
34751
2098
635
69625
35823
42043
82935
27540
84612
29629
23983
4096
205
27381
56272
89311
82561
65513
22485
89440
66028
49242
90608
75782
94657
94924
26583
22560
51516
19465
70449
81802
89674
44105
98761
46212
46927
24755
54742
56851
25195
40661
3756
22589
65255
54868
91582
11771
82559
19833
11893
89850
10072
74651
61078
62307
91492
79876
64325
46321
99972
2439
19153
59098
60662
31060
12722
70911
6804
50591
71086
47836
49430
25172
60797
15079
48290
88066
2655
42526
65869
85953
41901
34722
85126
95063
34552
44874
15929
48115
10547
1670
73475
34230
56511
9233
81094
47386
23228
54388
14672
50925
41905
22524
25277
56306
15313
86974
8110
94521
74654
28041
42225
71393
84113
25475
38239
62730
49804
1226
8168
67687
42024
75297
17306
823
62513
74369
70873
94838
46997
96110
39302
31988
1825
12967
35061
8748
15748
23208
32070
19708
6156
97869
4
33145
65511
37887
39770
74174
44819
80208
50226
12316
97074
38160
12380
10041
54126
58661
5634
55492
17289
41020
89907
4939
36077
19740
81248
41000
74546
75429
9249
39093
70821
67138
56515
39727
74026
15608
26900
92392
27269
15992
60171
44275
46514
7757
53715
71012
18013
27132
49054
29889
35279
58910
32247
79634
81718
67211
91652
13040
50044
78368
73935
14155
76980