51273
1781
77007
89233
81254
46633
60916
78676
38307
27365
18088
62521
62801
16871
38066
13536
71746
56061
46948
74130
84209
92926
1085
36833
4361
45595
73055
36168
17068
60479
92972
30204
18342
97819
73213
68973
33151
77904
74496
63686
2194
4659
53775
39381
47508
86955
36294
94280
8133
2228
8191
97451
39087
25
58417
74894
72998
87263
67726
56235
58860
41779
36606
7119
42229
15732
87856
9627
96637
90171
79546
77648
56480
77289
38484
46496
18184
92896
32492
65799
12034
36390
12309
32264
30956
67682
63144
35165
37328
78211
57232
40402
65790
64288
7854
79549
65687
20867
30342
53040
53386
94384
35152
96851
44595
33576
64601
71642
29788
3005
52133
82342
76142
44342
42453
78689
55365
21336
52025
23625
28662
9559
41613
3172
57635
91440
68320
48838
46951
33580
97521
96255
98186
38168
58749
3863
22007
62798
41729
92883
32569
96483
25701
67740
17485
16149
59299
13056
73876
64179
37334
63429
22241
24560
97532
82129
59540
57239
17685
95005
78730
99091
99958
38978
43791
66963
70937
12932
34629
94163
14207
70923
51853
6466
6023
39749
27903
96819
11526
2605
97703
7841
64159
31024
92360
35876
16469
99599
56822
31721
12071
21148
63907
24463
45600
99005
1744
37601
61346
4291
93369
50014
2820
49705
94449
10480
10819
36987
30267
56167
7233
81064
49174
14651
68778
17871
76837
48413
11527
78345
46492
65863
38325
84406
34625
16985
27229
51405
41527
84955
5965
8605
98199
49180
65695
8045
59357
56206
55339
95114
69844
79411
68927
75878
97451
62545
92282
85846
57766
77340
15154
62091
97954
67531
75041
15373
86411
51816
82067
19179
49184
71360
54390
97851
70860
29456
21520
92865
8690
66421
94815
42745
37718
86788
82152
5229
9421
88787
2396
75348
39620
43514
40736
13218
22453
52558
66617
80962
82721
6959
46342
26426
37012
99919
48932
92017
90919
37839
27979
37904
66014
75720
96599
98703
27430
84590
68150
50207
95174
17706
65733
6458
2108
51470
53132
51115
48002
92879
45513
64325
50819
3640
84001
79466
55371
7581
49066
67976
36808
19211
87085
82411
40052
18151
42668
87205
72748
72603
15970
16447
16715
51788
51894
62781
26527
31994
54431
628
88210
4338
9759
49081
49504
72504
26071
64176
62790
45143
44406
14141
35040
85544
70003
91239
99544
29098
85073
61970
68604
98637
69108
57176
40556
25083
54585
81291
98075
6351
83593
62691
7701
91020
95844
41217
59786
86342
10857
4728
67473
16677
71315
15274
87737
24762
78866
41554
29776
86289
40158
37172
72677
48672
24458
93661
28636
85240
86680
76197
68225
18854
91918
48734
81012
18584
61649
35114
31841
91571
99089
41774
33232
34469
64733
4410
61676
20435
6862
42346
83346
43496
92304
78158
81729
92244
51959
43634
51324
30557
65032
5814
96687
98820
41847
61623
45484
83274
58945
33163
97310
1971
29288
47024
62339
2663
62271
14566
76484
50021
60544
29811
82241
47282
39937
56881
52108
12103
57341
33945
21353
74884
50301
62437
43077
23790
9537
86194
63175
80124
83414
96159
1783
40727
84062
9227
98846
63955
7439
65739
65494
64192
34443
84872
70880
37889
69010
20515
31040
69177
81514
43338
65585
90097
33547
12303
55395
92859
89037
35988
73073
34286
15532
62611
99701
3381
12992
56503
81664
32296
16548
93762
42590
93531
83128
50200
6332
17326
10946
72373
91516
24118
31784
59347
10799
27915
23719
77202
23504
94666
12739
44264
6881
41013
86797
30611
83342
55156
7962
19079
90157
68764
89697
77859
73384
14726
8447
36141
36216
71306
6789
17817
97088
320
26978
37276
68579
41279
64054
71294
27403
2815
55340
80722
9810
66597
90743
26122
90275
4011
98826
79118
50524
21614
65041
83921
75346
31630
54132
55276
84667
79642
22283
58591
57112
2021
79097
30088
13385
83578
63533
80319
83118
67760
36452
58071
64080
31909
54093
30016
81043
77149
71437
96222
27349
44090
8954
61346
75859
45684
8666
76920
34972
99410
9821
17320
58717
45624
98703
16603
97067
39643
648
1139
20928
88395
94060
90130
1051
70194
12625
65380
82192
60502
58526
41766
63430
78925
78412
63807
16907
61471
25234
92238
43169
85531
56732
27927
14556
96720
23548
11115
36372
45656
91597
52580
97389
93672
23651
84495
39484
46061
7475
92953
35829
97895
85151
91330
90659
52749
74665
86278
958
6549
22582
97019
74852
95579
41803
15925
96878
89380
99920
40815
91030
49538
23206
70656
60495
31758
84215
93443
91807
22203
17291
54055
381
46583
6428
50284
80336
39121
13219
35947
5511
63760
80606
48821
92852
56497
68742
44614
86509
74080
18230
43139
22125
74790
83918
9604
51443
41869
40217
7557
13768
42602
29813
48170
44822
64710
6790
40679
99669
60136
43102
59249
74085
58948
86204
70194
49834
32004
37962
20431
11010
69907
73786
12081
27661
85821
96889
56587
4595
87325
72412
39299
94672
59339
13499
90774
27896
85063
55728
81268
66516
21925
83764
86979
39648
51305
65412
35106
94727
29108
53833
26263
29935
81364
20328
49031
2282
55444
86519
35105
982
41265
19696
13591
91186
64305
85907
53808
13953
5304
28323
83313
33727
56024
13277
74501
42057
80828
77769
16551
52680
11300
54506
27710
26421
12310
97922
69256
59229
9720
23359
41794
34274
88149
26518
2170
15353
2682
99829
51955
99477
10239
80802
93014
84503
20659
69269
50689
58268
23241
6690
46048
25385
31387
92805
93915
71215
74265
88728
78638
1195
57191
67895
82017
6891
72033
86857
12405
76400
49255
40312
52928
22433
33604
19790
75585
46945
18511
53169
19140
26121
528
2205
21788
88851
51049
34467
77601
45959
10452
81292
8744
34331
51804
99435
41754
25781
33577
77461
75096
24265
28551
93993
76454
43852
28701
50774
13998
42300
83636
87415
50768
10070
41924
1747
28003
7855
81164
36817
5203
44213
33520
35435
79749
50276
66956
43626
30803
21656
10029
31274
29624
27701
57099
23540
11996
1950
95144
73054
53878
71387
33892
49843
14252
53779
5064
18148
97704
47681
40775
51374
94673
34910
68302
90339
26809
63820
4177
17557
81322
32333
94709
84866
75826
32522
21119
89146
4322
30047
19831
95226
96005
99311
91367
52703
99297
2350
25139
68303
41306
81117
33024
33093
69719
52756
11113
11666
48753
63470
5227
89297
81305
50147
3549
35986
68400
43456
70746
67083
80277
94934
6088
13276
90307
99079
59374
52403
58168
65823
29727
13072
99837
91261
78743
99276
32628
20325
52757
85272
56501
58822
87357
98647
29702
51919
56763
10569
17506
91866
71133
56461
24647
87441
46261
17872
11020
14227
64420
3657
73390
15594
52529
77086
88436
59898
9106
42392
94843
14792
47272
10788
78727
63934
75239
30643
48083
84194
70977
47129
27888
60640
57430
46322
3669
29772
3465
67761
11166
33652
21952
92855
42101
64435
53145
97900
18122
93791
31490
93951
31166
64551
7925
23112
70149
34963
90126
26427
59184
70581
40330
71452
69921
52664
32557
82655
7719
1267
36882
8716
41375
77879
25365
841
43053
61362
58869
915
31606
64444
90552
3349
44400
84501
50255
89132
62711
56576
23092
10238
67532
36731
31301
10425
81287
19308
58008
16745
6845
51388
27698
56259
16627
80596
26243
98605
26220
59232
24330
4442
26343
96361
55833
44469
33520
29870
51576
39325
24474
29882
692
87240
83415
66693
49344
14019
86641
30774
69192
1879
54824
35675
43918
41298
35937
52353
91380
68873
65735
72849
97994
58357
20321
42085
27992
44918
14074
82286
35235
15289
58973
4858
25114
11152
38536
88718
68753
53808
70943
8295
10248
46429
38314
21313
57844
80908
81369
77413
55803
15510
8665
47278
13524
13186
43453
40
35250
89817
96335
40274
2697
1727
16728
21679
73034
78691
19411
75159
61596
90136
61333
99032
86539
85031
26501
35438
31776
92449
58400
13337
75167
57814
56043
90000
79073
9782
30071
21677
71444
49148
62281
38387
9324
72021
7332
86271
93095
70199
58782
60943
35630
58005
70349
83295
66898
30148
20826
25525
25018
34859
92265
57815
682
32490
65642
30788
27297
1907
93951
7127
26643
89301
7202
34268
9251
18998
93235
53049
37868
58968
17786
66385
1425
92049
36175
15621
50638
97177
53153
20887
41620
5763
51314
87949
10884
57096
74320
42415
74395
79821
39980
5561
88019
77943
46270
4563
10466
62336
6670
78172
54083
65009
50091
78579
90289
65962
65254
36733
14052
17032
54655
51301
47564
41249
95771
4065
24174
99901
83445
87590
43241
15268
28735
7416
86634
33104
55055
33149
55131
65240
57451
88235
50600
8112
97979
62706
36608
96084
9351
9143
29380
64567
51955
47529
23359
87502
54202
80684
45038
15669
21954
70634
3663
32016
18146
3728
43233
61322
70343
2293
21395
87780
84346
10396
78971
56916
33676
84819
23100
35342
76055
39643
18986
4581
15658
76392
84644
52194
33997
6333
8649
3419
90831
52158
33699
55047
18728
33431
58225
72307
6939
28937
96638
16623
99286
38643
87757
48246
43233
47387
160
1391
73953
34762
26066
54434
81732
87706
50938
60023
19758
80647
90916
88551
1921
83576
68771
4982
32875
61853
66728
81253
51538
74488
92551
90086
21556
52937
93614
63371
63056
31236
46404
17723
57575
2419
13433
82787
32012
64728
13356
4970
60488
80179
79305
79158
44705
73586
99968
4100
27267
52189
63160
55280
79774
65938
77935
12527
98152
9286
45199
64201
1945
62886
90326
17018
53107
65410
81717
85236
98779
4580
57350
79703
5092
95847
69203
4091
58103
32698
79499
74224
54082
61307
98819
66145
64007
7493
68193
95301
18325
8762
76995
71662
23624
33054
54632
70944
44916
1275
56895
31493
98004
71167
18376
85598
6759
60255
63896
93152
72759
46794
35091
65661
38040
95811
52306
49863
39459
7300
29857
63477
17830
7835
87504
40018
11229
59676
63721
61250
37356
89004
13955
32583
62516
54030
62141
20094
13973
68872
27777
93691
42343
43776
67988
60623
40276
65191
85465
57356
9746
57958
8966
31992
98485
45879
65146
70376
46880
68637
93102
84412
39062
17062
98375
66378
28767
73107
51641
6848
49793
68226
97705
46590
15487
56441
25130
38898
97218
52504
98740
29902
57859
13221
8789
90580
39188
54908
20060
31558
8633
22358
40297
19877
79032
46633
81881
53313
99839
25246
47385
60570
40077
58384
3605
59726
45503
9857
71668
62997
5019
61083
53639
40002
8582
19579
87788
87927
54114
6516
27865
60235
83650
47546
77646
70291
69703
13124
83649
63624
13560
45531
87663
72162
49592
80091
73491
36531
74943
29573
37809
24155
2855
71864
94595
52471
2425
51555
28285
51544
55777
60527
14491
32975
63314
11032
17680
50615
51268
11661
15445
90787
42075
69901
77880
33053
93635
23074
54520
97911
69285
82871
35098
87616
62977
53976
96678
62792
65086
50308
36063
92855
60463
70617
58608
17197
22364
89233
66769
38218
88056
95111
641
11999
61698
85330
63468
8799
63575
55266
35136
34333
95138
28268
14665
41034
84109
3941
30168
21100
60313
2035
43754
34473
93262
65629
38801
93330
19853
28275
89632
60439
18430
62820
91064
8204
8717
76992
15434
29721
64309
23905
16289
86176
66757
91891
4426
58222
54785
32123
11125
86894
72434
88334
36392
46817
46590
79146
38366
33763
56708
89709
88854
47950
57549
46542
58562
66405
62457
98879
84588
28880
76921
98320
47579
83842
14778
59305
24186
61984
23607
56040
23792
23144
24058
33291
79330
25883
32968
98196
53659
8522
50159
80752
72105
62004
58610
61205
27613
10111
56805
87963
73162
58449
63922
81928
64117
39110
10522
43923
61358
74410
88053
90581
88942
44689
27970
21150
40197
6121
3343
13771
41208
84723
26386
87972
97187
62587
10239
77359
74057
36090
4606
44423
65172
69371
41772
7491
19115
14614
72220
37680
61151
87753
22007
94357
18364
57264
2973
29178
91897
91076
58892
25156
29177
16847
85300
30065
81308
3354
74023
87841
367
3318
36075
84648
24839
92426
87128
94213
8711
30816
98823
52703
85523
58670
49006
52525
447
94353
78
48009
47110
91857
15227
65858
73382
87099
91742
95020
72631
64269
62609
26830
98596
91198
35411
40900
7902
38148
79587
43209
99561
46943
48385
89187
21461
93702
28136
76673
8598
9885
50995
288
84027
4889
42231
29746
13919
62253
3777
46566
56608
67783
16617
32436
77364
7473
67516
13
77383
89342
64665
69296
36603
24418
8405
22762
59812
18073
18733
69375
32679
58238
23696
87610
22390
46904
81551
35846
66535
30310
38774
32100
10956
10400
97719
81389
27673
68356
10247
55363
12949
70238
84325
24832
29041
79977
42653
86987
22272
47170
37635
72471
9652
73657
4599
16673
69001
39017
40715
37099
15964
9500
37108
82097
48542
13899
40475
34202
43877
29004
66682
82134
59360
5497
15452
60785
36176
14413
94187
38816
18987
3238
28048
91874
24940
753
46653
93172
11666
35334
94178
64178
36532
16003
42990
97503
68871
40886
98870
85470
85563
97349
40824
95492
63183
28602
20211
51503
47072
47605
39800
30194
78181
21300
77239
71875
56331
75700
91134
89829
88406
85498
34672
40968
14605
96630
66946
77243
12401
12393
29165
59990
90821
91636
77372
8759
74211
32883
98563
551
75762
76954
78487
17026
81537
10206
4825
88841
6297
74014
11431
15865
28440
38979
43584
72057
34989
39380
84650
43112
17002
84129
11520
24430
12012
51565
26948
50895
73398
78209
32637
7226
29332
15086
47170
66472
38132
87427
63130
33352
44046
80144
24987
57849
71848
81858
5911
84767
17358
2892
15639
43048
18119
88386
43250
16533
26795
42217
27404
97108
12431
37208
20006
51201
29940
31034
62291
69447
22150
42210
35680
49788
5773
33094
47242
1902
88147
70960
69533
588
21907
37556
91015
62545
63954
37300
69096
18871
48777
86297
26190
53199
3113
21851
31300
56601
27076
548
10856
77257
48931
21847
2475
5393
40294
54817
13643
96128
92567
5801
13875
50959
41814
4977
74330
60807
64755
32520
20292
38755
96548
53488
5834
34769
18886
6320
27760
52854
11350
89768
87930
51578
92286
85466
56120
68605
67629
8987
62673
2800
71086
42492
83997
52904
66464
74399
74212
80285
85051
82827
85381
11277
68868
72468
73189
17599
56218
59060
76851
79601
96561
95011
49575
89659
63419
6187
88818
26203
16106
33399
71028
93267
71250
2343
62143
89497
28026
71189
25916
33587
25278
15980
17873
74546
37344
18115
62360
38649
83746
69978
40307
39149
9786
18394
60865
51062
28584
92131
43779
12654
8670
63425
25665
67325
31225
75156
48715
61497
46359
13705
48172
32394
55368
63834
52715
71866
44638
32505
33868
16142
44257
70481
98414
98550
23289
69861
83832
40051
37942
85549
8612
11069
72986
55416
20511
15778
42117
8590
91613
51647
63464
82414
52365
13361
94118
82256
43694
56659
5487
74540
73341
83634
58680
1699
75457
48623
28239
59890
59435
35528
13873
58670
82936
43767
73543
84944
71555
35277
92869
47393
71064
65374
10654
20225
47880
32569
61392
63382
38274
61122
79990
84767
61888
22657
61120
96796
57651
95183
50274
14059
15506
62549
194
97606
3507
41536
19499
61149
68497
61724
77549
16619
52407
40015
87018
36243
9659
41732
47532
80477
3903
19873
8713
7414
24287
39395
91216
49096
6083
30786
96498
36976
9230
97345
96518
43588
1662
47991
32423
49469
46785
3956
65773
44238
37414
92462
64303
96608
99971
82072
64509
21362
9778
57403
46505
18560
83130
48112
49730
43267
43029
35748
18937
56856
58329
10802
38377
27501
37794
14098
68205
96686
94182
37471
27604
21930
30805
98822
36627
84624
5224
44958
62771
52800
74184
25046
80048
79431
11664
42184
20172
54969
64756
21604
23442
35755
58387
2021
4049
4840
29105
68832
93815
25337
68950
21871
62073
29501
81419
20176
94955
21605
41565
39110
67802
95109
86850
78737
14822
5289
85750
85557
38778
16726
58601
73444
42166
46464
30863
96399
19634
5974
61387
86368
8578
95315
67860
81276
8551
92135
66056
83785
46680
23224
39898
53535
25475
41657
45719
97670
36807
66100
59628
58360
99548
23117
14610
93507
29275
10512
52123
56183
5594
13782
93152
60129
98818
22136
66477
47120
42029
80470
4368
32462
36831
11933
75214
56844
5084
21150
35753
32969
8718
75051
86449
72667
10490
22976
1202
14534
90272
62252
30353
15029
66291
8582
44070
34679
98962
64308
41688
97658
74956
56285
28995
68597
92978
84513
34397
96971
50836
22998
60309
74789
19984
72621
23949
30793
49836
14022
74459
75029
15467
91884
9612
29985
5089
3088
42894
19240
73666
1886
35807
53357
14695
37749
34819
17353
22155
66961
80677
98604
17456
8276
40094
21405
19189
51052
81808
85027
46921
77877
64467
65933
45199
24748
27331
55724
78998
78275
5513
89729
68800
33674
13834
84844
54299
5886
86617
51085
83906
99064
78687
66950
85586
3490
59351
93546
19229
51353
78613
15597
83608
40420
89110
11
36178
45287
30026
52695
40173
58956
53664
70335
25008
14854
28926
96613
64705
23117
36119
36398
55919
83907
93955
60824
72503
99220
80448
11724
60272
42025
43688
56852
11383
77240
57539
11871
47855
6603
76614
11361
46539
27088
45733
56260
64269
18670
53448
95492
24277
68389
79023
56804
49248
7799
72013
26184
3546
56824
75814
17295
52571
4699
68955
9720
70281
71634
27895
6491
90712
36325
5702
9899
70723
8768
21363
54962
93779
30911
18255
12347
73168
1530
69994
88870
46836
32040
40033
36279
83278
14401
63472
31928
25312
59043
97998
79393
49202
97011
72897
55893
39444
43979
89529
84011
19487
90672
35636
44551
12905
40592
4265
1972
44545
34431
92256
49344
47090
86006
53159
8465
31002
92923
5927
49462
13321
69357
86324
90094
88592
37568
1041
34047
917
33573
97991
92895
81883
32773
43247
54622
40532
85976
67101
53572
31851
84482
88204
11045
63005
70235
31027
96133
65264
44835
76714
34068
5999
61683
40958
69391
49287
58379
81141
90656
73850
53233
3168
28162
60284
56185
259
81426
33329
31372
78564
1949
89084
13215
4571
99363
75382
50818
70957
20773
14441
92579
14667
24970
90505
18759
53517
43567
7999
18445
85394
86023
11025
92429
63181
37997
72402
30129
19268
33371
73532
76384
75659
83506
13337
95424
97599
25366
92386
20211
65095
45544
93463
6304
48648
63490
34916
35457
92108
53797
30690
4283
4600
18437
9130
56024
30378
7177
32507
14522
6741
87351
61063
26687
53736
12595
75883
1040
5756
78928
51673
74936
78804
37929
5321
56013
6443
64813
10751
52031
31624
33
17269
43757
34961
66590
33870
98046
84138
48813
47305
1690
16473
51312
8034
69331
94752
92545
10967
93986
88575
45135
84807
11260
22866
26786
98503
39966
60966
56539
75588
11867
77067
90518
41297
1273
42083
4735
83316
80539
10726
14597
68102
23800
72439
48125
87134
14168
16542
37656
75278
58172
87515
52522
23280
60336
19453
32843
73334
91785
58497
29444
15962
23936
93779
42434
95578
99264
66982
92577
19399
34372
93344
56160
65740
61978
85133
45463
49839
18134
39378
38141
26410
64662
2028
50698
15731
26870
27249
72553
26391
99787
62093
61864
26699
52215
2262
538
56677
34543
62144
667
60628
56215
61735
8518
30579
711
84723
92922
47215
38858
21129
14617
11448
17384
14889
80538
23084
92309
35668
95639
5052
51616
76898
32677
39636
59896
45762
28189
80717
38363
39416
39583
24634
84958
33858
13353
2123
60166
63815
84498
88619
47211
85748
95427
75575
31184
29715
38003
20427
18936
69742
61010
23192
67886
8222
74185
55816
44747
20085
52603
58184
50172
84341
410
18841
99391
55617
20457
46375
51417
98569
17758
86162
96756
63678
11153
55948
17144
17978
55853
92851
62341
22430
30331
22587
55695
69973
76166
86485
89207
86012
2044
78761
50877
49308
81771
92388
48448
19863
21045
39027
42548
80489
8708
47250
20289
3776
89375
54387
17763
22132
75797
11358
35316
72285
42748
28369
86789
52710
89606
56477
46297
6851
33430
74625
27787
93759
49287
71780
20144
32199
99163
60025
98156
873
29182
95687
52295
73792
17828
73245
32974
85795
46925
11533
77940
23750
17087
69940
90076
85280
99242
82779
15433
2004
97536
63960
79460
18198
49350
82048
24483
87938
81067
99674
87554
12005
26637
1900
16830
2436
75218
65609
70966
82607
26171
40057
31553
34958
63401
36911
98310
710
21324
58309
94475
70885
86835
89913
99548
5132
61971
62427
37450
76621
36728
42201
1643
26971
97540
68790
64745
48543
46908
89549
2131
52743
88895
18038
34791
71136
92246
25129
92564
97837
56437
29891
54173
37912
48613
94385
23198
73171
57595
74204
58339
5654
26831
88757
23223
54106
92549
9153
61180
91743
57836
76185
54425
62807
78282
7676
49873
23504
4581
32214
55486
42478
70701
24222
88301
99391
18342
19305
97322
50606
29406
80364
25122
79451
65936
66221
77962
86891
41073
50044
86790
54777
24191
51929
31968
23860
37394
70544
67583
44899
39196
40033
94876
82732
2561
28849
48138
53956
47878
8772
86951
38693
67056
727
79184
96741
70872
89789
80903
88543
22355
89626
87736
32948
85682
10054
75586
65384
51189
51679
93818
45054
81328
1061
96337
46778
28681
75606
39757
23587
67948
37234
52898
80344
73600
27622
59133
3613
42950
64454
38503
3196
21829
27525
18185
79437
88200
9439
358
3879
59068
29647
26514
12110
38620
35573
6237
66612
40542
20972
28827
66267
45042
1381
41106
57815
90605
46870
23985
29090
95471
15123
13148
79344
55251
66819
60889
35942
35159
26019
55473
51903
45419
7856
36365
74935
97968
86464
35249
77854
61285
32203
94656
22012
8800
64792
44151
3215
89257
27132
95405
33862
35638
1232
77201
74283
95646
42374
22266
96407
8431
68077
7566
42919
59915
34895
43771
10121
2915
73329
99876
9548
51513
32859
42241
27246
24453
79960
63190
58892
1132
46654
62845
42498
76345
48227
25512
77491
19977
23653
74170
37042
12817
1286
77178
71103
58001
82669
8975
53166
49901
61143
3239
96540
46761
47292
2560
93811
18614
56355
7846
92696
82920
33993
26967
63719
82922
60806
8184
25300
39554
60650
45218
14221
75015
11957
52128
39946
74270
83873
36244
43576
57688
89031
60761
40732
26455
73574
49748
99748
35594
36102
55083
64
88208
84600
14895
26496
60090
27250
11349
1564
83176
68747
44617
84636
10897
22788
47797
22438
14136
10889
16953
73366
70254
23701
88969
40357
68832
68959
70950
25345
58477
60047
94393
72702
47167
87693
31207
16229
97701
39950
61908
80188
94549
60042
65386
35838
93812
12463
63742
57326
80647
13726
60751
73079
81695
4715
75262
97623
61119
92633
74247
69591
39240
29066
52328
90472
72537
89445
98
93673
63157
69315
53423
61126
44728
93794
80113
33842
20056
7480
17488
62382
79839
81228
75340
30791
88997
56649
60757
14217
32979
90300
38343
86050
24935
73187
39198
65013
55793
32400
84295
97632
46493
69705
66785
74940
62362
51627
36067
3028
66931
45976
79330
95530
6393
11168
71224
27863
63637
85351
5592
74656
63866
12694
25868
26824
5501
81931
66275
29974
37889
88590
14624
8491
27464
87544
32994
67954
92286
45039
47760
24993
59030
9832
95421
19343
32078
93569
1899
36548
68397
6913
1829
27126
28924
1245
58964
29506
39860
73277
67637
81139
22397
27710
52991
53411
55212
84531
14533
94003
51857
12765
50298
45851
6121
59112
59185
55574
92963
71011
82571
70741
77700
10356
19173
19634
31037
78419
48052
76004
45937
17325
59646
61184
21900
94614
30114
72380
66581
12778
12058
16704
94922
15594
1604
4623
44772
1938
99966
91971
82735
53610
77441
93376
79007
33846
19904
16613
33860
44848
3176
55720
27096
83513
73460
82058
40833
93196
8812
10836
13551
77944
58632
69322
95306
51668
93957
98942
64597
51870
72622
8697
16783
16530
30434
91547
53593
99510
9621
32981
27089
71654
94629
38595
96339
77326
9370
80493
49089
79133
18554
12343
65528
24839
34011
31376
25628
7450
93062
19637
41998
82572
18190
45491
96595
48154
67338
46585
35576
74200
74881
99367
88639
88216
16179
73754
13324
76905
61451
43290
8844
48319
35954
27456
74703
52543
18453
97614
10648
82334
84624
54268
64997
86231
12120
52722
64595
40396
16918
18382
30361
41476
67957
73205
2960
95244
60059
34588
74106
65855
57599
49334
73163
57224
13264
84250
56619
51292
3966
4364
96836
1498
6460
92097
1660
98530
22633
69474
15058
92174
74128
71599
85694
58144
45697
77234
67956
35506
49693
87545
42667
60032
36598
11168
6703
59266
8602
49169
78313
61132
38040
77119
73677
89272
86962
22151
49721
81613
40315
87927
16693
30921
5926
23226
16939
17142
16049
98942
75876
45127
86265
45367
97883
22193
19684
83693
78623
48125
17150
23091
92198
26349
7624
35575
15382
99326
67218
22089
22088
94970
14702
66588
59037
77934
92311
5462
44637
93176
41169
33097
83630
8671
43076
62128
23470
19846
12398
82510
45588
91687
27986
51408
90560
14220
81562
28976
16149
1433
43798
82657
76857
64742
14810
62676
83813
9097
10827
39206
40548
67896
61970
44127
56671
67944
24447
50202
44346
47346
58660
27251
65523
69951
90568
89495
83824
19839
71917
26090
70928
41673
33065
86966
85270
5920
23755
4319
73041
2396
99362
96795
22161
73938
81436
66299
34919
34259
60978
83052
65541
92060
29447
86526
79462
32902
61195
12518
91872
37577
65014
16967
55886
69695
91875
32946
73169
41144
63663
36604
62040
87851
76893
88272
65981
11759
71156
23066
76250
87927
56493
71993
47129
7939
14533
6094
89903
92618
73297
11788
74501
12753
35557
91393
36488
89215
63800
81643
1506
1476
59510
63714
89824
94877
41475
21603
60278
35427
73154
91782
23894
46541
40780
85033
77622
98328
55775
31826
47125
46922
3721
61788
88004
66923
55491
79932
19943
33071
51142
1486
98470
7122
51648
33929
38921
23796
43171
91617
21477
25606
75442
81184
36639
45932
25679
88456
94070
6950
83167
32394
61861
65479
3366
16307
47764
95250
28645
21683
29604
38814
80846
56335
97850
43446
36709
29999
42779
81597
96604
24855
62491
66978
57759
92555
60197
61013
14856
65687
346
79003
53482
6041
43643
42998
39009
64078
87638
75449
73445
98178
75227
48553
83445
63174
45830
78183
3680
30233
65795
40734
2203
31208
81245
19603
50132
33535
19432
28196
17347
26304
39635
87455
66563
53159
86781
5896
36618
94013
41
34591
3517
83131
9598
23811
35858
9780
59809
15347
37061
99206
86031
1403
55644
53685
88489
85233
21428
42685
6898
4569
59311
59984
73520
97235
90083
35637
30850
18356
53539
15590
77706
1773
35097
23406
74377
57633
76017
66609
41855
14592
4254
96838
40542
64325
68472
77192
93041
85215
4125
72711
89005
65398
65081
43811
11046
98853
58313
11556
85242
93513
30099
97630
56146
69607
55309
50889
63172
45091
10505
81690
37437
29438
60691
2855
6276
91443
5887
39373
48026
42246
36007
59818
44811
9709
14307
80561
49249
46772
7574
57486
39034
28540
59142
21842
55911
54184
36000
90166
9544
36004
49263
48123
21926
19182
84631
18470
98881
3162
8436
84715
39133
5211
76211
80219
52676
89308
6992
46010
71271
78153
90867
80058
27321
77290
14864
98416
50232
71115
47645
57569
71622
68424
59510
31937
25307
53772
33183
16599
70487
96333
92219
12666
51025
11134
7825
55429
65448
40330
59765
67725
32587
20874
26306
18313
26848
93985
38590
67078
741
53233
57634
84901
79060
89765
13155
18610
52613
94265
73528
98375
41312
18626
22055
57977
24723
41330
13741
74178
78350
14062
71190
28169
28876
42832
37436
71777
94831
70496
12475
65009
42518
3677
57480
41923
73606
14228
39813
42800
13843
3770
37583
34777
76465
75954
17403
51316
85267
74322
6382
79712
16360
58489
52679
166
62763
84103
69746
31000
51072
73030
28434
53870
27109
62273
27617
81108
22168
59437
25067
12747
85157
42086
7575
86615
98023
41729
41106
27589
83791
66606
85616
52449
56184
95919
58689
19745
77905
37637
75912
76228
43744
5992
34952
59725
36325
41020
89426
45177
68986
19987
3709
37462
54412
80742
84284
11597
7827
25004
45375
12469
21225
82134
63369
92800
22976
8020
65603
9165
6694
86839
35919
3957
62607
32773
37505
51359
6136
51923
96482
37539
45122
10952
89674
55453
68837
67728
55863
92714
75098
94147
68207
63338
38284
91153
61527
28343
2031
89863
73431
22570
72013
12889
90952
62611
30874
97143
32014
40869
15384
20968
50017
31320
74905
59852
12250
89040
6719
1416
35305
69288
6189
21231
84558
21687
33756
58522
85711
85320
24643
1626
29454
39876
48558
7428
74200
61793
11008
12772
25244
77683
73002
36808
58797
74683
46438
57760
91213
43482
90051
76324
87319
22791
2485
89646
42086
14163
96457
43374
68540
5132
44219
74680
26244
75874
47974
81796
84403
15801
72901
64864
32298
10967
16289
32028
55500
12102
8863
22963
87007
10036
68184
38516
56667
12835
65651
59026
2942
97701
9546
87198
39664
41092
44953
74789
85578
86635
65552
95480
92050
54423
49155
66610
21157
53929
90071
56237
60085
76233
70220
7624
97233
13427
78177
30465
59192
25057
62401
15000
5522
37941
75242
29773
15155
95829
3646
24743
93732
88841
45633
88473
64497
49257
91379
43356
9861
84775
86732
97235
87324
42715
98692
6885
77740
66116
66095
8323
78246
81253
11391
48664
5397
59125
97408
21549
5538
16128
14110
47588
77767
76463
59361
25513
75917
50767
8202
4630
37179
36312
49678
37254
14140
31166
91340
78595
31398
86846
35064
56108
62452
92335
83709
17264
83618
47338
63880
1875
14692
99600
73411
46272
31902
44827
14892
50440
38378
37591
29882
47421
1416
57017
546
7279
40572
32587
36450
7943
99778
50772
54863
3429
89924
91329
18641
7531
46496
35655
10756
2721
34219
95807
38355
55770
8133
71428
78733
11316
63498
18436
69992
45343
71017
64496
432
95924
79111
91832
81777
17822
96977
25329
68049
55754
9162
85015
30115
76583
61720
40671
8821
43488
71832
3782
74604
84169
13532
6187
30673
927
9802
67949
6497
96497
15743
43023
75505
67949
43161
86743
84986
73893
62905
69895
71476
19017
72763
31650
8859
32838
84722
13618
48083
62842
28031
17196
65238
3624
99616
68890
72709
64871
39776
3787
65476
55252
87317
54072
96327
6932
36680
42629
9475
12046
31577
63993
51901
19490
4143
18124
76597
18600
99650
18642
76869
42482
22504
47256
33565
36161
79183
41859
26433
94844
15233
24881
18728
7068
78869
66291
28489
91231
64639
85902
61212
71953
46576
47208
8794
605
96561
45181
62609
91600
24939
83199
56235
66657
74195
98987
9931
80431
77532
13044
15369
36068
71733
72222
64270
32339
68761
1673
99358
73236
90988
18610
84733
67428
93987
63997
827
91146
99491
20828
57950
91092
33288
42679
34210
24715
90852
70239
99981
74947
35288
12887
31200
56600
6963
33260
49823
64603
80927
36075
83418
28127
90532
2696
99151
13238
45711
61884
21121
29840
95087
68652
37629
50964
17369
90975
40615
11000
36111
98154
68296
67113
50135
12706
98672
71058
88360
79857
13910
66993
50957
33459
84248
990
34341
53990
25933
73576
36634
60358
78355
76738
80577
37760
5159
76694
57837
6469
23214
60969
88409
83375
30416
54593
7357
9213
20157
54065
65432
74129
8468
22482
89507
28070
2038
90331
38864
62961
95485
98928
32208
64878
30300
53780
53847
38831
79354
72331
44483
50064
83648
29656
68296
29089
52819
51972
2266
12700
60400
39847
1021
41867
7666
99051
9252
38209
14635
17960
62987
2679
61243
18133
71474
7247
3838
54884
23085
65376
41125
67802
60761
87354
28622
57254
73686
60017
51830
72792
75867
43522
51717
4878
45631
60164
55244
26043
22191
80748
49355
76767
6852
49841
97255
64628
66953
96841
93521
36227
38106
59126
49609
35534
78097
30764
49690
8801
86013
69628
77055
44670
56316
95135
36881
71392
72971
82435
92181
34866
45324
1251
41086
47616
39205
71435
69866
91890
3796
86349
34603
67824
24262
66050
31288
66847
19531
98004
67812
25962
83027
99255
79310
94134
76521
45867
62791
67356
7863
78587
93831
24177
65609
45160
70702
68536
84144
9056
23697
5423
49311
86280
5682
95296
26067
4034
39000
15800
56424
16148
15080
81659
17750
65087
16263
3397
69733
41354
44102
13848
72981
9788
61074
74812
499
51291
85785
11017
82551
32100
75051
9839
3592
49454
44558
21557
13917
40203
87846
77342
73365
3284
49167
82495
24958
65035
6381
93104
2875
74407
17398
95773
31879
62064
22557
9687
17499
2738
81855
88620
68260
5634
74807
98135
11988
11989
17740
41536
9140
43668
27190
36746
62484
73735
38836
88242
39754
8451
13251
78635
76204
35834
97054
76664
92810
31625
43197
24258
80686
18980
79480
3618
40628
62627
40705
35649
58729
73648
33863
13905
53082
22899
15372
57803
40892
92895
90702
17792
13676
49353
30942
65883
30250
82139
89896
73234
832
79266
44573
84904
54810
3460
66597
44277
59305
13
86783
86055
55445
76633
80177
75808
66201
77705
89421
59396
73428
4475
8721
10373
2828
91017
40474
348
7938
85086
85611
93915
27066
98408
68405
9547
99064
91144
62243
52641
65588
53208
5669
60037
57716
14090
98329
84067
40752
65772
89928
88901
27816
45083
78515
34091
26467
79254
31955
96613
90358
51768
9290
78359
36764
22053
17075
18645
12456
36242
36885
84424
21955
80531
60204
51434
44045
95762
16691
42662
59615
8636
26370
49538
61448
76236
23710
72500
32894
48221
69988
92250
64211
69692
3135
75590
97392
27794
74624
51790
70833
46095
61802
95998
60904
9455
9097
89099
14581
25653
71711
77390
96923
10295
79057
73036
89001
8625
24707
27520
23021
44230
25665
87006
83801
13331
79652
50637
68784
35537
62588
97334
58070
23709
23553
99600
20581
29174
56600
37405
67999
95570
62371
22746
34111
6600
81845
33749
91556
12529
76243
29417
44932
29864
12990
94612
29743
50832
51109
50204
49798
84015
31159
34477
99813
1997
1761
39342
71962
24476
56415
88802
21737
98583
89128
3235
52695
38553
56115
77666
51943
26315
86522
63535
81807
83824
10104
95285
28712
92967
57046
97320
89022
70028
68354
29377
18983
34969
79410
76470
22022
34928
34718
57246
11276
5053
62083
31968
94819
72987
91788
78504
54788
58731
44900
38747
12407
25960
47954
94375
47074
34108
33699
66301
52464
58015
99290
75795
74438
57788
19612
71077
22401
86013
84129
7711
37541
13981
15700
5160
55688
32459
91277
74408
714
74461
59339
22906
98483
59439
41223
61512
81000
19960
70727
91735
81927
31213
86830
15761
14490
40645
96436
57173
91471
39698
20415
96098
96240
8994
73617
93514
80940
55393
33243
72485
92304
79046
29357
34043
34707
45216
79743
38259
45163
62295
24841
86579
20448
83015
11106
64434
27942
50059
71687
9332
42089
97573
82744
72191
83484
83498
39928
5564
6282
81435
31286
78866
4735
51457
49622
5484
81703
44905
37856
22500
74012
1664
32645
55127
22922
19088
35595
62368
58069
36550
22381
17828
66461
38074
48658
30951
92003
50467
13251
39511
92412
21115
42481
83973
33711
64830
64534
83585
62829
43395
51197
34927
95749
32807
27157
82233
50157
17191
30571
64962
52579
14398
40471
35116
9995
30909
68994
69993
6891
44245
92986
12501
33416
79571
96659
25235
67212
80553
46237
26037
74842
72272
89059
74330
75839
74487
64689
34155
65683
87712
22098
46979
1253
90901
94077
50688
11458
86314
48604
66031
84779
38192
83509
33267
50765
2382
64289
57316
25568
90674
61606
10831
36613
15731
3541
69984
40575
22084
5245
75765
81525
9770
33793
59381
25576
42420
13230
68923
8405
5863
7021
28924
19783
26419
19530
56018
15581
29842
10692
46398
28046
85970
97559
21761
28156
99875
45365
16230
34810
85424
48846
63835
38070
89854
7889
34545
15259
675
53239
17732
20532
48524
70528
62878
20717
45611
34974
62547
88082
62374
20110
43328
63209
2003
65740
86049
39993
5286
58124
7537
56272
45188
92762
76120
61117
62932
45798
80617
49686
55253
45891
29493
583
70908
47108
41851
83547
50007
60636
95937
39157
81941
4946
47439
93298
51279
54246
85250
35960
73069
66051
83442
32904
20454
89269
15772
99305
65791
49571
23734
80100
9869
37273
57993
2711
92820
75025
64065
12447
54358
63519
97085
16281
46669
92751
33896
37635
25960
28777
91811
8109
60606
33802
16664
40588
197
16601
27151
69258
81241
23017
66892
52045
10084
91015
85213
34324
84487
75346
41710
57137
94833
79661
76877
80326
74096
92438
62954
26561
30582
45933
83640
30266
37243
56531
66077
34942
19493
82137
65727
32078
61355
56128
35757
31893
27084
48090
51455
94518
79956
46999
11880
71841
99076
60524
91686
66530
52984
13647
1942
60964
68595
71224
59531
4452
46174
61685
59200
8758
59875
13851
65032
55173
44257
53062
48508
33707
67571
24891
54659
27389
98414
40166
86632
55564
35938
14291
75589
80097
32753
91912
86918
43712
5638
19683
60297
81222
70573
10237
2080
68935
50715
87279
82413
70601
18394
52818
87108
90033
16654
74289
91422
11743
43074
41259
18114
12382
69677
66749
21814
57546
15632
24153
38920
52598
58689
1405
47959
86576
89555
62830
34654
87215
62387
4964
55261
31403
55733
30700
8591
50310
3676
30890
96774
64560
85654
55664
57169
76634
97515
91924
26264
35174
91289
89264
33039
70098
2199
65148
88437
33365
70472
26834
71141
56615
79103
50877
89598
11026
29222
74498
13492
12563
14677
6649
48198
53807
78324
95581
48356
15321
78356
51919
3551
71682
60488
14767
94534
36148
64125
10197
80430
3886
22706
52571
95910
97778
82415
44309
93778
69382
55001
85322
69551
41355
15200
82845
14581
22973
74247
52338
21691
37344
65749
3553
19243
29242
89252
72091
46607
78939
66089
30060
84723
79452
78818
60264
46189
92713
10695
96968
46247
99750
44217
16678
68618
99108
19727
85034
49242
66129
24658
8704
18439
48773
97650
63669
16549
67557
64615
13207
13562
6452
2008
73336
59368
54877
47850
33028
34977
86079
77545
68511
19101
84223
76981
75240
96365
13665
655
85676
47269
76336
80953
67872
13982
30240
97976
67454
35780
38976
7461
92669
35209
98537
56981
62624
88510
5264
2334
1961
71713
9158
46713
41424
66947
81215
66302
21982
94044
10096
41178
78249
48303
99282
65058
83178
81412
16532
83259
9733
65778
54642
67478
75675
67214
22549
82201
32129
65803
4947
9616
82178
90881
59251
9879
88563
37937
82462
23837
45117
6792
78465
87394
37390
66852
64339
6257
20887
41432
46666
80765
16647
66720
90606
90992
81980
70598
79638
79435
91466
75871
17653
59059
76952
43006
32740
62343
13687
48796
53310
67331
86439
66478
46451
86363
35638
16699
38359
68684
69227
30922
99890
36572
79385
22676
86125
86399
92420
80607
9578
64459
88103
51079
29705
72837
2600
76905
45030
3602
6063
81122
56374
38798
5215
95698
36798
59791
43253
28646
90163
60193
27944
63045
81982
85698
99080
28292
4942
75615
74146
14375
33271
39903
60341
90016
58954
70733
50549
79600
1240
97172
72109
97142
85917
92617
55121
9208
81262
50963
12799
96308
80575
20376
95884
69807
40249
79646
69534
84290
44327
59003
93216
79228
50087
52221
21251
88670
61756
41063
29499
20151
25090
15187
34662
11204
78150
1859
75851
943
55504
83635
92483
21197
16230
99328
58587
62103
33614
80638
13697
68057
29297
99122
88511
23623
26320
51313
67498
48347
54175
28322
83570
39996
79833
55887
6683
30870
14623
71136
56091
91851
70937
15929
61548
84987
46343
73948
98660
70952
12965
37694
78827
23582
47256
63763
84574
16371
93450
45476
51861
15472
7044
46298
28276
34053
5667
10568
90362
73963
93341
49178
94848
88685
33999
57274
64374
4191
96430
25305
58479
73915
75738
64765
17943
50040
99242
7894
51026
85122
49662
18395
38006
96604
71710
31837
52631
29846
24428
41836
11592
94905
55826
46469
67472
53597
53291
53520
55023
85870
92768
86673
5608
15981
4697
32393
19411
53966
27747
34760
81722
60987
51646
93920
3708
63856
58819
15473
63928
11140
52801
82885
5872
26684
59796
58173
40236
42038
79074
2624
51447
19982
10102
29176
42521
5358
50873
70520
58810
98610
26627
45546
22981
63154
83321
27691
55075
23297
56603
13693
83941
32836
15960
33926
93250
72106
18623
12333
26461
19856
1227
31366
34258
49541
40902
82082
25706
52112
12321
29031
87456
65462
4489
72965
9406
24739
93661
73009
49356
10091
38784
31058
98105
10115
22298
36276
78778
84777
14422
42360
30252
89764
72232
13370
58073
483
8888
48681
12023
82306
10475
57216
85074
94577
37804
83746
51875
5565
58234
49122
8873
10501
78124
80608
61727
41278
14028
70929
10156
94817
19468
88693
5311
94848
9116
7386
67844
15036
39508
56063
14234
96742
5639
63179
65354
4639
93941
74708
77021
55922
58435
89184
97795
9794
7269
16969
6762
8001
11446
70973
79504
19579
36024
89735
85220
68340
91941
2909
36762
26463
34581
28588
51251
76260
20137
51920
22445
16149
26628
1612
24275
74887
8811
89113
70351
47001
39151
17095
46121
50276
41640
3721
44477
33887
71455
17717
21858
91815
42670
59351
57497
15676
35986
44401
14262
446
4496
14138
96571
77754
95939
34976
25498
4721
11389
63613
21413
22555
88429
73405
44232
73448
8188
81241
72039
34897
84783
2253
93534
3174
67671
31308
2808
179
7968
62600
34622
57253
94015
93355
70872
87103
96071
71133
33059
36097
71727
77613
38053
63159
70059
87440
90771
12103
22822
19923
44542
910
17114
94539
80345
20358
31355
99244
93431
89262
63094
859
58081
96634
54917
94644
93416
18100
72786
80870
71490
71885
86537
47054
76785
65444
83672
44739
92641
88153
74029
19002
31479
39475
77455
58533
24154
71963
96018
27023
56974
6166
1954
21817
51079
66667
9218
70107
9517
707
55565
91009
50572
33641
3193
50035
89092
4421
74536
47261
43074
34029
13405
55695
94489
29964
17344
60107
18807
87530
2284
45344
98853
51910
88725
7849
65433
6712
26671
96476
2295
21392
90625
17789
7182
27705
3924
13843
7637
30986
35410
97501
68006
71304
33163
40279
97137
72361
39231
70144
58672
43712
40443
14224
57621
10194
63173
84081
52209
66870
65652
16990
74927
77799
57360
7415
72617
17343
71581
97034
46353
39658
80721
33842
67813
29080
57180
96667
78489
16403
42545
25645
85337
23039
65190
69840
76911
3438
9391
44145
91783
59362
2599
53312
82078
96904
76341
15556
4728
11609
80624
87386
99292
33361
60786
64236
2438
28212
17997
71726
63073
27565
35303
92928
1848
57144
46869
98499
23144
76041
62498
3901
95279
87777
64582
57713
24644
55639
36529
73517
47472
63249
13154
30408
78851
96262
51749
94662
40884
61730
35759
63702
89608
31340
3486
87836
71452
24505
97639
22783
78500
3033
77367
10886
70332
28414
20701
93398
6051
57656
85710
13009
26661
18924
30965
89009
96702
46041
68662
68940
53779
93002
39759
42316
34116
30270
54394
89884
75091
36306
3689
9792
52375
12817
76681
33714
44341
85557
61456
55539
91295
15062
40774
89432
52211
9782
77348
82940
41105
9338
48332
74425
27892
87898
97360
18220
28578
46269
43064
61839
88188
14221
97847
11378
32730
83467
57854
31463
31907
38814
42809
59321
13711
62605
20224
89413
18353
69086
47152
9374
38794
97943
67179
85631
10403
57923
94191
46543
22099
13397
29676
96007
78714
42217
99153
46598
78608
43480
50673
78182
91827
85660
26666
7703
98684
96696
65870
1501
50725
22439
22025
43550
7015
51125
760
5905
91635
1553
7428
81638
28487
58287
60747
7235
20507
73932
42014
87120
37756
86765
42350
32980
21798
79359
34786
34733
74218
60979
14731
41222
44730
19117
15414
10359
75689
57954
5457
6058
63678
66095
50577
31692
90218
63748
86601
7756
99071
26152
48219
62473
71861
8312
93629
21387
93463
1866
95853
37907
48065
86822
62661
73812
14756
4450
66680
88709
85924
87448
51431
1244
62099
89503
97626
71325
55651
60827
80814
14853
88667
54756
82733
31885
34278
83785
84004
62681
60048
36623
30775
99630
36413
96126
77322
5352
19964
70437
82303
34383
9878
55815
47732
27855
44614
11207
90029
55919
22329
79197
25596
38012
55889
98409
62498
7469
86403
84031
96654
36233
99010
11996
33541
46428
41633
28770
53038
73545
99772
83332
48286
94920
4762
43354
47221
79157
54688
33703
22325
44801
80007
36636
23536
27613
46458
64180
11325
20969
2132
53442
40636
76361
12492
90475
46287
45210
9709
9555
38035
75137
83167
91218
70851
21622
20239
28030
31035
2694
48994
86698
7157
83487
29594
65677
6731
92628
99337
27076
12352
45431
57976
9618
42976
68949
8022
87832
50887
50383
49098
77029
82410
74899
72054
957
30510
7948
46222
11030
33971
21050
494
26925
39356
90140
565
76750
92144
95579
58449
48120
84043
38712
85164
71813
98286
75186
70491
77625
31879
10441
87908
714
61190
52894
25269
80548
67685
509
85679
73447
53761
23243
59393
43766
79891
25270
81453
75967
45521
20021
98307
89205
76073
14605
9464
19963
77509
84675
24758
95070
92731
13795
23359
46403
44081
66238
53203
89036
17018
79513
20676
56829
5296
86799
27207
57847
12737
45469
84072
76953
62498
11260
34421
82427
25606
75162
51176
90277
40466
35735
37613
66158
91193
72951
53445
22980
17458
85955
90354
79313
51849
33615
46722
62753
1271
77314
12200
86792
22471
56673
92069
58917
75766
80050
13851
94136
58586
50294
25311
28887
18437
59031
47978
96627
86437
80041
16339
98355
78866
96594
53998
47758
74336
66206
76381
62176
67938
22873
81727
20916
17221
88208
18492
31392
82549
52023
80878
86583
58656
18628
45453
40834
76836
55588
97722
2414
86482
11099
57146
18419
78906
31415
2173
29659
3599
12846
65125
52878
36142
95568
40862
7076
38462
84080
98762
19038
63517
56872
62737
824
10900
68812
20504
79723
36549
40051
84288
48141
14095
30866
60602
78653
70678
70007
87591
83639
20586
81342
69898
37252
37538
98373
65809
9528
33758
34979
50504
21701
50483
88919
99703
25602
77624
81144
30331
50151
17220
31597
54299
52564
24934
1370
83445
62123
25841
46968
39075
30033
11609
804
15577
80131
98521
91346
77094
49608
34282
58463
20768
64527
66017
1902
34647
28164
45956
16307
46356
8271
41303
30865
49488
73876
63416
72646
3988
2940
86398
44784
97203
41309
99828
4053
40354
30384
57657
37549
72049
96108
16584
70448
66405
51180
98892
11211
30527
74325
92089
58811
36306
46328
21128
73997
77414
60312
16202
46773
71225
98405
22057
17938
89273
3051
29639
37326
43651
18835
14241
73445
25741
82567
9223
4773
67102
6224
15192
53527
80355
22232
93044
25296
9885
19065
40683
88964
69426
28113
75876
2739
76600
225
79983
30777
93666
30932
84119
40655
83908
29086
23928
53170
44317
23872
94610
92682
23626
96828
29412
36344
33941
49986
25425
22850
92977
52308
41100
72812
12735
11870
29444
12472
68775
38412
9450
37396
35655
29220
87338
1950
55087
97153
34014
67692
33918
58250
35147
89430
13681
88101
14103
88536
33798
39416
28670
67918
98357
12679
23186
35131
78531
81838
3868
22877
77015
4584
24310
31512
77269
53986
91741
8588
6926
38471
78721
23902
11809
60876
76281
96024
70083
60123
9309
3052
96696
95234
4873
14889
87730
27590
17760
88747
51767
69813
51300
24987
8828
88546
65653
85104
82687
19953
68941
27044
36188
60535
3443
76984
16224
70976
27949
3601
44671
17799
10342
25905
84332
28958
83763
1303
18983
35136
68977
64142
10547
62465
11482
76884
50454
7141
93810
47457
60667
2844
44135
30977
47802
13864
3240
62745
62464
28797
91247
41250
9347
12020
97476
95887
13768
88745
58008
10437
95707
964
71290
92192
68994
36112
14272
75232
92154
92589
94780
4709
78313
12531
87228
41474
82521
77843
66132
78367
67846
64431
97229
21726
84406
65024
56915
41428
1135
66490
18761
18947
70169
26033
43045
11781
61675
17676
99579
79320
67138
68556
99581
86975
8514
69399
6971
19934
64578
96813
68928
38412
10082
53416
35764
8024
19387
34726
27034
7818
96539
56262
55086
54753
18066
78414
74324
35774
92773
2674
11531
30495
44523
82965
89953
32694
58141
56272
30015
23201
51580
83044
51196
27200
39150
45751
31852
45401
751
38377
7850
41485
48037
37729
62893
28026
63821
17613
62395
15902
38633
75609
93188
43189
38011
92045
43110
82625
90672
43997
3684
95833
500
36452
79362
47548
15075
30787
92771
87281
99197
87706
19926
12448
232
22462
97141
23601
8310
62211
72736
13602
63711
62298
2111
34804
92513
64470
89657
67774
16676
58414
23296
24127
96564
83957
5208
63530
39879
1520
1128
28215
25106
75270
11338
70859
93609
4183
38723
54603
64686
15918
91474
7160
2170
52838
57095
80858
90921
67195
20442
70576
76102
79082
73498
71093
95055
49397
53971
74682
62872
46638
81487
69938
40
4507
90454
91518
50135
49630
13073
32115
3379
59784
887
32626
88461
81456
24501
42597
59448
9608
22823
93017
49420
39609
45198
6005
50008
53251
38601
87420
84623
38973
77191
80330
40701
72790
75717
76546
42794
71769
71132
68560
43643
48488
70608
1990
34077
21867
80937
81168
28143
17335
59382
77269
85653
29938
3828
58097
14823
38115
2921
73980
42345
41682
16284
81214
87198
45404
78367
12197
13695
1849
38671
82575
1016
21592
69176
68389
37915
95861
70080
8136
43912
78486
68858
64852
63806
68686
78101
56894
24373
76667
78661
40754
54940
22274
22285
84442
3612
46073
63429
2912
91393
30924
86428
4486
51743
45042
24901
28731
5033
49767
10735
41126
18306
19020
69207
3936
77808
42678
17228
35156
84768
19375
14489
79065
15426
17799
82485
16312
61840
9462
78493
73907
21993
80127
66147
59035
87729
97398
7168
88219
75210
29419
56628
81054
43014
6559
11924
52359
29954
18776
66300
45152
53329
84714
58533
24557
19832
8484
5197
23397
83492
71767
91106
85367
87187
81082
68568
51564
48174
12835
60749
62751
61896
10893
22226
89455
91077
57753
28963
4615
28946
1234
96919
20935
28877
18125
10512
90712
11665
14891
46008
692
82778
94527
18084
16249
24746
11609
7543
19377
6923
14245
33548
52518
28202
86772
34079
13034
90007
54420
79784
52278
42084
30876
53159
32634
81742
85330
32132
80753
1758
59216
8660
1947
23087
33713
64794
43841
81383
31501
54201
55377
71629
44131
18897
76229
66468
44710
69489
29275
53364
66094
46383
62709
82118
3805
92247
26021
85486
38634
66389
96138
142
18247
48605
36089
79395
47481
17073
17584
4396
79112
22297
33604
95830
6978
14326
70721
70362
61534
99158
31581
15815
55994
34509
42719
27464
68131
94220
12597
49873
41646
70636
33920
52376
64013
5929
28348
50138
15249
31332
97857
59579
68723
21296
68471
51080
56648
6566
75588
36691
18546
25582
84160
55957
94388
69848
90908
59146
67492
71024
22820
80744
6569
42503
78011
10927
37242
36557
66416
11151
13141
32508
78685
25532
99465
47570
22814
6238
46612
72060
38909
55104
46824
92431
63902
41078
8791
94268
10759
68365
74221
32904
29364
39836
23991
87659
91687
95682
98827
70110
74908
46744
93301
46560
75630
85641
90630
52545
21359
23847
98903
19483
53899
37448
31474
78778
83800
42093
48239
40306
59994
20212
87582
72130
96400
47956
34832
50723
42910
33050
61641
96070
19809
45581
14147
8671
66544
7333
3507
21687
114
94824
20293
87541
81617
87223
53300
5285
65207
63316
60325
14882
91649
14968
58383
27809
45882
58379
8643
83647
98085
20495
39251
21270
63486
10163
26263
85456
77312
88170
33364
40931
99056
35251
96448
59349
33826
95241
59002
70777
58753
34829
90131
5312
41902
11951
35582
60790
28236
74966
46295
44581
62150
2414
81992
11246
72513
17162
58525
30643
77669
67883
25507
38575
30364
80578
14865
77350
51511
27286
42422
37271
3716
93728
60350
11133
59106
11975
81867
1044
38839
22216
73751
58772
91032
18904
77876
67144
92907
41686
31375
62014
60545
28818
50706
70037
35193
93883
20741
27112
57644
19878
85198
72456
34493
81823
59527
65960
4942
5346
88492
48198
45006
51226
82759
18154
68961
20452
38961
568
27874
8807
61986
88680
50732
42434
60260
95789
32786
15626
37946
81965
62353
81714
45336
37622
33702
35591
61877
58458
79155
35941
88232
97305
59937
68924
22354
4821
22926
59930
52461
26586
16861
92
64900
52459
45001
75999
41716
58089
71596
19762
90260
26128
54413
47322
29385
76667
65469
720
7232
63558
25344
60099
50761
71454
69006
54647
94429
14504
36936
2419
49777
57968
8540
52900
53860
9394
89016
35799
17056
73579
44289
45729
89638
95014
7864
65699
48812
94046
18423
57937
21933
47992
1557
57005
50539
59122
76292
34768
73371
23617
29283
16108
56255
77349
32466
63706
70599
15955
11657
40663
35866
97579
73213
79447
52852
71705
48430
17077
36181
40284
71192
27564
74436
97074
71238
23759
27090
74940
37331
70561
2102
86476
26897
46141
92108
18456
40883
96689
70779
49409
9997
1309
83681
38573
47498
62211
31470
65588
69194
8914
81075
10459
70422
27731
24192
38179
72050
19034
79983
66262
83638
19186
81314
42769
11138
50881
94182
93225
43529
44377
90040
46745
59169
18308
83600
17847
75758
65170
111
9246
75366
27535
27876
48102
1171
1739
44806
94929
2722
52019
65412
91598
38478
34490
16099
56791
83347
37083
36538
7410
53255
3199
67643
58184
30172
91109
87118
17002
69747
18319
65516
83310
3181
15283
26311
81394
19935
77181
23955
81894
72622
22072
29595
23754
23485
74693
87328
29711
51845
89045
37637
81122
59009
56307
36523
2093
65041
85485
72409
89070
91689
50462
52875
6982
1544
55802
90718
61919
32292
17466
16335
26447
94008
28438
18250
13312
26850
53786
18271
79769
8293
5212
5890
47785
27047
16992
55245
81896
41835
11521
68296
32058
44396
34524
42519
12946
14585
92538
12671
80515
61225
2752
21382
69427
70295
99599
55532
21584
81294
82370
58223
51163
48686
48081
34605
18852
38467
18378
90461
82158
57036
35402
72351
5224
94856
26002
66462
32811
50483
25796
42689
27621
84284
16056
51682
72780
74987
28017
1205
92742
44600
83998
27391
63350
5478
10192
68275
69611
46494
62832
91800
40034
48037
50666
65254
25388
45996
13998
35777
84929
56945
47119
24617
11058
22031
87452
42241
58600
95483
11988
86879
27358
55962
55785
33666
55379
38357
60978
84890
5399
81351
74685
20445
39910
86660
25261
95171
35021
47261
24023
17678
8933
73770
73145
14894
8579
91768
55978
68531
6524
28648
94841
84478
88947
65351
40384
553
22091
89484
42097
35556
88388
23891
94838
97548
47082
48930
48636
266
29694
19752
24520
20102
4138
34495
55119
5399
16753
32976
58377
64951
63547
39164
73975
95517
23239
18299
20362
61869
50667
99103
40569
13345
84062
42344
19439
52491
52099
60065
94465
14173
32990
64216
61965
88883
8090
6382
91073
3957
40963
67226
88161
57748
54550
87260
39206
41159
45145
59822
66347
90796
12208
73711
22047
71104
24474
5562
75804
14216
77733
72538
86040
44471
23639
66413
85848
86050
10718
13496
83605
52049
25202
533
53342
39320
3210
89299
3606
84035
50826
91850
40563
65953
49611
62172
85184
41249
76840
34594
78926
4311
59394
28803
74884
15491
91854
32128
24126
77496
43673
50897
70204
99367
97317
23649
58567
25299
58188
50057
7741
96857
73643
19430
75963
3486
8797
15337
61296
58810
70585
23852
94239
45733
29042
54910
69649
99974
46286
10659
45312
9333
26275
56098
23828
45368
75878
13331
24515
77351
89282
39423
41051
31733
34035
21926
5410
87160
62695
91814
65084
4479
11222
59686
59548
74436
26836
44678
47430
35787
5021
16182
48699
17060
24520
53626
82542
94039
86750
79770
27704
57397
46554
92097
53442
79308
95164
84272
21854
38015
26560
84998
6065
97979
41679
71847
66913
61855
83492
86048
7092
88841
63905
20715
87243
46689
38951
73360
8380
81004
65166
64579
64167
38993
47438
81257
76413
86025
75915
22824
45888
5374
19502
37361
9939
85574
77384
34082
21214
67791
32761
91147
14856
18878
84895
13277
63843
63204
56458
15752
95155
68559
40997
52775
37411
1661
75938
90222
7303
69439
41520
81009
29375
80422
29771
75052
47086
50306
90172
39793
94445
60426
26161
57486
61680
86024
95645
6771
27686
56284
21348
51030
84438
4874
13843
8113
53400
1979
26619
39712
63015
20084
32281
11999
70417
73576
64661
7887
45563
24561
8885
20478
102
72953
92196
94879
21315
21763
94902
19754
89667
31361
30245
47134
88864
84878
55263
5667
49316
51594
67829
36634
46903
66881
39586
49838
64838
22950
79094
32897
34361
88125
97095
24694
11383
23251
48920
35812
5912
41593
68082
51811
72490
27795
99719
8979
48386
99285
9942
18488
33713
7312
21566
31387
75838
9867
32121
6682
14235
28776
25021
5217
67938
9294
3527
39503
53541
25320
72004
85080
98818
29732
75675
40636
82861
60923
48962
89919
42041
19084
88610
23432
47420
11226
75908
26812
79883
35799
60189
79696
17628
68151
56846
7025
18738
54214
76379
78544
69990
7582
8089
24561
33427
40821
410
19718
45899
24719
53756
32955
79490
44771
15181
96413
37523
87512
76776
90282
82629
67885
22972
8275
56008
61842
18195
53840
29326
17231
42826
57264
71022
61801
66279
93599
37122
44174
152
91689
50013
82742
9368
86475
16345
96246
62986
26488
28250
42565
31388
41624
9317
20597
86591
88705
86301
11787
52365
36031
42206
63039
29235
7274
79988
63904
9872
43315
12397
42791
21539
52006
76856
62371
74340
62605
91381
23696
74083
5917
79069
76542
6365
39094
84126
30539
38208
8626
31226
49435
64102
35553
31600
71280
79313
30865
16504
13158
89020
69675
50735
84550
49736
56151
33246
67762
76435
76193
75099
52762
38647
82821
90796
3971
91687
14673
33885
67367
59187
19701
12407
60893
34346
5611
94110
4564
10485
39109
99337
61688
63825
45664
37899
76746
83875
23266
48728
31497
3568
37254
42517
26202
13524
50886
75012
78744
14253
54021
49725
54721
99229
39789
2907
52541
52643
26250
52388
61588
88406
24441
12281
91109
21558
80229
8899
2468
20424
85239
47723
60061
92992
66405
4189
56648
27183
84434
46070
70548
72063
85444
21089
69582
24777
89341
58649
13481
71653
8849
27287
13069
97893
32868
24701
57009
4740
24216
38863
82681
57171
38032
93643
36535
98565
57338
61557
16775
56294
11898
60080
55007
31556
34047
7689
41510
30060
66074
65963
83132
40912
24100
15084
9430
57214
35144
74329
65954
82516
69512
14083
76923
138
11762
84727
7445
72322
20359
45102
65561
62441
77990
15157
36737
57292
65446
60074
41498
43117
33254
66072
26851
68501
35229
54452
61746
83882
23646
55400
84711
20304
93833
46206
62983
49195
14492
77960
87919
65668
46377
9993
8737
68064
83441
88449
19559
48296
85038
15545
41650
13007
65399
76178
46561
16740
65703
76612
92433
48406
26112
14719
76151
4314
68085
50
22190
42875
17722
26940
9633
56300
99827
81670
86526
92500
60975
27813
62760
50737
62892
85953
95309
20747
58270
77522
96984
93652
64745
70121
73526
60490
88755
57140
55559
28352
86249
53491
19291
5731
62559
17144
65492
70178
75097
40520
35282
15339
11344
15608
35215
90622
63943
36217
88440
9976
65094
57458
5421
7068
20359
48946
58114
76502
14868
98861
31327
52851
1068
33240
81486
10674
99601
64456
10777
82330
56060
41525
65421
1025
27597
89551
43059
91060
23531
54978
71945
64833
70345
92454
93140
66264
13761
49725
63163
75876
93155
22998
34014
24519
32291
84985
57012
83763
96409
88275
34373
44441
66578
1955
61558
50146
43607
21283
25269
95806
39514
22426
17453
12988
11909
90649
51755
30450
70262
22254
18913
77849
85402
73549
77021
55607
25092
7187
12570
79555
40060
45649
79548
14637
53929
59213
62487
75533
22147
35841
77048
42908
79517
18735
10028
255
55073
59791
90320
98024
10008
98941
18134
46101
90229
3158
16654
4694
99736
36534
11522
29062
15540
41942
78031
18179
91912
40175
98882
57208
8845
36387
75285
16634
68145
74703
96284
90826
37395
26580
47651
60274
24664
55255
71217
54691
18070
11180
71850
61666
54381
42006
3431
53127
60166
20161
67754
27447
24961
30983
78490
70605
410
52979
78136
71865
12421
70314
29485
50053
40842
45933
11308
95838
8456
87484
35347
91167
97856
36833
71160
89471
98198
23598
37871
48914
88925
98706
6663
1012
33755
28946
18066
70773
15386
19465
45137
7922
29262
13606
83567
75014
66298
3112
71110
12981
64574
63715
47288
64299
31347
44954
72773
56322
42168
84215
75562
54193
70676
33645
57067
70344
49721
40795
95683
94161
57063
82596
65576
23416
58024
94141
63736
33064
35416
58584
24028
6013
11065
6726
96257
19049
82722
30465
59713
42688
20231
82059
86904
86506
58819
58049
4377
34545
62489
28463
24564
91384
65615
68322
49964
69380
15658
2727
840
96933
26010
67328
48512
6113
63453
78275
39060
61636
58433
28684
21855
93371
99068
32645
1007
42906
67838
42504
17249
74344
95527
95702
54529
47116
83899
28325
46422
94914
9190
24077
66253
22914
56510
37086
11512
98528
46715
49921
97009
67683
65085
93877
70986
83347
25231
64627
65398
62130
7030
96441
86802
18070
10522
11183
35775
53073
54243
7361
57835
58846
42536
74751
87144
87089
5392
44163
33350
16348
75518
84698
40062
1271
68665
16863
44811
26511
30609
37869
82045
90840
80473
48085
22418
70845
65002
24803
47744
66883
95532
49874
31352
20272
77457
61836
80160
14440
49603
92322
70699
72051
2648
49710
35762
65020
87362
35294
58317
18445
9235
80350
74457
55181
63108
49862
5306
39139
98663
48115
22822
19194
94497
68396
94055
66070
601
45789
69597
85743
66339
39200
23120
34022
53040
65357
67331
8420
96772
61904
25968
35268
60731
53203
79955
73581
20977
4042
44270
16216
37203
84757
99371
20517
18764
23923
12320
31714
11707
19582
15393
7327
82247
8797
41161
16303
85591
88177
56840
63508
43298
26646
65442
46022
75346
99829
99621
56118
16671
6688
90685
49686
89959
11282
71345
50596
60547
19635
95240
32516
15386
72955
14146
59653
15914
124
94423
38835
98051
41587
6986
59889
5822
89966
30243
46693
84198
66909
55796
27683
50580
54578
52530
35934
97827
77487
936
88189
42443
1387
89227
83691
18629
31442
29950
73885
11631
31040
44411
64007
31936
27762
7936
608
7477
34837
64879
14595
21569
70481
14935
51609
65108
6454
21789
60237
63506
77586
47378
43420
37482
6359
16575
21626
81129
37891
53419
44742
15445
69293
58980
79211
21051
7013
71543
97661
9394
18868
10598
8510
7667
98536
5857
67147
42989
42265
6921
29273
62314
55681
79967
73708
51955
53686
22692
79039
1626
3593
45137
31673
95784
6742
34828
86566
17634
86836
20484
86737
26457
39606
40751
19383
49196
14476
16931
91366
37932
11419
2173
37611
27810
80745
98318
27924
65822
5654
85908
76850
21242
33694
30558
72261
5237
7023
7312
67
10303
68726
89907
53999
47603
93906
65304
60863
90237
98021
12286
23756
89676
46038
81034
62766
94010
55562
74231
52888
13853
43435
9706
44171
38420
84220
13179
34686
48889
7060
90888
76831
64606
25566
21308
73613
74381
3168
80125
63942
72948
26656
25886
98140
82810
8100
627
31975
51896
55990
1739
13948
8574
17081
25428
44605
73204
73332
38443
37484
82260
86689
19657
71911
70925
79662
20831
14165
98501
26527
10876
55550
49247
37810
17481
65458
29868
64346
57991
18605
22245
55108
6195
33812
17215
84419
83137
84243
8068
90002
43519
61863
15943
42346
29056
46319
32461
30516
94807
43408
54169
7061
71718
46070
95972
28211
12671
36154
73271
73568
96909
88690
82279
50344
30545
48425
3064
15384
30075
52595
85446
35743
21141
83000
11537
70569
57648
55207
92539
87382
37011
81855
49390
19589
36399
99467
70675
90288
95517
2240
11769
58377
49763
35217
47826
99252
22562
63344
85764
36588
80411
67920
4503
47340
46383
94494
70285
77333
68694
67532
19239
7826
95794
21007
13792
92498
93673
91940
48996
20758
44807
71057
36039
91523
98241
57663
85508
16864
28651
36540
4243