19417
35593
80656
11043
21467
39569
5127
66732
35520
14306
29335
34738
32177
52765
93191
65931
48934
11519
19385
9098
74875
94192
82196
30489
77605
26612
46349
28739
60679
9408
20355
9562
83622
32402
17048
44467
83426
20915
58564
9018
68141
36927
17459
60813
98626
64564
90829
90873
95688
21271
7709
40792
33037
42292
62745
48154
63058
966
52606
93461
91179
17930
39134
60613
9198
17334
8395
67374
11069
60313
59643
72652
78972
69307
81036
10026
62300
50033
258
41067
4971
42031
4964
15553
920
74861
44794
24568
79398
82488
68166
15197
88512
43818
23183
88222
92243
35058
33921
50124
32732
84412
43255
86943
47139
66712
18614
29625
77673
75643
69764
76595
26335
34917
47894
73692
63007
58277
96783
99689
18896
98721
63479
53135
71833
65690
82142
19981
32126
81077
44599
68516
4098
57941
61413
34306
75338
74457
40233
16617
65298
15466
87901
11890
88557
71679
50899
17876
26234
49899
75705
56386
18028
46706
78308
38962
51112
3372
59426
11334
66308
11626
77603
98655
41093
21402
44755
57973
72691
18344
88156
15773
60649
81206
51422
27449
36164
20301
48206
46378
91482
66645
82
16124
82822
11996
95344
17118
44955
2004
80930
86373
62804
43174
34991
89390
35289
50394
54300
57999
19298
50565
88452
71278
79841
10817
29564
16269
69522
61464
60130
59716
62135
39823
3165
84583
14862
80488
47643
90268
38296
26099
70408
40518
38759
39747
6486
82900
94874
58560
54922
69904
95321
15256
20191
14010
40129
11687
70159
58375
81525
66766
91257
69970
5583
70621
51790
20185
3186
62311
47281
26786
95190
93940
21262
14595
17605
43891
23236
19754
74260
99939
13741
17922
14085
17029
89758
83092
83265
4185
69128
95814
32418
97129
41085
55328
65600
1308
86846
67164
11282
76132
25975
73628
30435
53248
58441
37471
53877
33366
60113
85072
73977
14613
64631
92860
21027
52421
63454
68254
58625
77688
75553
69199
82014
97067
68605
48548
6454
68454
98519
92685
22947
81315
11583
83909
39627
16791
95039
64019
65515
78948
63381
79965
26795
81513
26016
35884
2220
20791
91876
23403
90479
75152
2185
47281
44346
36650
23597
9101
35743
32141
83033
69239
62162
19743
65641
49333
43012
89810
14860
41931
18629
96657
69370
98512
88841
79320
37962
85914
41554
73494
25875
52614
11553
4621
67550
26208
75987
13355
53635
12285
18175
81118
26076
95276
35212
94211
83826
33871
64668
12960
97712
76684
69188
99224
48390
38676
9525
23701
95020
91629
82389
1869
37737
55809
75252
47796
13384
80534
46876
16200
30840
5436
83290
85703
37280
33729
7085
39335
65856
42396
89587
76985
7053
9417
30259
61034
17280
77082
13729
61010
40402
65614
48754
60204
59688
22466
47814
49807
80692
87073
40576
70728
34635
44647
84823
38525
94617
23334
80892
26650
65609
61484
43577
93675
11633
54591
47230
12085
61554
38206
40947
45806
39148
46464
52291
99263
79201
92544
40414
83412
56768
96066
5916
29369
62858
33030
96504
38902
10456
29086
10241
42944
3925
31238
99380
45227
45786
35492
29641
92331
32566
1441
21250
21503
8355
16450
89357
18266
2184
78760
91107
18822
61764
20325
3220
18283
59558
62736
34247
39150
35780
66901
6984
98337
40348
12197
22140
93225
11992
88256
177
39659
56931
9570
6203
25420
67291
15746
5627
79390
83453
29171
31586
39246
95180
10777
81024
71759
18475
80627
20245
64552
51820
91257
3661
93272
33874
93532
5057
38568
60522
32256
61831
15406
81734
78229
98552
79591
57257
48394
76715
88158
43489
30773
23574
93868
19780
94860
5479
68689
95194
11070
14678
76209
72430
33908
93364
94960
20294
61037
17745
65520
83695
77522
11940
72001
68431
48376
59773
41963
11225
92942
72684
86146
67257
26995
59873
97178
81848
38325
56638
92326
32426
31251
98531
22567
57063
65721
18960
7238
37150
20182
19155
9274
33134
56090
77772
76822
63541
11562
55031
12487
34541
70277
25804
12454
70745
25699
4402
48278
57105
61789
5338
99159
62962
13834
79327
10095
36721
36243
90969
6422
13364
52214
88645
30757
18566
87625
7543
8139
1119
30643
80249
66616
88903
33239
34331
61278
36223
88100
92548
82028
25261
30619
51394
15768
77848
76175
8875
71945
91263
4084
21150
72977
5235
38886
75009
98498
56974
40760
51158
56482
17209
2482
74778
59287
36289
1004
55258
15947
42909
46059
6489
20250
54101
98071
90582
5455
6025
17597
30680
25713
61342
62841
93397
24073
23239
88959
21408
9686
4286
18224
28982
41338
8192
21717
58558
19722
19389
14896
88471
86609
64214
28542
98833
12520
90883
78269
28488
38888
91785
95464
71175
48731
77951
52748
54576
51530
72742
72485
36849
1497
95666
37844
39665
28011
85495
49248
65680
84773
29898
572
49921
94957
22770
9114
39111
3818
19171
3146
63155
5324
12465
67039
40856
9308
87324
59346
21074
11029
78268
68463
18918
24549
75939
75948
10986
84284
24222
12549
4101
87338
38107
52906
38519
98948
6412
26858
87780
26222
55325
27353
47510
71387
86487
62515
20941
58299
58631
51818
40229
35352
54082
78386
8142
51943
65094
14392
6857
30583
67359
75742
16112
85134
1671
63562
68628
43546
74901
10974
45035
43632
10415
32660
26475
37008
776
58289
39578
11691
11076
67318
50787
19965
59451
43409
55057
336
10062
22243
31463
56886
77400
4849
29315
86491
74337
51995
16202
14465
12603
36237
96238
12132
71060
55378
12660
63754
44140
8545
27556
50299
81788
72044
4638
90329
744
59373
67394
1101
6704
31062
59303
51804
57779
5443
15416
28347
91795
42417
78560
54440
3355
54012
65897
43443
37142
41840
10486
94989
86160
27684
83272
1474
20729
7273
93723
51035
72390
77123
36593
81416
34749
65982
17586
16256
51963
41426
47456
31103
38637
67699
79673
54409
89208
86424
11962
36794
30436
58396
80864
39193
7751
54332
42958
14589
8286
48834
77451
24262
58947
41456
7109
27851
51870
10962
94344
39960
11459
17805
17536
51378
34915
24638
60884
65964
27912
14263
54851
95404
94899
86779
29321
27909
81107
6688
37527
69112
29510
52858
12306
96631
3606
12813
81662
11645
8304
8417
41981
88194
42056
3155
95905
83631
26776
6962
4592
37436
27662
34211
98258
67650
57729
18187
69954
12836
37638
81719
92473
27044
28240
45141
88453
79769
77303
25670
32275
49943
2624
870
37538
12850
10044
19707
39102
10152
92248
74102
8726
92213
90632
61725
24819
25467
68540
18927
30208
92222
40899
34196
71932
69814
17783
13597
29718
73135
99590
67867
60665
67263
56482
61433
17478
6643
94482
27674
57322
61951
14151
64827
87104
33745
60384
92192
99234
71514
88458
39951
58774
15365
7787
37480
80419
55847
51939
51032
21722
60533
9881
9867
88573
99812
22479
40745
20421
20219
82059
9830
18941
46325
99143
28820
4391
64292
1144
2709
84866
79474
36750
59011
34748
14748
50540
95920
43022
86970
12721
58940
86031
3542
79822
3549
29422
16745
20266
74904
62242
57336
73723
27800
49710
77397
72833
47235
17973
46966
2690
18668
8678
16462
58532
27719
15524
44361
6775
57496
47843
74333
67125
14447
64364
16901
62297
76337
70627
10175
46374
23013
15243
57197
91223
31967
31883
25885
24214
73179
69192
2547
62142
92220
7420
45257
20264
18795
75754
61432
50593
64376
66417
27839
28384
80008
4149
63634
66031
26180
89826
37569
89075
25521
25353
87997
88828
78580
14745
83178
10404
23506
18107
750
40654
23771
83882
62737
74544
5404
72313
64526
63
10430
37317
40056
7811
97973
81794
99084
80485
55983
45605
53759
38859
46163
46955
26239
12412
4910
11280
89444
45597
80166
61368
89156
43380
26098
44466
42534
23339
51097
53974
14687
86303
13885
98768
52641
22416
47637
10865
47240
4293
84491
24550
63936
82485
27865
97891
76024
58913
34743
89062
11900
48934
98526
33536
72538
11645
57888
12080
80957
49937
48622
40835
14347
23983
24075
59552
96684
63845
30024
1444
38472
14849
99157
25000
95383
70684
60452
26121
44891
91569
76464
89607
91494
70534
25586
78139
21749
49594
93338
59089
87989
28109
57109
38294
68624
22997
49880
47813
61824
39476
19862
27739
16919
40607
70435
73876
52547
33799
31373
88792
97424
96363
44869
81
84775
12522
37726
90399
98625
24587
1392
90746
89635
74844
56695
90681
18177
55772
69733
22655
63161
31355
80387
3779
35107
97294
9158
75526
68972
8118
46518
24945
12794
24020
47956
46649
68313
14817
16173
34772
32299
20748
99960
53335
13688
9629
27647
33362
82659
61100
95257
62012
53635
18014
57955
12325
21637
63194
93711
57875
79637
17027
56730
83657
59568
92026
52498
48638
76438
46707
1502
56729
75453
70786
57589
51375
83438
36617
5761
71276
50932
47487
14817
78078
88692
25417
27933
62977
8954
8645
55447
5549
13329
49098
99164
25482
52917
89254
57827
5596
26789
7918
65484
39957
88326
3042
20739
12399
44323
67071
14265
64403
89620
19200
30534
56131
54239
13896
23793
95981
11303
35454
37098
368
78249
73825
94991
55369
60197
54896
96470
15968
61942
94989
99791
13128
38449
45783
8822
63450
31993
58845
87352
30567
60520
53283
33609
84782
16330
42685
9993
42859
27745
89953
20353
35002
24093
28603
20261
79766
29612
89103
80219
76692
47135
29215
63222
8562
2165
16796
14430
98797
17246
34962
67158
43980
95655
91012
32106
8756
23125
91713
4253
65876
56995
27801
28625
41785
26331
75609
80285
96223
30753
86326
95660
81289
57876
4792
31659
96651
37753
59712
3645
57913
3754
74510
38002
84758
22410
71406
76420
51504
80671
58930
69405
25552
97473
21064
82934
64505
22750
3258
75815
73699
53670
29499
4994
42238
22793
51559
88741
25523
11986
21811
24667
52951
19458
90038
25131
16516
43166
1694
86520
93874
82387
8585
23615
16711
61981
64095
94824
85921
35745
19501
49197
98356
64099
78446
13675
6344
84009
32441
24741
72948
59363
85075
19439
47880
47286
49026
75823
20281
52667
91554
85689
79535
62594
55876
93978
67973
59927
15372
97164
73556
48965
69332
52986
9748
50593
47652
26854
27485
156
85732
5388
57630
84832
11895
41036
86561
86543
96227
30578
19384
32507
92791
93753
28121
39670
62153
6195
62332
21000
48807
72075
98495
74007
8601
21236
4335
28043
13597
485
41616
91861
66481
83602
15268
34331
68809
54891
7900
5214
97139
83900
9805
38003
14440
38576
67700
73043
24455
2840
82838
79613
36259
32893
24113
11932
86016
31715
90608
73661
25088
68449
86552
44398
42492
73776
88782
82941
93877
29132
24403
63588
74647
79065
25427
13133
64255
73749
43088
83009
3838
13837
73218
26059
66887
75830
5857
29029
6681
93728
23706
72716
86614
50269
43560
81295
49760
7857
22881
9745
63760
55675
69207
86674
55614
77670
87698
81216
44139
3814
57188
78999
48896
79797
76988
20769
24795
23200
14660
28037
26256
48147
52584
26224
65534
573
28008
99104
14176
61453
83135
97549
33126
58499
9068
16450
1533
71267
13947
61073
29097
72302
25233
99488
28088
41371
54197
67096
94318
79058
32093
37158
37706
29943
83551
12216
60099
86021
40185
63215
97620
16015
26550
32566
2592
15144
73312
36351
80335
95704
35561
187
80068
82501
30544
65322
11975
50726
9169
21190
7181
41991
61761
33332
71779
9125
24382
39663
43309
26515
16990
37453
4517
52925
41453
17839
91306
40388
58089
46174
95564
68642
9610
69834
10571
3287
77799
19706
90412
55923
46910
70208
92829
44376
80852
56584
82958
867
7815
70004
94548
94919
64779
47905
62105
11377
72458
82835
32960
10907
69764
25427
28418
23010
64882
70037
10762
44748
87076
43796
87478
28325
26784
10589
48162
6778
45396
37681
20598
69581
69553
79962
47358
62630
98789
73958
31620
62680
81705
26129
14862
90690
76845
32945
26497
43586
1691
23696
81891
29996
72541
86693
34386
58219
54233
96583
45330
53758
68327
65441
93073
63854
3914
44340
5438
57540
59114
69812
39130
40108
34696
55198
44635
19799
56099
70500
49294
19959
25356
15440
41763
3031
74326
63289
19216
58493
89935
21206
34411
52499
38091
86004
70539
94266
94363
57946
45249
87188
74129
7527
24768
344
78522
205
7096
94174
80536
43858
88048
74633
342
38434
73146
26878
47424
87435
15629
16566
71509
29945
40218
95789
30147
16712
63897
30656
51377
35709
14247
70494
99423
49828
76796
56758
25975
36629
43621
82581
6191
48894
26440
32264
80229
66125
52205
30047
39699
25354
28339
68582
81348
79611
70529
2548
61434
20338
47566
9310
73714
34440
48108
59210
69620
66198
92848
40620
30325
58522
38131
55899
33570
69397
63564
43241
88557
94424
88402
83523
33500
56073
87579
15062
62634
51801
96489
44790
40007
27859
86789
16068
66203
57281
25908
66350
71130
44044
15003
20551
32306
64327
7369
33363
5305
13688
91808
98541
10885
63051
87053
68980
59600
54980
98913
84931
31478
63202
80886
23663
14428
94240
41515
67576
15787
44449
52421
19938
51986
54650
24650
80966
56238
77706
65797
68925
53097
35705
3575
7667
33945
10792
82321
9271
48708
87457
19238
72352
4793
96901
29350
80002
11156
76411
56633
70492
140
72586
68856
2873
36384
32710
62573
87577
85048
50778
97957
67911
40184
82178
48781
16700
65592
74687
60050
56553
55034
18595
91771
81394
96495
50773
45166
96102
17600
96868
83283
83906
69356
80828
59990
33179
83328
79987
57546
43108
93197
26165
61331
74229
46028
11861
4693
4835
29198
93993
20655
90066
85365
66853
42156
186
13369
72524
39096
43531
24419
36024
52709
55000
17639
2140
60741
3535
79072
40647
33287
61243
17783
90066
5680
47227
16035
20157
12763
97561
34117
66884
54258
51923
96169
96020
21631
46155
28990
78138
39521
50379
24820
76571
47768
96767
39520
25594
75106
40562
23757
67125
11126
2777
23636
28271
43711
13637
59817
77094
97231
89293
8831
94786
37753
34943
85670
18118
1297
21865
11984
98247
22511
2836
80901
10345
97928
66117
29617
97348
38809
6653
7111
22802
71637
58122
69055
60188
48365
32703
5313
96431
12818
14676
14667
23370
5601
14857
94428
51710
99792
35757
17957
89798
13599
66550
24258
32766
32543
12103
78470
3696
32546
95621
11852
14551
71171
77767
48139
47627
95587
41187
53381
98069
83379
51835
43388
40656
30589
50175
59776
76921
52701
85273
11787
73034
19460
84765
32285
63424
44797
83122
26426
42089
30705
38460
9333
74098
67363
84440
25127
36919
39259
3575
95537
15522
52732
70587
72934
22406
43069
63013
51425
31434
48451
24264
11973
54797
95734
33685
79921
74330
96172
31670
89914
21728
65468
54459
840
29382
36806
59851
50742
27782
34708
99157
23479
75234
27936
9368
74823
76212
69783
98107
18946
10359
21937
20229
59155
26168
69168
13894
83244
8129
27921
97113
57555
70270
24891
901
35564
68899
35259
8101
65609
59358
4764
30868
70105
4335
65457
42088
27930
6120
9017
37740
17625
84555
60959
55982
83834
8489
41830
70918
3897
2580
59442
48996
61500
62562
79206
34763
84853
15754
50542
83655
82178
62262
74356
11406
15690
33721
16253
8060
76240
5451
63429
53016
24951
45429
52744
42738
93871
51589
62611
7588
88928
69381
47826
82989
32027
30834
70382
1394
68522
59063
91243
7490
38515
56508
59254
56553
2847
60844
16845
23652
12835
65712
16385
80284
61522
9338
27937
18538
6943
97448
72364
72634
77629
8627
73440
58723
23356
26243
33685
10303
56596
99415
91960
48643
40131
19567
63009
25225
82610
39793
38252
69846
84129
98512
18686
32184
9652
46599
24152
41082
64457
44593
64075
47753
11455
38034
25767
58894
1363
35478
75688
27612
755
28512
69103
82637
64931
49723
42546
46204
48157
95198
91524
83163
17061
61798
12860
77263
86914
51619
75078
48563
43741
95931
69860
48110
31517
12536
24595
97991
85627
4163
55491
43729
81936
95863
59729
64990
40739
78493
77524
40939
4200
18548
43166
30000
55561
17452
70884
81808
46820
87786
28188
39296
74662
1098
31056
17185
17225
148
19316
57419
61779
47307
60682
61010
19426
86167
36867
22483
84084
18119
48321
204
64691
36640
8933
73608
43912
60817
92949
46793
90608
74029
90426
70746
55295
67008
93257
73545
19988
98083
54149
38771
91980
70699
60363
92858
21155
83359
69125
44635
91900
58242
25195
87793
83081
99470
81645
12596
79800
90300
15124
30902
98243
52800
36506
48267
67691
33727
59671
41071
51538
5019
51265
47967
68070
35212
486
35935
39696
88418
22658
86070
31392
67964
13377
9499
23747
2100
48637
17517
9391
70786
52594
76016
65412
86472
61370
8413
41851
16837
98417
66144
42680
2809
25752
4304
85791
26989
21719
56513
18102
84004
58955
94334
69946
34389
98405
10826
51787
66741
77267
52741
44919
83857
1032
94550
25766
67801
18250
33963
90756
86155
99253
28734
42840
78875
69311
4643
61943
87079
12341
79134
98526
83542
38127
68712
65156
44525
49391
24540
4646
51864
75057
53593
425
95989
74748
12430
72798
39276
77838
27537
27237
623
99734
31944
7837
65881
6238
20245
25119
99044
92684
93110
10125
73659
1029
69070
13005
49415
16664
18701
88352
38012
48190
18132
55565
24325
26069
35744
7435
90482
41350
37415
16903
10814
36837
45130
33285
14111
34561
66979
51402
95111
22517
766
43686
62109
84871
26344
50103
22749
14117
54621
4155
41479
51949
48895
73581
97187
48852
84397
30791
99995
61738
3891
45701
34261
47517
87803
24192
94098
73524
90258
17749
4267
17787
41667
25248
20043
19525
80501
95496
27370
30868
78955
11618
30772
32285
35510
67027
29499
59423
50990
48538
90789
75895
50710
9785
70881
49840
33107
21503
72458
82849
65462
4102
63321
47586
82387
92528
39016
5378
1034
3587
4673
93608
74803
73778
55463
30603
60895
11881
16291
83235
75285
16799
41230
49878
59286
23709
1360
3121
76834
63774
85419
98540
1459
49385
79756
50864
22150
58258
1241
53133
86763
26144
48669
27049
5619
47885
31355
90934
17486
60968
83121
23990
53627
21999
69384
84234
98562
47891
81111
81575
65995
84286
27601
60104
18483
10656
2387
50340
10635
52199
68929
70329
9004
95648
34469
76554
95458
71414
30331
926
54904
27124
14855
69965
42916
54988
34445
77630
37118
23473
19359
81402
66837
73580
54268
88980
49588
1189
46751
47996
9082
43812
97185
49232
65612
29809
13009
22477
58005
13964
41521
60589
33113
64940
44553
26239
61834
67462
20903
50047
38125
52700
2936
22187
63712
12401
94120
94047
10646
53003
19754
48388
85926
11539
2319
21089
525
53120
45897
4305
75257
35451
84950
87688
25812
18021
57111
6463
14269
14418
36535
97302
4968
43079
36332
70495
68248
24695
43602
22395
2985
12082
49235
20071
85147
284
95315
25469
80426
37740
91591
85469
25014
48549
77486
75379
42701
18051
66432
55928
6659
38264
64988
47344
38649
58057
43765
61128
55205
54284
22343
96195
93148
57809
64989
10232
761
52595
13687
45139
90045
11999
38756
49198
93461
56927
15168
94466
47168
30459
52633
86994
47939
38409
25193
42355
19849
91794
31085
38868
2089
27081
25803
5504
13198
49557
80148
791
81501
90464
47693
65426
94594
83790
49343
42630
18397
49627
63472
75147
38015
25131
77240
32982
88923
78763
41230
54405
70185
45881
63862
12040
93309
13621
66947
25708
27741
59105
36106
73871
52300
31758
29602
90600
70139
65397
95529
17329
60488
4364
74931
17711
62820
85002
41595
81066
16028
96908
24583
78583
51715
70772
73787
87537
79307
4838
98040
64200
23746
98127
40040
25519
43606
44266
63273
8858
25331
37738
75733
76906
42981
73856
46268
50947
35657
808
10187
28620
27784
53905
33965
16362
27376
39855
3245
65561
87318
23022
39068
70483
64312
99701
43159
94978
45265
18989
24338
51818
33493
24151
48643
69550
64765
27091
24969
53261
42367
18209
16710
19261
49154
48390
69054
93488
96303
50402
45989
63308
47580
9831
50977
55899
84230
82800
67214
11896
62128
82996
54986
78009
5940
50051
41417
433
10624
42638
34706
16464
50406
90635
96630
55531
71348
59207
3041
1935
95391
33297
53693
52623
58304
88653
63083
73534
46854
79210
26558
16049
78447
41496
34836
22314
5180
40118
19477
27666
39229
12047
81840
31627
3032
56176
37538
43826
36972
96619
15062
78732
36625
69124
70537
27244
60474
56990
22788
24604
63399
10935
5495
21576
64894
76716
60069
12233
43355
53494
18262
31586
53150
48071
71651
37156
6779
9177
39733
14978
4746
19919
26066
12945
53365
65822
22557
93695
2552
29064
735
71864
62354
5490
82713
65143
42883
9638
53261
55167
40004
63897
22762
72375
33775
48251
22123
46989
51803
86792
65084
27201
19087
65674
33058
25989
51707
66373
91524
45602
58134
64331
11318
13679
82386
89026
93309
39470
55910
98739
89327
1075
26259
98800
51918
15470
48106
27508
6545
63563
98867
18399
34628
36316
30096
97122
56367
73347
94857
54362
3748
95567
32613
77166
99994
81920
91166
48258
48184
52610
83157
80589
46680
21072
85414
1727
66672
77109
15532
32979
13419
12424
77211
79980
46880
24352
60700
57198
54941
18535
57763
5559
4985
78826
63688
8042
37660
28314
32677
64674
48499
60501
57942
5636
70695
79241
17117
7870
73505
58185
55540
27584
44597
87490
11980
50202
0
43150
76122
39949
73846
52840
26918
21437
69826
65139
15958
76922
66722
15660
23797
83145
11638
20373
61582
82132
72526
62730
24892
94656
27678
46641
22695
70182
20001
32045
22281
15235
19573
3610
57165
7931
30043
69693
61191
78955
42802
29799
99652
56389
66043
47949
61297
96878
88623
91502
92759
21441
99308
63837
7350
14950
32088
80072
58101
4393
63491
18980
43379
24223
87195
12476
13402
14202
56854
47020
99176
12888
36780
5492
78847
24292
8140
5032
58216
87484
89992
22832
12714
16756
43641
61685
4735
84504
54136
43267
55782
90071
97048
40236
86685
80519
51638
31089
18607
57580
46727
52905
10577
18290
59630
80410
16458
77755
95573
74516
73690
73567
21276
88261
42517
69214
87091
33458
66575
12138
56172
63716
2365
23362
63077
80610
1923
25156
22309
24464
22424
41155
98914
11985
87574
59972
79387
79751
40237
97570
41806
36199
64322
9829
20696
21340
18808
33170
12417
75592
50653
30956
45196
25105
87766
43880
59543
84084
692
8844
78915
68631
30685
54922
98569
10462
66
31931
49849
14799
69750
67816
99209
6201
43706
66981
51087
57076
97118
17987
21525
34037
38551
40722
99372
55898
57500
69086
76006
23718
58725
8446
29549
60171
17403
23710
57821
76183
34831
45575
46856
89285
80723
64800
98779
89979
73137
32905
54418
62598
13837
97978
97559
11877
87901
74029
73746
82011
29394
11018
32005
76005
20202
70767
71117
5180
60425
78415
69159
8984
28880
21373
19998
86380
65376
41907
36397
6244
25848
59352
47654
85178
71412
79764
93667
40003
74234
58251
26519
59894
60680
2623
75614
45284
50912
53691
53616
53049
8373
64164
87750
28193
47220
33359
79090
10508
38957
18283
8211
82343
31723
22591
40917
60835
66304
80892
20839
3095
82258
5793
23152
86435
60203
12299
63419
77931
21259
34835
95980
598
66791
72749
55984
82117
91999
1148
19340
4587
65225
3838
12709
93413
36495
81109
45662
86149
38008
59167
63428
48730
7304
23628
18456
50722
53956
17695
43231
84262
7833
29646
30263
31797
67031
68177
70108
627
99500
11924
30263
47725
83851
97224
39030
89417
55331
5599
20345
58324
74836
82087
55517
41775
93990
64456
81622
30316
13966
64336
48702
92064
94955
36577
96502
23624
22343
5571
17017
72888
93055
87627
73511
56403
11234
67549
91637
38439
35430
57019
86820
43003
64294
99258
54717
35175
72010
10321
75948
99776
96149
64331
54482
15880
35735
59902
88024
22048
79030
61065
28263
92213
71835
63414
19248
27654
24296
9239
78254
55009
2260
23695
72819
46304
17389
57757
94512
98561
11416
34745
97466
24302
61937
33257
51881
66726
17464
53636
2904
82826
35236
39492
24131
67787
69456
59816
94932
84081
30451
98895
99392
72556
52760
13009
49014
52145
4782
52075
4349
31060
15780
21563
91252
40821
90147
1346
48760
23364
68048
40561
2736
62119
67566
37406
80444
92787
33918
73746
78161
85185
3164
78716
46977
923
75357
13947
29437
67563
11635
25393
47163
38683
88789
76623
11321
40834
97630
60169
41489
51103
2294
95349
4017
99793
71344
20225
36746
94915
93237
53009
66491
12755
72224
15910
7194
96673
87219
34823
99159
87282
73241
5273
75638
70351
96711
86966
46353
37615
16038
53951
77140
87800
77126
7847
79444
93143
69088
11502
38764
32659
45551
29172
64079
84449
36576
95319
15005
39791
99959
3440
78045
19505
91027
77277
52280
76981
42826
63759
55372
32463
52042
20932
42552
77644
37478
88841
27194
15437
47158
31614
96013
36696
47600
57992
7532
84358
18419
34543
24896
11960
85618
87531
26580
64582
4759
41174
52454
69137
62650
83439
73449
5223
96839
2972
67112
14146
30327
10289
48788
13135
54590
40884
14813
90334
71149
28657
5472
44301
27743
96459
25102
70841
91533
30885
80120
90453
19135
82297
39753
91570
20075
40670
88335
12761
79495
73395
88598
52495
60172
63670
2700
38952
76899
10491
54878
11666
3369
1366
66287
56832
6421
34510
38683
17635
99767
4106
6156
34978
84296
32630
72223
83345
96381
47562
25413
17012
32518
72078
63552
76700
58914
1286
48824
39236
78142
25022
96339
92085
31268
83770
82092
66137
47438
4443
2479
64637
34228
98108
51854
41065
46921
65391
43609
54291
38774
64918
15354
52546
11957
7561
70931
90078
90897
4500
78494
56740
74972
82060
5816
43712
80415
42223
63438
13621
77799
36615
23207
265
75959
96599
32821
25969
90541
58420
24965
8723
19866
99831
54371
73287
6320
49426
52947
89362
50350
85169
12351
4616
20400
7220
67060
41103
46449
94449
80649
92406
66593
72295
73605
71603
99560
70418
87068
73191
12381
90278
65713
21677
4992
76974
90228
53756
87500
58808
22404
53921
43948
219
11886
33589
95391
9657
10262
16989
60179
23050
66068
63570
10227
53092
48128
91386
11006
98380
17576
2999
98167
59849
79544
95812
34459
6909
95639
75917
39611
88462
46714
46967
98959
44930
5428
12619
12706
39364
68746
71125
33296
20671
33976
3662
56176
48476
21924
24938
95621
40753
79651
93476
8593
59399
44422
35300
51966
726
33095
23370
65088
99482
84479
56212
52265
69971
50039
90776
71395
21447
64539
79253
24573
5973
15356
79885
23103
46970
51625
2589
19684
65029
23011
43943
53245
25377
53791
5332
63702
88020
35745
75440
57294
35078
87931
37984
54684
99346
77688
27578
5139
30907
91134
88950
91599
98358
43789
87073
50193
19958
27723
14433
64093
82264
88161
19102
89434
39537
47986
58502
72492
62674
5316
22896
8934
49296
70862
37975
44972
75265
68305
38337
42093
5512
6479
54465
24143
54963
40167
12770
37801
23886
6797
94621
73734
11866
76331
32424
97189
69775
78487
56658
78380
88784
18739
4947
12465
31523
89007
59335
44815
29129
89709
44072
50616
99530
64635
72388
97225
14304
26144
2941
63564
28794
59014
95855
31765
77592
28046
13450
7602
94736
23394
52668
38433
84725
30370
17003
62469
23819
70319
50169
97721
17375
49757
20258
71141
65689
88500
86909
39826
86931
91805
76517
53874
65272
27103
44106
27978
81645
12632
75878
71529
72297
75074
37743
65861
31013
28663
4183
51872
65895
57379
8074
28663
86201
26502
76467
6314
56636
62938
54459
438
63341
97976
35024
54611
6960
86004
25893
9554
91309
57465
78354
84838
79351
90298
52566
17796
2514
30843
76323
63053
25562
93916
70100
58738
48347
17597
93566
69531
51209
12012
82328
71914
20385
89092
60964
24524
79451
82481
45690
85612
88100
46447
8336
98608
27776
59866
37788
65166
50726
4702
56825
18187
66588
7471
81668
86888
46819
27631
80239
89591
59873
76291
55474
26539
60601
84314
12862
87488
72321
55780
41823
87141
98161
4320
20618
41437
85126
55604
73834
55319
88681
37824
60398
51597
35722
85230
64527
72651
9309
15755
6062
21651
43609
78463
42968
31096
58146
9026
26113
19011
35710
70889
55988
49252
88667
10280
65839
77756
66613
94035
92548
41800
22201
25993
44365
4459
16116
96242
4465
34540
78214
58572
80173
29173
33469
99006
83377
15736
56536
18607
45716
68289
75244
71824
9607
33063
26292
72068
23723
89337
51111
15412
89641
65103
79075
87807
19467
1534
62429
89409
64290
21434
24958
76792
54418
45869
99378
63048
5247
15670
32901
9955
7342
37047
50035
48687
37157
20760
7989
4290
47519
24863
37086
29547
28908
21817
51162
31989
56864
76299
46971
1931
86897
79819
50142
30066
98973
9131
69779
99766
48791
91346
29165
29333
68956
63763
74677
95022
77694
40463
70134
4435
90358
20286
38300
97299
44277
24262
9669
79543
50477
60133
44829
55648
82006
85055
12309
88126
41477
4933
76822
87317
1029
25021
80361
75783
43614
58109
66908
28838
2140
94118
21463
30560
62580
89084
72084
62162
7415
50655
3354
6647
21289
80153
40445
47353
35800
96531
61972
52708
23649
11607
72567
76843
81796
73577
49389
12092
62747
15746
93695
52656
48548
8655
28141
71446
73987
8950
92555
13300
21
87967
54307
35843
31732
89206
53118
579
8080
67609
86719
15507
66633
78966
15823
64722
21328
85980
39788
89636
16496
74519
9989
152
62698
34095
24857
45159
54048
61573
76485
38488
77091
53256
37346
98314
12947
57769
51329
48649
98242
1875
97047
87069
34972
80422
90875
61467
10706
93996
51958
25166
74774
87037
38750
76986
83312
7551
11955
27044
32723
62510
92640
58542
15098
41965
83608
17023
95728
87981
69855
50189
20838
10918
41033
68744
981
18646
5896
56144
89779
88176
12944
56628
65139
19330
94375
83303
87568
22388
76867
91560
25118
51442
62339
30884
49679
10930
12477
23818
46900
64642
36638
90229
61902
23160
17472
83762
14980
53936
48732
35571
96331
42426
88900
92138
81708
6452
55011
84561
3388
76553
28554
91837
26184
24102
85795
9690
7197
11533
52047
67796
86761
90338
90588
16153
73306
26443
98722
2964
13583
87119
72544
82879
79253
43649
85158
49276
91434
11153
48466
94501
74521
22881
79973
23601
81565
43222
63288
46814
33075
10575
33022
71531
294
75624
71758
37916
38440
5611
24757
98145
27586
65170
78317
38348
28003
96637
12757
17677
70655
74978
59681
49421
73227
6568
86529
23007
98916
42297
71343
63843
35293
13670
30555
89404
59168
12012
26552
83958
43420
52598
24619
53501
86749
31158
71442
68630
2377
21991
28012
60170
11205
58802
75964
51218
64894
71706
3776
10282
86971
34171
25777
42512
41466
58008
30795
68182
51709
66625
24962
65225
41211
24035
19543
4931
17703
16262
23121
31428
96269
78580
85835
22116
65977
75101
64204
84460
13439
3229
42968
71621
97550
17144
86610
90755
41078
87421
57363
93488
46283
96390
73962
34553
5833
76463
2481
68549
93855
20161
24047
41669
44085
71202
12850
63213
4432
51541
47016
72399
51466
73553
88798
64062
61118
5094
38961
73943
24008
30976
22543
91302
58141
17475
70364
35375
77586
42707
42442
59720
69920
67863
13610
68064
84253
35483
48640
37736
80418
90889
9685
25028
73710
77115
74397
40874
60912
20211
11612
26073
972
18564
18929
83823
54690
34872
79867
99645
53664
21357
82916
1155
7804
76856
56470
78509
94917
21102
57126
43492
30179
16754
62084
82445
47166
94133
78960
29811
39169
26881
42729
46107
61257
40517
46292
18636
77314
29092
77854
22790
5045
63875
65163
3993
90597
96265
80953
43674
87290
65748
4643
30277
39183
70051
5596
39825
36632
90716
68838
77813
42747
74879
7734
54750
82664
4219
16322
81860
62146
87658
57685
83230
94179
20892
96
51083
5366
12453
37169
89805
64559
64421
6148
14612
77240
82435
97280
69898
36206
88989
94097
23213
43435
68254
843
39429
56288
52759
35201
2062
24177
52906
803
95600
66134
83783
75748
20718
92466
30713
3192
69097
96967
38559
54755
31604
86577
48826
24279
13866
95811
27410
71233
2648
57830
89010
33681
93836
91342
1893
43180
42683
31223
28604
14831
39502
23328
46858
82570
46552
97845
95469
30497
7206
40874
41793
58205
5003
53685
69098
95416
32099
56410
29325
40055
13720
91315
23077
52556
23170
74555
59226
57867
10074
81917
48821
70602
43650
14615
68270
12056
49146
98588
79550
70861
49688
95893
9782
99485
81019
75358
86801
9563
22745
75524
35307
46614
50350
89625
23212
30435
74483
48451
9294
9440
39581
87188
30341
6825
81136
61588
23907
62466
16437
67129
30317
44160
70504
45621
8772
6421
51243
55524
74373
31114
20758
80486
96676
42987
58599
71058
72524
81990
6162
47697
61737
93652
95038
39468
34686
78054
1639
59725
25527
7515
1453
28374
13951
32936
70858
13253
5983
81120
2058
65810
18342
76885
18496
31057
18199
28331
69505
36274
51272
83006
95282
86026
26148
70877
74760
72159
36689
6882
30378
39690
52745
4729
5043
62007
81569
45031
99708
87742
2654
86856
34597
69467
34968
31860
2812
45857
46673
53605
49338
16604
48448
70457
37571
25198
65308
82460
73675
95775
30837
71597
25063
68844
64001
68654
56921
94949
18845
31198
68738
53006
73228
79059
17551
87596
87921
88749
26281
34899
90218
11916
9213
16606
72810
66795
6530
1375
40068
67410
39627
5500
44577
54046
82530
73191
43756
73138
1887
36534
74753
64517
15944
63237
40508
12630
77867
36994
20103
39607
15908
42853
32988
10220
65918
51656
79362
92280
67172
32929
79930
76842
21187
46041
39870
87144
76391
68739
33632
60261
10580
41771
2083
90934
24863
46764
45263
98577
92736
682
89704
82344
6858
45393
53491
10866
83678
24380
88274
2150
4332
91272
51082
16968
47926
84862
38461
22406
74936
13472
84664
29915
83209
58316
5966
44057
53977
57755
99378
46838
15013
28536
96669
42919
9669
623
58668
23129
99472
17895
3874
48305
21444
14034
12675
2872
92113
63741
10418
75698
62702
79302
36073
39740
98906
77469
48998
66842
20093
63545
71098
91171
93701
20626
81801
4516
63330
62345
69810
28059
38121
46667
62915
89696
30276
27346
60602
79479
12883
41626
16581
14426
78334
51529
18435
79878
42130
37707
50252
93441
73864
31053
45864
47151
34271
81924
7778
35913
11526
17273
72077
95190
91565
1924
3431
5929
38426
42086
48771
13092
95007
52746
13301
50486
3329
4743
12428
93298
3239
47745
16463
9874
63532
44680
80619
3146
73611
39033
5073
53300
53698
43741
7878
19350
43068
28153
62518
39304
86198
78418
38283
44345
60242
9130
12723
99798
27299
82852
58871
45191
19965
36113
18602
13671
84095
64753
67327
35113
98265
73516
26614
39314
37321
57137
83837
25489
98459
27870
3641
22691
45176
98140
31045
92760
18398
49695
8429
78181
89488
12520
81130
79203
3663
21986
69199
64183
34668
12202
66572
73127
32530
2394
67773
79124
43864
85446
50502
92309
10782
84678
59238
62041
72489
42267
14736
92149
53403
22206
68414
27658
717
75732
2021
93713
38992
43390
25232
13473
22007
39730
23575
92276
81680
57141
31711
27804
56740
60539
42100
90988
12376
77722
33949
582
5816
85702
59224
17098
12864
13044
15339
31175
81248
21460
98839
77192
84058
65441
8170
78360
10090
65136
86443
89236
48859
82569
81200
9235
54897
74186
90481
36915
32557
60758
15900
35042
47649
17618
1663
44258
44158
99079
15474
52838
6610
27700
86876
51911
99596
35381
98393
6045
48579
95507
82053
85600
58492
90947
19737
96816
51387
71960
95562
30503
76175
119
52172
58647
40621
75120
15845
79351
82547
85194
25773
85590
76546
40922
61043
94724
80764
15799
16119
88396
12846
59458
27233
76477
3719
78370
4257
44090
47743
19262
53758
32570
94164
6493
97831
24179
91283
21933
65203
70030
38768
51486
28711
29619
50176
57878
98738
17608
94684
82220
96900
58658
47451
60883
77484
60619
25354
60117
57927
54814
76353
77803
52218
78453
53450
99976
18255
55633
1980
36532
3480
32100
2750
46674
21325
7877
62040
4860
19260
13465
63845
73835
23156
3278
3457
65443
2347
68986
51493
39156
57392
83195
32566
67035
51442
12019
31977
20592
53881
50036
51018
32551
10355
55673
17343
16235
646
94945
51049
59791
89541
61312
98789
81509
60392
88588
53509
34891
88336
2888
16350
3580
34521
59284
40866
82419
9676
42229
58677
10540
29532
23958
52022
36619
33489
37530
81715
53866
60845
33633
82951
86975
39783
49136
59912
94105
65334
65551
83013
52129
25803
23276
87786
78191
45817
54623
38557
48501
1758
84676
3986
87623
89148
3673
16839
43897
24553
77810
16513
51138
69723
73913
17257
94650
20873
93231
75820
63021
46334
99339
25704
41132
94479
6987
30759
88128
80770
78118
79553
56425
79522
19618
9659
30689
77942
44166
31919
46116
25247
28851
4976
77375
28792
21419
35545
47561
89183
52066
12128
95540
12269
70368
45172
40377
48018
5142
88666
37642
24431
91963
1923
58601
74178
62798
52093
20289
78457
58143
95081
45516
71294
49117
31373
93903
65931
27012
36245
47377
20100
55830
5698
51411
39649
56282
25285
27902
73413
77269
34639
2770
1530
69979
22854
23303
78534
2344
22507
45682
64523
66178
79074
82656
69768
5079
26362
20371
77576
40241
86060
85995
94749
57705
11949
51851
927
22187
19710
44965
71220
38942
65937
90187
87714
33077
79468
4564
28905
21878
82007
75830
24024
91156
35088
52497
26976
63073
76776
17678
90754
5614
9076
98543
47694
13104
7560
43780
27972
50686
32388
6326
13284
40700
19151
71858
96942
68554
31854
95746
40762
10872
52098
35082
46839
38343
25452
47811
94609
87210
21264
94634
61406
41656
33206
48249
90401
62749
31856
73957
9403
20842
17642
54794
34705
41730
95323
59030
70356
53581
62298
72037
60756
60926
68688
66121
54724
11254
57115
51204
13005
53999
14882
87134
23275
98307
60339
4552
30579
8936
24037
5900
44752
99023
66912
88989
96021
14835
83769
59552
26112
52033
68717
47907
53819
25867
30621
80370
86168
12872
96223
12060
77427
92270
99466
30495
58008
80294
56087
35030
79011
55047
99015
29625
49742
81482
15542
19153
30163
87475
82357
86986
24581
67373
38816
60284
95991
44434
97097
43547
10289
59887
95993
89401
31410
28531
7797
41103
78145
26860
21914
67865
82444
36893
47264
64409
50938
41263
25981
65286
98095
64783
43454
66259
39542
38952
73548
30532
41148
89287
11122
68555
12505
80526
30804
58156
86789
2475
58021
64667
78882
53436
59309
72270
94369
1259
96846
97438
83478
99892
86468
8541
25829
85658
44362
55237
6915
65726
66576
82470
31364
80230
21766
50133
72910
16632
18487
14947
99194
16404
97351
44625
78359
86740
87502
55484
15619
60434
69854
44000
60696
40287
43698
61692
91546
86168
58408
59470
87795
85130
82582
43012
66152
22156
47241
99941
16697
53680
45204
3052
98803
78202
296
70511
24124
24066
65264
29677
96970
1514
85550
53860
4209
89252
223
1645
64761
87855
92938
29731
27459
60003
12205
84121
74758
1895
50191
82979
57599
21162
94047
81060
71404
28693
89192
4059
15389
90828
35330
33149
92032
39193
68040
68046
84000
63738
49869
28300
7141
17112
11367
92084
62497
72860
72508
4019
69289
28719
86485
44173
45169
62921
63942
71767
4702
97941
1547
98436
98977
29079
16225
9014
2506
1111
74567
80114
47143
21378
61651
79803
97686
44837
16910
28018
37909
46000
92123
74698
70896
78689
51998
51653
8977
10024
86793
6713
8586
33705
62285
1201
17865
77289
42124
63006
6950
24267
61681
35142
42381
63067
64201
43587
9814
57150
72127
5445
41830
30005
25253
47211
8960
41776
89434
87451
49264
1478
49693
49941
99040
54605
407
93270
12940
53205
36496
36247
22402
88187
22832
17407
73074
74057
41201
83667
37650
72941
88887
49111
30033
93380
71645
3059
1061
28458
25496
19994
549
63643
19266
30499
31397
96779
64937
27524
83763
8730
66276
57949
59627
23451
32360
60440
18363
52160
98197
13183
14161
40188
10592
58944
26154
80722
74084
94166
28428
85490
57839
18410
94192
50306
60638
61709
34521
53001
85221
48839
2926
79550
95186
93485
7386
25111
8321
85931
46072
27195
24300
21224
41844
90705
2343
29667
66169
34214
12054
42917
49065
22266
64818
49264
29070
48756
49075
52389
42032
96872
51521
5300
54788
78746
43207
73976
635
38508
19135
22136
38952
80026
74865
28776
26010
27487
30316
83266
65795
80895
75103
7089
13194
57223
75365
73264
38461
95000
19595
14055
2867
53788
14534
30568
88118
13765
81536
45240
98667
47384
20330
79533
16067
6484
62669
12884
37402
30098
50066
50872
23501
61033
75895
8248
3509
80332
63922
53937
38179
51048
24357
96404
56995
43312
37182
46779
13601
16029
78701
10375
18092
25318
98140
53587
90106
16037
15996
55400
35076
97365
75658
59045
93800
35917
26232
13800
55197
42411
91408
64532
15604
18503
23693
42903
29175
49924
28917
82465
92736
47800
75319
20447
80292
6448
77229
41622
36293
3526
20993
48107
65803
96559
12201
7608
28383
32927
30120
41093
77310
83798
97685
90484
15731
46308
14250
61622
63405
50928
75079
90396
76144
22676
492
16146
84926
52946
51985
8058
19986
2752
19653
42456
13898
85737
70970
71091
38527
45043
25272
74967
10904
70117
40629
88223
7091
41062
69227
90793
3048
71627
460
54259
77272
22712
65930
31119
67830
22893
41270
17026
17495
68216
15934
3155
65231
25030
27986
23512
88054
59155
77569
27882
10479
96526
25087
85947
92203
91716
61034
6600
51694
30371
28290
74610
80250
63103
38774
55514
75602
49628
39112
7388
29328
59614
55495
17987
21909
95687
51824
95011
96572
52087
73775
1870
77178
54569
4368
23383
93438
79594
29192
86243
53085
10865
26248
40016
74311
26716
4708
32230
6712
97606
72560
74362
15148
64020
48869
39091
26508
83536
81567
95204
35787
99058
92120
29599
93724
15861
52547
46493
61095
99804
60878
15297
93158
93496
22251
34178
79849
75994
64405
27878
97884
74371
50409
85835
71642
21108
83936
96503
62384
19771
33593
68432
3352
20014
8742
26941
41103
34091
1500
91100
8964
69699
40458
25013
5421
94446
11176
92021
38262
47420
96186
54303
65642
37013
68599
36768
82277
64797
5618
47523
32906
90212
74403
49190
3669
5912
91290
73694
67033
5034
38781
61994
27210
19016
5013
77403
47377
61612
82288
86057
28736
95061
80023
54183
62841
42344
53709
11465
49132
84450
7760
45985
26561
22788
98539
31149
67431
54470
69325
63513
23106
97815
45052
88187
23963
63139
85634
7564
35813
88747
85101
13764
37512
45746
80067
54030
24586
59535
33655
50623
45602
63334
72948
55953
75935
82100
51900
1345
47519
86825
20071
33799
94790
11585
24650
14662
61997
14629
41069
89153
89144
91686
38857
73640
16295
79314
6043
25345
4744
90750
42150
99131
16600
11746
35448
30162
71435
76434
31658
49032
23248
52508
26217
79188
35705
1671
48104
97339
19030
39530
1355
8217
16184
21816
33817
47958
50480
99948
74573
34045
81955
33616
98139
56222
62218
65447
67573
85739
35867
82310
3282
55189
3498
92216
66015
12477
46390
35226
46339
11167
35848
35202
82270
82308
62645
67247
17527
41629
40296
41848
60071
41064
94347
29416
34014
74126
67481
21864
1356
11958
77288
87006
46665
63284
80302
25741
3216
23350
15854
96614
4339
80151
31279
49310
82138
10333
16915
95009
97294
29131
88067
77743
42148
60461
51926
69537
10477
4392
4704
36292
66946
59874
25578
56481
18693
21820
51298
8943
32873
80657
33781
4714
70828
24420
19438
19582
44725
47523
93417
80759
48776
10627
5173
97189
49814
68267
57567
31481
53124
37328
73506
68533
91826
71863
95790
61336
33460
74220
83270
19806
39894
49752
40082
81198
32710
42587
7075
2562
2533
60179
35906
77455
49853
55615
47483
88384
24546
55945
16127
94146
36250
96244
23537
63224
49253
93296
29758
86703
16758
91274
27894
32722
81371
53626
82249
898
43216
47885
79156
49105
71389
87162
43440
91229
36334
47920
60212
84435
42854
7065
46650
40958
74481
175
14184
57548
23176
63320
82878
54067
31544
27900
41654
15191
11933
5604
72268
72367
35232
99142
91165
56414
95781
2724
79084
82317
24834
70789
83240
14651
96533
84727
5476
75596
45155
82482
19744
36917
4347
85118
46017
75338
82947
13938
36612
83185
67124
8930
36959
38010
59069
83633
81878
67830
21302
78858
70571
58849
51801
97600
60644
15470
96530
20528
34737
48293
86674
81366
75108
3359
33839
48121
86122
96131
15625
63147
37505
55347
10511
88340
5853
82349
80331
82248
66907
23619
9720
58807
11961
72494
44508
3449
39450
4360
70609
35284
17825
43811
84943
1615
98835
24076
48406
20111
8891
94251
57243
5100
1574
9634
30949
36563
58028
30764
16149
10761
63405
61152
80085
68125
81935
71748
10796
93215
55276
68595
7876
56043
614
18245
80415
83243
66901
53014
32544
31360
19594
12555
29198
88442
76340
64332
28684
27402
4537
9608
65461
50513
87139
91426
7544
30335
8780
45831
75481
60850
65703
66678
26851
15857
87890
1405
72312
18580
84101
77900
6955
33381
86550
77262
71069
36475
94685
65186
50189
82845
98606
15430
25074
29357
31069
39829
8882
12221
91873
13739
10614
91173
56772
19994
16365
38687
9425
23694
54953
16239
71413
12142
46724
34393
90387
19324
4066
91691
91566
82482
54363
83746
9574
11159
90859
70794
64252
3840
59999
6584
33041
12592
87872
38128
68836
20994
22791
6379
23282
98716
2903
63198
11144
70890
81938
2010
65519
25901
38595
57253
19264
12496
63183
71271
47798
89204
73467
4013
54364
32129
88100
85455
46709
94384
88403
47825
48738
70727
16249
75652
16481
99604
52070
68544
70397
54232
51477
34436
5247
52782
79920
51058
67281
47797
5207
85025
94917
61359
84317
69991
76032
59904
41034
61246
20350
24420
48577
59542
97346
43213
68464
65960
87436
36021
54376
59810
22442
59243
89734
88597
4931
26831
37395
13964
55052
62201
19271
51299
40607
14902
13449
21714
34777
69710
50231
86425
4445
29137
51747
80166
89663
45094
44267
93944
84151
47824
8212
12320
3640
59875
56371
21101
10948
80479
54933
61840
95180
55760
18631
69673
28785
14868
26726
34575
19943
323
8070
33683
31921
62191
97681
78268
4522
58052
76953
19102
20992
13392
2600
36153
54120
3281
86696
10490
44844
73627
87444
39479
10426
21434
56814
4659
68823
94895
46112
53324
14657
88864
39731
9875
40710
47284
32743
5698
52548
82697
88057
51006
4054
7733
67669
33266
8107
3514
69530
8969
13647
72123
39757
2925
85166
69226
56494
76049
50463
44735
78338
43385
5269
84772
34857
98548
51663
99802
74350
34644
94746
90814
35781
74788
35283
62576
54896
1530
65855
26396
17790
72863
84627
28695
32362
76904
95628
64181
55244
92012
67951
28399
83535
20311
14640
34877
58946
3435
23352
8635
93781
16052
71085
91133
21380
97974
41770
70318
72269
73097
3259
19355
37391
43708
62378
84366
87499
55420
88855
16006
25064
47783
22933
13600
29346
51803
19766
93329
67640
89570
579
8752
74062
78912
94088
42063
11407
3805
2970
21834
28663
30094
94581
23822
38261
96458
23793
80803
67373
1525
32067
66377
26480
35629
89060
37664
58394
37842
8878
88973
74620
45277
216
67461
48770
21695
43744
23336
3960
82287
34541
68031
73749
39712
33191
8071
27410
84265
16835
25684
65135
64467
88888
19735
17706
94977
99761
63727
20644
32259
93760
50019
64189
16325
12450
62829
71447
99369
30599
78310
15991
10805
82797
92334
58218
4799
70924
91032
17106
93504
27698
78028
7412
25012
77173
32193
13917
29763
15934
41699
21651
42712
93599
60309
55377
19028
99755
23035
16199
60197
23716
96711
67375
14232
76428
2140
79942
25132
8012
78262
12985
53558
75972
78052
39978
80596
98152
21761
11515
50191
51290
13088
72100
86366
51131
93200
97315
68852
68881
23288
95803
49122
1348
54835
12257
64362
8044
32598
5240
42935
83627
37741
61193
9910
20893
62368
71969
54506
77813
74644
8037
87236
98201
171
30388
36950
84759
749
61534
36935
58373
80360
76327
5976
82009
37087
7560
54972
83099
66222
30925
55066
77626
27696
98009
24389
9311
22912
11030
47596
47325
90856
49834
86914
65789
4282
6386
45759
66335
96769
14630
54878
42979
21186
1531
35654
65787
55761
41551
43724
57647
93852
58899
66893
78246
4309
35661
85022
88944
88944
37878
30079
76538
12376
2536
99958
33918
69847
63740
88383
17045
74991
60113
65690
41851
39779
45427
22991
69238
60795
87213
35502
73247
18571
15461
30828
99081
27796
15137
69927
53198
39237
72795
25351
39923
2035
35815
41571
91016
85720
19336
67836
67939
10043
56438
17561
2628
4910
23766
44369
56321
71811
73260
9658
9826
37285
17184
53655
17853
52898
24880
50865
92596
37561
69873
41441
79245
99514
48130
88988
10816
22879
77316
87456
57274
914
49058
2117
83564
32224
93784
11016
22727
34282
9917
92008
47603
91402
59559
47681
14924
90850
39741
26707
73019
43629
44529
74519
82791
77197
87653
546
89156
88236
62848
24816
42271
55046
48886
37451
52175
15845
43803
56048
70850
29278
14965
37933
87321
25238
12753
99180
92654
89389
70548
2214
5130
63708
63655
81605
72057
26521
59756
29202
18311
80116
90279
48897
1926
13997
34418
23794
25157
377
96891
18180
33358
51338
89395
60334
58301
35468
28099
37050
9243
82492
54825
27434
9544
11105
55602
53532
31925
14233
70806
83247
71032
67132
5461
27939
52779
57365
92096
40778
97626
1685
83673
29261
91569
84939
53841
44983
61507
38898
5626
63909
22774
44120
15427
23307
68021
75692
86383
92443
2670
66310
15060
11940
50672
50694
24107
64209
70060
80878
18545
12647
92742
90138
78382
3610
72194
57116
2487
18630
32425
82131
36271
94298
57394
84770
65258
85734
43326
54471
42929
67931
12195
59022
92895
35196
29239
37888
3685
68034
50926
33255
15928
67147
54662
9329
77331
6064
30331
15499
85854
61466
84174
36484
85936
88871
65124
21764
72321
21163
94029
36531
66134
97094
33821
34869
90753
11409
16097
20322
96371
21761
99638
28813
56649
38349
36445
95545
76818
86192
56337
2577
26789
66362
84897
36375
64043
83307
13877
30451
15154
45963
7472
58462
23987
4387
41446
16246
53200
16241
27669
71123
98597
53713
37839
86246
88596
62493
55555
880
94151
59273
68438
56994
79971
56772
70293
28305
24380
38354
77416
36259
47070
95054
63350
22666
60440
80602
57441
67913
40196
46978
53433
65430
24288
50987
71419
42740
45185
48485
72994
31230
2112
50607
15101
70811
84866
69698
81297
33189
89577
76506
88928
81292
46777
2661
19378
78803
81828
36916
68568
13130
76020
73944
13839
91354
7993
40986
43640
1893
57648
32844
14702
16400
47402
58894
99257
68438
49984
77439
43737
18978
85194
81989
22954
84459
78794
57325
70620
27117
64881
20618
60519
29391
59341
8843
53625
11675
26065
49443
40439
75964
16695
91072
82876
14659
95844
24279
27229
5467
30578
93639
4275
40238
73627
14007
2171
8460
34134
11475
36935
62789
75410
34672
1292
72842
15761
89440
66565
75119
81998
36231
14715
90417
85011
88937
80709
89570
57873
54058
60210
59327
90696
47152
73755
96447
5342
28792
48381
49995
97479
33415
34935
65873
27026
75487
81025
58912
26176
82808
46822
21930
33998
34211
17445
60212
48524
74170
54420
53578
6445
47539
94178
87155
14722
93404
13455
27043
56382
98129
782
94048
93618
77982
22661
64947
23131
9461
36689
24002
14936
40860
64995
82802
66740
70720
5704
51417
50894
8174
14594
90843
62068
79928
98330
98833
72733
12368
10410
26036
5744
3416
92049
9382
35393
24957
67049
18943
5021
15416
94259
74505
28743
55595
93399
9266
86694
90681
52717
97830
4934
2824
75659
36045
87102
80267
88302
46424
8258
36725
6848
17780
3367
92726
3808
73960
87676
73805
78353
36917
63988
22361
71514
64494
88185
27059
54893
33072
17589
86955
31023
34822
80250
88972
95002
84314
37466
55929
77009
78292
89637
85525
47753
94964
45067
69520
89146
79576
15722
55245
65898
48607
67947
1807
82536
63292
97199
80125
71811
23175
85741
10227
60177
9125
38188
17624
85925
12480
86812
72259
69191
18372
53021
27985
16489
15272
73691
12244
38230
81062
24787
73664
17492
30543
54357
47082
8556
71461
58743
96300
1459
29859
31624
63372
29045
53448
76941
55488
98900
63842
53837
10921
39764
71357
67506
90023
31023
38508
22662
98133
1012
52892
47443
53776
73441
79821
50483
56496
17626
26676
87938
65082
56464
48372
7321
51290
79653
72049
3175
97768
35029
8150
3628
40
93655
36704
94255
13423
64917
14436
32778
73534
83870
20349
22802
42936
97482
31681
59212
23465
28527
95091
63799
56607
58692
70851
51819
95290
77337
82659
13775
2492
68505
88887
96764
59175
69779
46153
41808
50835
81684
13515
99049
54098
80074
10756
15470
50207
70350
24244
32333
43096
54281
41232
4655
95956
11498
44951
30909
7952
51491
83434
76092
57832
46658
10917
68874
6267
87385
12154
30526
58653
79493
62320
51999
38594
92445
8722
80287
22795
39819
17572
13792
99640
20161
5156
14912
78898
91178
97089
19623
69004
70921
86198
48705
87451
36507
15418
33885
62780
16605
1822
54477
32519
26032
74708
13907
8856
49222
77077
11390
26167
12987
95641
720
46752
74276
68886
90355
99983
42867
46729
55487
67114
70623
5931
4304
76683
90235
83405
28852
60440
90381
44761
60052
91471
2535
75543
55066
55537
84546
26003
45001
51299
23123
5544
6609
34482
66149
35735
18130
97984
39498
65099
40796
86007
48377
32806
26198
77408
85167
44645
52684
49307
77689
35455
12425
65631
61886
92920
45577
1851
40183
81879
93076
90892
61511
98718
13103
90901
8895
31581
17443
20324
83630
76693
6209
34022
69112
24383
75032
4157
32253
47894
95075
35904
57948
3183
20293
58871
92486
99461
44868
81707
81754
38781
36106
41711
39670
97660
51996
66113
52570
97041
5528
59230
34492
29896
11102
45822
1780
18669
56308
24882
20182
64009
64359
6603
13195
49898
26918
16174
21025
50819
24660
87592
81400
97608
11699
98462
55095
1218
78170
3352
95210
88991
74647
96922
8192
77079
68053
16337
21190
13586
90279
56128
90731
56547
65738
16247
35270
45019
18433
5386
99096
72481
22411
43059
82982
47672
60020
47368
15803
15739
9341
61025
17058
31999
94911
37859
27311
46431
39972
11844
43518
43774
79468
4948
82260
51203
90987
23097
77441
32443
94028
5460
29882
49915
26115
3119
60895
14781
47582
86352
27534
76241
63187
7918
22607
92967
74421
86124
90466
16228
98840
64156
64780
46033
87076
51830
45566
38808
26356
67014
35815
30199
32561
5792
75131
6023
10711
42357
28250
57447
14585
68182
68758
81633
40858
92553
21479
79153
64609
31017
77110
19169
7673
40631
70241
2887
14825
43519
73218
52065
49415
71906
65475
56172
48571
89287
28178
24423
22343
44829
78785
41402
46304
68005
23882
92920
33035
88768
47272
43498
51865
2484
25850
52238
94657
29864
60682
22623
51727
9512
34968
82427
31420
35377
96522
66426
21947
73436
75767
74390
35603
35676
70735
6425
61058
19271
21445
3966
55923
99592
26352
80416
29995
49319
39460
14900
57767
34155
48657
93503
88118
53170
41909
47261
18848
60643
93508
43455
30279
92452
27645
91749
16875
2289
27040
24079
69330
52367
91946
67923
69027
50739
30589
15886
20435
81452
48247
56415
1303
75888
63379
94608
77904
49380
59131
91493
81792
19913
72948
33805
7437
53156
30337
87011
6873
74098
66623
27452
3089
93715
84597
61919
50421
34126
63280
8112
28044
67096
77714
18876
2336
44335
66040
19697
37944
91006
47074
21455
38255
57582
37375
14670
71798
46821
45160
26748
71905
44315
64964
47385
76361
38012
20261
53453
93707
62515
31020
70284
34086
32277
48
95593
96993
25625
9152
19850
63402
35755
95404
69324
56666
17869
59878
49017
80420
88049
27202
71448
70393
82054
64392
52429
24173
19507
93571
78893
14321
71094
71283
87150
69106
19297
13159
61218
26752
62822
21455
35431
9052
5434
58620
5158
94531
87081
21677
19594
41079
85942
7476
58690
63988
82915
57269
13955
42683
44201
3184
16767
46560
76763
87830
43814
2421
43700
33422
12381
97790
29552
66699
98050
50398
53316
18354
74673
84533
76487
41968
35932
48338
77202
53655
68602
96528
28777
50857
24227
5711
99993
2867
99702
91744
45801
13721
21208
15242
63571
53391
26826
42686
19396
7242
30139
57745
38405
1400
34633
23189
90648
45700
17387
99728
98860
59570
54335
45409
37717
95911
29648
16404
55686
66179
68415
72196
94434
60416
2760
43155
20738
44348
92491
43573
1837
80587
25571
36633
84521
49478
97149
33026
38567
43639
46969
60248
79066
68329
80460
68826
77925
32696
22339
27996
4241
47693
28645
31254
27442
96125
31362
5735
77619
48488
13620
70864
25068
58489
20241
90296
29042
34928
652
41068
26120
97223
14758
65877
86008
8857
30086
17168
68532
89924
98994
62442
33278
35630
10635
90206
35457
73616
40268
43612
35813
77369
93341
35161
18021
34567
85562
97785
57219
71853
32830
23085
44171
46656
47819
84160
61376
17141
50884
86194
96098
52454
59581
29674
21075
26529
53498
46249
82628
63287
44194
98408
62977
70198
86967
14985
46846
45263
91136
84112
67805
12020
3648
19811
53816
40503
80938
8098
901
19425
57259
31576
90692
23751
98430
46585
87629
81585
84651
92608
99283
97278
11029
13546
20880
42185
25149
98855
51135
93155
68640
62703
70360
503
50290
14434
95602
26932
13409
73049
44888
74626
15658
11088
77956
52477
6791
7955
74482
39804
11593
71079
40896
23190
18551
87819
33492
77304
50271
41530
38125
8573
22210
97515
1540
38575
52533
90792
10276
37963
48741
54629
98526
32345
93409
27181
2829
57176
84279
97558
55518
62467
88979
69650
34238
36398
4853
81027
10503
86158
27402
18387
97923
66584
30463
1697
45878
46165
8829
51057
33667
23576
37539
43471
12369
97274
90859
780
21115
22677
1962
10945
4555
58562
27580
95934
26041
84861
63279
99933
45134
7890
20254
99619
69808
4557
23415
38176
76624
13729
3543
86151
91227
71871
80574
60455
867
76541
56251
93264
15933
13505
66934
21202
38424
97753
22630
96118
694
7028
22177
76210
96131
32945
25908
67527
61032
92151
61001
6144
80464
57141
75541
91711
1036
33847
99295
3639
712
56103
98068
54581
24944
59093
84032
79799
43890
10249
96839
58834
50092
45767
37143
44971
92641
22375
23795
64840
8779
75584
42792
97184
15098
17192
89502
79190
49577
60631
87900
1514
31871
90507
11065
30601
20025
54076
28117
5269
81404
14971
46252
49228
36778
87880
27196
89535
40493
22861
34559
11256
82219
12713
26431
93418
87846
88721
98372
8972
34764
14336
57248
76443
91436
30189
61570
48438
52815
77194
86353
47394
52771
71860
73845
32507
42570
24698
71974
22126
37787
77229
51088
96990
554
44439
32182
81718
33873
14767
51379
66948
69033
45241
53901
71801
18404
93568
24263
86749
28161
37506
21422
36211
66085
60957
95683
16488
40134
79048
6293
70024
16592
92645
90348
66155
28469
47063
71573
46994
76510
28348
77179
54084
57730
91083
10979
53781
20557
55806
745
24377
79604
94405
75283
43380
16354
9802
57682
47695
26739
19778
65038
3956
73550
92294
54268
17813
25031
16221
90485
35197
25444
14363
96650
30118
8093
70456
15663
77188
22164
7065
87701
83950
10135
20062
81180
26503
1252
50775
61237
53902
39814
72853
4116
80059
32096
36238
68630
81585
74830
50840
92929
65251
93831
2961
46856
2907
25567
37991
30285
99236
19228
11401
39971
86016
37217
23553
55500
47979
38334
64923
96531
53976
8333
54834
86105
96296
39616
8894
92688
28775
59879
83915
29007
51434
89184
85912
11678
18235
17878
58256
19030
8182
94267
99433
70638
82141
39755
49854
83807
34143
64633
11669
42552
22092
83933
83130
30843
7606
41137
71635
56902
46255
79135
49095
75145
37492
38604
3166
51157
6695
29475
47478
21161
99607
83866
97083
47540
95600
77412
81295
14010
31779
97324
47731
71942
90392
3513
46781
21453
24357
82619
58236
91390
70815
97013
16742
37149
81589
78427
28382
71494
84143
95688
48403
21838
90798
88536
2898
90578
67365
12010
31856
85611
94307
72707
47426
31422
34250
43610
33669
26333
8530
31742
47148
53897
8596
37002
56739
16400
43502
47906
8728
81510
28418
99102
5990
17013
89572
75100
89522
10602
99825
45002
38325
34043
19215
10523
60788
96777
74432
77016
98233
18152
75341
89867
43137
16874
29953
23068
79591
30098
44362
31933
42963
50481
40085
30337
14293
66193
1556
82547
55504
67766
7310
27936
87798
87516
92473
16385
70246
36942
3361
14517
82029
23800
95748
25323
70036
2269
66761
15352
29402
48477
88572
13570
33491
1326
23098
67020
12794
96817
75537
35733
9920
81685
29724
22693
9575
46423
17826
31885
95198
49809
75410
90626
79900
45306
69950
50331
67330
45643
67290
44361
73117
19077
81409
17536
15175
9113
6204
9832
92898
70941
18984
47693
74732
22322
24502
78776
55933
10964
98234
23799
18082
52493
37287
52006
87881
30103
76
75701
44730
73354
88378
94529
21629
83799
56176
87774
1837
18812
71983
58979
34005
42972
46320
34222
93363
17463
81417
12795
76435
70801
23436
3062
71376
94607
58461
92643
76312
23066
60145
88069
99057
62478
80747
90524
29735
98286
91174
38950
33300
29135
65121
9596
42157
87894
98875
72993
24154
21034
97341
87194
21729
53774
75634
24792
18960
66083
16098
39437
38869
95243
4256
691
41664
34312
75389
16448
5127
11864
91943
74173
4111
13781
35254
40800
93474
946
90549
73995
39769
7963
97615
30431
40237
89521
73575
78221
31727
16689
90744
34443
34076
42327
66482
6115
46852
35238
88883
92300
79202
47953
447
97556
56928
94421
10615
83675
69950
69251
35581
68493
33988
96378
99976
93083
72912
68948
33484
62758
81713
60874
53970
48826
91013
8265
98759
69673
37127
9676
63015
61343
42108
88615
66630
50821
98542
7744
25466
16014
97435
42126
3254
34018
67365
12767
99616
21559
52549
33344
95585
62136
35812
54950
57339
15120
66883
71993
81722
37539
16234
66911
95748
86523
29851
78692
74968
43908
44351
69504
5542
52752
96822
81815
60537
87397
81893
97323
29169
42644
26941
28025
97327
29166
11338
92783
34669
28522
91420
29852
55336
87551
38772
11689
38540
61565
77087
13436
87215
34600
23504
6150
81034
64387
93886
1420
33366
51759
38463
12159
65484
27594
5567
48010
49431
64468
8
51014
39156
20890
50441
23614
1509
72836
20493
83502
81946
79796
60263
28291
23691
45212
11350
78866
96099
86592
71023
34865
37528
22847
60384
83626
94520
16668
9643
22994
7383
67223
77422
65903
64703
61994
1867
17568
29465
24751
13068
17256
20636
95575
55231
42787
61231
56947
8781
85835
85880
12847
89307
13819
91242
88149
62260
4170
46738
33372
3067
53660
52692
53681
21187
48487
59368
71381
52559
48308
18530
99322
23685
7467
94228
22059
56481
86640
50481
15665
57621
8771
67093
33924
29705
59760
22027
36439
42826
48599
12404
82759
92796
18223
42422
94345
68066
76380
80234
5593
50512
72246
69285
79739
89652
52689
29089
91064
43993
10094
22747
89214
27768
32069
14655
72893
52906
95059
22304
13595
28654
49893
36617
79198
82531
68367
72727
96916
18327
68815
38886
67772
38269
86389
99927
56587
5354
21916
39457
68888
31271
96325
36742
23228
23243
15072
18545
54697
66532
32074
74854
32114
38732
95836
12653
95792
31822
34153
15284
1918
4978
65519
51333
50563
70524
38196
46785
1556
61701
6364
86426
92504
6919
73718
95300
97354
57120
15862
12016
19945
21642
67119
41223
35422
62118
3207
92311
69336
78618
7261
2586
4383
35486
13615
87561
11544
87291
11802
91246
20602
19833
47788
43444
72934
12580
90408
17119
18284
17672
76141
64093
67707
8943
2096
15915
7974
10057
431
55805
96917
68034
67111
15960
74233
50399
29758
80491
5504
65127
92028
94386
50654
22654
4971
44650
1802
46992
19113
40571
77270
21540
18876
42185
18202
52862
11229
31052
76675
50318