85812
57170
92134
66160
16762
63734
54646
63946
75392
11785
1431
24042
28187
43196
31881
26263
82318
99575
27058
12895
67594
4270
32738
38064
19809
60242
11899
95503
6595
45044
74061
52768
91265
78663
44153
80236
55214
27208
96455
37849
89638
32875
14309
28324
42776
9647
83031
56365
44965
21158
7040
39187
42242
55345
33231
65050
3393
58120
56836
61553
40376
69234
82677
1188
60579
73546
6485
28089
43865
91868
59008
26627
5966
31303
49248
77903
24606
9700
85670
44169
16800
18316
19269
15647
12427
68610
43302
5014
7250
91968
26074
11745
95008
66587
74882
38227
60901
35393
37946
55561
50259
27234
76015
55619
21009
51504
87008
719
51986
56050
62671
29863
30017
52797
73666
17625
88083
60742
63365
77438
56308
25682
81452
38242
9452
22810
92401
52527
9721
36980
48986
52641
93277
58576
53300
79982
93229
30336
33596
62001
97644
84080
41109
43583
38220
44678
24260
14855
92468
82851
71795
87615
53991
71916
9117
14307
27468
60502
52788
98208
95106
6199
7216
90385
50638
25122
40632
33293
25060
6962
57769
70301
57528
6652
89821
31509
37814
12393
33161
6836
54214
8926
99145
3637
95044
78494
11010
2255
58757
85007
22673
89133
35867
91445
32081
43492
53813
63383
75712
20755
22486
57183
5140
77256
52585
62517
15679
67619
52319
97065
42636
67407
29107
13958
90986
39340
65755
79508
89947
14576
42992
30590
26354
79075
46222
33619
72382
28461
62847
24422
23478
54740
96444
46229
18504
80246
82457
269
33867
30443
9877
96969
84174
91559
11528
70971
37689
73415
93449
9088
47363
30461
98836
64368
17348
5290
90012
4289
14384
22138
45091
39596
19791
974
76481
29529
28834
88171
10235
59689
46464
38535
35270
17300
25306
9427
94475
44479
65877
86425
72672
37764
3676
38568
39622
59073
56796
48001
94089
30638
80249
18849
45758
39834
45227
85925
67726
83574
6271
89625
87729
3623
78526
17177
63180
82564
72718
77681
34004
18000
78793
61070
47950
38128
19515
22691
25342
5338
7140
94729
40450
54754
9605
72207
25706
43571
29944
27089
72997
61811
64600
93938
33425
61748
290
30216
67571
37308
55809
66265
91633
92971
36447
81104
56608
87917
12320
39058
25299
90403
47031
94214
47512
13388
20565
72444
86630
62321
65498
68827
4729
36608
21856
45400
22923
82327
51560
30047
6142
17601
5187
58233
61127
13944
65294
46931
49846
60061
73834
59733
21186
13943
52566
44116
37883
23269
38856
82034
28355
56918
12961
21716
50164
89969
22480
21780
45691
97754
22183
91481
18292
35544
74814
37245
84842
97616
19060
77783
91177
22512
39357
22934
26791
89455
18380
42215
78623
39467
62237
83179
435
34932
46307
61958
24045
25427
50512
93816
5457
8095
34962
11740
40461
48308
72392
98110
87990
36237
58459
43448
4717
19521
44905
27539
1931
49575
76742
9373
961
39026
13871
42698
46257
38958
64262
5255
14882
79325
22577
31300
1754
73239
5765
87739
5126
49032
39430
20623
42610
54439
87193
82345
48497
51258
63660
70076
34745
90342
69499
5533
73102
42486
26488
92987
11627
63835
97223
4751
58781
13725
28188
3291
73160
33920
83414
31647
48482
27474
99930
41176
93627
21087
8027
43189
26806
79924
99032
48769
28304
38519
99872
6189
42257
50885
2986
82718
32696
39508
75462
81850
93806
56368
82234
43291
83670
59406
6522
85819
52634
95121
29734
91776
14357
79677
47996
91489
60460
69705
14808
85932
80217
56873
86860
68565
38060
89224
94496
79207
68581
69132
640
12736
54165
42476
92513
55854
38405
31823
34326
33560
10170
54610
20144
59740
62039
68580
99662
48169
9259
36610
50976
61240
23648
34187
64408
43881
59843
61884
96243
30741
35937
29017
79414
42974
23106
61673
96991
7083
66598
10179
18979
81526
27507
90177
31516
88739
76712
61681
49707
24684
22979
87835
55554
62273
87961
28991
45580
5961
2600
36008
72840
86992
88566
818
94901
62675
66899
55711
59597
14868
87785
30933
76336
42584
49311
96780
2647
94945
85370
60911
92432
50929
76787
72224
18949
57303
54425
28654
7424
2004
13209
71625
96312
56474
168
83951
16973
86557
74577
12498
88736
99801
86233
40605
56777
95416
74680
81826
95561
43515
60266
89069
71403
14900
60901
13940
81946
48784
19401
55532
4009
27346
50924
9956
97303
6317
80275
53320
70737
44493
13576
84248
97027
99343
65681
1532
69183
8645
61959
80146
43346
80734
93104
36566
24541
40259
59465
85913
42330
57334
19618
26142
97944
82640
70134
50027
19769
56028
98370
55751
49162
11273
99195
40436
67228
90542
61980
93850
35816
518
62468
84835
44163
39953
91489
89770
65841
43317
78158
76461
51010
58880
30681
58193
66910
23500
40428
14852
31591
28869
21362
94065
24256
29927
43085
83785
58334
3766
95100
83305
39040
74994
35192
39616
13229
66203
44433
7378
4967
74443
43673
30653
14486
15524
69120
54015
61235
963
48123
85678
53383
72186
76308
14036
95293
81413
63162
42398
47282
23914
1074
4259
78854
33339
63973
49848
38127
4057
77108
5681
45113
81682
73074
11511
58835
32410
8665
97136
33540
55704
27987
29705
58422
15354
81754
87465
8469
55339
28327
74902
59772
58854
75093
74507
26756
95001
61931
87059
47887
17779
83723
94907
73494
63330
71157
33435
27672
63895
74688
95176
54266
90544
40448
2936
41602
82317
45952
68717
2917
64738
9986
31599
84495
31426
16783
5610
78290
11734
9918
30889
39141
33825
13708
4946
66954
25619
32159
23282
40771
20327
40156
46189
70041
60630
76811
4448
29959
74412
44507
84905
82503
46410
21062
60855
41167
6129
36953
65504
37511
615
59127
22666
15116
20156
70810
56537
82218
13749
95756
27857
24461
4068
15609
65025
45992
52688
98096
57064
52718
17151
75738
87939
99587
62647
1966
94207
38706
76207
97295
88502
56385
91003
6845
30133
80392
22012
95375
23025
21542
44878
57116
18873
11889
67221
94019
7959
25509
28542
54365
17053
4987
33003
19682
73263
57134
72703
33568
38485
4439
45071
37260
95606
4281
34686
99472
24878
21842
85568
70429
88671
17346
2771
21380
38916
46440
4691
40003
46792
43812
91075
75068
93038
35430
29562
93944
79660
45231
81156
87349
30406
38992
31098
26030
69945
24830
25672
93764
33559
6942
20262
57461
13947
71707
70672
3402
51901
22804
91426
42975
22227
64909
76139
36694
25306
93619
7399
55840
51155
74595
18300
72471
67506
41580
72752
32357
65370
16
94127
90192
85675
26161
24131
33458
1730
46933
75165
25957
48709
88755
5792
86900
68687
45211
64580
16644
15178
76368
56057
60663
14982
41360
50237
99685
99265
41730
86794
29081
42487
4951
37579
73883
17415
57641
40622
10793
14853
46018
8396
94269
2978
3209
82736
98590
33806
99299
13973
19457
32850
94989
92077
48615
65001
7446
22311
71328
43778
95477
53996
60181
7148
73989
54178
80306
40194
54010
91649
54511
82556
10694
219
59247
15646
75302
67357
14441
79444
8053
67665
28502
80359
5774
69656
13000
48371
57883
186
64143
98287
70383
74553
5428
22166
64846
24607
13143
67261
95474
79700
20522
89133
85287
18136
3817
66764
73439
40827
28706
40394
85147
66079
27988
99101
29241
17048
81529
10167
21306
97755
57990
64961
70671
36198
42440
33139
11202
25520
73377
1813
22018
33569
94624
92876
28985
69112
79175
68946
88057
81393
78319
7446
66309
24226
10427
28342
99988
7044
37808
84180
57183
38793
72425
68263
31586
91286
86759
64939
1331
22347
19132
75283
75324
57481
6767
53593
62018
62268
44479
39142
86740
77927
2534
37561
86472
79074
70469
84304
33338
19014
4382
41799
80585
18598
36335
15841
46624
61966
68727
1690
83580
7715
98398
31024
83369
83847
83017
19059
43947
31049
59849
88594
10075
74525
8829
24061
14120
58289
75215
34087
71255
33061
10910
37343
75689
75911
41363
6086
13573
4077
58227
96433
42340
33237
44085
77142
36012
14250
80297
25511
6896
37766
63038
5735
71189
94080
75832
89518
12899
53388
41878
3401
31930
58618
78784
40407
75315
89601
15338
10725
31633
35577
96344
42733
29489
3164
70322
94878
85509
59099
7140
29205
84723
48794
38291
88075
63608
81283
30829
7521
42577
97626
4167
66854
63718
65260
7395
95696
52086
23036
77486
65219
13765
89765
54875
63177
51576
23679
52909
88991
6554
19616
30279
57555
8597
30888
43254
7854
30964
14030
90394
51855
65133
79548
60861
34191
41965
99953
61834
90690
19597
12085
69046
12059
19075
10264
75151
56681
86336
53023
56364
98086
11776
9105
15051
79004
48781
41627
82363
65340
45040
711
9168
70411
4950
62641
52011
76232
44791
49670
24328
11989
63673
17191
67218
56293
75659
68666
1745
45498
5822
10694
95396
63284
46034
94372
12813
34558
55949
82849
79569
89756
43420
45626
18227
22521
22082
69473
50860
18526
26396
9179
55483
32330
66607
39917
16575
24428
69456
58964
13297
8261
5309
8986
97562
46602
27869
33048
53005
12699
58359
70225
62346
63956
13736
67555
79919
69573
88232
14515
78823
29450
57411
13534
97976
90088
72551
33076
32203
65687
97648
94127
45505
26057
38081
69067
10619
65023
460
29276
20693
46428
12076
41117
74884
55819
67050
68541
87936
41129
98671
87311
43190
523
38129
17470
79746
74564
73828
25925
11215
47395
66429
52395
10485
91348
63113
4196
42885
75831
79615
11202
15790
77911
66134
74811
26681
80071
48940
35738
73301
29759
2000
97217
69429
45509
20715
93366
27460
23026
65377
78634
11778
16169
60172
31957
79424
84571
5392
34060
41524
75789
47234
42852
20710
20436
14944
46936
84425
81554
63452
80544
10237
90347
97014
29728
78532
73209
63766
44877
67023
12755
82088
96618
53620
67864
30616
50885
60639
76800
80412
46417
16104
19617
5706
9695
12854
70092
37826
54225
66890
30046
27442
82104
39109
66859
8416
24295
76438
85818
44007
2462
83779
71372
41047
18980
41597
68743
93784
3106
57440
97048
19683
95408
61998
24065
9762
49441
31342
50983
91240
48757
9532
69060
51201
35473
16929
65988
11368
28408
7344
58962
83942
38493
46321
76497
1095
51014
24173
39902
59848
8075
30366
40147
51754
51933
92739
97644
38286
65566
88620
33772
92352
2357
59237
62442
17940
29137
49960
15729
8161
33888
54345
97131
90157
2231
20073
12745
35987
64998
63899
13238
81188
37670
99783
42927
93211
78835
18123
60596
93768
34593
98481
84736
24567
57632
10149
45931
13448
8313
97819
87560
87854
51330
34582
49310
99546
75798
17926
58858
55337
27101
40580
2670
51930
68026
58443
71275
91815
42161
33176
76873
75911
35284
56740
95573
56566
46638
7235
66451
96263
69845
28638
6501
28883
11841
5330
28903
96565
76464
17229
81562
99751
88814
90262
29951
6034
45079
74134
48348
47674
59796
8617
14430
72367
88082
2947
52296
51455
13761
71932
62890
69646
24071
52852
56474
28464
74996
69410
43130
90133
31342
37776
61933
51257
91209
9291
73158
44699
27463
60307
45579
98970
92730
7527
31579
53419
1457
21220
13013
49543
11728
52439
84106
47212
38628
49416
32588
35513
47589
61270
32131
60878
31423
12356
8426
16473
39239
37129
26140
66784
83520
41073
29910
72908
70872
12610
50277
82907
58377
77629
99621
65621
60020
73822
68884
56682
89064
37002
52000
86940
14904
5627
88198
82826
59454
5889
12159
35277
50288
73778
59494
59375
43720
35962
60575
75903
85189
26432
70987
67566
36368
54210
20505
53929
86695
60432
69774
93392
12796
5371
37563
63513
42426
32363
46820
94368
58083
91836
1075
41015
46209
63934
6435
52484
22700
76816
93727
77448
39297
35658
38210
26799
66419
37460
22808
12949
77411
83447
18241
12131
66689
32239
42786
8052
91311
572
20119
56418
70790
12344
57837
7519
55076
65453
83528
33388
56166
68794
79191
20606
39340
40543
62007
15356
61925
77908
65323
70167
2351
46602
47619
29035
41124
76999
66711
13812
769
78288
79379
86755
96482
66853
76727
81035
78301
15539
48166
19223
98303
13441
41038
30065
17968
85371
26976
52348
32666
66788
84808
24287
16449
65211
38368
1099
7207
4364
14233
85296
38835
37292
18709
8374
41544
62419
79511
67088
30298
70630
48525
90083
74687
93534
65710
52800
33926
19446
70400
22865
73951
64871
20437
60940
51744
94791
76209
64196
20454
93125
62555
26538
47232
72313
18480
9718
40069
67274
91039
69727
35874
3863
30732
44012
98143
82333
3670
44013
45552
89980
15738
62523
29444
37093
84433
87999
89094
67607
305
96898
77888
55801
13499
61308
3490
44204
94591
40164
76380
69747
38544
77875
24004
85765
57848
57106
60129
77063
78120
5122
13664
29626
73480
60960
78059
74886
49634
26484
97458
27016
91582
28781
76559
6509
37115
49436
277
65336
18280
48213
38871
35351
54245
50446
93773
79448
61992
37263
22760
62805
36483
12166
24874
81482
72973
16880
9971
87619
98478
24311
26380
35190
18821
15610
24443
49548
48649
54874
95454
76509
7903
52471
34310
90802
18843
46714
25500
37776
82487
95119
2367
43373
27483
60736
82620
68508
99067
69619
71215
66002
64897
48079
11186
68110
70293
68961
18262
78571
25864
80529
98399
44853
22993
33533
85908
95051
23287
59439
98907
66829
67180
2979
28357
99967
79636
15820
22819
93676
46285
83735
6106
25294
1917
83475
99256
74526
86320
40082
7386
31099
71016
83799
59107
49908
46420
24112
88433
68999
47018
54046
24475
56044
3422
97972
55617
54918
26930
81717
26517
81127
16931
7408
6912
22260
81577
77806
19430
51483
40794
23483
10675
81246
61407
21941
87999
25376
52135
5121
50069
52476
18977
32069
65015
2044
16898
32225
39025
52118
76217
72071
13738
83851
84869
97888
66079
92462
97379
31440
6912
60503
44947
90236
62379
36002
10880
68707
63557
21445
90103
21159
75596
22570
6013
17048
14544
11116
586
39613
94655
97769
64261
4679
7068
47752
91580
40336
90488
99708
57597
81133
86518
60432
17140
31677
14736
88085
42381
57573
52835
78073
57581
15282
63244
34396
5273
95720
11996
87470
5662
91225
86974
10445
66108
58336
64678
36305
17071
41507
83782
71674
3756
60097
998
47982
49058
18656
29816
77151
98550
42138
89026
48562
26397
52468
37707
20354
88394
8385
9009
84389
80217
57091
9234
35650
92136
70483
51915
11444
75791
26134
33800
55720
74516
87834
99059
70951
55599
86617
48290
7487
14400
4281
488
62676
50944
49837
98204
13156
51885
14960
91077
46963
8082
75822
14871
52154
79545
771
54963
31807
80971
79845
1379
54822
57122
85260
27742
62679
80773
81404
56409
71944
54615
32111
24757
12711
91475
45475
80698
45544
78203
28399
86965
15152
82372
7636
72988
8258
6603
67526
29412
3814
11625
66188
17651
9936
79776
82911
14322
391
35208
86952
90342
72818
78332
61967
20239
7688
8177
77518
91359
15925
19131
66375
84640
34474
46246
43129
25304
83527
63807
28024
22517
12370
55952
26595
79275
46578
40468
41432
73083
28164
69202
92132
21505
81929
63883
21234
67457
64502
29209
13117
61077
86876
5064
95824
61174
50929
24478
25178
41569
91557
67269
21972
60320
38427
68129
12092
26877
65891
59432
21355
18876
25605
56754
3859
35813
99913
22365
40655
86120
92556
11810
86518
89755
14265
46937
57697
18621
90507
2107
25366
90642
82803
85677
2778
10506
25746
25144
43473
32757
75814
68974
46616
96037
3048
76719
48646
92383
41010
18151
8441
89166
71788
55996
50161
41484
80416
79220
58678
7382
35359
73842
93883
66289
47789
19637
68178
93973
38023
98773
11516
8261
65280
62262
88243
45242
17912
56713
88175
12579
85413
12793
40532
62805
27544
10648
2522
82958
77842
53760
59473
76825
38305
57221
1075
66214
42815
70528
2532
44962
2906
4250
88920
75661
44409
90303
55056
88851
75089
73491
75909
85804
22249
9842
90117
32412
75237
85419
11637
7282
20724
99887
18764
30728
57003
82276
20674
10657
9213
41640
64405
84600
38503
36637
84396
23867
69811
11794
86896
41581
77567
34919
69083
49010
30960
55549
71241
3593
91381
91443
75310
58934
35857
58784
62039
65690
46111
69371
35122
89499
56254
47788
24596
85563
8349
81457
77740
70720
66666
8604
99644
91064
23612
87958
61882
46710
48533
63640
77062
74890
81262
76920
66286
59428
45153
47462
99050
51972
34402
28788
466
18183
58971
32530
70407
3126
460
28257
17516
34581
55836
49215
21987
18447
87079
43553
98060
9275
5359
61668
54114
12239
75932
3825
58236
74035
77802
42043
95811
92327
77934
12973
66702
43852
7438
92374
69781
38070
7903
9347
91531
10511
32777
51903
62540
22493
18880
89740
98327
95329
86269
10638
55491
47462
35791
94007
61943
92875
77721
51425
98311
22950
94945
5362
87577
41298
82059
50243
58373
71233
64521
17728
73918
27771
5686
2132
46309
63996
29202
62991
40497
57863
51734
80575
41731
55733
46208
95929
75892
43090
48816
4663
12092
95475
22765
74025
65640
2065
29766
43363
46670
88423
93163
42601
57277
41616
31211
92366
56589
10481
86288
93594
35639
67842
51379
72007
43961
45154
40486
3329
75168
19177
60062
61511
29920
31439
30040
88509
7829
67623
78707
533
47621
57462
88067
43857
20466
53712
30736
61874
2487
39924
83161
13250
46263
26354
26561
47337
62132
90896
1872
3793
50589
9980
78882
23854
23933
50772
21642
75132
60763
94609
19599
89998
31272
62380
61553
40337
11194
63727
44424
69776
13979
46408
62593
49849
1667
73131
27598
34346
95267
26403
87234
26799
48109
45923
69304
55747
8450
2224
38006
25802
85590
21942
74711
75606
83501
5685
57582
637
35085
58597
10696
60759
41268
90928
29541
84611
43115
4877
64929
9085
44450
23311
4165
96026
54496
78101
47655
55851
53244
74975
34939
27683
6042
10872
92051
96657
24409
35746
45098
38048
36490
24242
5957
61349
22253
16032
94227
75212
28261
11066
8884
99274
34593
53884
24037
93173
13748
55919
13204
13255
39077
17037
90272
67699
26307
29452
60897
56734
12237
68597
26966
38485
77851
18529
45472
27413
69064
18548
6418
27635
71099
11304
42630
64808
54774
60513
87265
39632
60453
11091
73627
94873
40389
27717
34992
16710
38113
31389
29499
21159
63846
21219
87768
78323
1336
29574
54325
10616
60924
38625
97373
40614
37107
37553
73346
46422
15682
51010
29978
87251
44409
66102
69713
17402
88956
5213
51660
56156
42008
53565
72568
73084
80776
80774
30542
67545
76432
60910
42360
26011
20990
44732
37220
60327
96654
34091
65532
31300
45489
5107
11810
86613
54406
94085
98087
26786
71951
81401
9488
29926
8315
90177
71369
73832
91821
19578
94917
91158
45664
62473
2276
82198
90836
34899
95148
92418
77004
71327
32791
79630
82817
9472
97875
99525
78026
44189
54124
20085
40413
27266
68502
43553
29631
27957
38417
87223
10990
73394
7759
41757
25188
45327
67828
95158
97452
46046
96474
91878
62275
65641
62172
97320
61492
17801
46301
22656
45870
34258
30571
46346
8305
58100
16507
14691
19986
23512
38624
53904
98361
20455
81467
73051
95482
23663
76508
73896
5022
7147
22035
9536
21
30430
76338
92280
89689
73579
37061
15054
22235
28922
48265
38233
73738
87067
99203
33066
40199
71135
56902
66387
70011
32140
17126
87236
26090
57025
11658
63716
84180
85805
60680
9483
97860
3538
66823
29770
64680
52379
99253
72965
15390
29137
52775
89889
19411
78416
58444
32741
8464
94867
38835
11412
53604
12325
70153
52873
14498
94361
24014
97927
34352
45100
1925
31583
47094
71588
8872
31372
581
28669
63061
42
3844
86520
4862
72095
64961
71257
43635
53097
74896
58789
1657
6472
96981
42733
9382
54215
13950
7425
82417
5421
96440
28286
54837
45968
58851
93856
85589
40048
99477
53139
14850
9453
18898
56326
79513
69295
25629
14781
80835
16526
94141
45897
45457
26945
46558
87134
65753
69363
72569
3059
89974
21383
66734
81571
83956
98130
9173
83693
65625
33902
24779
68561
12073
6502
47793
18675
79752
52309
9988
39612
23484
45828
59302
38698
10198
42778
88430
99395
25431
62919
48104
41449
41712
69829
82771
4499
62456
10274
86004
17630
91044
83425
47779
28903
38798
20097
74276
79712
6923
40603
39372
55052
64424
76756
32221
78789
14475
89505
19268
77636
27039
36603
43902
53319
5939
95336
50923
23158
65490
35145
44095
51149
20749
64295
56798
76652
61005
59448
66578
30992
82440
77971
90176
89484
12558
29635
72504
89068
85108
14666
7208
24478
26422
25365
22718
61132
5790
69988
60664
16217
90636
15175
68941
71193
51864
22010
6038
84674
23436
24308
6315
26945
45200
36094
48014
48511
54423
70788
89196
55847
97833
42781
60575
58865
96832
58666
37566
80929
12899
15097
76359
36582
13222
9636
38886
17166
48556
82841
32149
21257
59288
72022
61550
34216
20777
88152
13252
10656
71600
41386
25247
62561
558
49540
19719
64522
14198
97082
67492
21761
98356
51500
28416
14512
70979
65950
68071
42989
55493
32945
19159
1298
89965
34692
93326
15590
10746
57281
85958
12998
37795
38110
70205
12758
61102
4358
3149
55616
87030
84219
84855
5110
16922
8809
22617
17957
92659
46423
73470
60087
20606
72693
39591
444
11028
8680
2801
31750
57088
70229
79965
34752
87188
48054
93314
7944
17255
18142
89036
76803
64972
37726
94257
34606
9421
60296
46950
8167
18890
27464
52780
74724
32813
90
46905
31079
98790
83982
84159
90445
84309
32606
8895
14779
36870
16137
3089
87820
73585
62293
22109
90687
9931
29301
42116
52886
53124
96504
55798
47264
74806
2651
45055
29888
48985
48717
29148
97661
8190
70668
60355
62380
79241
73583
71624
30871
1619
13243
24463
2006
43411
90568
99116
78372
50540
87877
93536
38441
73105
20270
89332
23773
54796
11547
91331
99488
61188
68078
82321
81586
57616
31030
32328
579
69687
47807
540
84982
44111
64146
55906
95415
55116
36163
33279
45920
40257
6681
21801
56551
23600
77131
19245
68441
31954
33387
36006
16815
81193
47989
55995
13397
36431
39476
64277
42494
82609
37876
24244
52130
91455
6369
96762
86817
20893
11870
54890
10282
93031
82386
68669
67651
12505
93483
28555
38315
92414
26726
29162
29999
19569
65738
44412
9587
40074
45231
53410
93133
15910
11508
53549
57459
12059
33377
74830
42181
14044
38140
88913
22658
42087
26002
10553
63702
40238
86287
50661
94431
40796
45020
20445
74360
99366
61782
87503
94646
68852
6101
52981
49937
16698
48950
67107
42671
25837
74012
18915
80566
34777
61921
31003
53129
82046
6076
79609
46951
64848
86430
11891
43853
25646
96222
33630
83771
91052
91700
52516
46933
92374
47342
93333
48328
78297
90521
70430
43014
21966
81349
14837
6855
53109
96440
84125
7220
49146
60918
54396
92309
72955
92870
80573
8990
14004
11129
53683
45525
39965
61861
53980
80104
29815
87923
72132
63368
31074
51474
29949
87953
20804
54247
82862
87950
72572
76622
80918
88839
40201
45668
46373
37823
6949
87735
90291
52091
7446
2054
28235
53763
95026
19736
10863
76111
32117
52859
47698
48327
72339
96174
60921
84708
9647
26795
63508
78283
68261
42813
43612
36717
20993
59840
97353
59478
3265
63900
3307
3387
95795
10328
57030
8224
68164
96252
33321
5153
92335
92126
2454
60859
80274
70307
25576
63687
37648
59521
54843
49192
33799
12151
7618
45303
73134
39174
60847
85401
16734
27900
45861
48785
34996
58386
13807
87546
57091
7571
36699
26061
20988
8392
62123
90696
53559
29330
76385
37674
93951
8450
6090
99426
48516
93031
88789
71465
8233
70023
81520
62200
54567
10368
68657
54214
33694
68560
35489
78438
79373
56174
97353
80966
88707
4977
91117
25691
46789
61419
61515
7250
5642
56603
83068
74361
6732
97355
46495
30811
42796
14069
23323
89151
26325
49726
68060
43931
46906
95007
61942
66334
56495
59795
96382
21134
52774
80716
51480
7016
13111
74471
59333
36921
17273
45446
76443
85331
43852
5765
96921
72624
76829
95342
96812
1232
38266
15864
38616
62193
20717
96327
78654
70669
74576
83301
82104
25227
96290
11463
2697
14999
28818
31983
69053
4832
54153
42039
56917
85373
58040
68225
34075
71678
5528
67262
9221
58730
40962
95641
90012
39562
66312
31035
68149
85657
94210
39339
74814
85690
10124
99257
36627
95126
68607
26147
65035
22594
67018
17004
7086
6180
80746
38727
43775
37822
80027
36574
32351
89824
60567
87523
99418
60851
23816
74201
22751
88642
41227
11914
6012
52976
46980
23193
15239
57234
17420
41034
87469
13697
21990
99992
96779
88488
64041
27390
57728
88371
68424
98377
41480
52015
43493
30839
40290
70987
7396
9832
68188
2474
91762
5968
34834
69550
67191
77042
93426
33958
37527
51794
40941
879
25736
69463
91155
39371
56361
12919
87327
89790
78156
33537
1131
33024
40297
60862
24615
92462
92853
53358
97347
51814
16358
42185
67411
13734
61274
22820
97902
47159
4592
83235
89821
36107
52136
3102
76451
92442
65962
36631
95801
99671
86672
99719
33857
83385
90234
45030
93496
42692
70824
24459
87113
93856
22157
74566
20608
65539
43194
35004
64205
99032
35646
48254
91929
91146
26323
99025
60509
51855
90918
16235
86468
68968
77873
27240
50791
91193
34310
84098
49368
44716
77953
44797
49578
44476
52917
49507
74192
94894
46001
22434
80863
11522
79667
11818
45868
18964
62999
24083
71692
72711
61972
96400
92881
57366
87426
14980
91936
78534
478
4578
51066
10130
24053
29075
32997
1100
96305
99559
447
61636
49487
51935
62247
77125
98467
13550
63040
70088
26263
82285
44910
46952
20141
62099
64932
15623
79709
4568
22048
46790
9653
84214
86591
94775
90508
34802
7791
93239
91994
4231
41644
50179
60557
73900
91077
82986
84160
627
8180
74605
66612
17277
97107
19714
60940
88150
53946
32713
35872
78806
86547
52869
91066
26682
28346
96269
22925
68915
68633
67427
76456
41399
27721
17938
18189
81983
34280
5427
57395
58092
38082
92390
59843
14706
54458
42482
8473
82760
63912
49392
812
32458
25956
62856
96216
3665
26457
43018
48651
681
45778
22679
82518
95827
72677
12222
11095
18184
46595
24061
83241
55538
58862
17503
51939
71142
76289
23248
28270
46835
74057
16944
13657
76881
66202
49189
36193
65723
6461
98716
523
27898
94593
66866
37565
10406
7483
71170
95592
2942
515
3276
22150
39929
57220
54863
53616
3662
72960
5232
5358
26390
60013
76102
42760
78532
26676
59403
82665
98583
35619
90269
93531
52659
79955
99766
5673
17079
39735
19948
81486
70784
66054
81176
87134
51847
87453
75678
77185
83320
99466
72410
5438
73296
16054
39867
53939
90916
19723
20643
68510
38989
87839
4968
26215
85245
18562
52504
11606
97070
9254
85002
97548
12483
48902
69530
80385
77028
90104
13893
83485
50608
20995
78596
32330
37013
922
63486
43435
72811
33719
48387
71038
91287
10513
12303
97193
38859
42742
15069
13392
28684
32495
62130
53134
71472
18734
62257
88214
77536
53516
8725
43643
77270
2374
62102
33804
96201
49268
48870
90453
72646
59851
70955
3017
21921
8953
66301
11906
57763
15260
48087
377
38871
58691
24194
50870
77200
67798
40996
8592
37321
41916
97991
730
7455
71952
18172
69777
46143
51423
3601
43433
1928
13015
76755
53427
71517
84878
32196
77123
8477
4423
92626
99952
81674
56623
48212
95140
83641
762
69966
63707
72028
16110
3896
85044
78969
47663
84298
63212
53003
36277
89630
94172
91790
73796
17765
79633
30911
44957
87957
50215
69092
72394
91307
83495
29102
52457
96145
16624
61164
25182
12485
55602
37611
88011
5380
27426
86695
85635
52479
65553
29667
97614
96636
73212
18308
505
18325
70440
93161
21882
71742
6058
61008
35914
2020
99661
96915
42713
66069
14976
47195
23763
64718
40298
76280
59380
59820
49461
10971
91025
97635
51048
43159
89353
8853
32140
26561
62404
87264
7934
89547
54250
43925
63083
94145
34270
17132
70694
14430
57352
67779
43756
15241
94470
41828
67997
67627
77230
8735
84745
2528
58559
95326
31817
42012
62714
48506
73381
37870
72215
38652
88965
54735
85252
92650
87283
69692
36359
60234
46355
69770
91744
66171
23451
65209
37834
18197
43320
26675
54906
76630
21140
3701
12604
50920
38704
3653
74201
72669
1294
24445
33607
11689
46899
28181
83846
61737
23477
45173
23775
45834
81599
29769
47448
96952
27262
89117
95614
24241
96242
59904
27977
16983
66129
24773
72195
23484
34865
95134
20124
20793
65695
76488
52917
55792
44218
64574
31477
49552
74708
60716
13207
2177
39967
73678
37765
25529
13715
3526
35859
79843
67866
42676
22854
8673
50385
85079
6141
35869
59129
4395
71987
36818
91594
86012
24786
87050
68384
17151
23708
48913
22156
38575
64817
90600
74202
20271
74777
38349
20208
36542
99424
97952
93225
66317
18133
61562
7154
94625
39406
47411
26622
44960
61260
12335
59808
61165
72452
90673
5922
45121
28668
72091
73852
9941
36331
48452
76345
87206
7857
14809
98228
1927
10246
66159
67302
37855
36915
77837
99882
82732
11362
60377
56670
55596
27407
46611
16896
27264
22439
76099
87747
81286
95366
719
88974
74673
35656
68320
2709
46488
32181
77267
9188
50228
53888
87708
45430
68940
80074
31175
81568
33824
17369
90241
5727
92716
14649
37801
55002
57974
92173
14816
9765
44093
56728
24053
87431
7224
74817
32318
48032
16716
27498
15157
4025
2773
10364
58333
36622
8047
33882
54107
74784
75121
45386
17500
71436
71128
4775
73204
54237
92568
1749
2389
89958
3347
88321
96499
40311
72435
97442
73809
84018
99715
24918
4982
1036
88774
86187
66184
27474
70494
52732
75321
79214
94327
17693
821
73973
80297
73029
18283
90958
60424
65150
22616
24168
55381
55750
18268
8891
67218
43956
35898
35798
29999
22208
50269
42127
52289
1325
49596
27151
27835
75291
66114
70903
24535
78691
27682
44052
20423
78850
35344
45230
71722
13700
79922
39649
39395
87995
50699
10701
76535
15786
9341
81581
17078
13660
49643
66701
41450
50553
2928
66332
63767
83628
18233
20415
49454
39809
859
20054
41042
43037
19466
60197
94739
38418
39787
15206
79469
19883
36583
36612
50049
88415
62849
86950
54304
20411
85882
52171
12257
66528
44638
79285
11716
54862
75687
36408
71700
33985
35486
2734
10649
26767
15184
19973
93160
21799
13417
4063
71730
37204
61424
85451
76269
54950
51775
65311
5983
76872
30805
49903
63483
43747
13529
48912
78146
87442
11095
83654
39605
91181
84226
50951
70842
7577
87553
55946
30533
82017
53966
31007
77703
28711
52152
53625
41393
61422
13353
87250
75579
77531
47166
46948
85987
14373
765
24258
73820
76338
41594
35831
14464
4845
98967
47167
6808
62287
42192
66034
46415
44904
71456
71884
3248
96201
43117
55571
59066
27946
72222
38462
23082
70535
8262
46851
28927
85386
94634
78
25483
55436
2773
8555
9622
77248
87591
58226
47210
25444
64105
71739
10416
6263
45686
31698
30814
29930
68320
76957
79954
72722
79052
66137
3557
86735
92335
74016
84418
47156
20054
17831
7595
4807
40859
14602
94892
28615
24285
54596
48958
83765
87406
66379
97617
40080
42318
41921
96969
11429
66873
55585
60913
7347
49512
39241
61525
12669
17721
74973
8654
41748
30085
3978
55175
56317
30579
71613
97694
94576
9049
29608
4821
63033
29593
55592
24386
52883
79593
82750
58564
84720
36004
65850
78572
76087
90154
39871
55555
69204
38091
94436
35528
18162
1553
65948
5247
254
73708
14121
72190
76300
10316
54041
77818
1477
71369
22318
90346
61877
85857
86041
43126
42147
7908
62282
36729
29358
46793
38451
97910
10521
97859
49006
46755
99176
97541
33587
94063
46450
71630
71793
84585
52687
59472
43689
56317
15276
87966
36235
33466
62003
25297
86074
28360
63035
42153
97430
24028
50487
9040
76012
9533
13373
65961
85968
60801
49612
74295
49699
58870
93193
69970
70366
44837
53572
7966
2447
98408
67343
60267
2901
86073
71498
16810
67884
39617
75399
56983
62960
6210
41491
94449
26894
62043
98021
90703
94742
78894
56894
64542
62371
53372
959
56161
57682
3692
18539
57715
3532
30936
41187
76153
44311
60534
59863
93224
50374
62170
65621
60880
74748
45630
32269
96662
47001
57101
40194
4407
91318
33571
26752
79759
86079
29991
21055
9214
5967
51723
79128
52158
65747
91377
49289
73496
87294
65449
44785
79246
86046
56440
15027
91419
54451
3904
9878
45979
68554
56482
48553
61519
95930
32156
58085
10293
55982
31508
96117
1203
97609
34311
24224
76893
80853
46350
71689
86895
40195
21733
15076
78691
62255
70576
56124
15353
6345
49656
13835
67359
99210
97547
63942
98463
87109
62983
75520
46254
666
13502
48498
93976
21608
24936
5555
14168
84786
29400
94043
40674
81255
68989
56482
3787
28237
49137
7812
23499
89187
28441
7839
7701
54877
57657
73089
48118
91612
90315
73435
64494
59143
49496
76988
32853
81852
47385
26063
11475
48856
61453
65821
24086
22288
88364
36106
14368
28847
22640
28428
48394
19610
38934
49448
89628
14567
22755
30623
54778
70714
38420
97211
54556
77474
30359
65254
10992
36470
56028
30041
86792
4714
57116
50535
46265
48372
92184
32288
99127
44169
82419
57385
88563
94398
35529
55294
52098
30696
46961
90656
44992
8763
52506
76019
69468
61216
60477
7588
19486
10535
85692
36484
26843
71526
30497
60362
18334
57961
85831
36373
59774
24663
60587
72942
93369
66382
81988
42734
55703
75544
83842
54170
63163
57838
75559
4889
56131
29835
2153
80237
90824
18924
74708
34563
79575
38512
53477
68680
194
52404
39137
38248
14840
22117
7455
39767
78474
26528
27687
91154
50848
98959
63573
44594
79756
55731
94361
63941
63977
29196
29004
10755
77517
61181
24409
39546
51070
42531
26562
24700
23574
80615
9873
57979
50552
85704
39505
88674
90692
68598
79771
67805
29299
32538
40917
18344
10530
13576
58424
61310
28020
75456
33653
44112
10977
96988
81227
65443
36116
89098
63301
9006
14487
98652
26521
69610
30636
15958
7168
27538
75441
87443
65077
74624
39568
33434
56903
41511
19096
26841
44984
20180
46904
43022
60560
57356
10705
18914
71180
90232
91185
77055
8666
10380
49096
19149
40465
25625
14413
28285
10153
60961
16082
86399
67683
31421
34928
53522
14442
27198
89305
79846
82287
5534
96951
90598
94896
88959
79757
35039
99925
35636
81164
75993
92915
30416
39335
62401
17724
16244
96364
55846
98249
90813
32230
90641
32628
89476
27117
49703
27495
469
24052
46019
35019
71704
41419
91429
21071
89790
72767
62942
83984
45402
4599
68721
11369
85170
42742
60726
38039
78131
50706
71855
24822
66539
67264
41833
53768
17623
77802
4332
35538
49214
37773
99589
92749
77444
27703
50000
48476
50446
61254
79997
25703
71978
63602
5112
78542
50997
56130
64618
74472
90263
79001
15165
51494
52469
75013
39389
15502
18167
18618
81851
92620
18
50228
97679
61800
24266
77068
79187
92540
46308
13895
82105
45802
44241
36441
99047
947
93627
37038
36086
84529
35484
49573
63790
78458
25016
19444
15750
34831
70764
62356
89112
57406
20632
46844
10709
98663
17879
5078
53737
17137
51960
15773
22634
43573
62404
53255
39667
92778
40112
2419
2715
24540
72140
48650
57917
72661
69108
3042
35566
25268
97999
1721
29162
6878
41088
94081
54284
76076
50878
23429
56956
98918
2079
34083
80541
35024
57495
21866
173
86450
69994
38492
57400
99881
32497
65760
87331
45542
21444
86432
42856
66329
84479
78260
26940
64600
17489
60391
44717
65667
33502
35393
13437
14821
8481
57503
74007
52390
2966
97656
42020
69604
41092
77844
99957
51354
57875
41521
80672
13294
55542
4945
28650
78027
55958
81222
9429
79125
99318
53684
23367
86555
29389
44242
72364
11073
12830
80394
6263
54512
63409
28401
91586
81799
37644
76751
62496
11912
8578
32923
1325
44821
97998
6199
50004
94735
2337
54787
93845
57457
85881
85266
24520
74162
58047
33644
47104
37117
77215
9463
60481
41325
21404
17279
78712
35151
9330
60165
25166
68
95298
20669
19249
67738
55904
37313
11765
20568
13049
32806
41414
80337
96434
15796
60226
19925
61208
21596
99278
67040
69678
45436
80458
25407
7921
7200
9408
71172
70684
84399
86160
85467
8572
21743
93970
86942
70105
49294
26262
68728
58128
2762
370
86877
63624
30676
79243
78750
8157
80613
84627
7853
87953
14593
94311
54879
34546
23590
72576
83869
46222
88398
12934
79690
83399
95303
41878
24091
92873
43461
5286
87003
43190
81011
24187
98182
28119
45708
26533
358
96470
93973
34581
6494
76036
60244
35817
755
883
94147
51535
15517
4078
47769
8532
23443
17729
82178
74820
79149
27510
35474
14072
45161
2025
83432
78123
50873
10460
45736
80456
97377
73376
86405
20283
36496
43467
33271
1906
60806
24083
80380
6030
74606
96550
31304
76323
49962
36879
98505
1539
27356
64926
17118
57811
90728
57690
1214
51546
83501
21039
72153
7492
67475
25373
14945
34086
3408
44477
41152
54755
5308
68034
77133
78076
32999
87209
43688
26703
95133
96840
54874
93791
10172
48192
41832
84657
89416
96881
38628
49641
80686
40088
15808
93113
45084
48354
23649
83828
79873
31971
60795
72983
92063
96388
30815
12902
17223
78079
40698
30953
43733
48973
44798
76516
59694
42258
4565
54092
75510
95566
2899
14723
47091
54936
53216
58784
83530
72044
82148
46252
61588
44073
44056
53922
59182
70964
9427
58806
33037
78797
3071
72954
28274
89660
68172
23439
32813
84358
7396
59821
5915
53039
97599
31573
25983
42500
3312
16738
56437
74321
94548
57278
15083
46902
9782
77208
77178
41386
37836
5264
25806
81964
37637
62696
3288
54179
59326
34380
81430
89624
52547
59264
30400
67193
19776
29361
63589
62898
63519
93160
80560
92441
78349
72135
96185
26205
78631
19925
75211
1302
3073
22349
84072
89242
54336
57380
3887
66795
86401
28082
68220
63550
33650
90297
73467
1798
40688
25150
91079
1977
56253
85160
37669
88274
55758
54063
62392
25287
83413
48213
90562
65858
37694
64117
99216
52331
62882
60350
20886
33399
55631
76629
79571
92967
17815
73757
20033
65295
64950
6167
93799
38664
18392
9482
85760
78300
36607
616
30198
50558
5474
82930
71789
83872
90043
38565
38277
16660
62452
2058
30089
63674
15781
75010
48272
90997
52604
35385
11283
96810
5931
61315
78030
85685
97773
37871
14281
7716
88980
5020
74872
81636
1336
31822
73476
57637
62988
15132
35351
1740
44921
70305
68924
9306
69211
17095
73735
75155
60539
15994
47076
45706
51335
65807
18763
92725
51570
87607
53989
25120
51684
46946
91535
76641
59941
63436
65356
27936
99921
80124
19711
26567
49418
65552
11427
33704
83340
96073
74657
9379
49224
26345
8665
41918
94073
36726
73983
48691
22759
62092
45344
10958
89942
85886
21976
39418
80608
68992
84857
91302
35814
40394
99942
84538
11513
69646
39897
2828
63444
41849
46643
72541
86408
71709
21486
92292
1179
28146
7092
39575
38460
82631
36004
56698
81441
78843
13200
21149
24964
75666
44915
62518
84268
45063
29746
74549
1533
21961
5330
67112
58250
59916
27278
50652
45329
27766
30053
63105
66957
78215
29798
22845
13868
13862
33544
62086
68844
94046
94516
25302
31803
92646
95363
4772
23846
44397
82686
48975
12713
6866
38950
79586
99840
19450
51928
52177
7088
37109
65286
1478
29113
23705
72231
533
67008
80422
8694
31163
61105
5657
83400
99280
89609
7523
2750
25447
10758
49204
24739
84906
40734
11304
64600
74319
71469
15229
61920
43662
96163
99236
24179
70954
13746
99320
26010
48740
98434
40476
73716
11452
13381
55082
35542
21503
40471
91975
5217
42959
39086
86968
24966
83302
7359
24874
62397
61815
17715
18097
7420
26595
14819
47704
52882
56202
76231
68188
65096
5362
97599
17400
28957
74082
4135
63429
34627
7485
15807
15693
35330
98164
39850
8773
47062
68144
90947
36914
73085
56055
89211
49549
49281
46688
6855
5725
25429
12951
56851
9568
48329
27225
21471
75830
12096
41458
63038
67153
65175
14680
17743
31514
91917
20322
47365
44818
92830
84443
55937
49862
99051
47399
99338
36439
90688
93408
29687
53624
53296
12980
12437
14723
98030
19472
6154
44286
91568
75594
53392
84883
96759
86292
47096
84415
1927
55583
71275
95632
52512
46067
636
40052
95063
33322
37536
45575
20115
39622
58476
38417
53530
18923
60018
40119
29548
14181
43225
99321
52378
62083
63694
64788
78150
20859
19548
10319
65036
98419
44406
70058
33409
79391
46741
50381
95405
93093
34942
70700
89127
18661
92302
47875
97746
68302
62609
27499
37827
56887
9460
18314
96275
54346
37512
50915
8988
15460
34844
11686
24872
55195
86384
25537
59722
87877
92111
56533
21348
78582
85037
62173
83430
12339
83795
44942
27797
58561
74108
59348
72388
6579
23283
50055
91511
37899
58768
23485
55317
44754
22869
87197
27095
1905
86911
64648
23127
16885
77930
87154
55202
1045
3862
86405
94447
44437
26174
1585
17396
59666
49579
79441
26671
73570
16586
12635
55852
34586
3366
21054
95300
14583
26409
61017
11818
819
79636
2162
7077
51115
32374
69535
70783
77983
6375
31538
25913
34437
75886
24383
93349
52489
35432
45796
56365
39600
79972
61662
62031
33874
70991
17972
21706
29402
55475
85295
69851
58909
80200
24854
51714
85393
4437
50190
82567
48813
72934
64405
10909
74866
80106
61599
13594
72246
3637
53930
8441
66190
29169
42506
3934
11256
18813
52534
16944
68711
74759
41806
98998
29290
76736
37137
80080
8485
15059
47112
45557
24888
5304
59488
80562
38226
15775
87757
37104
72740
43064
72655
13377
83839
24215
44083
30676
16964
24147
4759
15392
23325
91403
47959
71930
13539
26662
10590
70638
83778
48534
2275
10671
86011
61652
71990
85729
49464
55396
9416
64374
37896
84588
22930
69148
36942
69572
39561
37255
14927
12088
6691
69739
98737
47784
47815
80169
27589
87308
93674
95846
7814
58560
5428
58778
24566
31166
32472
72543
21714
76090
35560
77155
28952
14608
69539
20474
73051
87918
62875
96302
89593
23303
12584
66362
74783
21087
46952
68407
14216
49677
26632
47446
87761
84001
39686
68922
95619
59823
81968
26195
19710
65948
82967
12323
88644
2605
3377
37690
74126
76205
84358
66534
97216
47831
18637
90661
65842
98201
18166
8617
80807
96388
21188
81722
81685
23272
8924
68514
72047
17024
46656
5437
65766
85544
56868
75796
66942
80834
49052
98250
21181
1243
24079
64452
60917
88333
64834
79159
37410
23069
26362
39696
88197
63439
29585
48851
76053
71022
92839
88718
57181
25360
78515
91515
73019
73326
75040
1185
11665
1888
37995
4459
11814
89613
46747
34312
16044
22456
22719
34831
63276
33494
821
49892
3852
61247
2367
94822
88060
11738
78739
56104
91258
69482
98199
52917
3447
2517
58516
81813
65451
65649
3207
72284
7610
47001
96144
13826
65007
39406
69171
88529
14055
46126
9410
28961
68345
63116
40419
8095
49340
96942
68827
43070
40377
40643
98147
81648
37100
11043
12689
41113
15150
45588
49065
30490
56915
7022
57109
78985
58705
3505
58946
17551
7701
23293
83347
98920
55547
89986
20547
39327
31601
61535
23946
21979
87603
3954
61980
25405
59300
15765
13553
13779
66974
14129
13652
43082
63340
97171
56369
9514
91041
48275
40833
1158
1747
37772
47641
87564
43543
10925
88291
68752
47603
89747
39264
12403
7239
1019
43922
35908
53000
10061
90471
89237
66989
71480
38753
42433
96499
38172
86825
53269
58729
77421
26400
79918
39728
69528
9368
2985
71165
36181
32336
12691
90832
48614
42237
43548
85337
32789
45363
24721
37627
84916
18518
98123
98900
74159
1379
44854
71753
28705
85126
61119
87271
35081
78572
70032
5288
5779
50888
99849
43272
2660
23273
8269
93664
49454
4598
80437
47844
33757
69565
63501
41651
87870
5418
88734
74501
25034
41133
7431
37900
34653
94838
73370
45096
42568
64754
31478
24197
97567
24811
93979
75720
38659
41048
65799
64935
63822
6288
54489
76971
91176
97313
49005
52079
62299
4297
72801
26829
7525
81413
56213
15285
91538
53581
53789
64345
1472
97252
18578
68861
77481
677
74666
51338
43881
12511
58821
9602
40916
46047
75595
90928
82978
27633
28313
50520
300
34069
13677
15490
16861
74917
30688
35884
48017
63073
96221
95978
70491
36259
40108
84335
2466
6336
93083
54956
17597
31492
74476
89004
9314
80726
3396
76435
84169
29875
95217
41393
14998
55247
3530
74412
5356
529
88700
12356
75011
45985
39937
61626
72324
97835
67448
54175
53953
97007
76540
735
62951
53319
56260
9432
49112
66278
29792
93955
62307
16024
5355
79356
99647
88214
20253
47898
63466
50303
25722
1486
63840
23412
1537
57933
55813
71536
11017
95086
70064
90403
9429
56059
51308
16240
52882
27823
49858
67
10775
55284
85375
6449
34740
37816
45231
35344
75663
92755
24583
59989
84487
39840
61865
89207
59269
61553
73963
63726
12681
61174
61552
95101
17514
33133
7496
5237
29704
57658
37733
52637
93184
46925
88626
92785
37156
4367
60817
85620
23838
1575
84947
61756
44730
76586
85541
70238
99900
26474
90766
62048
85199
32047
99284
85233
12397
84390
42203
25575
28693
51719
86845
80395
6320
79140
78495
63791
25236
43696
80633
13333
56691
37879
68305
76078
66871
57118
56813
72626
98311
46584
39303
7102
74863
91783
39917
1998
51787
36930
33517
53415
22345
88677
45028
67467
24977
91098
94660
4164
30327
64302
91626
44219
80308
92757
22357
68639
44686
27789
34422
71365
5919
5687
73366
14548
2089
54693
22835
12379
34671
60328
21260
57463
72824
57187
55409
75517
63271
44817
5090
97349
13509
61682
58928
19182
62607
97409
41276
76408
81883
70458
94659
35562
97688
97470
92860
35377
97910
49922
68010
65709
42070
79180
14639
96626
70363
45264
39173
58207
58928
87887
58645
21567
23091
34573
54013
82934
85958
29096
84169
67158
70548
57949
32726
51669
79748
72260
30555
90619
13903
45363
2975
68252
11329
46054
27915
72915
23897
80610
80209
98287
25506
58362
61808
36981
35751
79291
14696
60855
51400
33181
80750
43676
93999
42704
68566
21825
18769
47763
81853
60439
82274
15419
628
43557
80929
82409
16031
61278
34412
59155
75626
64372
10411
77193
2827
20395
31146
67291
65379
75223
5019
70475
71354
92081
1297
42657
84169
5831
26694
90016
78561
3266
64338
23577
42587
66857
31918
4218
59542
21638
83233
30221
79720
87362
43153
84447
54605
93275
95712
43020
88306
94693
28053
32541
60311
29345
79809
99836
46961
89954
57303
17588
5681
65619
69490
53660
23773
51926
99643
51269
66589
80500
73980
17230
52364
32422
62066
10594
27893
82632
40215
30655
88653
77639
78323
42079
97892
41627
98888
85821
52793
75064
29001
76742
30693
93246
99111
33901
28784
59778
24057
43465
39811
53569
10951
91003
40483
36279
69528
29444
66601
52986
27592
73114
27056
43033
26918
67694
6883
79609
79945
22604
83373
66664
64944
66631
94957
41332
60669
87072
24825
86298
48048
72458
60421
12780
81760
80410
38797
73831
39116
68150
42188
60701
31409
25619
64768
56211
57179
39317
89888
45512
31362
9413
41631
39949
48662
20318
86890
79349
33101
59793
9905
27071
3002
71183
93394
2919
32198
24473
8314
88078
88822
18463
61786
31836
79953
7540
35991
26495
70346
9429
12567
75416
26013
2537
25077
30634
11551
76017
36708
27901
8425
38023
54523
36286
77821
89683
6218
89902
52089
33353
12821
42775
88089
91752
5500
79622
71719
48265
40230
27788
7682
20233
43925
25157
66648
96599
36822
91954
74525
89456
82847
45123
2443
63775
31729
40314
16358
49409
10923
50438
89279
46871
59488
8981
8244
59880
1048
32762
71219
92533
4987
43016
54032
84404
39297
85446
72167
29200
85558
23659
65763
14559
40628
66934
10029
24291
49929
90664
8713
35984
26371
6700
16870
95074
4471
29235
29500
8627
74854
6937
55831
73213
56741
22995
99990
27001
58031
60384
83109
20032
76996
72094
51783
27928
19451
73140
15424
93914
27111
23514
90254
41978
25119
43377
1969
95437
87869
33269
97557
12148
49072
50951
57450
4830
10768
4239
77130
1229
88497
9069
89113
94407
97158
26275
90531
25073
58065
78179
98711
32786
14388
24527
7807
16114
69136
54583
72679
35939
71761
43546
21704
55038
25237
47381
87188
25257
15380
3238
88076
49284
81440
96160
15793
20316
98946
31392
6632
47993
36114
28222
68276
92097
44629
33983
41060
44270
34007
72753
92203
7500
8466
73272
97448
69169
97601
88236
10153
91829
30685
5090
50790
38908
56406
20295
86230
41939
67106
53638
33640
34819
13844
88853
3368
6440
54893
38720
4716
55007
19132
72373
89626
2688
28235
60878
78816
33752
70851
37677
88355
96364
26701
39396
30830
70140
941
40755
38798
33826
3761
86313
24560
79793
53210
34870
6154
34356
45974
81498
89861
86486
21341
52764
17082
97985
70504
4477
90569
2086
42612
58018
67041
96165
79544
66521
77772
30872
33015
40300
63981
54862
71843
60652
16511
32994
23608
51287
68630
65898
58494
39928
8338
93509
54753
52008
44417
71240
36626
34560
53144
97989
36007
58790
7052
99608
1667
81846
52753
47125
84480
84610
98300
86522
3723
16878
38941
38790
88862
92642
36357
9693
92497
44494
24810
81760
73372
34448
43477
32189
99314
72446
79333
49652
50764
40487
16385
31087
76057
38382
10353
96187
58438
74256
25408
89189
80931
85916
87433
82507
94706
51064
45294
7780
95315
85745
63992
38893
40348
21277
45038
50515
66478
35503
21879
34985
98447
71503
7429
42319
17561
24080
17592
89407
76650
45118
12740
58183
38805
22239
26288
71090
78143
38464
75684
48517
27673
67158
7752
8616
2267
64730
27908
3080
9009
62501
26655
60026
19244
16135
45199
59877
26029
87076
88647
92127
68630
79931
68742
4181
52384
26051
8080
34803
99144
66338
20178
69283
35587
40051
2878
94650
20259
70940
11413
39771
88510
85486
50451
21785
69076
3771
10628
65921
2829
64434
9569
78281
12888
50904
92682
22263
63717
16096
45893
73668
79770
97705
83706
56959
93666
50453
23966
4910
17604
68156
37125
53620
57723
88083
48193
2272
6600
72647
73331
93205
92309
60055
91110
50994
27674
60068
59062
89462
1558
76835
45903
22191
6316
49551
19584
93717
81003
17447
12879
73063
43608
44967
99851
44665
55398
48356
83596
8639
71684
23581
13838
81722
56078
76442
98039
53278
12739
58961
62637
56078
44269
51331
19089
49058
43870
10830
72147
65094
84694
27874
45872
76007
16968
53559
18301
72612
30569
45249
32784
6139
43050
7701
91201
43153
40442
98611
63713
43088
50230
18982
43195
67290
45896
94062
64610
22524
90862
65837
29243
98857
8510
76657
72384
83083
19793
5152
90664
80023
80326
74126
14969
85539
26012
3736
7327
83278
76046
1919
53916
70974
72901
53458
80613
49736
27678
53100
13571
27931
36900
93941
91091
92305
13528
25466
91166
42234
84140
6246
57401
3741
23928
32291
1574
92225
27750
57620
47473
569
24539
96033
45097
84750
3481
86106
57721
53537
20882
96480
38608
28415
81242
67195
10840
13784
5496
54403
16160
42335
99847
40731
25550
76809
17230
1781
13330
87905
69718
72827
49522
36154
56247
44707
33267
36168
46896
71579
75489
19287
92400
96014
35102
32507
93302
75872
96589
82453
98877
12681
82666
55072
26720
90091
88791
80119
81473
19798
4347
71275
75745
5326
58122
29947
13561
37293
29680
42705
18722
10270
30300
79397
25252
86645
95101
44259
33974
76264
46497
17579
26188
57061
92960
8580
90782
55724
44533
80380
96316
33531
35574
69797
14650
28733
73422
70354
68327
35667
99384
91757
83502
48124
74871
73662
62665
11255
10743
26140
51880
41488
23168
68655
4085
34116
49453
37209
58072
5401
56610
10082
41230
10387
15368
53133
36814
54826
4999
67951
47763
52313
13402
1575
79697
89073
53375
32232
22265
37757
59988
68524
36777
24790
85955
24844
69571
70311
23325
11133
90056
97967
48809
31817
45542
34429
99961
43944
23946
13565
21673
80175
10503
33146
98680
91741
18401
89622
85948
43449
79722
79982
46153
14145
78933
12519
47585
74635
87519
39846
8653
20175
46172
46318
69433
50630
42854
60744
4487
90932
83537
14045
8557
53119
72456
180
2781
86705
30104
62
63861
92082
16769
38199
39570
9705
71694
72745
6673
38207
75773
82981
32301
39154
98363
67537
1241
78128
28842
51043
36341
35404
7426
53961
16607
77933
97148
22626
61065
37935
99059
37454
47093
49159
82159
70941
71957
3000
80615
58121
49565
64479
82817
21141
8741
99013
58777
64057
90819
37473
89974
86364
32606
28722
83319
11217
64611
7081
16729
95951
8061
87630
16645
30082
28914
3461
45400
11412
88000
27323
64004
51902
98264
38080
92396
63233
72501
89160
3137
81462
27001
13200
61233
20097
19609
73882
19538
86909
44731
34669
52261
15771
77715
71041
23328
27100
62899
25704
69459
56647
48954
26303
87622
76310
1090
34005
92873
39961
20419
15057
39404
20304
34216
48555
62374
502
93573
42713
6833
29455
97918
8312
86266
30815
93125
80792
9975
16935
19602
3030
24920
88608
86143
2888
30346
53564
60197
89023
20819
38694
61448
21375
92707
23510
85474
57208
36440
54322
59536
7969
17506
81240
46280
88312
49927
46296
46428
61375
42241
27220
79469
42084
15129
80106
83222
9410
83044
93262
98668
49566
97395
31854
32798
70495
51275
74445
52925
68157
8558
30224
72193
49828
93768
43817
2558
60708
15958
23542
68901
39160
17183
69664
97935
17987
7370
14709
20774
16489
88487
33213
65552
90903
9520
41671
99437
94877
50158
25648
9595
69285
54131
15048
60123
13070
33461
40417
98530
55418
87202
42463
91071
15870
53232
2825
59061
13933
35786
8053
93399
87442
81344
67388
35476
62333
73022
62875
30937
70729
39575
77236
84670
7490
11266
50412
26727
63153
35887
81846
14003
39566
68609
84338
42378
80926
40698
31288
72364
95873
81765
2653
3943
4641
16594
87036
20466
35459
77690
21476
70359
7870
85196
96320
3808
104
62815
2615
55814
25264
37304
20165
29731
99285
97399
47346
62111
3812
66244
39734
42260
34784
11623
21175
79753
98410
86918
18664
55494
45580
98299
2287
97081
25734
98436
45930
2738
81787
1811
58128
10664
59693
94801
60130
87840
47685
33285
85269
26173
69712
90610
46008
14916
92783
24379
94006
28159
12276
43956
56181
13867
75986
46346
38111
22380
70350
20006
99750
55688
72924
16224
60195
2162
35109
77007
29444
1105
45885
54093
38428
46084
17141
93260
57930
88788
98043
6580
69627
50695
70490
47049
32947
29851
2184
28011
27905
36222
20470
10611
59060
63778
93461
89214
47605
22122
88912
8798
15256
94239
78879
28989
57381
69752
30413
1876
59582
14824
46326
1293
85253
83217
66492
25741
21845
27484
4630
76827
80346
19967
32488
47675
50027
55400
22178
33129
89771
9324
4580
53426
94930
26363
90111
2715
91947
54578
63270
88921
4876
21174
93601
67009
37908
48171
72023
69194
74605
36029
50316
14065
31945
78023
50356
34748
71700
5524
65720
53842
90009
89109
45310
67940
40255
82897
55556
69109
30867
6339
88671
58061
17203
54381
34056
67669
66543
28794
10330
54052
45454
98187
81555
6686
75922
39114
82351
81852
72274
8052
16852
99906
86918
62861
15533
38615
50223
51605
13239
3384
9805
74443
18448
7805
84473
40821
98771
2740
69701
77764
73704
43546
72936
91206
23439
52223
220
11676
33138
60774
21673
93388
70299
12748
35524
62985
78499
37056
69433
6766
14321
93067
51158
57964
88806
56768
56790
62287
92298
92895
38135
14415
75935
15960
7003
1700
56963
90107
56674
38201
48602
51322
67741
6657
33192
82318
70612
14727
64307
58343
76703
85178
90173
8543
79791
83602
51636
37238
70605
23485
40365
11538
63157
94513
81089
51460
54157
99860
77392
81203
18161
67991
78920
15736
19955
66745
58575
16547
54031
81553
37855
11974
58824
25440
16190
27097
80651
18649
72607
95282
62494
79892
1152
39343
26279
20489
97768
70034
35902
68312
38120
5976
72237
60131
18601
5690
67490
41793
90454
90682
59177
9871
79929
92974
1757
66498
75339
59326
89438
45013
45805
34708
36454
57983
6277
38856
8883
21297
63839
30874
93484
95689
20532
38849
99365
61364
99398
18818
8942
78904
28665
83082
19139
1373
19489
59556
43755
7462
62969
45357
97166
10805
71697
82762
17089
6679
17413
42618
14643
40633
24547
89745
57201
97710
61376
17322
83331
34625
88492
14077
47494
53012
23228
48626
27687
23909
16450
78850
46358
94929
63009
17472
65181
77401
21937
34917
6668
94668
36305
24241
71352
89331
37723
98915
51789
18525
39680
84704
64699
94759
13135
9212
54749
49414
85880
82024
32700
63367
70545
4036
50925
93919
70742
80687
28598
34154
64254
38084
47730
4138
96798
29614
73677
78030
40183
65216
34836
48411
2660
64740
81337
36387
26084
21007
44132
89240
25606
99026
94456
14786
24011
42094
15470
83834
89092
20473
35654
50564
25
49114
97992
55347
60070
47784
85113
67205
90427
46119
9251
90424
58944
69865
3455
94610
2004
35377
87620
48424
81773
75679
35235
98068
88112
13748
74334
45140
78456
53909
26058
30428
36723
79492
54653
65963
39508
16660
43488
6024
23124
87908
65438
37473
45160
48009
74115
62372
25651
88452
30852
19721
31212
58421
31878
66185
55219
55537
46916
53085
79295
96652
34052
45534
89719
60297
52963
10846
44945
19304
74457
50139
26705
41117
62877
79597
94526
68347
80196
3978
35398
64064
74396
39204
60881
48577
98110
20039
76146
44010
88842
27147
56512
36726
89609
88778
42434
91540
69344
76304
69702
4453
5708
44646
4337
3317
38893
8844
55214
32230
24141
32733
76153
74081
57527
50909
99255
28893
37731
48385
93388
90682
10214
72900
20644
45070
17022
45540
78240
61840
43801
30842
93675
46084
90478
62691
35600
84248
14725
88741
10345
51739
54898
7555
97692
56722
86526
33161
18757
17644
99716
24371
91144
99039
92903
37541
80386
1823
98250
42257
86778
91518
76562
24640
40264
57200
94365
34455
18957
26283
76459
50832
54629
11727
81180
85800
3737
34445
70779
88861
94724
71194
90595
77456
96422
2774
81910
16301
70916
86284
84891
71649
39214
19357
82059
25217
35542
3447
52409
23414
49219
28366
5517
52546
12281
34153
95470
11405
32113
97588
33301
96667
96592
95747
51919
55454
98968
25473
26414
40233
74735
99901
61666
37799
80534
16856
77211
74120
60834
54541
54869
55823
66265
9625
87173
62478
43765
44584
16925
78072
71056
50075
15710
99276
62030
24130
51023
30379
63001
33060
67417
33792
95697
61663
61373
74682
43257
91222
71352
22818
27116
63881
89548
51719
88920
45865
71313
35577
31320
87548
19908
23790
12692
10382
8765
68135
32395
62597
66174
22775
284
82210
96684
61223
25936
99686
1832
59136
1841
41957
40563
32159
13285
98251
79185
3177
74903
27391
37636
2725
50740
29414
53293
65305
37931
38593
7892
55754
84522
53679
77109
85558
78147
24612
89328
83942
44412
35499
87953
19315
61119
40089
80913
80481
33364
26804
29236
97973
43541
19346
191
71905
42671
87170
60526
94761
88671
34926
22744
67783
15208
8846
48490
3608
52760
39058
4162
90391
60777
26024
59860
45153
83567
12556
59854
94646
15374
89163
11575
93368
75507
47106
18043
71024
43334
31605
89307
72370
50742
83511
6862
36023
17284
39516
68355
29135
82568
4196
17141
35856
41020
23927
8417
31332
36489
53749
54272
17800
92271
51104
65203
3077
4960
6783
44837
83084
99802
43394
98738
91148
57628
946
2498
14693
71359
46421
40662
51526
33771
2616
90769
36463
57858
16708
83756
25901
20772
2863
44552
48839
59129
47533
74394
21714
67662
65623
6186
25944
91321
59657
26123
12975
29557
49251
65482
20875
36870
72583
24679
22429
19614
36282
86543
60354
50356
72625
32750
99792
40536
20659
34772
45660
18055
58813
70610
34597
6590
66859
84049
77357
74432
24201
17287
78458
83163
83500
76142
49930
17744
54672
18940
86492
24768
82741
24268
95853
85234
70094
36995
76870
2165
20650
52265
60611
15477
71799
44308
2393
46904
69793
60806
4363
12946
38892
4535
4630
81236
16824
3625
26556
63410
40786
16798
62696
7714
97530
47137
68922
83582
48399
44440
52091
92265
19245
85307
36533
8073
88036
13578
84092
61025
27162
10559
78742
57653
74295
59465
48700
9860
3702
49135
73499
26713
96283
77450
81679
35887
93254
71625
67022
33886
20800
31307
24695
88099
80155
33384
75766
57495
80798
88213
36109
36689
54440
81069
59966
78473
5767
33124
92580
49712
72244
15591
96934
78202
7519
88339
60781
98286
72603
47208
67532
74355
63652
60430
11808
93415
95987
4778
5905
56386
14638
1907
13764
42156
9477
47744
79139
35424
42439
93632
94619
28415
62976
87562
86434
42477
72482
28369
47534
64903
83982
22324
6429
3729
47627
56281
15686
48252
17566
18549
30466
45811
51785
97947
35963
47702
98340
48356
29679
95499
99397
72874
84910
9021
5916
80743
22878
94175
7958
54647
72147
31928
19798
60174
84103
53582
39032
78056
32476
57264
1139
12097
69574
64232
87943
28435
17818
24052
54463
18107
10089
26943
32183
40147
33143
59265
14607
29160
8931
62157
86451
13872
70011
63579
79023
86272
39161
66048
79868
45845
81238
76547
33420
53688
59522
15002
60831
71059
17774
61939
96830
75659
66149
86494
81835
24514
31036
54966
22948
53911
17178
15965
93657
35255
42106
77099
36141
87578
42817
85779
49146
16990
99386
95617
24737
99318
62023
91300
5334
73709
47740
175
68129
48440
39696
97427
92038
22739
96027
63037
39552
4428
93462
23069
85033
98178
84428
85652
20246
56387
20248
93500
45725
79400
70383
47665
29625
67789
59074
46870
12813
16884
32802
67617
49313
7912
33346
71310
80077
50264
12670
24973
37684
65694
58637
71682
32023
96373
83163
83736
55795
95353
76479
54756
23658
62852
34041
37902
91457
58022
52726
88842
99539
68791
66242
43889
58706
66435
45263
55518
26628
69558
30513
64728
56193
27375
49273
42257
24604
5832
67421
37195
65241
91729
36162
81247
743
8026
34668
56235
50343
18391
4216
70119
23334
68523
73158
7660
28724
85996
40416
79081
30974
33926
40868
45659
56590
2907
90104
39302
33198
78012
54138
45608
59659
40838
46691
47017
94408
91457
1880
33737
44914
21795
60154
13079
47872
22403
22543
87177
21254
26233
18677
11642
41526
24929
5782
58246
98442
83655
76950
21339
61786
15751
89401
34377
18501
48456
20447
77630
80206
58923
42439
92413
61976
31634
81331
19535
51199
26057
62819
82290
65620
16007
54322
25302
62136
68534
82428
83073
29230
99153
18855
71708
35726
41334
28477
95197
76409
99821
31585
48692
77885
83310
70053
35370
36952
97441
47835
90709
4018
39815
78237
8189
55781
90175
45772
10647
8622
48435
97007
41558
82852
58735
8691
6522
77897
13147
10977
6795
87451
39511
42496
84223
89818
70134
16250
57584
72166
6680
57696
93364
61084
56402
21238
69318
27872
87239
7105
88779
60463
72458
16995
25978
2607
48000
81765
827
60576
83555
83864
31619
93609
15397
88152
40544
40617
73164
38158
40879
86395
31188
27492
16722
53840
5454
9196
61707
20543
25106
73290
61810
48306
72226
43148
10521
19164
15706
68412
33095
90091
98991
60810
75116
56040
23016
52690
38527
36532
94423
92755
47677
15786
26567
72774
86157
58606
79672
5295
11202
31092
42268
86868
36228
16066
53973
57010
6838
8031
83096
33692
57096
22555
48460
15762
98717
79831
81137
6566
45046
25272
21582
91436
30315
93037
2234
99044
76228
12507
75423
22843
99424
41506
77695
5208
91380
35248
55594
83295
93307
64839
82145
26038
6951
28718
90606
87528
90148
41436
59038
37855
11504
60197
10694
63972
78462
89214
74707
71945
6595
90806
13425
93485
42243
4099
93094
81438
86626
19378
73441
61904
35851
85280
91560
21428
56347
30130
58870
59846
50048
24866
26667
35782
32242
86275
43441
93852
6595
62801
35818
13386
13887
3326
78177
47429
2337
87780
50184
43958
29316
83728
27716
47023
17638
15312
63749
74237
25820
96351