71552
39122
91800
16075
33903
50474
67300
86018
63556
81877
66861
62931
63578
53041
74933
26878
88117
1246
39585
14033
83357
43445
69319
40892
55509
9373
32936
60309
42136
71190
57342
90636
38056
36078
28107
33431
88914
242
66901
35910
73682
60250
38606
1951
24173
95007
51646
12328
86602
95230
91575
71634
72777
13332
20587
50080
20469
94358
19978
86129
10078
94564
90544
16997
45930
80103
8206
3116
15838
78428
2515
80026
28080
76248
5198
40426
25645
80414
83393
54303
27488
67446
83213
47379
94278
97142
568
30832
49992
26878
63419
11661
43018
79406
77618
30192
35044
16993
3977
33173
63852
79748
27486
82515
41015
54971
39661
24090
25837
76576
98525
25783
46633
37790
17561
33324
72040
57259
7161
9740
89492
70703
51415
2980
51257
99309
65831
2971
32806
58810
74640
45508
33382
49521
62223
47286
73934
25591
98146
92279
73341
60003
33769
7630
83286
81402
14793
77535
25507
48261
99169
9884
98661
36542
24152
92216
18449
70691
89322
94680
89993
36074
52780
4066
49127
73686
52825
92710
67958
69271
45794
71493
86117
39114
4815
41613
46207
81570
96232
11828
97435
97680
84281
97212
31378
90244
52554
40075
70140
20967
10738
55422
21281
53990
30815
84467
35931
54573
75177
65217
8715
49256
93670
32053
75834
98642
469
67780
78429
9395
5920
72820
18081
11541
21093
17366
50404
40084
81395
86240
64532
94427
23139
76556
98883
8257
57454
44945
17683
44067
99087
69784
86432
39984
61479
12605
46033
22417
10966
50836
82567
86345
61151
85817
42679
32867
19039
56010
82651
9598
4258
93726
60691
9150
26725
6569
49831
15230
93707
82943
73664
58950
6383
32936
4982
51121
33397
41378
47249
56766
4810
9510
49580
26302
32070
3069
7916
23449
30289
79646
23858
54232
94452
29745
39044
93382
77383
62104
19542
26803
80223
1080
33859
30206
2961
86887
43574
47545
98473
51575
34952
143
30691
74358
15476
88161
84015
11667
70430
25757
3319
38587
85647
33574
53253
91246
33983
6032
52151
4590
99997
67138
71571
83549
73009
41266
51529
14106
90373
60204
43912
36987
90565
72593
56880
56661
22138
3935
76712
69852
95017
76787
94857
52929
85491
46526
23070
70651
38171
27059
18559
77458
93142
40486
37118
36812
1985
47007
3715
14523
58923
21170
65365
41529
60495
84204
21706
66314
39166
87661
9813
60374
21998
56691
12659
59083
52664
81938
55637
92855
12683
59267
19170
29939
74156
72388
90095
43872
7418
42027
96377
28088
36166
4635
7811
67625
94167
46354
44754
95767
65466
18669
48042
43758
80743
87617
59180
95537
68597
99075
71433
80319
8742
71323
47183
44790
77821
31563
18592
11949
52696
91084
42286
20363
18556
17305
19120
53866
88403
71408
35342
42936
379
37910
90578
51816
97499
52645
64738
75772
55628
36671
49741
76630
68530
83974
49278
40579
1580
68757
71819
62200
69556
15582
36874
63145
41339
95101
84595
39589
69448
95320
70901
246
13922
96425
35078
45590
20457
86385
14930
78382
50123
29100
95667
67318
35897
89519
56741
8105
59475
25040
69302
1965
32349
27068
52735
77404
38779
40928
54884
83215
18198
32939
50871
7978
78573
49009
90966
87675
83214
56588
82048
95773
15736
21548
75629
85277
64494
9444
69705
78335
3099
85284
81988
80579
24320
42287
1584
35584
52390
6394
21466
55639
30576
24527
97592
40351
46254
62671
47759
24205
68469
91262
33310
79220
29910
55367
98851
43543
54211
34830
26367
11441
70748
14487
42997
37919
84353
7264
50126
40025
79367
88411
15855
83049
73582
64715
77709
12857
97358
86529
85097
29011
73949
10080
55508
6456
70924
67610
37422
40485
61280
73160
42639
72459
38232
27595
71457
26892
9039
8396
12977
60015
93800
81170
55873
79973
21398
2444
62762
27436
26137
32714
73067
33163
94217
88839
73881
72749
52709
64409
18496
812
6954
62594
838
98915
66833
63272
35109
83197
98554
13010
24525
58900
90433
53654
67756
66477
96469
80046
77623
75911
39459
4663
23745
67025
39013
21446
55917
51026
52292
59984
86308
27806
23744
86829
42695
98468
77180
63757
77081
48880
12880
74238
18037
8455
20208
86956
9266
13323
83990
87360
82018
70992
48546
709
25024
72931
30623
84510
13649
40213
59780
48583
16313
88598
53051
26373
68708
30575
68127
22139
46331
22064
23941
28122
77037
15948
19599
90895
17639
12588
48786
90139
72991
94302
66511
46188
13913
92662
96839
68118
19249
3022
30958
17808
32679
1072
10759
29081
80141
91036
97786
37120
27882
28567
2629
90787
31196
93549
30832
47675
1221
79391
56006
46204
86071
27025
66518
48488
29235
13296
15074
40956
53153
56319
23244
98851
46833
73289
64809
36394
3560
71650
10182
29577
79579
98535
6513
64886
49701
74721
57235
5874
23086
52893
19645
6523
85963
27013
24373
84736
43547
25523
93119
70779
62784
62005
99531
49501
39467
71168
53624
20279
44290
27754
3258
70847
85953
99549
29106
64033
96925
53551
76346
89597
3017
59736
40708
39830
67188
55223
99880
54033
66814
75710
49949
98402
31574
37412
98601
2078
27114
64763
54621
61656
37275
31756
11644
95168
70300
74859
91314
62766
70396
52906
84738
40090
34653
17651
42347
75260
89584
71180
65636
83649
54218
32003
3018
20632
10509
89301
90464
29799
99511
29088
80917
84660
89849
74867
5694
27461
27549
76785
37014
82715
33337
65578
35720
83022
3385
25168
47883
33777
68652
69226
29162
8001
50991
77514
40237
43099
88039
17695
81117
37396
18000
20450
57324
18708
58735
24899
56209
20199
32210
11867
7289
87
97131
17490
67498
92016
20506
36495
87226
20148
42125
99067
89430
85595
56683
91452
2649
50345
35412
92774
5782
41626
49629
39016
47164
7449
15499
96533
52074
91699
99824
10864
97469
82946
35013
4754
63105
58313
17381
17284
52375
24668
50226
91901
87659
24871
36284
84578
18118
81340
28469
98153
93391
40510
1775
66920
97873
64135
26496
70663
44369
4523
10600
50135
71991
45273
39109
30284
64430
64499
28321
24817
56934
62637
20544
38825
60393
21666
44572
92244
95922
96247
21386
54181
90252
78919
90377
81607
30531
51768
69810
212
11909
2741
15021
36119
29164
80854
17615
78920
90344
18802
76896
53935
12541
43422
98121
75015
31356
45306
7993
3324
45018
90444
6565
76752
12197
83864
61169
69553
43798
8896
38059
54792
61222
8273
40450
7989
6499
22655
90455
55784
49495
23515
88478
26239
68425
35860
92764
89486
91573
21413
754
43287
86345
74831
93476
22048
13298
55953
58776
78877
17939
63196
65501
24124
7037
9588
88811
97530
91820
60050
17872
10247
3354
29711
39559
5601
12517
74962
91544
27010
86994
61954
69273
77917
94240
98688
18889
66097
79923
33626
28872
29391
57062
58145
32624
88557
67968
4626
41222
50491
73839
33937
62038
20231
80900
15211
97176
36135
39046
50253
41360
41086
55640
72007
63047
21597
862
20676
87758
90159
27776
64175
66901
59857
1567
8901
75393
35906
22405
44723
46448
62911
43753
80917
41332
3124
89984
96294
17676
73633
12892
47174
92807
55142
47200
23995
47339
25297
24575
36569
78729
37529
59176
33499
8603
32769
67926
66403
62987
59546
68706
25992
58061
69076
97979
42348
22256
86020
35748
27915
68181
57363
29722
40408
5186
11791
72770
72925
86673
3593
46792
38028
17741
33195
78700
62075
82194
53357
68489
65645
88636
83368
95326
65211
83884
78287
4914
69038
76855
22364
86087
51825
72927
462
3233
34350
97793
24092
21739
42015
44319
10240
34718
12929
14563
85284
55263
95232
35963
74068
66308
922
58050
52011
56966
56768
57600
10874
77063
16084
11825
28850
69282
80274
23866
95796
5048
14684
57294
77888
68075
8426
92262
57522
49888
5722
89976
36039
94556
40634
88527
83315
77751
87429
91540
60099
96266
61229
95753
90757
15444
35058
73877
1155
62510
23584
8815
24106
52393
69205
95921
55773
24445
37840
52653
49840
1684
9240
60603
42603
91404
7647
55201
74577
92452
34540
59976
43111
48835
85251
39660
76759
6302
55465
57589
60498
30475
85332
79970
80020
29877
35279
89487
84789
35943
62641
26876
84236
21227
99765
68714
95351
46279
15556
30476
28027
48354
13665
32250
95821
73020
43590
61918
69970
40371
59104
78278
70393
96744
36103
31311
36428
78167
9797
70289
99408
90554
85295
43739
61863
76259
66847
64561
66230
38333
74077
10654
47463
25939
12394
83717
47616
44120
10896
21062
91748
97518
7724
17440
88828
24856
89983
8580
85200
41503
48224
75347
78192
89825
34774
76834
88585
4346
50350
67634
11694
6720
93399
70810
95956
19428
92477
7492
4811
79521
22570
32743
59026
17702
80129
95466
77882
24175
3871
91137
40740
79894
29073
78560
23721
84444
60459
65411
37414
67542
98108
94421
41359
63958
35786
29043
30617
21512
58570
92203
56350
26763
17262
620
44236
58947
11108
22670
86606
17148
57215
76036
59450
61323
294
19636
99593
72077
16269
53636
33520
94672
77851
83130
37929
3438
78612
71872
61471
48689
9254
92312
64344
88149
95812
11552
53439
2943
65297
78203
72285
89627
84081
17830
70581
97915
23210
52670
22583
52084
88651
77756
2364
63526
33310
92490
84292
55303
31672
17664
50878
82781
61833
41780
9346
64812
54061
48961
73901
51112
18268
82847
33676
59507
43947
94735
21579
23582
86590
57908
13025
72489
67560
70569
60187
90264
72705
22701
77845
43866
16188
96224
95544
96150
2960
65139
64137
80396
11454
69713
40605
63080
19229
64475
21693
4659
51658
20041
75633
56205
17847
67160
62248
45672
98040
7633
63561
78140
89619
98205
93593
48199
58649
85904
44554
73750
6769
63506
29265
22451
93728
45838
33849
99039
81125
90358
67936
85422
96192
47819
98795
10051
71369
72148
42594
77451
97007
66428
69857
43159
57636
18690
35464
96161
74631
13579
23292
7809
32569
93597
42014
46811
77256
96951
40283
34028
27324
52350
24194
93881
1309
49002
73490
71663
47795
21764
90587
92191
18070
26333
60956
63423
72335
7591
81352
60723
93489
39409
84744
4364
36298
6518
94728
44544
37629
69196
73573
17430
62007
53332
33725
74657
33519
28871
35453
57977
59462
89815
20847
91443
30160
69516
56313
35857
57691
88063
16200
73582
40960
57519
24826
24766
70724
59474
58196
94251
87304
33774
2512
7245
96797
43529
31684
26358
79685
61478
13617
34990
22161
73119
83798
53268
55651
65217
22228
90030
40813
51890
9186
9599
73613
25935
97359
10683
77803
4659
71777
86891
79989
80972
80078
67667
5097
12602
81320
64438
62977
95734
12111
36532
29294
36441
66042
1761
1639
72369
76848
50
74809
91039
25357
9478
25957
18172
40393
90358
77400
74685
65137
8934
5252
82347
68139
4980
78137
50721
44199
83645
14947
4476
34959
12263
70741
60370
30613
442
74046
95868
4637
58670
71499
75310
89712
4101
72310
78439
7748
27746
55442
28229
15698
99498
60449
32511
87178
56237
7488
68777
45661
62144
76482
87966
43932
91870
90051
78348
67481
13212
23446
48895
55917
98999
67436
11818
88534
87438
68163
69354
66509
82351
5987
56394
32725
82237
27894
7031
54603
62996
9290
51123
36580
10173
55939
88917
16535
80026
83577
76697
70858
95063
59490
63627
31923
90096
73738
64286
7077
71423
89102
20639
59079
10525
70729
99194
66779
3011
55550
44412
8440
59714
99771
36688
18826
51304
95483
84816
47876
79574
1196
63790
50421
62402
92655
6355
86259
87725
18028
37623
13821
71038
77083
67832
62939
8910
34774
96465
92321
71678
61861
29046
88270
2075
91866
51080
19312
96080
63130
45536
82359
95335
28739
24887
15172
12946
9161
40384
32157
83584
31277
31169
89007
92929
4305
75386
73241
34100
42567
75202
29546
42474
9437
97593
47416
23971
24553
88147
60212
78510
82679
48912
34040
8234
51549
98994
92594
75744
52258
58439
32293
40377
91144
37331
21490
18547
87552
76142
89092
44015
30649
78452
96415
79126
83789
78108
47259
7198
41922
98073
10299
31911
11696
65235
38334
32324
47174
30293
50440
50288
62044
25711
53643
71275
54429
85659
44863
94634
93588
74190
8145
98239
12018
16917
89119
47295
80295
64826
28565
99759
76181
17698
68698
61097
71965
83222
82155
86416
98818
41072
73915
91767
77099
20506
39554
17788
7628
64827
52727
13995
11610
33403
77653
51516
13908
14783
2888
51105
59805
37823
86036
42006
66634
4947
88048
87859
27338
76468
59869
42871
15222
55984
69227
5988
62299
12304
69736
72350
8754
29575
48383
58688
27688
91701
96628
9708
14665
48077
45766
15855
26671
27224
3035
80150
1409
43664
65009
97158
28116
5476
42657
86548
21256
51096
71188
5900
28852
14628
49601
45047
87704
19001
9844
16041
27324
98750
11742
47320
79425
45550
43782
78791
57611
14203
43089
51619
64195
54419
60966
35197
10898
14239
70234
29410
61413
56271
23711
13944
33421
88683
92026
63352
15941
40556
48822
9245
70023
78126
20339
36344
68310
78513
51993
4931
63177
30391
31566
48919
16643
39405
81368
23916
30947
60914
37177
28214
92721
42651
73854
44145
26109
82136
38378
83623
31139
60183
41154
89336
9006
45891
38681
83953
8712
42379
48903
55883
94306
31017
60473
66534
41386
53554
5346
94720
5552
59861
44520
8054
45580
37296
17480
38901
67816
69744
47770
88948
10491
48902
43464
2563
35289
70111
98443
45661
10483
36521
76019
78046
5651
26299
33834
19131
75093
61146
34406
28088
89153
57135
49447
8115
38620
41933
5993
2098
90110
99742
15515
74529
87221
53889
24798
45402
60295
45481
32770
97560
99697
7051
42526
44464
45279
13066
71433
83803
94883
24239
61205
75160
8788
35935
36329
26043
11883
18303
89918
79932
85900
32989
86488
15653
17566
98994
91984
56133
77893
9804
94298
49092
30028
31455
12597
79942
94382
31377
19935
91046
60910
6492
26333
16456
89595
43679
16047
95143
30220
75488
97284
65776
30081
68172
84414
5062
85516
26018
68505
20756
23500
12213
33539
50178
79905
82044
79186
461
76269
10339
84465
51762
95251
41223
72039
59300
16908
34844
42968
11473
35724
27313
66794
34161
14954
54606
26761
77895
16240
22769
34286
2185
16654
44132
44714
75864
77825
49763
80730
44561
56073
11416
41450
34144
67991
23271
64279
36118
64968
64647
69411
88073
23177
53122
74491
87646
60370
24917
84612
38701
96832
98754
67100
13291
43492
87606
26643
33880
26763
42183
8363
17610
66179
3759
9148
36000
53897
78616
88380
38722
2105
82249
5224
64893
8883
2617
89029
23314
57927
91488
61273
47421
83173
31872
44736
94526
14742
68104
10344
28768
40818
85551
6009
72329
61074
43958
13728
3061
37777
66448
72483
2122
45766
91452
85993
49861
10070
13668
86934
95791
22784
3615
62657
82235
22448
14110
83654
23845
57454
22661
6731
72405
3491
79036
24565
33199
11220
20253
71811
73091
14354
13569
98009
50084
13261
80423
26124
27555
66017
67808
81701
49623
7605
64931
1247
30071
75603
8405
784
98754
52101
50928
2163
98053
69035
48561
33055
99608
98522
17527
55589
8422
50734
10783
55675
88963
5048
44307
70131
5228
29779
31147
75390
231
11425
54082
34351
58753
91555
70281
63044
1817
49307
20855
94967
71191
63880
69818
22465
85160
87714
31238
34849
60722
42021
24939
94240
15111
52361
3454
20813
48726
10901
93333
14923
38310
42877
9894
61591
84551
986
19754
16271
99529
16337
73035
71809
21860
3683
79372
66196
59805
67885
92066
39506
55991
70745
81837
79188
42568
61140
22659
32454
1395
28052
86377
39054
99372
62034
86102
85267
18077
65563
41553
99841
27333
25270
6050
10864
73889
78693
46239
47355
19220
66859
56523
18730
36751
96954
77339
32610
2850
64336
10875
21390
58939
70575
89494
14284
87326
22026
16003
689
23477
42835
13098
90999
74920
66361
61211
73145
17549
58663
54011
73696
819
58959
96632
83399
61963
40861
69958
1680
70423
59808
64194
91527
62664
71136
15042
57959
33558
67925
59787
87876
91838
14356
88456
20208
93623
27999
23588
79021
59473
28799
97962
46207
30930
92798
92883
33224
24972
74868
39350
91089
2956
86546
95811
60629
6656
23990
40662
56721
71711
1916
13110
13201
32356
84117
23846
31191
97597
71145
96950
77817
90597
43295
47408
75570
5549
94538
30600
60878
50641
99329
1374
53198
95776
69977
65213
13976
36748
92248
38836
59784
59025
32390
18317
4944
37920
13018
3874
49287
4438
54686
95856
28851
84322
23687
92097
29759
52305
11550
34848
11584
2163
28742
72583
96965
33259
58334
52083
80015
87848
81733
16252
24420
29256
94871
33493
35370
52755
94191
65659
54658
74371
4563
94855
7127
77878
24442
60475
61440
78414
70603
12268
66074
26389
52364
31035
5572
99123
4540
57470
58659
18350
14610
13024
69371
14527
36821
7436
2711
47363
73082
15652
23299
57574
6968
61144
52894
63634
33146
88325
37339
30720
66824
29361
49468
12233
67373
16182
72273
23485
69305
87030
27028
26593
3125
63096
13427
55743
28016
71088
11160
85512
21356
35009
50185
36830
82651
36517
71164
19398
15747
2566
36798
53923
78600
64124
17923
6880
82336
43342
26078
52931
72418
85076
89027
4791
65730
47684
90460
51974
65645
34364
90073
42357
67039
14412
20452
30339
87924
65948
65249
95176
27954
73763
21117
14655
41758
55804
27936
48510
74240
70402
26291
35278
54446
33169
39178
16420
93609
1505
21795
95920
36974
26983
30714
97223
87504
73114
78276
72097
31309
26394
76097
38702
80142
84991
48274
89723
35465
55955
54085
50867
60712
44024
55957
30432
79715
32529
40025
16022
86162
35829
98711
82545
89630
48296
889
93639
65907
2296
50004
59829
18581
30812
30067
78214
81842
73559
10797
45923
18752
97138
22145
18283
8061
78880
16088
31394
46288
68407
36468
13366
11658
91202
65782
62308
73459
75884
71610
48509
7696
74879
63551
18692
34809
45267
8010
63852
56325
2035
28215
66247
6062
61277
65492
8056
48219
1298
64582
85278
96081
98989
49070
28447
68759
72228
59012
39333
15410
32213
85024
75018
9672
39762
85900
35780
65040
74116
74430
88256
10714
43240
54791
55369
43247
83654
12105
83218
38104
77713
87420
42529
92168
32253
11072
6561
60472
59988
42995
46626
18691
82999
33731
30151
65504
71524
51952
84648
1553
34111
35241
22500
94251
93505
9768
55623
5308
30536
82511
97813
81145
68871
1603
48852
37162
62434
7571
88419
21104
25942
37512
36988
34785
81115
1935
59053
27389
34619
56565
57104
51417
76172
86304
48451
84678
49033
89860
98765
48532
17496
72037
84592
76017
69042
65975
75097
1412
23865
87931
14608
71517
19334
74431
1604
27341
38949
76048
3080
73772
58937
63229
23081
5609
78105
5953
57345
55268
22051
5012
94127
70167
71862
63805
50722
52211
10571
13090
14947
29014
19091
40792
60734
96847
86229
35053
68164
88096
27987
34671
62733
84350
14423
33210
48579
6310
21744
61851
25831
86622
25817
58449
45260
12509
1289
3879
14084
82601
8496
24173
13343
27905
25544
80165
27934
47856
23868
97641
47679
62981
85739
2024
36979
68851
87730
54376
47030
92866
65809
37735
52417
25098
19948
36914
7994
52279
40134
15583
59128
50991
44115
24424
10702
92927
96654
51472
69300
48429
59315
73839
68703
67144
97850
69411
24555
4335
63931
51836
91822
86968
14273
94730
79418
47854
94352
43195
43307
19010
44885
78329
6127
54534
16536
98311
66215
36202
76576
93610
93835
80825
64657
26873
86163
46015
42196
11415
69643
92068
75449
33664
4861
78918
70669
65986
51772
69187
82894
83207
20720
53787
94501
26924
8034
65718
81074
81721
11857
30551
84967
75777
41841
37933
9201
15562
50584
91700
67939
7432
898
37938
61870
78671
34886
57911
78281
46333
48977
11422
51727
67612
76557
66772
81927
84306
21186
41184
14414
31483
23867
73224
48995
46653
46346
6283
44226
17448
12744
10065
92754
88423
75446
32083
7746
51115
74120
4454
23705
79764
55292
41551
28994
99099
73127
63738
84899
70457
54030
71303
73446
59807
7727
71375
5611
64330
50581
49746
56213
98196
80735
39061
91653
83344
75170
10550
92337
10900
95671
93683
70307
34692
79511
33975
17736
7279
34623
82010
50747
7787
46465
5365
71259
43770
35930
10625
17811
23949
54216
70868
24454
205
92628
63878
76695
74839
46506
36612
67912
34709
18122
57070
15229
85906
99724
23979
64695
2011
20233
70672
21257
60956
40672
80390
80959
16900
49624
36091
85446
32140
38499
54196
37831
15569
18745
8019
44193
13263
32243
44455
45635
51768
58403
65514
82459
62140
85046
25030
75089
38026
91112
82010
8810
49535
61666
13177
11469
23432
4676
1901
25537
56988
85343
51817
48087
16837
22150
86337
95859
470
23077
42357
78694
61928
21623
1475
757
91288
8427
20517
36794
86157
60272
31920
90110
55228
14541
24375
49729
80531
96999
37090
65201
34986
58706
7524
40724
34206
49097
5266
83865
57301
42277
14985
83243
91050
82669
79325
36704
54354
36945
79486
85961
92187
78278
35284
46989
66250
14672
98842
32761
34296
77695
8320
15213
80526
24994
64519
52703
66733
47695
17943
20405
53964
91334
41686
62267
58003
37038
47655
77102
72641
23065
15679
19554
22696
48986
61454
61912
96900
46481
21004
53929
62749
45795
90379
43612
31394
67642
66950
86826
78562
38108
27646
83406
98886
64274
69369
89113
63516
73224
65942
43078
22890
75842
70111
34515
65281
58845
4091
51123
14669
66246
32521
45774
13259
2108
86026
53185
38881
28084
93605
40559
43952
89033
29805
87154
45686
81180
2088
92527
64864
80001
31648
31951
9317
42972
22902
19320
73449
34392
3170
46093
25897
49329
93902
9695
70330
21053
51013
92323
90190
44934
46621
99113
66598
27038
62813
76341
29481
8307
80018
36721
47494
61007
10174
72701
80087
75003
21312
67974
96357
75257
42405
6796
35142
24108
8120
4846
4526
32230
60525
57404
59346
93044
21737
6136
63122
86746
68444
68363
5668
2852
38321
36650
5280
29214
99779
84266
33504
73748
41946
89320
98060
4301
3670
37347
90495
56478
93123
85990
22775
88450
39061
4102
23760
74828
82361
42815
47421
90215
55168
56803
66837
5132
71923
51904
957
2450
4225
27404
43743
41580
83110
43217
46333
80315
93232
83217
51598
80696
6969
75696
41339
83866
12635
32281
32176
25864
53753
68834
24306
3648
40739
75149
65029
53792
5179
24518
92612
34304
46823
60150
42546
41980
42414
51999
15493
9479
54154
61292
22030
19449
76657
60492
79226
96308
72863
8491
45883
16128
99722
11509
30785
72101
92522
85615
43961
67268
89554
66284
28878
24043
26604
52343
69192
28118
87769
95298
48204
89358
50918
70485
18910
6313
11480
95628
36425
15176
70239
14458
14285
74610
62100
71409
28599
61236
30565
6297
99080
64662
34953
86618
48224
5935
90960
29401
50361
10572
53130
37400
40200
42563
86515
91650
6324
42149
1742
34632
57779
94726
55004
56670
18826
88610
51424
40485
85424
16395
32356
65307
83861
21723
6463
63267
78433
43377
830
85889
90971
16428
65801
87753
74059
35846
57621
38627
84044
83068
24274
86271
84381
56651
28233
75025
69636
94649
57211
99039
834
10750
71029
91055
11728
60400
64607
54246
77438
83659
13911
2470
44875
25611
27845
77388
82770
9171
54793
89966
18827
84343
77274
54166
91841
43252
28789
56106
93258
23005
68758
68939
86785
62410
63555
90547
20198
64801
48853
37696
23592
2188
34086
27392
56502
12021
18904
47477
23870
4910
31217
50438
12814
36037
90021
48779
4547
11483
26488
77343
14811
48135
92308
51546
87673
76134
27771
21397
44394
92337
52900
38120
64763
90183
75795
51630
46391
91744
43234
21444
10422
87020
9177
81400
48519
16575
50313
30857
63116
93397
5368
22064
6041
58118
54408
58051
55863
85137
98215
65282
89492
57929
20490
22879
29736
87976
82273
14132
90127
68172
20151
99878
74815
38629
91540
2476
70237
86742
24027
76492
34620
46615
5876
55250
86894
60509
2451
10348
51096
66885
24179
68096
87817
82199
92819
73457
8491
56356
16280
73705
90779
61137
97992
34175
20531
46633
98008
28712
75692
8184
16594
61427
76751
7780
2360
40280
47257
62748
96711
67021
72994
11769
21723
20145
1131
34235
78270
6102
8521
47710
34297
96558
97010
10157
92034
23949
75666
91480
34985
65223
71038
68470
18271
77131
81212
12571
1208
33064
46728
38781
95587
74706
16068
65935
82108
12058
7412
91583
56443
12992
42796
58802
72356
63227
71869
69501
28447
72048
79484
32515
28691
69849
47993
98475
91274
44975
16102
99298
58159
47593
3288
45726
5916
58056
13529
44427
61598
38364
95043
61597
93291
77742
24211
38932
37982
14743
64824
53490
36295
16281
12280
43416
40799
84460
9947
87149
6661
51274
71893
93329
1736
50490
70292
68913
86172
49141
44141
66553
98037
98895
16574
12484
78319
26258
28954
84816
95350
77497
40485
75040
49796
78586
45624
18519
23803
23537
42109
58354
10110
62235
55393
9987
10348
73820
2718
99740
35189
13
32174
47993
58367
28554
9322
4320
23235
20173
86932
62220
24465
30815
77826
34164
72499
8055
70493
25429
70343
30734
54977
4216
79570
14652
62022
16537
52667
98359
72578
88372
13156
4800
84500
47337
15150
24447
42568
69335
34356
67149
84319
29172
41446
13227
36308
81399
50380
23352
11888
96809
92972
9389
68518
72991
76121
68324
98109
98884
89754
56151
27302
50102
42967
75196
24358
51048
11230
18414
12836
49774
18961
48426
43875
20630
59175
35914
31583
82454
44950
23971
59566
85644
83316
37967
3027
51626
61812
86388
97323
23058
20669
99635
89951
18921
65440
56661
45878
26489
55503
72400
75544
57434
38279
93865
71782
50426
98165
54350
17152
26208
80415
18890
84957
30218
16217
86711
28372
78626
83263
42973
82665
19120
51703
80289
82332
89455
74886
37634
68873
19443
70405
95196
51378
434
29041
90746
5428
51257
60163
64064
67009
47837
99722
85293
41318
21416
36588
35667
53165
45524
31587
98871
31097
65293
24307
91466
69185
38840
45790
57106
47940
91464
89541
59862
4308
6892
70048
30661
72517
68887
2992
40652
49421
33864
59360
8797
22272
39312
26769
30028
40511
10286
75593
28076
3363
57698
36374
77411
54009
31769
53789
21521
78511
5446
42878
52915
75081
66285
30638
4274
53014
57928
95242
16517
30128
4158
94432
36581
35543
27937
85200
84016
35600
99494
87939
49336
90492
8811
66888
25902
66052
84364
99523
85408
31866
71247
8553
66029
9894
26224
17074
21523
94180
46436
23438
70212
58257
11906
12657
34149
21490
19560
93813
89088
25907
5494
89851
34041
18081
53006
51465
63189
33562
42744
19803
83704
35259
2302
48080
81568
47914
31738
38648
55535
33574
15476
89288
84489
70335
8305
15779
2784
67756
56121
18761
2901
49317
1519
34673
99080
60900
85919
44137
95185
26902
74967
55999
23745
81701
11046
60914
66816
37336
94246
32619
11573
1450
8368
42707
25399
73986
15130
71829
64175
83639
72443
61237
76308
12072
31600
78498
9165
32060
97868
28338
21737
36446
4922
20075
61421
302
59133
13423
76420
54505
78967
97743
79035
74392
21876
24746
75257
54805
85270
86041
51712
96749
81009
98291
16109
2507
50811
23797
69731
90988
59336
5911
60437
34848
4856
20172
86523
63662
52344
11879
74459
25019
86935
48807
5
33442
30778
21686
71354
27047
62087
90827
17781
23712
75434
66288
54453
28010
82563
46099
48413
31537
30
79156
44204
64290
39840
26951
82299
14518
56059
66162
91397
85248
60092
9086
52316
55082
25743
41972
8322
56618
54892
9911
41894
75425
93267
64048
20139
35830
64522
67111
14925
19686
69191
96949
63208
91031
99515
2341
98186
95942
54150
20488
92727
41113
20059
61351
85317
59918
55110
43789
3377
22274
57581
53190
42252
5521
46819
94603
70879
14521
52737
66045
28049
90352
77409
83661
59249
22089
358
80839
37397
2077
43599
4049
64785
42132
53667
50461
52743
23241
35456
56831
23949
45691
34495
11805
51140
76684
46419
53777
48910
11202
16866
8431
90683
69370
70073
66116
78929
32418
5374
96439
70605
4702
99580
74029
69919
2319
18272
57709
89073
89335
96270
56400
16384
79490
38026
70036
53285
49462
72787
69751
43812
88704
75681
56684
70456
23840
30597
77926
28283
20600
17200
49116
61703
35735
54575
71992
51699
67532
1767
23255
90359
98736
73618
49755
91546
65783
3669
34039
21307
27151
89502
70070
13987
79582
55999
50999
44335
41238
83446
89544
29393
21966
38854
9333
68127
94908
81558
4142
95907
27398
54294
62751
85284
327
45780
67111
1471
63391
36577
76428
73752
72817
9395
84929
39829
33479
69705
52485
28967
77987
70524
6421
12586
41411
16959
7351
68115
13642
92762
19703
29339
84698
76800
12781
58587
34355
14510
10036
16463
2953
86963
35471
69567
96753
31006
58766
58349
90667
7935
29246
26398
88916
88041
17716
82841
88848
61497
67881
41202
11406
17292
85549
39188
74215
5466
78674
33314
32502
81975
40000
9646
86221
21358
66887
47683
8760
59486
33565
87903
61179
30957
23710
91918
87699
81394
76790
35468
82138
87089
61896
67462
49028
14428
65772
29946
17733
67021
70292
59400
76534
73914
37281
87344
24724
2194
99681
96986
42351
78800
89041
57224
25728
51868
12575
15981
30877
76401
75864
36249
12256
58790
1204
29640
44848
56193
21150
56187
30448
47427
39350
62475
2494
47254
18743
46638
85485
80961
34906
85849
25027
21259
82021
67860
61954
37306
73864
96835
68001
94080
41793
34701
70904
67407
85659
37414
48513
52365
43188
23495
44585
91535
1533
95044
58200
39628
10576
65832
17898
22423
78962
29612
90634
13235
95641
65734
84566
59674
25249
91045
339
50569
31067
83186
12260
25745
83917
67701
15931
57220
18508
1626
80574
73391
76866
28701
88194
94537
96500
60145
10018
8595
50684
1704
99558
23467
1206
92085
89792
30734
3802
94755
5073
24478
88990
27791
38211
21665
92837
8451
15662
22670
49876
3812
84550
61726
63504
30357
75038
75005
77212
64675
41867
16388
21897
39101
59636
53067
27652
60624
95038
27347
59205
47006
42144
3515
19262
48721
8579
91637
17062
42303
53510
54277
57495
36044
3105
69029
86882
78452
41827
52443
1315
80818
59019
58035
5881
66044
68967
275
37789
97775
22964
26323
65296
48291
49671
37102
44679
18326
85601
20255
28392
26239
81598
47899
62847
17911
37704
37326
99681
42606
74810
52463
95956
39408
66623
71332
64654
9834
67223
8344
80924
67432
8743
43349
70199
76262
3868
74635
35233
45988
29368
45027
3588
25014
38807
15899
12413
50358
86349
60038
9504
99995
40935
11394
81030
84684
14689
51936
39408
63106
96794
81428
15723
13024
65197
92076
68428
60656
79397
92575
96607
49124
20816
72678
28199
93264
60496
39359
18338
13306
40006
70961
43539
93738
50619
59663
84878
2182
34506
31681
2957
72219
50454
82640
36080
26708
721
72008
38466
10072
61949
30221
61831
80461
16429
38433
19668
82313
17320
37611
8510
14460
2110
62068
57222
68897
85030
64373
10640
21766
5580
83962
3192
85996
48443
31332
30313
6402
69093
2382
26759
38481
83773
22372
39809
70351
17554
90874
50325
9054
46637
75978
9556
96197
82140
49851
93734
57957
98218
30238
86760
16343
3919
41188
6073
30223
94121
99987
68811
83043
49461
37381
79242
40519
73709
14876
43111
38952
58326
79857
97482
44825
49762
69195
62551
46625
77219
61432
72936
15411
95970
51161
47164
21038
90989
74108
74217
70593
67486
85711
45083
92003
81882
18359
55027
53529
7378
5141
47941
5950
10056
74147
6218
28037
13723
58213
95799
72663
61559
21622
51872
81550
68302
1229
81213
10324
67357
21860
97078
10700
62132
56188
92089
87723
65147
69067
21365
14107
94754
75833
13570
70479
82868
12807
96018
79325
73227
30225
24079
87922
42031
95326
89850
77584
59357
55916
91668
50106
69952
96941
2066
29522
30677
70440
57875
72864
75618
54999
25354
31919
50926
61988
48056
48172
66914
47814
52396
91098
45809
37706
58113
24864
61458
69151
75323
18129
2724
89626
11870
38575
92928
26189
97542
69837
30187
21132
93085
43956
71505
88645
17757
79406
96789
97733
96337
47587
38890
36328
75616
6462
11330
77653
35806
28682
78216
83060
8030
5634
17443
27442
7731
25706
99775
87454
10773
83108
69437
53786
11659
87570
98068
63653
76024
39227
46239
97449
98333
21303
17259
24288
19241
82904
14021
26874
82127
15644
51537
9752
13738
55950
50407
92166
73560
42928
454
56967
59064
23349
22034
38166
38118
90379
65058
4676
91306
29190
85827
26754
38239
57147
31724
49513
73830
36961
95399
2116
82356
99874
34779
37839
19552
69037
89396
51183
80963
68261
17829
48365
56896
43154
45623
59414
64103
8156
18842
65044
73181
83825
42694
18200
26727
9555
56005
542
34327
2345
1558
76800
61536
99277
47748
47428
83490
12988
18610
80040
54203
47168
20304
39749
17998
98105
66687
41757
16829
62052
59328
44749
53289
94397
46279
70919
967
91246
48572
80863
68426
58249
67886
91852
63860
68585
69747
74352
23742
55060
48615
46898
70441
33011
91144
47319
26872
12522
52235
16673
3758
12938
77720
49459
2700
40595
85948
41330
40877
21858
45472
6951
70952
37027
73367
74873
38682
16357
56152
16462
90305
15559
48317
16332
97755
88743
92540
28115
87901
81176
5701
1851
59746
56141
57362
24956
34664
88021
85061
45114
97748
72942
15264
7526
46426
44821
79945
30584
33602
28228
66128
94577
75714
74035
50338
58120
68830
41724
56161
29878
51786
26041
68412
51444
52722
5337
42641
84384
39529
38045
70324
75260
21642
18865
39429
41138
41871
46129
70961
21774
49766
34837
83111
61146
98854
12057
4133
29920
45994
3101
93641
19270
68666
32718
7725
56165
66715
7747
19711
64942
61324
56731
99474
78828
70
49989
97447
22387
60823
58590
43362
83716
48240
76667
18962
17755
9647
91365
58614
2970
17657
6602
35451
98675
41953
31908
55065
89415
66763
77669
20809
7361
99439
59053
4893
61548
87715
95420
90450
25153
86494
76616
98294
52700
61327
53796
30761
46767
52401
87049
99163
89662
20318
80244
84217
4584
23070
7212
64356
31789
99945
4875
90433
42674
43416
67593
16685
47129
40777
81128
80449
82241
9398
81143
11783
22364
72389
57524
21659
64387
58581
82126
97840
5511
62755
30772
33472
27028
76073
90560
70795
37876
41018
7322
91763
93874
90540
15919
6434
77980
78124
2511
83405
60543
3904
88779
87453
66187
72629
68171
5169
4109
33135
32751
29871
79988
50354
57422
56720
98168
49393
17287
30319
52988
73608
42478
40969
99069
2242
76774
18585
52141
15194
43801
82490
52724
8366
22934
48137
75551
91543
10344
55157
65577
32011
35852
11556
23489
81061
39320
9845
57335
28565
42750
5793
19714
93976
19843
54858
82361
65154
92896
45279
28441
57142
15390
41884
54404
55408
2686
12383
29634
37568
42219
12184
38873
91428
50132
14086
58046
5839
76747
87211
44733
90430
17030
91663
17524
5786
85922
44234
54606
66187
59660
83970
66565
81967
26706
48807
89331
50815
11453
42864
28803
8086
22487
20992
73293
37039
52740
51672
79883
65214
53632
86853
16764
61974
17266
58465
26087
2759
78273
96150
38320
76330
1123
38489
93811
78444
87418
48369
46527
92750
18634
41282
42554
10113
62401
55041
42899
31861
84961
91027
8719
23753
4326
84864
33889
30723
8932
89290
7989
29050
38505
19345
88604
23224
10481
79060
88995
60792
7435
61251
21811
14589
78564
43840
93245
71596
38260
87595
68379
90994
21882
4000
81019
49388
89358
27469
11993
52076
25592
56463
49450
21631
47995
79374
76733
61585
23064
78244
1951
11118
12167
96258
11820
77382
87758
56126
91201
48180
30740
65206
56598
35539
29607
55489
2849
50544
16342
37936
82682
37847
79558
73597
99776
55906
51160
10664
64043
82058
78225
53033
20583
17472
39229
99170
4450
17259
26136
73359
32046
59703
30505
38696
86195
38092
66531
70716
76393
41936
86100
77443
41381
65512
76965
74083
58048
57507
72658
90176
71957
4931
42592
33308
90437
77200
48236
46247
14290
79502
90623
44912
59349
16712
28481
35636
78947
37884
78081
67280
19560
589
38523
24391
61920
6070
28479
65487
91724
97435
69563
16497
55163
37870
13974
52364
76824
17801
85224
59632
29214
75585
80620
65648
50314
63569
70325
27996
92573
66176
91979
75029
41214
20906
18064
97457
56713
70965
47341
56904
96723
12963
77204
42858
49798
24655
29979
53868
42909
80528
21562
77925
83407
25638
41432
66557
75746
18923
72663
55931
20061
36515
5794
74983
35822
59495
33031
26403
74892
3849
50080
9658
43065
88479
3498
39596
82329
12132
78566
64983
31638
22162
58241
82210
21643
14644
10834
33057
35341
94769
10001
4197
71662
68684
72031
19691
23699
45053
40419
60945
80479
79418
14301
98799
41435
80446
96890
76603
39849
14546
72033
25123
61052
82326
59237
34264
26202
14909
99917
12761
14065
45227
99990
78347
61983
15578
82198
60045
89302
28991
70580
83090
80334
2435
52776
15473
93276
73927
38322
73946
42965
13201
70714
85631
92179
74696
46695
25540
82339
14516
48523
64819
5953
39943
45790
89515
12002
33732
71518
91810
78447
60452
61623
43129
21680
43447
13220
69751
46067
30100
56139
88922
20912
92745
52254
61139
94934
73295
19477
50592
97218
79130
25466
25324
88178
30190
97589
32831
29559
33065
18849
16336
76847
49309
13200
55609
60948
63
38085
3812
89210
94698
56848
58055
84874
20334
22665
95174
62700
23586
13054
60636
28475
92765
15702
36781
28727
39022
33007
46977
77444
84401
42097
5866
34337
44451
25046
41618
83329
939
82429
22889
22045
39543
94665
94472
44172
88991
14756
12006
51587
32290
72774
42011
91752
68175
38035
23422
6061
76420
62677
62004
41943
23328
69763
46829
3732
92917
20821
15744
44665
51239
71434
1479
84955
42801
56602
17523
86385
25512
44796
55190
90103
55477
76262
98913
70085
45987
23062
67338
32801
65941
41180
85098
77609
9596
4383
35535
10534
16801
85052
10465
65770
56083
66506
93358
71098
29804
43175
63394
36610
95064
91620
28309
11738
4175
62089
42219
38838
80836
96591
48369
91279
87095
79392
97743
74902
31185
30512
38814
31133
13259
43061
96657
88436
67007
28603
66483
49081
31527
2166
61102
88351
96731
17374
48258
18023
36811
37149
60292
20848
22993
1148
80691
98611
60508
11087
8918
96108
64140
61352
61279
52732
91060
91888
29494
92981
97581
49518
85187
42477
48543
90181
21284
79574
99450
89110
99919
87110
74718
10333
60062
25960
95826
75059
56242
2084
43512
36621
4146
31590
375
32554
74107
54228
86122
1893
12279
92615
32100
92211
63550
70774
62850
31244
11327
23828
49543
14557
91725
5094
38100
86262
86765
62909
65439
66822
3590
54330
58705
28391
60820
67664
74396
30099
33961
16852
84497
84006
59144
37874
34054
1654
12779
69342
37329
75807
78893
95320
77238
75812
32368
4321
31368
91657
52599
2248
50374
32564
53089
13409
20040
89940
73577
94928
90329
10951
62526
34575
5990
99115
41931
34675
81087
38132
97121
37677
87835
10570
94432
23127
54324
71075
28535
13725
10597
34047
52604
56753
47657
84999
27847
40284
71455
26980
85212
97465
49008
92019
58188
10308
57291
23399
93912
9279
89448
98522
21551
4727
65129
12317
54473
68173
34469
10024
29126
82062
71806
28136
66776
62437
27728
57563
67478
23085
81556
59556
72801
5028
63441
66016
71884
24352
72150
5066
13190
9347
50168
47979
52689
84917
72094
80687
4921
38550
96316
56148
56572
69529
72490
19294
8779
58988
81258
34068
50042
20974
86273
35622
82526
98041
16977
88587
45031
39738
82423
31764
86690
37572
32176
38121
42389
56113
77464
94677
19358
896
39846
25894
70200
64629
78558
39323
49879
38020
33495
37522
29933
63118
30852
6349
2231
28272
55658
98076
6169
18188
92152
86795
1065
12100
59206
85622
80697
82843
14152
53667
45308
40763
8261
51813
49668
74394
97906
87386
33136
70189
83928
53835
49468
57290
84736
782
1508
59610
99217
11353
98994
6029
32813
92827
71179
41171
33002
98886
313
51870
31985
21639
96706
3569
58576
32104
73336
1242
43815
80300
66060
35485
32541
94726
47315
45010
61368
67988
49171
35118
95582
75636
21398
78659
67725
18036
93014
54683
96908
15943
49837
72205
93388
8191
71901
44544
23557
3445
54208
38994
20493
64756
23187
90877
81697
17875
72998
27685
28011
42705
70693
76497
90321
94654
76461
22401
49795
54806
95256
59304
5599
86950
95976
35314
15593
84111
34879
68258
40326
40580
1405
79912
24476
98352
11513
65642
47264
71377
33132
90148
56405
88744
55391
99829
31050
66842
96195
81341
45004
2012
98258
7681
71207
88643
69149
65836
79386
56062
89835
11694
43475
870
46513
6417
24658
90045
34667
31314
37891
88715
24091
50302
33239
75824
32987
23814
92268
36313
64231
10499
60874
55822
28329
38196
17354
57988
66582
48172
83400
55671
91103
84334
87664
40331
76949
52932
6227
91887
46929
26816
18293
7703
16581
40432
61677
78541
18857
58272
10907
85156
15294
64536
87091
73135
71893
28420
15814
50720
44184
47394
71683
4947
77179
67764
43411
32336
3853
34707
20054
46720
37884
43285
4239
73669
89663
33700
18253
2909
92580
36614
53518
60587
29265
56364
93189
73534
67984
26770
45631
26926
1295
36688
89398
62145
9746
29513
78664
42423
95742
83355
26726
50653
42929
3251
59247
55349
49587
33915
15223
62988
23273
54327
68844
93154
7598
68850
24061
33803
42183
67499
10223
76269
49950
7618
90330
93201
90812
97153
88306
19101
48760
56343
81427
74198
32261
12930
62845
63589
70903
86674
37471
90186
96039
73876
90958
78748
9105
63230
44728
90204
38375
94159
67198
72059
23876
4337
92981
15571
53935
91506
70452
10666
3704
63179
30345
24526
73815
10155
53913
65629
31923
55351
44471
24649
8380
41794
59450
75252
75852
38852
4974
65279
26347
51224
57326
19664
55046
15940
26556
81606
65447
4952
46524
52412
22301
26308
55603
53275
90141
31474
82895
79976
81470
71175
6437
62201
59280
60719
91995
82106
92472
2854
30699
10071
30263
13715
51734
60813
44361
97315
13030
36031
63186
70830
58748
55900
56924
6757
16017
93443
22610
32827
78973
1055
45791
46999
33204
96175
14496
98303
75700
76761
68952
73623
55254
35276
36299
47563
9955
76693
40207
18015
4756
86247
47479
43054
31138
35960
37632
85143
4000
57631
40529
11029
83509
83942
12094
85485
12351
78158
76880
51598
65806
24496
25056
75730
68326
897
32628
26600
95451
74711
29458
57642
25970
52837
79144
18270
48951
98087
20407
46876
69430
11910
3263
25305
30671
57712
7681
68283
64092
11603
31184
10141
78318
7722
27202
80925
63798
93564
7054
57431
48011
8356
67135
21220
57668
97889
98924
66030
65011
36446
78176
29472
56912
50136
56708
90548
40967
27795
81281
13819
83117
32240
58160
77298
81093
50852
14778
65845
91497
66449
59113
54341
31183
29677
45482
33236
69439
39067
19073
86928
15693
5008
98412
97205
51386
5521
66346
11111
98748
46787
8725
40623
3176
35864
1501
95886
38103
10633
49110
1473
39895
44749
17758
33029
41028
98717
96940
66592
61502
83559
99309
3098
20462
85137
48247
98555
59057
56884
15959
69737
85684
78529
37136
1769
95893
40214
92345
93737
14045
57600
34038
50442
12955
2844
80487
31118
75233
37495
91836
29985
64812
41763
39741
34870
46339
65741
76852
68927
92441
12636
88552
66143
27438
2073
39206
61548
54001
76396
42336
27520
17953
42903
54099
69315
22821
36026
27696
25783
99031
29892
68803
71400
32655
33414
52032
80673
98921
82382
6855
71810
20033
89407
89669
50879
88788
28143
71255
52661
42772
47993
26190
11961
67062
81926
75742
67621
84628
68921
44119
22249
44005
75780
82275
46200
31470
11495
98186
24199
67837
36672
9926
2882
71224
62479
88307
9035
6114
66428
23340
11691
69080
2073
71833
11724
2611
44594
79858
52166
55381
92062
97590
4364
88078
1316
94045
43300
58742
63105
91285
86224
38296
42001
31730
73671
28785
64564
47840
39845
15951
62416
69796
84526
66377
82049
15140
5980
4956
98630
4246
90311
34876
80657
42780
68568
17958
86442
98343
77671
66984
98436
3883
14803
25412
68175
68991
90808
72654
29748
9087
3375
98141
75218
35660
99730
82927
66631
96661
29518
39169
48512
92148
99385
91394
49034
12250
87913
86658
14929
29126
2003
78730
24588
58918
68792
52782
42042
94302
45941
44493
77750
9214
42517
34484
69592
80685
54903
6420
24962
71877
45956
30732
3468
54978
55955
92680
54000
30588
89418
56228
51630
7581
76600
80892
96149
79980
81434
31381
16372
25866
46668
15778
52809
55679
51211
83920
70466
2668
15506
36705
59850
13988
44425
84237
74911
82243
90966
41674
29982
39622
41812
60960
269
85326
12787
37921
94951
74695
47074
76163
62659
1237
51695
20947
2951
87915
65474
68884
52523
752
9030
41111
65712
11495
93642
9593
20767
98029
8835
15555
11570
62382
83705
98557
46737
337
78277
88511
20667
27161
77879
12695
33347
81899
93452
9131
88873
62628
78061
51123
73966
5084
90622
18255
96879
44148
48584
93122
19452
84538
37627
74518
7120
60496
73967
45159
11089
5084
12630
1258
15135
56280
22281
35827
6027
22801
22122
8502
40792
68117
71794
33132
34601
85936
37516
2637
31588
10916
98910
6562
46986
64820
8623
67047
98227
87623
38024
59592
40722
59331
77839
63872
63737
89646
82166
57039
4235
84596
43832
75694
98832
47097
81774
34275
53853
11009
12848
71941
33615
28296
99685
4774
58653
49055
79120
69678
31898
68107
1269
37149
36126
90564
31608
17076
72841
36526
35268
24977
93821
99592
48494
94819
19950
33464
23623
20108
42022
93511
10025
46258
51652
18674
77353
51522
77040
86662
8827
76774
41157
89892
25513
41001
45293
97457
28925
15730
50563
20113
87993
21451
13441
82120
89665
5930
22439
42507
32295
91883
29043
65730
71634
76056
34296
54755
14286
40563
79607
97151
58806
78153
80776
97201
51719
44111
21517
92870
35929
87881
2196
95829
67757
13785
45908
30212
1661
33558
98708
68600
4177
13503
32431
43239
91225
98062
26607
17965
99977
56165
63332
49552
26501
87588
41473
7135
63710
52457
67542
70124
51781
64559
10166
1216
95911
98980
99902
7364
53929
3752
14375
84086
46175
16307
9105
22877
87307
44223
37589
27527
72545
2462
82211
18098
38785
54887
22666
30389
45590
92410
41620
7402
52703
54596
64014
29927
37851
22485
57835
73380
65374
5899
19115
21945
2440
78911
60402
35196
30630
74111
7541
1050
91340
54920
34568
62186
95885
25283
10308
21942
77912
85739
17681
47151
83427
30329
14339
40049
71603
40542
70466
84501
50648
2127
6999
72096
62892
15208
10652
90924
7309
78320
60453
50941
80496
3966
26333
11939
27005
19661
12799
12434
87489
11808
86177
36067
18837
85112
19309
20428
24918
97701
46289
66389
98643
42
13579
86591
46790
56955
38587
86681
81176
57761
40096
85072
5099
40297
51143
86366
11312
7128
83401
76729
65689
8098
2100
84573
73018
58739
28812
8031
71772
72858
16411
89545
80612
43850
82553
42495
50197
43747
94635
72842
33843
55065
79153
33325
2777
94840
30739
45774
40616
59427
88812
70721
73091
22639
59384
63937
38504
12604
27208
85345
55267
69719
68879
3190
9731
40397
11325
80242
43090
92521
84831
62599
61269
90270
15949
60245
30028
11997
59775
63869
39526
79860
72972
27466
37952
60874
99674
5626
94331
37292
34379
81426
54910
69240
31332
87107
84051
92396
52452
37379
15528
17287
15091
27779
3614
86381
55142
16894
95706
5319
2754
10449
37009
71872
57492
4309
33274
86004
15817
37929
26993
29473
82800
27002
51249
95718
72312
18322
43451
88722
61012
11011
78732
19120
5781
70733
28748
2511
28118
43541
57877
13259
58142
18473
93235
73876
28666
68284
6637
80018
67406
92983
13239
9707
67596
89626
62762
14537
21682
57716
80045
56557
31013
81871
60051
60528
22306
1383
48437
37037
27279
78158
37951
83300
74973
82574
5198
3509
20921
47600
11418
77864
6635
25449
53808
19377
38261
50319
30815
33018
11507
57638
53131
63972
29100
21812
86068
33116
29208
22247
85551
66301
96976
23103
71069
50167
20746
41749
41427
45071
34547
69638
75370
21527
35500
29507
19193
31979
69765
66241
81996
79139
24189
403
81984
57440
85004
22152
29987
97553
48099
30984
46459
28126
40207
28611
36896
5038
94718
55114
92395
65194
36073
29668
61992
92338
89185
84977
54142
79773
20671
54121
3006
70378
32733
76657
14804
98580
50995
96977
10086
79802
28546
9168
24724
19337
8203
2756
36106
51716
47713
49554
60724
65410
81298
4017
61109
36856
895
77386
75362
64264
66358
87043
56931
34303
41064
92183
77214
44844
95736
18652
35932
63330
73068
27565
32574
21465
28480
10871
62683
77767
39714
66983
18568
74299
85385
99692
63156
84800
87658
55661
6851
20219
26196
3657
52399
21827
96974
4270
24164
59501
61128
81411
23072
87842
97145
62664
35528
6189
85373
60043
24553
71570
61781
58190
75245
78840
76952
42929
97455
8550
83807
37230
27218
51294
8319
19521
83105
83815
51854
31601
55833
23314
60495
49490
27255
14367
17886
34330
66814
42202
49808
39154
94748
44887
14163
78015
52758
22442
79571
50365
66689
78390
357
78529
66949
367
84623
42342
28775
58510
92290
45768
84634
83241
6730
14046
67388
96380
28632
30275
83372
83773
67221
37077
8715
14727
26620
12163
15807
85104
29242
72142
9773
4664
24023
41646
12315
39852
54843
19480
10005
9016
91052
19721
12516
1068
11433
59868
16042
63513
56154
28222
68339
92895
22642
57959
99052
21916
39955
75899
53890
84991
61380
23985
35992
45474
65152
68476
34594
56897
53046
79436
46019
75558
44727
48963
57191
54261
80366
5060
59193
57169
35680
19392
91905
97198
72321
99797
68048
7298
88786
41049
82304
78021
63148
34511
7502
63560
24287
33017
74640
38344
31257
62602
56705
95769
78197
96974
71384
42366
89965
74275
93497
36752
13130
48437
62408
25094
96733
59390
2491
49100
4465
11717
79855
82495
35037
58130
12975
45054
58255
45548
58011
60793
86304
99759
96899
66182
22272
91489
47602
55677
84054
92094
93550
23205
47693
14700
20484
7140
53753
8930
5363
78385
10724
12130
39844
89229
41193
49542
56781
89122
70294
97572
39631
47434
25176
99096
64807
62293
82620
63775
82417
49250
42043
66884
62418
50297
87636
6999
76498
84651
80154
21157
88692
74892
12476
38028
79861
85740
92043
98596
14929
98756
78276
67238
15900
38389
21508
10186
27274
14546
77850
41624
69865
56568
91296
56927
35248
45759
27388
53139
55964
88442
27928
96112
82467
26077
32948
88481
35874
18992
57698
81041
80621
77763
30741
41414
22342
2621
53143
72827
6129
7108
21036
34801
85277
59674
42146
13650
20104
66204
46245
9497
91604
75946
82193
75766
40654
97540
35408
3662
2490
94677
31643
18323
56817
42421
86686
75514
52680
52949
45716
84044
90668
60453
66330
77599
20064
53492
97481
94236
9218
36583
54221
4142
21798
21153
22234
20141
99928
83090
42346
21673
58573
4962
51833
38396
83866
73304
80494
48564
1039
76719
5789
43019
91742
60203
17978
98514
58918
4303
98706
66633
64934
93270
46860
96554
29314
69188
83505
52184
96659
44848
69471
29373
38266
22218
17907
54725
9339
67972
43039
483
62008
74195
44656
27973
89523
68848
81473
81733
23581
62645
59983
28571
67354
3006
60334
48066
55423
33971
96137
47280
19511
38522
29111
12709
76871
15681
98391
49373
82396
42559
77728
14515
88691
62259
78885
41085
97422
72012
72240
33376
59953
58465
98502
56942
98623
58266
16754
74580
23275
19582
84524
65497
24521
29212
99667
27717
24018
25653
56873
72439
57659
19657
35550
35043
61299
6934
18475
82018
99882
26250
63633
14793
42885
90233
53248
59078
499
86325
32041
9821
17504
60963
40418
10537
66560
18348
49942
67748
3891
21359
82133
77516
87410
39589
70443
79505
94279
31434
7768
61653
46150
72093
51887
26794
13079
60459
63245
5962
97807
64984
39280
51926
62959
68570
15780
35984
4611
20612
29858
57861
90940
27758
5456
57574
45253
75091
68942
15289
22416
72906
24612
15516
2268
32475
22620
6943
39268
88598
25450
17626
52893
77228
73207
31105
44489
99356
14108
1136
69835
33979
95831
54926
84211
7556
99895
88544
23044
17900
45828
13504
81659
72147
61606
86722
76503
39478
11719
84569
78193
28636
21110
82867
88644
60449
52958
11846
75913
21294
76128
34870
44048
58000
59991
15199
30465
8485
74268
16237
79122
83591
18969
82477
93829
72636
13812
37217
45919
64465
61564
69431
10786
30546
37631
16190
74594
86184
81108
49232
1629
10684
40426
94915
43523
84345
74515
45380
31525
27417
99329
14481
41147
83408
98827
88233
60203
71261
4699
14001
15820
27364
45933
19749
54354
22937
31535
25877
65237
86130
90760
27687
33428
74604
9543
27730
21898
35359
56262
79451
19098
32278
39689
11150
36035
15590
29795
43209
85862
82873
49532
73881
52438
58774
85339
69906
86394
94906
57278
16393
45810
84456
5362
33485
34198
56726
96051
18234
55488
93185
36128
31669
79155
66545
68350
15057
34058
4347
72774
47738
61647
94297
11170
75769
40924
81085
92649
69869
18032
31303
94960
80328
408
67333
37343
63331
11507
89016
26195
39567
52893
21557
7697
99179
78059
63676
40714
86144
70501
15427
46951
43700
29130
46060
69463
76331
95532
55760
84307
93356
96917
24150
41127
73347
88041
57941
68569
5908
57771
68570
10251
75556
68424
51195
90232
70824
72413
1894
62243
55389
88449
96127
1556
13527
78274
17719
66507
17532
43342
94762
86620
93620
7163
23884
62095
1379
60399
55093
75541
11300
12864
85078
46427
15068
45152
43674
33104
6293
40397
5505
61367
3914
94139
75235
33976
79452
68949
52063
93955
99498
35574
34816
15949
63123
65542
4036
21750
40186
13739
31113
12595
49393
37375
83759
6570
87871
45900
9415
23083
85970
35115
72013
96943
61111
54473
61234
30319
21560
86109
9722
39543
51355
21592
49977
22156
22998
67801
59799
76676
30666
56734
46136
33315
8848
53263
71801
42737
71464
8199
87531
9111
51289
72912
79157
32234
15353
27754
53540
67661
76509
73655
9048
46820
61905
87742
78920
6740
48357
65876
43925
270
77756
64409
3893
63246
75660
73682
65461
36551
1206
9188
68163
72066
25997
2130
23611
90593
1990
84955
1866
53142
30001
23412
77566
11021
95514
46917
10915
94865
24441
90190
84463
97028
11409
89121
20962
68567
42015
24557
51778
52151
65537
32538
36750
24807
32599
93374
59056
98107
5674
43270
5051
33426
3286
92735
81471
53232
71153
15243
12800
40196
9954
44471
59986
2084
84755
51563
46053
31577
57924
83133
47629
10011
99870
20503
69704
13322
87934
40977
8904
35721
22851
88231
68882
92810
43680
31635
9452
94252
14171
9519
49960
27950
43140
36785
22381
78975
75677
3491
70135
21197
44285
8328
98769
32900
16172
81428
77067
25475
75987
300
50730
75284
14269
89225
22697
10835
20922
97854
51084
53016
22314
9503
59806
29659
16604
52170
73317
72252
51046
50981
22155
89181
68842
39192
84860
66912
2493
89222
49247
12798
76163
50751
74447
75040
6418
69986
43238
28978
9836
16339
57692
50364
49589
2326
27186
44569
10427
57419
51912
96398
69905
78410
24435
47236
4691
17169
38037
30278
27997
50314
43689
87003
79081
14881
8371
22685
55855
98664
3758
57730
51853
26418
84628
17002
52724
81862
5551
67415
66500
85526
6523
52571
28362
52164
45175
23295
30310
65115
85657
63313
83989
45231
76224
77684
61462
17809
96316
21551
14420
80105
15209
11455
32680
95674
35200
46151
21735
54890
76262
8776
64393
84368
40695
22082
27225
19539
82424
67799
37877
12541
27059
30147
50490
28175
78756
24123
54302
63528
86759
83259
49452
3539
69592
36974
53076
79240
41474
19092
12058
69741
97617
10889
35248
7670
81514
3054
5595
5218
67997
97279
35460
64761
21169
89796
34403
90809
17706
45017
85517
62357
7555
57911
43439
65156
90531
15492
45067
22713
34680
16656
70265
22580
82176
81111
32705
38071
66414
65572
27667
36469
98205
1124
38525
71707
81386
4924
66838
96455
11848
83985
5171
73973
23234
8865
48594
78046
84037
9543
3580
57068
67847
64019
60949
77261
75493
66933
16783
70237
93775
18650
34302
59043
23219
65711
7802
37620
81456
15625
94326
76539
12584
69926
74726
86286
22546
604
52045
73249
72901
41478
26376
79475
66535
45800
4207
51898
43901
56100
99621
40452
14280
75289
12809
93103
82151
25760
21849
94238
88867
50740
85596
95220
16698
23964
63671
52784
93443
1468
3171
87400
85786
7588
88999
40894
67741
27977
89296
83855
9621
14496
78509
22778
70601
86690
91437
57277
69434
92240
72110
96443
71402
23073
44793
327
42364
81151
29175
37767
52206
83275
66554
39083
70494
16006
84889
51934
38685
4224
49929
97320
83805
13
18825
87038
93145
60584
15615
54496
47219
66262
85794
47494
24607
70734
34397
73396
81325
20004
63369
79555
68617
54260
98862
25132
13002
88805
62091
31375
55433
59237
90244
89030
91675
62805
21634
1512
61773
88112
58653
98797
77753
39621
81942
19810
86636
45631
97626
2881
10216
99370
70514
75639
45632
79134
65228
92130
48208
7969
62767
69290
85993
95970
1859
63895
11300
20240
17903
85889
57603
46512
98270
23844
47255
72704
67490
45390
43186
23358
26793
22464
6668
24003
73306
17786
91081
90175
41246
42280
14571
25153
28664
53524
39721
58284
68459
77399
42791
7226
13361
18152
20191
42131
54089
43327
34303
48876
91170
92370
51888
88854
14578
78008
10639
37106
70306
41104
5030
87487
73998
23707
28352
59187
57362
71856
63824
82610
94453
1291
77203
77665
63670
23242
35811
53523
64274
13995
64600
38996
25416
20285
22676
63361
2504
11635
80809
61684
55694
15749
44480
95557
37838
11815
80400
40631
86181
30690
98858
85899
24247
75583
78132
37328
10060
73102
44865
99293
72496
61169
3272
24911
97107
69982
66380
50302
23056
3890
76375
15970
56658
48550
1660
86935
98699
40520
11821
13495
43521
5436
93628
67241
9968
58939
84911
39664
68195
12362
6490
64685
44024
20362
70136
64114
34931
51952
12697
44500
26822
37990
27756
96594
61389
46660
11095
30214
43472
95599
1493
59330
95787
30205
92592
23604
141
2337
60227
55713
98668
6904
15752
9455
69371
11771
38952
85075
66169
32343
88697
29389
53121
13091
42185
95397
99051
83729
14065
5921
90844
74118
66344
49075
57746
71035
54018
11802
54390
24407
21538
18598
5162
41950
49076
71484
78051
64187
1493
92218
65146
96160
58307
76168
24095
50790
65430
64592
96075
33720
12650
49702
37427
89506
70040
13091
74617
99817
56267
51971
1672
49538
30376
27189
16275
26612
20727
7206
72441
68202
83617
65378
63884
32514
37812
81895
51754
37549
81998
43323
84405
52221
49745
73999
90306
9310
99296
66757
95517
47643
18285
99235
31917
81263
27039
90705
31951
81215
93724
11099
2901
28561
31283
91386
6871
73654
15539
59291
36920
48797
26217
31880
72949
85155
20518
39010
56538
11186
64923
96247
13973
71417
71728
12230
96260
78608
13219
90465
97179
83177
90214
50457
88715
6354
50696
28067
78759
91615
11624
60340
23998
83159
33691
75045
91810
55464
81183
63573
13581
12195
34434
79246
53838
28657
91895
76647
45543
17167
10888
47823
46072
37945
93565
50760
79258
87161
23428
75709
77182
84319
45619
80114
1770
82373
93514
53170
55547
50339
35007
99314
8490
60433
91168
67410
99348
33333
56164
39475
23240
63112
68659
63564
38533
81759
51111
12625
75965
80626
91048
24326
94464
56075
53751
27341
19416
79880
55716
84147
22405
11435
72866
44868
67510
27491
68598
28022
12814
57152
34333
27882
47242
67192
15055
52629
40787
9076
61238
7374
28812
53957
35706
45904
46950
78873
86312
98866
73925
27116
6805
16265
95517
77788
22865
67550
93814
26550
63682
56552
51202
60874
8305
33109
80992
4485
36738
74346
28239
35386
69029
72910
46741
29739
31010
67553
68061
18945
83914
5692
34563
8251
62052
49011
30715
67567
62229
80819
40112
19107
2558
10712
71124
85492
43721
82833
186
41857
25903
84503
47436
18725
30245
88730
83059
16811
62098
734
5414
24324
82523
55140
65718
93342
26134
11732
20771
43764
2353
54156
8019
95816
91093
2336
93859
11245
16115
81590
13614
75838
29521
53244
90735
32178
26117
40193
6341
25669
87493
11870
84183
10024
43432
44342
23356
40421
43500
34308
41766
48517
71679
69392
84118
66651
26882
57868
52111
44502
19782
38122
43723
28578
50979
47751
71913
39679
7239
3375
53957
7235
18453
75765
7034
37470
98683
70849
63698
24344
44079
3122
16579
13034
21304
60082
27417
96942
51147
17288
88716
40383
86328
12
80401
60148
34708
33765
12933
82636
13599
4539
54303
63250
77044
25751
39425
79954
89059
94613
2920
90674
78543
75256
45990
83277
44492
27985
27788
6456
53866
55513
83686
78815
6643
84980
61965
96345
65533
92824
66453
16734
9780
86682
4659
8522
81492
48430
52455
68301
97473
55233
55461
22679
43498
9660
45821
47339
38769
16048
63833
21027
39389
52085
67947
20796
29119
2567
69977
71936
51190
63068
89161
27340
70720
61901
57733
16901
40474
95594
60765
6531
32685
58781
25861
61862
78895
75652
19363
66544
87993
27318
57708
32800
41274
36194
51748
24878
81577
20048
27738
93655
12072
23422
90972
42837
62581
7718
26476
14198
66750
89429
6703
82025
98936
83620
36820
73534
77168
34549
79866
28640
99272
28620
81451
82616
68664
86381
62439
4428
2205
15723
25772
54802
91008
22537
2017
59897
56741
80432
91955
42027
84712
54962
18820
87747
77091
41620
91478
27124
34456
72629
30223
76845
21916
82607
70350
76674
30610
80632
67072
8461
16976
72471
18513
30530
62377
60099
51381
66338
38817
99865
87425
32234
28433
68452
57419
18444
88057
53336
99313
10356
9484
83757
53501
96688
77241
86931
26791
40434
75205
92456
9879
78612
50415
50392
98538
98226
99766
49253
71685
14550
75935
67808
74912
7853
96191
14587
19069
45594
26406
25319
70129
41587
28336
6669
21770
22179
39357
28202
28468
90416
83573
75540
98664
76197
79914
15016
80470
88837
34162
39099
16122
37825
64624
63315
71224
70987
87265
55792
40169
17887
92308
27208
78699
15712
51370
40532
70490
57930
64678
13124
77530
30625
77853
74454
78444
74547
16510
39051
19366
30260
1210
24902
71895
50963
37453
37046
16918
9739
4986
93615
55054
58401
30934
29263
44515
66909
32056
53460
4943
39244
97253
82506
41852
30560
27004
27167
73850
5306
52039
24080
57440
10507
16701
12580
18274
35298
68838
4702
7821
631
93809
28461
33659
75895
32769
75032
90738
35528
23679
87196
26685
196
29923
43322
67045
68208
21592
37645
68962
2522
72859
49902
74639
29013
7102
24026
33390
83386
93572
78250
67903
68641
19733
92930
71479
23923
52733
79769
7510
83081
21543
81885
4579
30768
96653
69742
86975
52976
76507
72622
78296
78907
76008
67886
8709
16444
55556
77623
60494
60234
95661
81096
40357
37696
97579
66789
99640
33926
93666
98909
94340
82883
34599
19077
94935
82774
74747
77114
20165
3501
37771
32856
36392
93418
99919
48847
88943
97841
57300
49119
9810
54075
77057
22627
45318
3400
96741
11021
76884
21811
90340
8743
34352
4080
46519
3907
17496
37772
98582
8384
64500
9871
3988
55144
11165
26764
4570
55533
85711
95233
20922
74315
75847
56841
99172
12569
87002
71847
41786
76928
30047
95399
4521
93020
40963
92133
1071
31283
98691
2390
39039
64257
45386
33247
20990
68143
97274
32056
14700
22492
4700
75496
65551
67404
93867
4410
89397
35795
48892
5146
21246
72707
77177
30443
43804
82821
80246
98134
23533
11213
16818
47975
14790
16540
21589
96090
58741
83562
97082
7026
15929
71343
61007
88751
40919
55198
13021
99112
39030
58593
98338
86955
1625
33286
84485
82148
24605
89290
39296
7253
4223
620
33614
74673
79674
98071
43090
1818
60866
78644
40817
28490
44086
74087
70246
38350
74622
33215
8129
38792
2358
44318
12782
49836
39169
22187
71765