4903
85688
30983
99692
16011
55653
55194
61526
42812
22950
12274
58578
31029
66800
65789
14996
84115
10074
14796
15176
96587
23002
29230
75694
72072
50192
2640
73651
17455
66050
89116
8776
62068
60957
25955
49720
47131
10043
84331
62325
91703
62876
72931
22236
83262
11867
98413
79612
17216
71649
63331
10665
39423
59418
21767
8815
50090
29191
74432
64135
65399
59559
80983
95855
72440
41779
23641
11404
45060
753
99318
8086
42382
76709
66803
68425
96304
54687
45773
24655
69063
28250
83636
52751
55358
70725
35839
99522
79368
32630
42319
4453
17855
5612
98394
33055
3858
13960
1944
99190
73797
45765
76012
58775
53337
8949
1323
5434
86782
52526
59644
79870
77155
60002
1919
990
53228
44812
22043
85545
53244
8460
79616
91891
51466
56775
26662
27542
52886
8840
11010
71540
78825
13085
48304
19734
66157
7162
34410
42689
82545
62270
26773
98088
27202
58568
31206
46970
63038
1832
45546
17643
77862
88299
92274
26800
13526
54584
10272
27311
88786
75622
69362
99864
99826
44901
73299
89336
52885
97048
68203
76071
6774
32127
40220
28851
27867
97818
67718
16057
1682
1982
48981
55529
85401
397
29050
94259
24306
27208
94980
69983
12868
18640
73667
39367
73598
7777
76689
63807
36759
36028
34302
97489
64684
30812
27482
33040
57790
41927
49469
80359
84051
27109
28545
25133
12331
86438
11091
62186
49042
98613
42764
61438
26074
68266
40062
93377
743
54507
21831
12723
86052
54071
91599
593
33384
18006
30831
90999
91360
83982
387
55848
7289
12865
2390
34854
53449
98790
48133
75920
36475
39019
48412
99462
6731
43088
47070
85571
40477
89478
26636
85879
96129
55562
70713
22962
92951
87962
44733
85154
93696
84337
66400
7877
71763
76366
46405
4552
47947
5022
44810
82313
73705
63240
80698
30257
83901
81108
25267
23887
58399
19343
12490
32584
5912
66967
70360
6156
25359
9504
75155
96978
99995
17328
64882
73142
97567
89414
93562
57055
27683
34452
73027
87371
86117
17456
36732
95799
2079
22066
31218
25493
59868
89469
55510
40223
45635
7130
53169
15279
71051
7336
17417
268
39434
95441
13575
71521
38002
67464
81352
71628
26882
17119
95299
89603
80700
69148
8811
95347
22169
34480
47894
7866
36202
37828
68578
79472
55137
22596
32140
27773
88641
31656
59079
95931
1156
23712
79849
14669
31337
20332
47111
3251
54368
8330
30946
15469
38896
67142
88271
87461
98116
3338
43539
99264
2917
62813
24983
64173
44912
65251
83633
50777
464
92947
31191
18967
80418
26087
67307
53711
76771
2646
26691
2707
64473
55218
23011
53251
1075
30836
34577
26228
71078
78314
99403
2958
2239
17314
24051
7661
37207
57564
41291
83311
74827
4902
33245
3826
2550
70319
10061
5693
63122
37308
49680
66610
13077
47150
60298
81214
43553
5233
5347
67797
29770
19720
25309
56407
32598
30532
62734
60494
9907
56663
40698
29429
33498
96609
55828
83763
14419
96820
59390
17864
50477
57861
28433
22454
58166
30495
88934
32740
29962
16089
49737
61811
94350
18251
83433
39539
86259
21949
88973
64768
45049
49990
53329
24639
91612
89103
95488
7438
41374
49784
26153
79311
20987
27048
12104
87190
1934
79816
65821
51084
94864
50446
99862
93914
40882
69258
33261
61540
26883
37737
59563
3158
66246
55449
92337
22817
80304
66650
62369
70864
21565
27231
52032
17596
99316
49127
13544
22767
63083
15056
45035
13291
94096
58587
94013
80548
42051
78926
42939
14744
82885
10642
72472
64014
61616
10472
75355
95047
42336
39074
20756
90349
11017
53693
81184
92812
87832
71297
72895
96632
11046
1866
23760
11636
99784
51451
2359
58009
59485
92231
89980
49542
98922
33880
76793
46323
59670
61113
94884
18620
31573
90588
2104
39727
7244
18345
81470
85843
78405
39623
77164
29191
1856
77822
5882
19779
38108
23390
57703
82263
36924
61672
45764
43567
19318
94963
12244
6215
62637
57631
55077
61550
95547
69523
40890
82375
74691
43283
17350
32293
13157
62825
27718
85156
35235
89731
25141
83942
14936
80928
96698
25956
35657
5666
5879
86968
3985
69225
683
83781
67258
36094
13590
55063
32431
58529
49471
48856
18409
66103
71445
2650
60820
61502
42205
98343
24801
78455
23221
12867
50993
12652
7024
10159
32829
79180
51246
65390
3512
3773
86101
24959
58016
7444
80054
98316
51648
63066
77384
90475
57117
49289
95272
90873
94834
16531
99465
7871
64581
16209
82249
31730
58280
14769
42773
90922
62635
14687
28129
88324
51706
55874
42467
12442
37050
39213
54993
48097
3779
26472
33769
60164
23621
18701
88460
37740
60849
67049
63584
65802
40876
95135
52386
9159
5342
67076
69316
52211
49061
60038
35501
38665
20328
82336
19338
19610
80899
84893
9403
73721
58819
28986
86439
83338
6425
13896
86857
85253
9620
97461
36539
98012
59573
38596
24802
96243
76701
81422
17747
23905
51129
97936
94200
92601
70584
80652
30241
98208
63233
87954
67137
57422
59121
69684
30874
73132
39287
31747
98095
51573
180
63982
2004
5576
4735
93350
3241
57895
36032
58784
51318
6249
20915
33101
91406
99218
49078
90387
37013
2340
16245
71686
77849
74955
2167
67962
40085
59864
57040
29693
94441
26304
45786
90944
97102
79246
91347
34331
72792
96784
11274
1927
48384
98983
15059
51208
78317
15590
63462
92925
50480
57303
93376
29959
67177
32434
30478
7607
6479
98600
12002
26903
83048
69502
24727
55381
95924
70751
22822
98687
40499
68456
91652
40519
58902
54490
588
30335
40913
10941
41406
3443
61773
95504
90450
55291
81022
24807
96180
26172
64867
70940
23632
22169
18762
3713
7708
694
59181
86973
29369
24675
33363
33947
41667
87397
2531
63144
93269
83906
84762
62540
11940
61568
73228
23591
15923
46410
56878
13884
74574
71376
71157
87010
74584
18352
59088
6210
75588
46382
10091
5224
6305
4105
35283
41782
8983
55844
47140
19159
9097
36655
55871
5157
26492
65261
28791
96097
44450
94418
40893
84911
85118
27189
27680
35298
25836
86812
15893
32641
73758
96436
51272
61595
89574
43873
54116
30361
65529
29115
41446
34022
23558
81215
12796
7551
11198
66657
72788
86462
21079
20150
76691
48343
17190
62655
75347
35981
82592
4292
97995
6418
86963
35199
41362
7986
51645
54118
842
10583
9397
62058
1750
82418
19127
99907
3144
72429
54610
17196
47172
73160
15335
18025
90947
46546
88827
94849
10149
57637
13017
22796
46716
59249
11800
93593
11440
57645
69191
35470
83727
84471
20804
98186
849
26249
93653
73019
57145
80692
34333
92525
66506
83908
9522
92041
312
99581
32345
34889
26858
98352
45528
64366
17890
52795
49256
96321
69021
30130
83371
99141
22028
64313
67926
4420
81786
68047
98912
90222
4883
15149
71006
78723
37214
72274
51093
23600
40289
47318
98929
24623
64304
68575
772
42452
41446
39727
52158
51749
22893
86844
82357
40753
80120
88669
52883
31354
1546
51462
15197
3559
9432
45401
83599
91308
42033
65580
51960
23050
95809
23183
22182
91011
184
25810
143
83146
75570
35201
72481
43927
31282
79132
56157
70972
37873
15313
21895
8390
70056
4352
13047
70946
5304
81431
33964
44371
66918
2039
54940
36467
15881
46277
78857
47009
61834
61419
42864
5959
5470
6050
74260
75616
20907
62958
97624
34762
16706
45650
24654
26168
48607
11154
30661
18320
52006
81587
86692
6041
27384
72404
29490
12389
26580
79903
25994
46618
57988
53059
83121
62916
52571
92840
6654
62853
65962
7552
3655
49184
89928
52275
3707
39761
69273
44542
75469
32604
61845
27115
71810
74099
65529
28656
95223
32852
12212
86122
75379
44034
75699
34022
63628
10655
6825
33332
58052
43857
15567
18042
60834
85223
97273
29956
10397
29010
99882
69387
3584
88334
49574
31476
44113
74635
76518
71430
36947
16152
25488
64108
76533
46919
54402
91657
79937
64192
30472
86511
2165
85912
43528
23275
55494
79769
10049
45702
82551
2878
65203
30164
33974
60857
39237
39542
92479
73321
20209
28553
60861
72671
52740
16457
92917
42997
23085
83123
61136
97062
66889
69880
301
84499
40110
37813
99
69349
58770
74677
85936
78443
43805
26497
25153
2238
64011
25631
21044
83515
96427
19473
15465
73381
52035
27572
29417
96237
12968
74684
137
42660
7101
64546
96654
74745
66856
39620
651
43247
13427
79360
94085
73552
65263
34650
23672
62980
20507
63283
22936
88400
84992
51207
80138
86188
83093
32611
59892
92721
71364
69425
59679
80546
42165
98174
49701
75785
73746
58099
16247
35018
49610
28513
78080
50405
79938
49384
4819
32792
17022
41420
10781
27765
1508
15966
5704
96821
48737
44129
89097
39162
51862
8728
94737
94237
35344
94057
24092
72910
73881
97608
22901
64233
54748
35254
65919
91667
78448
20932
12226
63650
84962
59919
44092
13004
42217
31985
70022
86937
43987
50052
50999
83000
74287
45899
69881
91471
51315
11566
9299
32735
54154
66517
74264
7011
40988
92160
88460
79697
13751
27770
26944
93063
27921
75960
75646
6191
22816
5372
98245
24165
69817
41064
92384
84390
20231
82204
43846
98375
68236
98183
78874
7876
34682
75457
2544
11654
28746
32990
3477
25270
54830
6851
86981
3539
58223
30699
33867
47768
80361
98946
85214
93277
86877
77578
99513
35802
73311
47465
81747
48352
12886
98856
38676
69529
14670
86506
39329
20535
60435
59638
76313
31277
60054
12764
54622
51431
82366
30545
39217
25785
89570
16344
31294
28960
21961
63725
20901
88253
50034
43624
67699
29843
24248
54278
21778
10627
31088
20810
71841
41838
55156
91263
99859
92423
15821
23408
85006
60899
30362
76496
54039
4621
56180
42445
33050
52960
79819
66624
68919
8204
10625
77785
59638
5481
84812
47369
12649
99790
10530
27748
91923
14565
8716
69183
87374
82665
37323
22065
29817
48191
18510
99719
19287
30642
75822
67531
89377
37245
24509
59948
73589
88092
6120
32972
86042
73410
75756
9860
26380
75572
33651
32215
95613
40728
45479
36293
58648
64770
74059
75686
81771
78251
80285
27374
42558
82082
51492
28061
25145
7295
89140
65357
94460
8478
60976
2242
97656
30586
52074
63490
71027
67036
15939
8150
8743
269
71591
95574
8707
5158
32234
53234
98314
70866
85928
44674
65455
67996
60864
47635
62752
21058
53148
98417
12237
8192
76633
2728
80971
79840
21135
13002
28322
29142
7969
44618
9658
31773
9825
64119
49067
73153
20904
43185
94924
38261
37138
77423
89815
37861
96667
60959
83991
57139
32703
56188
48599
74927
30697
20988
44231
84478
36767
98888
64182
18526
57323
40762
14254
73948
88738
2443
74256
99376
61232
29222
34729
57422
97894
36904
13662
12842
78346
67458
80847
20600
43451
70598
89434
84358
23943
46733
50295
22236
46796
83192
64169
11065
86400
76126
8996
34791
58629
24271
21843
9675
75516
83315
82808
93556
33147
74162
10053
59714
84870
1641
16741
37761
23247
9206
62667
29736
69586
27596
28836
49395
91763
32172
19439
32050
51467
94586
19860
82310
27457
92056
86116
70551
57023
78323
28912
4049
34826
86754
31460
18831
91413
66314
31088
8250
98448
22125
92712
20438
21399
249
33466
27892
40984
40853
8775
35973
96930
83001
26428
26084
98097
20348
63669
11987
2893
74225
97302
92066
99553
39464
93932
4083
57175
45789
79089
41001
99547
37658
63328
45454
48438
56529
94272
48442
6226
31371
42095
59722
9393
55634
89655
44449
39154
25624
24522
2939
51524
40570
95142
20494
58941
6317
36054
46098
22934
33931
89422
69350
86375
81174
81322
71785
55993
53380
14953
81775
4276
22457
50342
11090
17149
52254
52818
65793
9400
12176
43891
84138
7874
4111
54948
37351
21269
12284
23424
81390
7541
60104
66460
61166
56646
34695
81115
24275
67349
80274
26004
63250
12922
32155
79663
12916
29301
44451
44039
63834
51622
71551
44873
61445
68663
88041
49075
86755
5068
49384
53783
69974
9131
46177
11348
42440
87845
22688
61000
6477
25476
83701
94396
96247
23897
37935
68515
840
90435
95045
72371
57227
83795
52215
95976
30923
95112
71609
87491
72707
68987
57546
65540
45919
83296
49923
73201
66535
13942
48447
23716
35405
59818
57725
54520
21919
13370
92529
66808
30775
32439
23207
90224
88149
31312
79070
36972
91934
21961
79599
56583
65064
64812
6601
85700
74308
26118
59894
18426
33615
88788
47479
93473
43369
92520
12285
28122
80192
12508
83091
61376
63167
23931
31220
15105
99312
284
34983
40122
84566
4407
32386
93758
12231
28684
30302
47618
58114
59510
40160
78766
72822
24768
27575
56575
88064
52262
12616
91286
70785
45528
70577
30068
35416
29267
43249
58555
92768
5990
34756
93557
25187
18072
54261
39818
2916
74702
45677
57655
20942
83446
46675
1125
98840
47279
75405
51526
41474
50383
89515
6900
73593
84898
80193
17346
17128
93036
54003
24112
41722
55933
86958
86844
48727
13741
75099
49453
98271
18793
21609
92475
98307
61359
36844
79088
85125
32033
47821
33318
61838
70771
71502
89654
8793
80181
75014
92156
4593
86612
14344
32348
46361
78823
51602
51279
94899
10079
28286
30414
78693
82951
74168
6294
46644
2575
71973
15886
42973
62521
40914
64856
93164
86048
90021
41991
26814
34087
43393
79747
35931
31919
63852
10225
78845
73460
90781
20674
35031
21941
61120
92442
19996
36312
63618
2177
44342
92265
48248
78305
79076
91399
81673
65431
99259
94344
69364
16243
29597
61381
21273
18766
88218
4098
12332
63412
13984
2409
13577
96971
95851
57349
54257
55585
29262
49623
46711
54287
89648
48868
13377
17839
8215
64152
70271
64285
28971
40093
76766
2022
45535
44056
85743
39483
82196
76676
35891
26492
69030
57893
31342
41669
53679
18989
99207
51674
51379
30526
98423
89766
71061
59981
38303
82653
80712
82694
46250
70978
51654
98641
3153
55675
23207
60443
62638
78380
13975
47365
34803
63998
48661
32815
12674
33217
33862
68519
20397
58807
77188
83008
57304
3669
66286
66931
11603
22638
18343
55260
89361
65274
157
9183
3871
72069
31611
11543
80785
32720
95989
60358
82137
47769
73344
38553
78068
93701
63763
58339
14495
69136
87780
21091
8034
71272
31799
7339
15487
5522
40185
44334
51875
19904
68160
64740
29852
26310
30858
92484
44535
91840
22555
50311
86041
23216
1996
27059
69394
16222
37336
84118
75292
91498
64426
95571
92286
85542
94008
46461
67239
5839
54146
69824
10462
72573
47276
22502
59890
909
46467
90151
5434
26218
92614
55908
9252
88380
24578
96328
92225
9430
43064
87412
32867
79022
12138
14332
74987
90463
41606
14101
69689
7896
49682
4356
42097
66446
9075
35779
73528
49224
60707
24968
15791
97833
77789
90698
80050
18610
18442
42171
80598
13936
17699
32144
82652
70944
62514
44087
12149
33625
69710
96739
8311
12042
48229
28693
91548
45063
47796
82904
15639
74546
53824
35075
58464
57129
84233
89413
51241
70567
72473
99877
41351
46060
25288
3248
82121
17505
79193
72044
3377
79752
5742
87906
2408
12913
64217
28645
66844
1779
9869
50486
40515
33193
28500
39692
78825
57967
12658
47507
31861
84845
41481
6009
3127
92510
72770
51663
82221
62086
58542
39332
37043
46197
45636
27602
19226
83725
13600
38758
16273
92054
28710
76191
98262
39229
18945
27135
26750
81137
98286
40551
15546
3456
26368
94320
35527
79698
51309
62608
91419
48828
75481
55440
75782
41114
85278
59148
9560
31515
69071
51848
45558
96690
26904
54103
48123
58971
84398
72868
32200
86966
51616
85795
70588
68389
45455
69249
61046
78977
84715
8836
71971
6507
86060
89594
12627
56733
53586
17977
23523
75557
9323
42564
88238
51990
30781
84907
7902
12042
69098
29092
99063
56006
68952
19108
98079
32160
92518
80638
87192
2589
5023
53354
3532
54769
4298
63305
62054
61790
26506
65865
1109
7813
61507
71145
95559
89518
39688
95222
17394
74144
23272
45515
76028
62941
25845
23629
74105
62125
51247
10037
84238
29336
30018
93256
16142
87975
37524
11760
56729
70175
74518
74825
56128
40623
89486
33483
63056
96231
53881
39340
35627
2237
31233
42748
44288
13440
45230
88196
61585
52749
2936
39210
24859
47977
79710
77421
83425
94492
72115
13280
14040
13551
19554
68007
17679
45151
45554
97961
37161
79638
33053
19318
68051
94634
31060
54820
1317
66675
64591
73296
27481
68212
75375
10196
51442
14801
22904
80198
67918
90171
92599
32670
11593
35049
99791
15841
10652
82897
35706
72468
63160
99636
63511
4028
87682
41238
96060
15068
63005
79515
14820
92964
35306
37294
51986
90531
25096
77812
52835
78645
36742
69526
46236
22887
41646
8666
83571
15704
83885
49882
31330
87848
84545
58138
67449
55780
1796
47154
98490
83396
34513
57156
90211
53558
18303
89389
65194
15608
85780
21931
29383
13448
56301
37266
84084
1962
58594
61142
76489
15623
58002
74678
13354
86883
40074
64971
55165
61815
5379
76739
63511
58619
39315
55533
2506
70944
76704
15248
37926
6629
69898
78363
65173
92280
33046
27414
2547
51735
26063
43598
47408
20819
24655
34685
92050
14429
38179
84460
31145
86289
35881
55766
79745
59961
54782
90111
14661
75626
87665
88217
96734
46096
13564
83667
56410
24240
35078
94737
72074
78555
52628
9016
78182
84473
92307
24467
58434
93436
95936
86193
17560
64360
37338
69219
54709
61755
82308
1075
26110
90889
28093
81356
22860
23644
98049
31067
26561
49070
26777
10724
3856
62383
50519
33756
51844
10877
87773
91446
33425
28839
91042
38256
14489
35761
24574
69713
99444
37973
20315
61588
81376
95580
32786
95976
6013
27339
41690
9501
19265
7985
80935
37795
6846
92472
69254
762
57033
99873
58696
37300
81377
22448
39842
76503
84955
12961
12940
13979
50740
9790
26628
456
290
91990
18795
93038
75412
31302
42833
26951
7044
34567
18786
26476
32481
85148
1202
71048
84785
83200
6120
18067
60852
56028
90230
58849
42435
75662
28084
35688
50878
46234
89989
3514
33791
49642
24015
25073
74618
67536
19385
81221
24628
13452
68175
56953
90954
26112
42251
70779
89996
40826
31962
83527
51413
49308
73840
56547
66270
90729
30061
86975
1749
53398
69080
63957
54473
79744
79270
87787
14614
65198
61140
4068
5332
44513
57651
45765
62628
86559
83120
80760
68129
74134
95679
76228
96180
25895
32452
93992
27869
84700
33599
59044
55485
60008
11046
98540
81441
13038
321
53704
16087
96650
12889
44727
23488
46783
10073
90006
73007
32127
40845
25309
44458
6573
20521
84528
94780
36245
53474
42578
25585
58251
50011
47473
22782
50605
60211
10375
23434
15721
20712
53441
50891
55018
19184
21748
85025
19544
64453
99254
89083
80656
60661
89607
96078
6279
70717
92576
3661
81444
49287
66131
75585
36895
62764
94193
38702
99989
23385
14640
30202
81600
77083
32985
76818
18043
81694
64497
22211
53269
54665
49493
42780
77549
98449
97244
89179
82729
87893
80519
83269
49988
83490
50409
54691
871
58534
53801
65905
99334
95593
38658
90228
31051
52068
67935
1196
63406
26333
45333
60465
7112
65135
5191
56620
15251
33657
15727
32809
11164
52268
25786
48135
39616
15829
44325
59113
25148
64979
80151
44692
76812
46659
67376
85023
23737
94660
20259
3685
82000
11045
15475
99223
20947
83221
44463
59290
33556
54201
54692
57430
509
89536
78420
47548
35837
3396
50722
95888
26936
43940
66887
24942
60012
77933
3051
31707
70268
27121
97285
62176
58430
79523
96189
65729
27342
93684
90444
55311
40573
42791
35785
55656
30023
29899
31496
35625
1569
9702
83833
48364
86092
40013
95547
16300
73063
9898
16393
99281
64392
50474
88090
26013
11011
48221
16668
95928
71452
89444
31325
81410
20315
47025
96089
30295
37779
40273
57575
17770
4643
64460
73502
14331
20017
97058
98839
12503
69592
41956
60890
23512
26277
11271
19260
69927
58059
15862
97768
77085
18927
55289
2209
6604
99846
97945
42294
92482
27099
94270
72901
41913
28831
22549
92836
82833
25186
68711
97126
65457
56258
27801
31516
1631
38411
85660
95718
44489
15001
86062
85341
53213
89140
57828
65976
4042
42381
28438
38253
96675
69382
62856
31892
70333
10363
92834
30094
90070
27183
53714
59578
24486
54333
92300
83396
1532
41167
44877
20324
26105
89047
40265
48976
22082
92164
10507
2300
67346
83794
35863
84057
93562
59705
91882
66646
72111
78222
8437
12627
66635
30613
39603
43914
39599
87916
93435
42301
14667
68344
5358
78582
50842
58006
89652
67423
84462
58556
18154
71260
55683
74219
88064
37419
72490
27151
64440
68911
4665
26935
88444
52564
19584
77283
46432
8672
35361
52998
93266
82643
33122
62165
13825
460
30646
26166
24111
43360
65745
74048
38003
13568
70539
64951
19380
25214
24328
9877
89324
52956
12912
14172
32445
19015
30811
87392
63452
1293
23320
93804
75744
82449
83257
64369
6978
58511
62936
53511
20084
23927
94397
98243
29043
56599
81538
7910
81853
2674
55441
97000
11494
58825
95744
48963
29650
11844
38619
19023
7317
29666
34627
4555
26990
39008
63926
76789
23852
30888
24105
68668
64866
16987
23568
31604
84970
34928
22131
8064
65698
37663
10219
25669
96896
12907
29011
93628
19389
26741
12385
80865
13266
31668
95667
10069
56461
29350
91774
2657
89762
78848
93767
39770
54639
53855
77943
48809
99488
63158
58325
96363
44535
9750
35950
95965
60164
21684
90148
56555
2468
6058
4365
5087
22521
89637
83757
70973
54386
1240
79573
98650
3206
95646
47495
94782
7263
99971
13096
39600
76575
6801
41206
42473
83986
2880
21517
81493
14662
41954
752
32559
53226
8835
2938
28425
2494
10001
28090
14916
2584
21642
64913
21428
24515
45961
46842
84268
86668
62608
15080
72656
387
82252
84685
90262
61911
34134
6885
65345
90291
72784
68045
80536
24747
22288
60215
51988
83964
39523
64437
12355
82049
13432
15524
97602
14443
13169
78417
82398
23649
94194
229
59952
94386
52772
39475
36137
86919
24854
63165
99553
10273
23467
85793
4769
98966
70106
84168
8546
63808
17450
20086
99764
50512
21841
5358
36236
93428
51342
65258
39732
22602
95363
99351
75192
3782
93223
75935
40113
75858
31653
76073
57253
47020
14827
84968
95749
10410
58905
77166
84430
54382
45309
30516
39800
86295
33462
92266
46386
57049
73965
76826
60145
51642
92028
79213
4621
989
67777
61898
72636
61071
26633
75048
53382
18294
68716
72836
91897
83545
69556
5454
51109
1592
65138
75916
83054
11431
1877
30921
85731
15517
29537
39328
66912
27520
51516
12345
52983
27973
36591
49347
19280
68455
54263
95340
10898
87999
71943
29266
7829
76209
11963
61160
36426
21441
72384
13530
87809
29410
108
86439
68604
21209
73982
30406
61817
19926
6819
97380
81519
79882
62260
12470
27770
94896
67151
69981
57962
68659
76747
99267
98601
99444
6420
57226
24171
93561
78381
80649
34966
20713
37249
76454
20455
38619
2161
34027
37068
79914
35039
70385
88013
15478
37843
41665
18988
40930
45002
26343
30968
43914
68299
36370
29373
65352
53820
58498
11224
32526
46779
75629
76722
10672
33968
77571
36336
72117
63800
72160
85775
21129
65761
71409
41597
24954
5941
45468
58131
63345
51001
23665
24441
78588
31118
93512
29645
18358
47195
71246
78097
21126
84945
58356
3264
72763
42373
61045
43337
57375
322
71142
35623
97392
12957
93647
50033
39719
99488
47207
30387
63075
3526
80334
35175
60132
38523
81485
19956
67336
18195
93181
39879
85638
88051
85591
60389
66293
72192
78538
51121
66754
17767
44016
9537
75486
63472
94715
63043
28758
78468
9843
28094
39500
85050
28280
41600
47605
37751
99445
95349
38879
46840
43436
22777
44595
67055
31396
7582
76009
91484
71410
28292
25656
71776
7027
93290
19532
30521
40964
21585
66596
65409
13941
67858
60532
66641
69854
26478
52895
59949
35009
78953
35005
88212
62765
50786
15308
25787
36423
52858
315
16456
88437
69925
30179
84159
90242
50879
16470
81207
29209
86256
47513
61922
67462
7481
55036
57338
36041
44412
28682
36702
32634
63008
53206
1307
73894
24886
60421
90082
53682
10460
77282
38181
11141
11176
31869
28163
34868
15856
6371
95432
93681
46991
8962
83057
95269
5214
68359
90881
40519
14020
17654
48906
92228
79255
96592
2570
383
43670
96738
47168
94902
66861
98203
78465
47316
45589
68646
45481
32820
64967
272
14905
63545
71489
7984
57452
83858
72638
75561
72548
28778
32935
51404
98328
99592
23305
81686
42752
45709
84107
92731
16199
92871
29891
10988
76963
133
33779
3115
29708
7514
6630
9702
6029
58474
88037
82148
81144
15060
63232
37371
66179
50192
36893
13915
38223
59860
16557
14450
53556
21713
90293
93415
87814
52633
86925
54362
87442
18930
84717
11590
97580
66848
99574
66848
43172
8388
76660
48048
55854
19408
79372
63544
13282
62035
42079
41316
91427
48328
4843
80666
83532
85625
41261
39523
31883
7676
86142
38619
5355
99721
73224
32719
88078
38056
74870
62920
50009
19633
92430
50547
40256
89453
32160
52354
89717
8637
10156
45504
86524
66775
11777
41415
26614
56597
21361
88507
14334
14155
95839
18237
63930
34222
74158
96112
74165
73675
35013
36032
75357
9365
99193
8701
23945
47216
22747
2189
70009
69255
97771
42537
39754
26799
41799
90349
57423
95806
15330
84287
40540
67273
36942
94977
52090
34546
52308
84023
8433
27385
53133
20867
21699
55507
29531
75078
35532
97738
86976
57479
53086
94025
76209
75234
55834
16192
16866
87355
60238
47102
18668
73734
61739
2073
68702
57634
41979
19602
11935
98521
84938
25943
55805
58679
72367
84115
14723
60828
82365
65008
40350
47238
61415
77770
29485
26321
76422
34547
39466
6742
10917
46534
28705
20769
96482
63337
91539
13188
45244
91611
95396
70917
42547
81418
61312
55153
5954
80287
49247
9233
62159
98701
17257
87919
45215
38793
22812
73820
56158
51841
96719
15330
5396
13825
63024
55148
35327
80260
51487
78037
59341
26468
18436
88157
32862
12758
26948
88472
24725
3027
8067
22094
77150
27793
45914
52783
30647
76999
33937
24224
77866
4569
90165
4733
3027
3065
95618
24588
46896
45668
24076
58804
98605
73906
78632
99273
46330
65140
75317
28822
24607
19282
32663
42398
30631
87586
55931
63959
22593
9062
65771
89130
66803
11899
67506
4910
23444
23278
13397
4657
86635
75879
8454
18072
28753
10523
4384
56086
24480
6404
39596
10806
39623
1311
53216
97985
35961
46573
54549
65410
47389
41224
92996
85986
15602
41875
67716
75695
7557
50069
38097
87194
85640
91803
59161
6373
12072
20889
40392
20649
2860
96712
96594
1070
9537
98576
42835
94698
98860
84077
6217
35533
10415
1264
14757
78291
82020
93514
96101
11702
47278
97372
7992
33042
58875
46602
51747
91031
30483
87176
81985
34161
64751
78357
45488
40018
95398
30689
87347
66684
71818
19137
2978
6139
92172
21845
22137
39035
3877
12420
7093
65846
40358
13849
76885
81637
33969
15025
19959
34461
44253
85463
46908
25950
86714
78626
4972
50266
63542
14267
26356
85252
67239
41813
1786
43640
25997
11263
8110
80055
86156
39393
34607
65989
88593
15237
64906
26931
45205
39128
49506
23199
7029
76733
1120
84975
50103
48438
26019
49294
45968
11765
1901
24826
65570
28113
61765
66387
18889
30599
93178
74079
41643
79641
7186
11523
89927
71308
87313
39572
3236
96247
17116
54471
40428
29143
25475
61637
26530
14463
91343
55560
66075
56777
52883
76322
68208
937
87138
98045
25997
95701
12893
79681
84472
63487
38908
29907
56227
15560
47667
4865
21971
55327
11659
97474
39073
46282
39771
22341
36328
14323
77128
13489
31294
32790
43977
85201
40978
66483
91538
55712
21529
52992
29684
44374
75942
98237
24324
49991
62442
60062
77919
44182
64739
71037
15660
5202
33776
14204
14517
36420
78041
3522
80861
20302
93514
30797
55290
61983
21953
82118
36838
44940
64472
54926
46973
805
51162
60248
6212
60454
14984
37517
91029
32296
1275
70481
81214
22495
52920
32148
44971
98547
32243
84734
71351
84991
53578
52055
33044
41524
60439
1308
47702
19844
16427
94975
79109
46788
12998
94446
40227
17877
10983
30497
37540
87176
15187
22117
92380
89415
75110
45282
77405
99423
61847
89391
57428
11646
65993
99546
5039
56743
50959
97936
28814
23897
14962
43111
72903
86109
87510
25109
46243
69853
41278
22656
12622
77908
85621
93343
97656
36658
48657
62226
85834
82849
74138
15630
66120
48864
68757
82723
1955
81322
41589
66661
6232
86958
23689
32003
3404
24203
77448
68673
34541
23437
24701
53460
95047
77354
11182
9974
91464
60654
84831
61373
83769
47349
3494
23681
80214
52688
27482
29807
27195
79911
24256
53454
16950
57148
13870
14178
14363
98304
46217
39686
63294
72440
47917
48127
2076
39424
56362
52697
58050
52355
27611
45017
44960
53633
18103
54362
98616
91843
90086
98481
631
35174
17857
71698
69565
88727
58973
30791
46351
97199
33311
72184
1018
85423
20262
86968
26168
88213
76988
58071
22952
27595
10058
62114
95965
50
33519
83660
49202
17770
26110
93001
57640
9222
42392
27470
77943
27266
73245
55920
49602
82386
65369
81181
6561
38252
27624
20225
63589
23850
70991
75645
9397
54768
90746
1371
77698
76496
98312
77231
26093
64358
14564
58089
16657
38513
44424
75135
30315
33145
36187
66235
27124
55523
27948
42569
55314
65290
13174
76055
13124
30348
44387
60293
96319
15299
16284
78026
58507
45539
72655
4776
16410
78742
86783
13511
93437
21098
62328
2362
4195
77959
3738
32011
32001
45359
97948
40023
79366
82398
15388
58851
2395
51328
14873
29274
16350
60533
26489
77028
17109
34612
66829
66019
7432
95802
72086
17103
98065
54504
49383
41254
59205
38125
20305
24892
22858
8624
40066
64290
85997
45316
89984
75799
76938
67440
34557
86712
23157
12463
43902
49391
47392
58121
91761
83348
44675
3731
54937
76104
67491
34365
1740
20415
87669
2938
40186
4326
11407
46460
84112
169
60227
2924
737
68984
81717
73648
4762
50175
40812
62507
79697
10338
70409
37677
37590
89044
47374
55757
59523
72476
2942
40168
54983
94051
54042
28378
12640
37132
60552
5540
10707
94998
44099
50669
92941
48166
61654
73385
40389
87364
4724
77437
29408
56159
9376
80832
25397
57097
50791
73465
71720
34723
1660
69189
42054
78260
98356
727
23347
22560
16322
1877
75176
34858
3219
76364
9654
7365
23529
9284
38617
42740
79550
91042
46823
55572
91745
25582
63843
36866
10111
40511
10186
92662
1779
89541
51107
13314
10349
56486
16940
13310
50404
13029
10527
34903
72982
90724
33839
14807
64867
58002
50293
56016
5387
64153
12243
30896
87713
28254
26339
41337
65097
50559
33141
47982
82238
16760
58562
29859
81863
75744
18860
55935
7558
98636
78045
62906
60657
82439
13474
98221
5334
20456
1890
28266
28831
22548
53376
27707
15321
99981
4745
55698
71966
53802
19693
55323
73119
83846
11877
3012
67278
27991
58525
34714
52694
40742
34086
43649
76318
74485
41954
59561
12700
48139
63573
75452
26124
42911
18391
38727
35756
24279
78075
93301
53593
5163
77362
59851
45176
50647
975
56489
96291
74324
75199
53675
32089
87991
2265
36867
9037
32460
41724
16560
49279
45819
57945
79270
74976
40454
88553
89446
72366
94235
99226
21667
47385
58867
38784
89623
60064
15993
84236
97771
31430
44269
58959
51489
91878
60957
33079
59241
81432
2081
60909
11760
78123
46416
48639
94371
310
45907
15990
40479
14713
55130
4939
21326
61523
52746
70786
53108
46887
20430
64302
94420
99142
1528
80903
88486
58438
10918
9240
99354
25803
90533
99656
33389
29485
22536
23212
51822
86666
18667
72417
54888
80555
64676
63245
60923
29990
66599
1599
19576
23607
18534
50894
48124
25876
54115
11402
74264
15458
23754
86839
28178
96908
34918
29807
28316
83343
40592
76153
25465
62222
24525
44905
65457
39763
88270
39287
6572
84793
60094
78051
60982
6452
88406
64326
95419
21834
83860
73803
81844
30453
82719
45553
47356
14119
14107
31244
1397
62739
18917
79456
23478
46531
4002
98730
6650
19468
97162
66724
8810
63281
51255
62737
99950
88652
359
61150
84721
82493
84832
51189
32694
32261
39146
49464
22594
77180
38815
71907
57952
28462
98317
63162
36169
95854
26811
52908
66670
37383
83635
52615
63276
82977
61077
99979
94774
56127
79714
11533
75061
72216
36765
41261
46205
73616
32735
96812
64691
29277
46887
43393
7423
45423
19287
16631
40639
89047
22522
64187
66667
14714
37409
83519
39002
6041
87850
170
25394
82092
29292
96437
1037
58104
62283
46767
19885
87897
78696
32874
77958
93637
84126
3838
62734
59735
15651
62170
98618
48357
64007
58237
47843
79977
58552
2456
64646
68420
10986
25774
15362
78725
74661
17206
94052
29734
82287
64717
25671
1581
54515
78795
82279
23871
86557
28648
65127
87455
88316
4666
93083
41237
63449
27819
72654
87356
71858
87891
4449
69133
42933
27593
13864
22583
36641
27528
88313
42205
56166
12921
4144
14011
5789
98719
42228
2248
85117
4305
76916
63093
59715
86896
45867
58855
69432
29140
44299
95671
33668
58237
8912
91054
56323
35077
87346
94763
27579
44297
85580
121
65503
97081
10633
89413
9953
84157
45963
17679
38456
98252
40975
57620
75329
96645
55922
4988
41592
67344
24916
90662
2567
46654
16041
98727
65200
26805
53314
6057
38202
93206
54859
91927
75877
85896
51407
32382
66992
9208
22790
66630
64910
60318
33619
47167
68527
63096
48934
18442
68928
42344
69018
98249
15011
10290
52149
78201
66974
57551
22283
73648
99364
28999
34123
25547
48474
53909
81133
47807
6017
31607
93530
78486
77252
3214
64983
32126
93783
8459
31712
63099
79564
11724
59845
463
29378
92710
22355
56594
12216
81009
95346
56367
58442
96259
63383
32835
25702
38184
29026
15811
56467
56291
80734
73578
4533
10123
55864
79014
75122
89380
81143
12917
87114
12474
53540
26379
10024
56199
80700
30130
22332
86074
52405
90726
29954
73693
52090
38113
32979
2238
54523
83511
90856
33004
59529
56791
2509
55429
514
46139
39971
19963
54338
52222
56300
14043
10449
95805
34970
48217
51129
79613
96270
33351
4856
42035
84826
37092
27230
9049
97006
31024
89006
88277
54189
1485
97042
54876
45794
53010
95960
98163
38832
20661
71548
67625
10961
24914
95931
84291
10196
19729
33922
82430
19670
41108
90007
7934
43430
23469
49058
45526
4664
60788
36386
74346
54107
29506
32134
28577
24480
9943
57985
60783
95433
52583
31692
80359
4851
23031
16632
86283
87054
76329
95222
43270
92144
46115
16750
20087
20537
23927
95165
12837
13221
51954
41370
653
26042
66124
43686
96920
67521
27601
59209
85862
68764
19171
20218
66639
31978
45776
70824
26220
98541
72840
33646
35067
36656
96516
39208
92012
19061
40244
92131
54012
2243
8975
62902
22413
57804
79384
64107
86458
7898
79718
35350
42213
5699
47922
82086
31613
49131
64537
32958
52869
58819
8424
32296
71522
4914
59614
97378
36024
92956
40653
98551
75332
10911
43901
6830
95233
17052
76301
98924
52728
11951
64713
71364
58692
12016
43483
50381
85052
43680
64447
78464
68942
45552
19864
6333
9244
5379
80752
52167
60791
82232
53884
93435
1050
23058
39352
44726
20030
93212
72424
49576
4522
47214
7515
64355
27369
94927
56673
46280
55349
34054
23240
4042
26909
34080
11430
60537
90044
85934
86055
91640
65005
49784
90776
74667
53150
29192
29958
24753
14794
76073
32284
57208
90946
34024
91847
12907
15476
75973
31147
32953
1064
30008
78977
60487
87080
51732
33439
1716
6618
85217
29244
5063
46703
33516
19680
52683
59267
1028
27450
1096
25011
81242
67568
34497
58763
67555
35221
51479
56638
80034
11081
55024
96234
77558
5491
8632
97815
55418
98078
28156
97974
14101
29573
34273
6319
99914
31145
31988
56754
42253
21912
85833
18382
83779
44588
21728
42912
10832
17175
39012
72793
42826
47855
13806
57542
75862
69107
44156
89503
6440
98327
11338
37933
46272
80183
35604
73344
5639
66763
12685
98641
65966
12446
2383
91413
75428
76623
64835
52293
76570
54099
67092
3212
77881
55006
95588
14479
4676
94599
91154
19336
99281
42190
50209
25941
5858
61489
6647
34604
21756
23522
43390
27160
7742
68753
93834
84138
33877
39179
98689
35841
3188
35988
91727
82676
39674
82752
52676
74650
99164
72271
30361
16533
52880
39393
1707
32643
53476
75670
22673
59279
47801
24079
57269
7535
29651
89079
55870
49278
40958
65847
33137
16641
80111
28725
43620
54682
20172
61721
59424
82623
67065
75417
62340
9494
33420
67860
3658
13456
18984
94184
79619
34299
32771
84340
22919
54948
23359
7942
53212
85903
22871
12574
2723
10383
93671
98460
25397
11323
99304
21935
38170
17136
81360
22990
28542
94523
45740
24960
480
88351
15344
43452
5723
12182
8469
29722
83978
58060
69604
24043
86164
1259
62000
96418
43350
81875
66598
17506
61340
29062
82409
81611
57431
87127
98422
35302
40052
68977
24136
99548
21895
65990
69178
78420
23260
73583
14522
55656
22632
24599
33787
65775
32570
53983
25560
58570
202
9910
96920
60427
23815
70311
2279
98612
14870
90813
65508
75728
28791
12124
40
41063
63266
46471
10875
25593
90203
70299
68995
12498
38254
34632
32973
28948
3444
38540
75200
24050
14148
7123
57894
44186
18061
81233
63000
90637
30689
31151
68298
89623
63262
48183
25004
17505
88842
13876
48107
30162
58168
80367
29101
78811
3367
43005
93280
140
38037
25029
86940
44858
69576
70511
45224
32868
8129
55739
47965
7535
10427
42914
13719
15889
39557
61492
60782
35849
69434
79348
66760
40437
33786
7543
66876
58639
83585
80155
99730
11835
16142
16316
61968
58938
36699
89074
10208
60976
42649
87786
81250
64935
33137
57244
34736
3104
82864
96398
90037
92476
59095
77064
85154
96770
1587
41789
63976
4601
77241
77146
29561
95431
40723
3450
94023
50999
24927
40334
66815
34123
11842
56280
88603
53000
62449
37774
19883
75528
30568
6552
40571
89774
22182
47992
24817
46037
52630
78680
91041
10929
2407
56065
89379
54921
29862
47325
42100
93106
91157
3266
34578
8882
11654
61773
53620
87196
58596
38897
50955
29277
15146
63751
81580
8345
14423
68910
49573
44305
7120
73042
16154
77215
89734
38839
28560
57284
61950
20076
92331
24092
75799
84129
50546
53347
65835
91469
53285
8448
221
2097
53474
24124
93681
53
36226
9776
37541
82519
86912
72861
34072
15548
87354
9353
45821
42911
43217
97448
48352
37710
73432
15840
48437
74370
2012
63869
32048
18697
92394
39867
42184
75968
20848
85497
81534
95408
37023
76823
90450
11956
93198
70228
10908
41212
15235
11984
42314
59625
19644
16521
62257
33861
70793
9689
77125
84775
9383
85005
2751
1433
94576
91336
77137
35587
28431
21573
41760
18281
90189
69078
75426
75479
80854
60776
10773
13755
84877
96105
51155
78757
8623
94387
20261
64833
17265
1088
73987
98004
54606
84356
2561
88394
38569
25156
98837
21437
96136
18714
99784
5276
7700
42561
45551
54539
75073
44856
55213
60093
89889
65350
60309
30039
93279
5210
83596
30249
43323
7209
11351
49409
27934
66046
12988
69019
23285
47576
23280
66951
43323
47381
36514
37054
78605
70532
7304
50081
10230
36627
72373
74391
71345
77786
63964
75310
85061
25763
72117
83656
3478
73448
32393
43369
35506
26253
92201
32931
79488
93102
10940
50048
32504
41554
72136
51139
40199
45265
85292
56323
16778
40932
27278
35727
71599
71751
94418
78440
63555
94441
36797
89777
42372
58568
94409
353
85199
31127
12173
7945
92882
37484
81909
30092
54392
73823
8592
76659
56180
25782
35214
70222
39684
33724
9833
59188
81186
3622
46083
21350
82315
82681
72943
42383
39694
73645
36867
93514
45469
73629
19912
42910
34441
21161
58456
7823
25096
80376
41205
1364
96914
42819
45226
74841
41771
85434
36610
60724
6979
24773
95352
25687
1803
42708
7149
38158
48599
76853
76474
92616
62976
49756
13014
95993
85078
42931
99623
17200
57621
15152
21105
51850
61371
91004
23918
37574
31949
97529
7166
19713
39496
42656
63969
63572
84720
55852
49152
95614
64063
22764
52905
91725
64162
72039
87624
17783
44217
38765
43462
57930
33346
59233
45679
21298
30037
95070
84977
53292
8329
46486
36648
74694
34051
77668
92362
40882
54495
55398
73051
90039
55590
84763
33213
32934
77924
7540
91643
81336
95243
88157
68376
1491
66130
78717
50549
16363
94869
19431
38170
73465
33952
67604
40784
11653
22180
69467
69138
75669
69302
57852
91763
86327
53508
43696
37411
15559
3599
51878
8677
19891
33947
96238
13131
54299
71317
90062
71499
10874
98850
79477
6049
83037
56710
96833
87817
23668
35616
57818
19969
14639
76312
42058
33846
72062
81886
38263
45021
30246
78785
33094
23067
65144
46304
43391
42463
61053
64869
80268
87745
30731
36058
82377
18182
18935
97943
92433
15922
63856
46219
53514
87088
52495
26846
21217
80821
20193
66134
76767
25002
94054
29822
77320
55763
81422
31514
8556
33368
3513
90773
15420
90986
62013
28158
3743
40514
1065
85643
22201
92424
83210
44112
18394
41585
65816
85658
42595
35283
75117
6098
17256
18963
45061
14058
83764
41274
88785
11548
99143
70931
31595
58311
24433
4836
17741
36664
20600
76025
24557
41582
17782
45670
80480
32013
85228
36416
69622
45741
46598
30666
15803
12077
25554
22827
74792
29520
76760
40725
68977
33186
24794
58234
41342
12951
86371
91202
19099
26541
85645
71902
32105
60241
64584
29837
7336
57888
6568
47217
57558
62716
46188
9815
22067
69165
48858
5880
27075
43928
73460
85133
76370
67744
79489
39769
12057
76170
90707
58406
607
95975
59588
51111
76318
71073
80643
92593
2793
73173
58516
16455
36566
73077
93238
71007
77202
3969
70106
15654
20833
223
76352
80814
75861
58047
43182
55841
51112
47433
60847
51728
58614
41248
717
30846
64607
68327
71384
34095
60824
16360
14174
48425
1752
263
8567
79021
43257
79952
41836
63975
21290
10720
82078
83463
69711
8201
38876
94816
16926
93286
48699
95275
65110
6734
46000
20719
865
73158
50746
65434
16238
99887
2497
3554
79384
6487
39830
91798
40269
61611
63013
29158
839
45809
42504
23817
64886
56599
25147
58594
53235
71173
31025
33891
10418
59800
18460
74355
5655
39022
2788
77786
89995
39697
12502
73347
27968
30328
88692
22015
85803
82631
74180
76881
5971
60601
14474
21320
53765
1707
1503
53098
18483
87692
52854
89883
36746
75018
27109
67399
92910
35196
38481
33733
49322
1685
73249
14623
15069
89754
31450
5141
73000
7520
55487
29073
74777
1223
77157
46142
70115
54510
98718
83730
63716
45589
81656
65495
73335
90648
9049
127
56104
20623
49131
82070
35014
60190
30988
74090
90737
63003
21799
52454
17983
18586
88556
84772
57495
28767
56210
24301
54189
67017
42743
77410
2193
82813
11357
96305
66048
60333
89870
92260
85069
17376
65360
89514
76452
66202
15970
96185
17619
79553
264
88588
79335
67534
94005
31733
3162
46435
25184
6069
75854
9709
1578
36891
13142
27251
63325
76491
50900
59329
77413
12697
90477
2598
29458
16202
65396
98154
7777
88976
54552
30091
91325
4483
28689
57877
61112
61384
84632
16519
86794
27847
59592
80035
89849
39208
90694
98676
57000
51361
76780
17616
49079
59896
43492
81208
29461
8556
34593
98626
51838
10720
71959
2019
52733
59857
79848
85611
9943
91920
46159
89936
46665
35708
99820
98090
50266
30127
47963
1382
51424
45174
31836
84675
23959
87892
70851
25054
62290
61699
91202
22135
26744
88338
12290
73650
58962
57069
68666
53527
54156
54486
79382
96587
42201
86290
45566
49943
67419
41610
19728
85062
44943
83575
79077
56309
28766
75847
57422
36630
37181
22150
43145
86
94600
22295
28917
91802
50411
23428
8231
19030
86184
85036
74134
32344
97116
51607
51030
17709
10405
59489
66982
6184
355
42700
17794
88737
43892
71888
11736
90533
93895
20226
50161
7755
29752
91850
74768
94869
93446
61750
88591
75597
56188
23438
81692
40084
47524
63711
86960
90466
26619
9110
18511
37738
83199
1574
60165
85713
32990
5304
66393
62912
41832
18592
18768
90786
7340
79354
29097
83958
36387
42657
83402
43620
52572
48119
35181
77847
9851
59742
6908
18392
45250
62045
58795
78425
20489
64741
11053
19508
69405
51684
87429
97234
10659
87585
78443
70462
74227
572
94293
35230
42681
71953
28392
35121
1398
94300
63351
81429
82269
77790
15965
90824
12771
87183
63945
36560
19361
6709
43203
56560
29697
7509
11339
55378
99813
34615
1374
72321
1509
93568
23823
59013
26054
75636
49171
78305
19660
93214
55893
58002
81338
64351
9225
29410
83571
15014
24237
46472
99793
32908
42501
91623
60813
24050
18158
62734
89875
85718
97252
52188
12444
21165
22835
95459
27621
76511
90773
4050
61072
36497
87159
91339
9177
40845
27622
89766
63065
36875
60416
32966
15535
34660
58984
19594
4906
54090
43813
29954
46385
72458
59859
16021
12446
64611
35500
43634
95013
87876
11811
79899
79667
76233
59192
71688
58559
20414
44691
89037
79925
92558
31186
78388
63781
76373
23108
47463
86194
40681
61414
50836
98319
76037
8936
26447
89508
37600
88205
80999
9676
3535
65031
89664
60603
63644
26188
68888
75242
86134
87124
7465
30080
21430
74213
26742
75664
25863
79281
24997
39257
69220
53612
15836
96513
11835
26758
38869
35975
18366
42143
63511
90707
33288
89264
14473
87560
4301
45817
15550
58395
9048
14890
71695
97512
84695
58193
36432
11999
28121
21692
54328
89862
87384
91992
5862
60426
86387
95319
94562
74336
65568
31567
69693
68813
5012
7241
29884
94562
2618
96744
83258
72644
13011
16600
63180
90589
29269
12427
12789
39067
36567
95162
51861
83257
98622
28375
53774
95116
17378
31555
99474
61654
69017
7852
90768
57730
23050
78552
58976
13079
13855
19510
58272
62234
60153
92275
29038
99084
20986
371
85613
13059
29840
12678
3323
97044
25851
29633
53807
84714
69099
29481
5183
23859
79983
10877
37214
4969
34075
33321
26022
37887
44815
339
16207
96949
40226
16653
64019
50526
78547
62463
28849
7606
60890
67514
77631
15525
14670
36873
20559
40117
26878
13448
51141
32224
20756
73761
27861
59278
62224
46533
37762
22128
53439
72813
92282
65227
90447
20545
93073
52480
32573
89896
22951
70428
48448
19880
88177
38433
55009
33677
12935
23807
11434
20701
27299
34589
42229
80601
3691
3470
4667
67668
6154
94565
61160
50080
87175
19626
36026
57527
65670
20139
3773
53479
25412
93155
86249
50341
97862
40594
50863
14920
69215
72797
10336
15816
11792
58723
47372
9606
51313
73719
20387
52834
95703
42728
47173
10214
1209
44333
29112
94819
37691
40004
87588
3101
36681
79626
13286
36585
39724
54371
34290
35009
33388
50167
51547
93479
96610
32553
30240
66305
42826
33852
2903
23886
41045
57449
57473
93995
85101
61495
88415
1649
22232
54780
70249
44516
28522
90227
49158
18678
22938
66431
21600
79683
78721
2016
50722
81591
42589
95451
9486
1063
50977
55963
76760
10914
17474
10194
27999
7924
18060
15131
74715
47973
81635
86112
4706
66834
2865
8794
64893
16091
77761
86926
18219
64531
22591
75941
77336
93254
29981
38926
98850
92997
4877
32788
89790
74070
38730
67637
45429
19285
48227
798
92157
58395
35801
18800
3985
99680
90270
65862
72227
34700
88987
63850
96227
12009
90536
71296
73831
70533
58462
83864
90470
30476
80516
72510
7124
43285
26486
99238
56092
32249
57823
48762
52357
28836
39373
45690
39017
82046
58015
80194
73771
7037
82591
55331
31006
88496
85536
86419
23969
87767
32154
43360
95525
9309
13470
13022
99842
71407
8175
98839
4562
2218
47574
20855
37139
50666
28803
282
39149
90458
65147
74199
51257
86595
36897
59851
71785
67847
85652
77230
73839
7176
76795
40621
4255
35189
67279
91228
39675
3895
81240
70961
62756
58271
21589
15549
95129
90667
15232
55067
29332
208
16230
31980
46946
55580
71573
52047
35691
41408
88654
76580
72716
38691
50519
39419
77086
81339
51640
59204
60698
52516
34122
51166
5543
98736
25999
26544
4137
43998
99956
58695
55454
94195
5881
33013
60009
95891
18253
23643
55221
73853
9762
82671
23028
2071
65794
98184
48841
21540
79004
33949
380
94804
6636
83300
89087
15477
81986
64878
35270
52608
52053
60331
76504
70511
13530
29294
26567
553
55779
58594
22681
77992
8243
35131
70756
63229
28432
67637
6147
14279
88975
8853
52779
97517
62616
74800
2298
33129
54730
75452
32756
41470
64914
89992
67024
14711
84557
15806
55362
45159
32209
94304
2353
52534
51290
9492
657
43573
36801
60396
3386
18208
79874
68595
72127
99282
31756
14422
91833
54605
55280
22864
56632
21600
80733
73564
28744
10398
61775
23660
58207
31720
24595
60819
9443
54609
41472
53222
92134
60672
47192
90793
10291
90039
43773
94716
16153
81527
57437
38692
84949
93760
2672
10648
33886
58783
94272
92556
35603
94317
61397
63996
43226
75250
96119
96825
30083
23645
85034
14938
922
60994
23300
46607
95827
54700
70857
17541
86078
90255
46276
12792
86059
55835
24416
48994
32570
30601
87671
44355
78766
67383
92004
21678
38780
57515
54540
11599
53580
86279
34093
69891
93217
27346
53617
63327
40817
44404
56063
2370
62903
97128
57833
74880
2665
13126
18691
22001
86269
11305
67185
54216
73259
60671
35158
36196
63029
27884
64816
56341
45846
88905
3160
52412
88967
44641
83814
62308
95571
97533
2755
23262
97474
26481
7129
5959
67543
12654
21603
24122
79323
56595
38184
65857
67616
49676
97787
10931
8547
31734
38654
84542
77437
33464
23332
22654
41996
12527
18978
15219
68832
3159
37538
83979
75437
13279
86889
38968
20572
78629
99528
11554
51504
34467
56957
89618
81391
12546
74621
69318
8694
63145
43032
41868
53906
86143
47245
30910
68062
8572
98688
25892
69371
72776
31012
72544
66692
52879
69037
33531
47977
50126
35489
27427
79220
82984
11594
71742
59409
55869
13820
5421
81265
88842
97457
53117
53555
29957
98696
93734
88662
20475
84190
84291
76578
79645
39609
47771
37309
40529
45993
14301
40715
95970
4540
30105
81301
84227
41886
18964
5812
94903
77352
58932
93193
16103
60476
49353
9331
31843
51190
22758
90878
68539
1963
34779
73676
94742
32749
32435
80112
6857
92228
57772
40868
6702
73049
41444
75462
28388
4994
37212
11617
8695
55447
41885
71975
63197
48324
54693
61759
96585
52996
63257
75294
92747
36344
96593
25968
97240
71968
75429
92167
36560
21227
11193
99205
97598
3863
99010
42989
31912
68213
38932
69092
28972
30995
31314
62783
86479
83536
1285
59867
92173
33663
14308
68221
53866
64559
2308
85062
77426
48433
88575
16417
22278
68859
80171
82384
79375
44486
84489
26559
52156
94056
15215
20399
70559
54303
98169
29674
32972
17908
36164
55073
6079
19160
41573
28728
51706
5863
980
50879
61224
75233
17082
98347
27693
36710
61606
68099
71711
92949
32115
72459
66118
29602
24341
87731
48574
29319
51872
25414
54082
37963
8843
3302
3396
58808
67824
46382
51499
22065
1900
66287
41426
81645
87162
353
97131
27484
99227
44088
10371
93004
85564
85921
78016
40536
99559
81140
97545
45025
49621
25411
19738
10142
39635
96009
42645
86585
97268
33617
67439
12422
52159
80580
82602
30975
57161
69997
20579
19967
78676
30548
68250
89218
64546
94149
18529
71955
68412
14138
8172
18195
58136
89392
79440
920
39337
48293
2742
72304
18292
12970
36468
46691
75515
93599
53149
44742
27283
57878
67907
26838
67258
52329
458
87359
55337
84044
60614
2501
68796
3995
8372
84473
24759
13855
74389
4461
67842
41307
44026
34218
44372
83467
69911
77060
89715
82980
92997
81655
69224
53615
65049
72043
26492
55451
39588
33542
35287
60825
76772
28027
25574
41736
19748
59810
769
25160
7661
43604
13200
42696
11443
26335
33536
67978
75509
69072
65763
28959
79251
49966
39170
652
60713
63485
92911
96363
55036
28924
65242
76364
3572
23766
10298
61015
52435
54219
63061
46699
26075
99609
90100
18473
26407
22119
52004
76478
93191
66989
13370
22925
15571
17615
91896
72552
6543
14586
17375
29844
23505
15154
6718
17442
31779
6615
8449
95528
42571
74047
98012
52182
33770
67584
34551
84545
31905
43819
48123
31309
54830
27530
1535
58041
64902
22410
71632
57581
5941
99585
72338
44006
9148
41259
44967
50729
15331
1912
93615
65968
26011
78809
48765
86516
87985
60747
55545
16419
2397
20848
42032
96588
14998
64214
69862
10876
30650
48393
43180
85494
13506
16534
66169
93572
66571
28675
44451
2107
94838
52701
1382
19507
90342
35223
21942
66518
99615
92085
50063
54219
34552
42737
82258
87202
56134
46028
24692
18904
83025
56504
11975
5355
9728
65437
66326
53416
12130
707
82541
70106
55850
58993
91486
49001
5824
12420
21704
87638
20049
50041
47296
99094
46383
64485
46264
63258
33685
34487
24077
1268
93797
65072
5287
27679
79946
53968
95986
38418
84830
71626
13745
4367
50621
6709
4140
57579
52461
34367
4943
28239
75685
57688
56803
9388
73511
89405
78955
69931
90623
28894
96028
85441
14036
775
67020
89298
78706
97777
57977
18758
69432
86529
74811
21681
40969
74732
4090
49293
95903
30070
66846
96018
15394
13336
15606
14359
50317
16391
78344
66699
41101
91983
74316
17633
88872
63778
53949
71509
50651
87921
59624
39181
41772
34500
55524
94167
2181
62490
57575
11537
34843
21583
57553
99997
45215
49222
67640
19241
70166
73447
15831
60314
39728
13985
82106
71791
91120
74937
57390
54824
40220
3947
4176
68697
97190
57955
82149
42597
55530
31611
52938
35345
10097
28665
37463
66644
95469
17942
75126
44061
85195
23208
88636
746
50765
68480
42693
48246
22470
54790
94269
95600
76033
14821
57798
35597
66771
86287
24933
98085
17172
44568
67108
57725
23885
5280
44933
13187
81061
97638
82972
6411
28701
17167
71302
9425
55538
35307
9350
20234
11035
13847
97962
53876
35905
50193
78544
57254
76267
46514
51535
52865
4064
99296
57440
65375
98994
86577
85200
68543
26867
61500
29914
36504
4356
86364
1780
68207
78812
16383
96920
92073
53817
93147
54545
1734
75967
2637
59782
21710
23322
60469
83634
15574
54295
14964
66467
89942
97660
65298
72489
71012
74248
90514
41074
97506
70187
72738
85792
53545
57706
28952
80787
62388
81888
18585
22141
66738
77926
46875
23217
44198
65860
65691
80476
5768
11242
57334
24294
63786
47458
5857
75521
48582
72356
32717
94625
27766
37811
39285
21336
87595
5957
83462
13881
24709
87441
67088
73849
43744
74170
51587
8599
71044
75106
95450
73153
75509
25741
25815
67026
11107
13295
10266
62113
19429
3664
20471
81281
95418
44072
66730
3831
89913
37842
60016
58838
48243
42395
5480
56121
49929
31844
62813
325
57211
88292
30046
8373
8926
46638
79551
53474
87281
93693
75572
6853
95658
72631
81809
72304
96456
45892
25980
882
5689
18344
84176
4367
4822
53082
73253
7566
17241
45603
71956
78533
38403
46221
41596
35892
93183
12276
63666
62033
86825
6045
57931
71464
31141
86970
29643
69529
60246
62081
35214
41958
41760
2660
99381
37060
78137
77532
19472
28528
4580
75542
37666
27641
54884
68162
62727
60754
57203
50033
40786
29210
91833
80115
85946
25927
31781
35855
13103
17939
22788
68647
65926
30752
81787
74901
37746
32759
24988
65350
53092
65154
20780
88752
94689
81206
63196
30136
67569
18845
72555
28121
42624
93484
37852
85368
45829
51541
3927
22937
33182
11715
36687
37154
98232
40704
1135
30631
84400
10675
76987
42124
80583
31511
85107
48495
64380
35100
2304
54943
60232
73381
61476
86700
91973
78429
11175
43204
50741
20216
59081
16536
96073
12056
68693
82201
3782
61472
68928
15044
44409
31502
96818
99991
93206
483
52680
58514
26003
50804
22050
88542
22387
55895
95806
37851
26946
95981
14330
66054
41570
63532
49197
2011
60144
84614
9551
58518
67534
4423
70309
30026
106
36708
23499
51602
38604
14857
96298
12188
91458
71088
19394
23694
91697
20428
62849
17990
86132
68454
94896
93731
17438
51808
7119
89060
22332
31020
90023
8713
16465
76141
87292
14108
30171
57217
68770
21661
3681
44323
15702
37328
72972
35831
47901
17193
80407
56154
54412
13261
97812
30766
4877
73206
57329
39397
10693
27429
76487
51737
25991
4687
27196
26443
28536
78091
94316
79981
2817
20173
31421
20342
15588
89620
87082
50336
68271
18086
31158
8540
32771
10597
79408
32515
25162
4213
41602
36273
7301
99634
51958
45977
16825
6200
90018
48420
14004
27333
12327
76074
38279
24261
11653
77931
83313
35118
30648
17990
13584
37044
70628
45869
41915
40836
25323
79551
45609
31054
37657
55636
93240
25629
67826
12045
9137
88797
61301
51223
46886
10926
77163
44626
41522
70842
10968
51608
44803
91111
57050
48930
15504
26361
73326
77956
78807
1550
50052
62465
23838
1157
3864
7133
22993
401
66179
89230
82139
51396
34234
86421
8547
68204
332
62917
22712
53339
55783
47595
13975
4935
67480
78816
58462
89491
78749
30051
60524
44849
39568
728
98041
50471
72443
25229
32600
88991
70460
22776
69720
37872
17137
75056
50464
69769
99720
35368
5635
23256
54494
92360
79032
57192
60239
18185
26839
857
63290
86689
71174
88753
38899
24120
39017
83185
70643
99451
43772
27308
10237
11165
66571
2885
76150
71024
43221
38135
22944
93102
17771
32136
44710
58089
24169
61324
40330
69830
51191
95499
86519
53354
28728
81265
55617
80203
1711
21893
12451
74639
34760
70222
63790
47479
62447
64638
98250
70782
35984
79376
55505
38309
57645
71151
52547
82249
6887
89170
44581
61318
70636
65448
45092
74029
40929
9824
25244
36811
51360
12461
48528
37391
87243
26015
65325
66841
4543
87979
61827
9402
74646
33285
20290
35367
50129
27651
56920
56796
75563
51237
43320
40954
74500
61006
3084
81845
71771
58946
72061
64134
97997
25331
97777
52314
38308
78882
88081
56564
57225
84537
59850
92694
6684
38156
31658
52331
85617
36181
92026
28577
58066
28127
72759
80239
64749
68774
23643
25951
77899
283
27018
60720
45515
30632
21455
17761
92324
15782
22864
52277
22156
38027
82581
43699
9009
64242
84700
31275
14699
30122
47978
29414
15711
44015
9762
87665
37700
5235
21036
24400
83904
1674
17830
80435
47226
84240
79566
77369
54370
45211
14511
39457
43781
23144
1053
16276
6053
17222
75641
98806
81854
94790
62815
53556
3023
92325
53153
83155
72250
62611
29999
36124
242
79273
78960
53716
1068
95512
52015
48379
24032
26642
74233
15687
28987
84308
70729
34729
84843
14424
11825
10782
28068
24097
82089
16554
18054
83350
54891
40163
24330
96499
35889
78130
4391
72515
66690
55594
55851
8365
3994
6739
48021
97469
94228
5481
32845
9398
78537
29394
51207
73233
34882
20484
94631
84459
84822
8012
38889
95865
28757
1627
43975
81826
93834
13973
82904
95492
17614
33581
69777
59063
92712
13976
73842
66036
23670
32590
36388
65853
17953
98418
27286
73784
49998
34812
35767
95506
55467
81740
40515
23285
61879
15454
65328
82877
18656
22046
63911
51824
9087
49052
911
74533
57273
72701
44070
25146
74456
71745
91341
58772
33019
29942
39883
96293
10844
93220
31955
14910
65337
7537
64490
46346
92296
24933
23476
10177
90639
76724
84851
27099
34418
29247
70262
34569
3187
922
64781
76339
83471
78069
87922
52001
83475
35468
79778
20036
98149
25194
29143
65463
8055
73517
65435
77388
26797
57619
48479
51665
50768
6629
9080
50680
74502
30202
30325
30065
21960
92615
12383
17291
87028
50539
81639
96829
44267
49058
802
3200
34728
86180
98712
32286
78934
34056
74525
25617
39023
21612
46722
33073
46737
95865
48062
83620
89371
95491
14080
19937
91296
96322
37623
86380
70800
81685
96201
33883
16604
32650
46778
23461
30742
23162
8126
30803
53823
48873
20624
43757
71570
5207
92779
98628
85134
13024
68934
32050
66617
64923
52108
35732
47640
66463
24012
92427
79490
78274
1121
46207
29436
8594
57431
64246
54473
97480
32535
50090
93961
94053
99539
15899
54236
92928
16479
47137
22235
7302
3369
31036
59995
77974
31237
25069
96191
91432
20872
49027
31179
49083
93672
88626
3565
91867
9759
39655
29248
26992
7848
31954
93387
48396
12337
82788
26313
10242
50886
86477
13864
70380
56663
70244
56755
59368
21391
50869
10610
71534
48804
54966
93550
25706
65164
97499
81077
58423
84363
19027
45585
28926
42115
71360
57678
57872
31929
28261
58825
73085
78564
90597
98862
64032
60370
85815
9386
59495
67982
48484
18367
92256
15210
56040
57503
54793
97244
56436
86492
2681
26865
60577
96055
96140
90395
90873
60646
75152
32407
96730
7095
91336
23986
46468
35977
50179
29467
60662
62865
39098
24700
50739
27853
36339
82494
48187
72631
34088
67297
17417
2782
85363
75312
53174
29642
95277
31541
88391
8561
97744
8491
7846
9879
32483
22484
62713
15845
72007
79524
83810
78123
40185
11599
8693
68300
77984
741
35828
94268
62507
50309
75865
70788
28553
36621
83104
75362
22086
37725
8779
11153
65397
37628
62490
52806
90043
63299
29041
60218
71092
71534
68041
33853
68921
48983
26913
77255
66026
570
81969
99823
78579
3418
53128
40618
96181
49490
66305
59340
55039
51206
6033
53421
7657
94849
33246
29613
11923
93280
96921
77489
92834
33409
86707
7796
6415
35661
33830
57856
37111
7265
59787
63466
53068
46660
39595
44653
99490
95837
5286
43641
58570
3029
21828
23699
31199
63226
33565
59472
88960
4040
29677
32418
66513
64270
45148
91001
35548
4797
58206
77603
11642
51767
6406
30092
59602
86735
12305
16732
89573
35021
53968
76180
32585
54402
78730
18235
15736
85921
48121
90364
91694
72171
50272
11363
29008
83464
77499
56773
67264
64887
76817
15639
14940
7702
45572
34880
4389
94397
56143
91961
88491
19863
44602
94468
53118
25267
12437
8732
79121
56141
4454
928
11393
87100
43313
46604
72361
70509
23523
99872
44182
2503
67492
53030
19049
93711
67680
31886
19659
85442
33385
33164
95692
4443
2324
20927
35143
77483
88979
55757
91579
55979
92412
77646
22353
95743
17900
42778
85262
80805
41405
57840
23379
7436
32368
69744
7975
88609
35026
47739
45704
70932
90425
81615
9812
45770
4015
31370
75349
30425
85310
12025
1895
91353
53916
54607
50718
74655
46048
39315
52707
23084
76096
33329
99205
35335
48635
37919
42541
89321
42548
4019
88576
99165
19470
9729
56405
6656
48604
54906
73188
32436
27080
42771
62882
40852
59362
78669
62852
69847
70218
27865
96158
79679
20897
76778
8284
21327
42132
7537
82473
98688
28310
41429
86093
34569
36966
63077
36619
72982
29448
81416
65045
83816
76903
84516
75680
73494
54179
47072
24287
33707
7437
22517
28610
8260
8480
54595
20309
34224
37632
2459
65596
45561
10613
46827
95327
73023
74214
37073
26275
50129
84938
63833
46597
54849
24401
46199
74056
27253
52126
2719
92658
78633
31804
11392
39097
86879
85693
29260
80903
61136
94934
50794
83071
64892
69257
60859
75468
2599
87609
19859
29930
95049
81200
32335
44407
29245
1586
17461
20520
46720
57271
2593
44958
57448
65011
76148
80077
21697
11135
88383
54271
3914
88432
44272
33170
57245
50179
91910
10686
76796
69606
33316
18236
37688
9120
53192
36619
31305
22359
68005
47439
1530
14745
72514
59179
40677
39208
63106
46604
37692
21874
41032
782
39797
14471
4888
70334
43563
55243
61775
89703
49939
5780
26506
63280
61027
60526
62930
25224
74101
66306
11873
89140
94919
83505
77620
75575
50240
83460
64791
10443
61196
80904
46232
74720
4393
71873
21251
67241
92402
64376
86157
76561
93812
21163
41892
29102
90568
64492
82804
31428
82571
2449
28845
71707
91229
99019
82938
8283
86075
40151
73081
5684
63552
53245
79988