46775
61722
99322
35477
40769
85657
36758
42710
97842
3120
62521
35404
27947
13416
78695
73631
93010
11685
70564
95655
95063
12573
62445
21422
13638
58115
50169
8422
30906
85355
45451
56604
90283
96844
93968
68146
9598
54080
359
84106
39443
2261
44962
2327
31959
47326
56283
2597
59381
88265
97940
76733
47867
53912
90181
82719
65603
32449
70747
60556
39840
27669
61219
14472
7253
35170
92299
83685
82576
45100
4221
98302
95097
14900
73461
26117
55349
68972
67036
92240
35479
51081
77017
26822
38014
95328
75315
16775
47042
27068
97321
63878
31264
23801
77203
21101
71537
13141
51455
71466
7749
4088
1163
80846
89959
26603
68069
84607
47398
28480
16388
49523
80763
94518
74174
57245
6223
26939
66273
51869
50896
34999
36582
95457
93056
33445
36599
42373
87021
70320
30485
2960
74309
47372
35416
29018
13417
50981
53415
2594
12430
38015
84102
55634
83646
55646
31449
75519
12473
70565
59218
45073
42126
58516
10098
8994
51325
59343
4554
23347
8071
81481
16469
12738
51509
76106
26381
32642
94731
11563
98363
20747
71655
53868
51023
42240
83656
35768
27703
77641
86023
56674
92582
20185
38344
74320
40795
61395
76838
98352
76970
24640
34879
90858
95431
70464
85960
12321
7371
36176
86825
84194
47924
29855
39336
5068
48698
98772
28706
17324
54578
57931
38804
15666
57092
20511
50080
36833
24074
19004
83213
3969
49921
11524
74978
58754
49985
13639
91103
31800
56066
60350
6611
42181
99665
95658
62156
83576
14375
3676
89187
77526
90366
70238
89066
69827
27466
54430
25592
63948
3351
26178
8746
56661
86359
51217
99146
40775
825
98003
86251
69577
4123
67100
17956
22346
46717
22868
80972
44561
52322
40756
70759
61942
16046
63689
40326
77937
54761
23446
52516
2006
58456
80165
92663
48117
55299
58240
48551
13280
22018
7248
81720
488
1615
97510
2321
28137
13583
86069
78953
71961
41508
11251
13835
89537
71439
71150
11446
51533
31587
78054
84018
65746
43385
36890
36086
7967
3769
28826
75672
67177
4685
51855
7596
43487
68256
6806
74722
74693
36924
93960
84287
6405
9097
13720
3169
69197
88786
32191
74749
31744
23707
73506
91686
92513
37574
20833
88229
91904
25603
76915
91555
59299
61265
67164
81189
26718
88909
63560
41981
24359
23703
29947
49189
96976
22227
79691
98693
2179
97860
53084
35818
10801
41212
10019
42014
42772
7382
2042
54415
67315
60728
7121
23669
50606
63870
66950
85356
17843
17488
31906
81157
60904
70011
61617
46112
68817
31857
98702
44823
84205
97520
97355
63304
78565
73549
97495
34404
49062
45843
79440
66891
76346
2065
64912
60292
75207
94615
51857
98820
87688
84901
59120
43281
46471
10919
15840
99413
59086
78944
88247
78520
59651
28133
40609
65181
95495
3964
27194
14265
36264
53999
2662
63976
34712
83689
33814
23771
20374
85123
26964
40906
62948
65818
12012
97310
26778
69622
12416
59709
76160
26218
82816
36195
14534
15834
92937
5082
53272
8657
10582
75550
1907
74076
26694
62748
21543
17280
89073
61100
10235
45548
52257
37878
11890
82439
16424
42141
30878
50126
35590
85435
94908
26563
68279
50922
75672
90458
48207
68844
67344
85513
23281
86484
96208
49195
34961
20659
67254
32084
1261
70942
22093
9433
73599
34871
17179
99880
3963
56869
47847
56404
45061
99060
49631
58238
84220
73511
14755
41648
74084
80977
2966
58790
32067
92366
47147
71086
16831
84234
10926
14656
57352
8912
22333
85998
29008
66056
73170
14612
115
23525
23213
80889
1134
24995
18284
19331
26936
78460
17993
80625
77393
60555
38152
94593
57625
98219
48355
80354
85932
43983
80750
98543
18382
17039
64014
79570
82049
97468
96247
74799
8101
69779
20303
58577
184
77204
47181
17000
1974
84771
97620
17926
68754
49477
37731
53391
48780
48410
85714
36838
25773
18498
58935
8947
12293
68794
47977
3276
38224
10669
99999
67574
37433
81223
89554
65696
29549
59802
94467
40998
75642
9903
23761
18595
68182
18498
91540
41726
72654
61525
51438
65231
37554
93305
34980
97758
58259
59904
91205
45594
43551
91064
77696
23968
10481
9138
70116
55269
4301
75962
30890
34063
45786
23920
65914
7309
27035
67954
44090
33232
69072
33815
48796
7328
82450
70302
47074
78843
60351
84576
61148
30096
74988
66770
46973
60453
10451
45417
84879
99345
87928
22491
86368
7920
34656
45026
38029
67473
72076
65607
33451
76438
68703
46162
12141
98873
48957
76466
33405
27984
43983
24076
11575
79063
13471
47125
51345
6770
22810
93126
74243
83708
66028
63763
77048
86605
27516
77301
78943
74191
40285
61588
76181
17143
9924
3933
20949
96806
91086
90083
74777
63175
9903
52509
27774
75673
97758
69568
28898
33636
70915
18100
6401
54897
71329
99391
65543
96386
5858
21590
62289
96517
46558
73005
48649
24414
62089
69099
60314
74758
3492
25059
77914
84336
70035
44193
4570
44702
19736
79515
61390
19081
33723
85103
29558
36250
56201
7958
96519
72269
79322
6510
15546
34195
83977
21292
71980
92210
82792
43509
73719
25027
32092
10353
93712
245
46807
75767
93907
51464
94762
22391
83386
22818
18730
32396
38644
64012
62164
46215
74959
12180
10987
92797
1858
84317
99204
83180
82472
20373
27605
72172
79994
81096
55629
34208
31078
13522
77812
95650
1579
4284
66122
73406
51211
22311
53942
46250
60952
11497
70632
44625
96919
16384
97620
59416
53963
62403
68460
86471
96951
19478
56745
74508
12013
50461
2298
63452
4467
66098
7373
11721
53684
67166
52479
93854
59690
7695
43336
24230
80873
36440
68163
47374
11014
64620
71028
19107
2810
7406
3697
62126
46111
21789
96133
46771
69392
79247
14358
33128
82010
54198
68002
233
81818
34232
3098
95283
88027
64721
58419
10636
90398
51403
26848
81696
32172
92038
55870
30957
69537
4389
90389
43297
2540
6783
44600
93826
52814
37481
33101
66097
44468
38892
21901
85508
98487
14568
92759
9157
58588
11795
47590
26951
71582
78909
35088
32713
6403
66781
71427
32789
66151
8628
90496
99062
49003
54258
97874
36930
14372
26362
17414
91872
71323
27276
7804
33049
60020
94703
53397
12325
52969
22777
72099
8760
25807
11380
22526
28965
79245
27687
45078
24644
95184
41095
39501
7157
33084
96346
91362
5399
36313
95708
77300
5053
14951
36839
7892
47150
91027
97489
60581
24699
8957
96031
69518
37899
19336
352
74733
20599
77318
70506
18937
68556
21557
53234
66172
14144
76977
87057
43595
57907
95435
39305
12922
46911
85874
51002
38737
94882
70741
54843
88443
67291
38317
77607
63090
94678
68150
98010
77994
17940
83450
98130
44891
82472
42178
83393
76857
25417
6866
84761
55364
85662
76006
83268
59597
68530
91690
76954
91047
39846
33446
8388
23873
18972
92987
15456
91708
33330
83382
64153
57380
80304
82633
98114
2251
35374
20737
55991
74685
48049
19002
42360
91694
61139
54964
31462
81826
17928
31232
49045
53567
81224
6109
58283
270
27101
3702
73886
4674
88085
6605
65743
62045
9183
42554
54184
38289
99060
79984
47869
30099
93382
57226
99475
73808
32526
30308
77529
47808
87079
24205
15048
75426
24345
94474
85875
61488
4086
99698
68260
8639
22960
8497
64834
13449
16586
40183
48718
9152
92667
15264
20190
68102
34710
97714
2278
64741
72406
5538
33064
65661
66327
3862
69195
36895
57969
62636
47493
59081
44533
1026
65044
30553
4036
49024
57396
52259
88989
99132
77480
15059
16034
10207
56438
66586
96207
88357
48599
70249
4410
63263
83230
2125
11014
40705
70164
81709
31643
70576
81284
43221
82125
91362
90675
29457
52053
29834
98417
69274
17101
77205
65881
35914
56635
23413
92974
36491
23403
23478
10552
28209
28013
12548
74748
77440
80639
7231
3693
12949
13479
18071
86118
47903
50389
41429
5621
1624
8210
63708
64220
43019
65259
76353
31196
99933
71635
62434
72042
25083
3504
48457
86395
43549
36530
23892
15541
14539
64982
54703
26529
55852
76516
2300
43569
82237
51611
28001
60437
15856
11670
83655
46421
34353
80512
62436
69518
68301
41901
10520
29914
79141
15403
77544
17343
36137
39577
95680
68152
9508
87590
35326
17074
13560
6581
71960
2480
62942
12865
47229
56833
9182
88144
91490
30179
37722
30449
2527
26780
48879
62397
91392
75060
80444
61335
74507
16315
85025
1826
26714
94876
97656
81639
63274
55416
2327
33208
31935
784
98599
15084
67371
12700
27977
49026
14947
26204
12198
72147
49961
8216
88388
90015
52158
18094
17295
51748
49433
89993
53691
37617
60833
18019
4055
85614
82415
83122
17837
66092
73112
57326
55758
65520
92765
62404
77546
91796
68049
29029
20555
29255
34592
15550
1157
35554
21011
43435
63618
71705
51151
49203
855
1065
10142
61207
82151
64060
69171
15997
20754
24648
64795
68634
46901
61348
27841
9325
85671
70285
97943
96383
47608
95753
10225
8077
21044
39512
20778
43347
73765
67079
65958
55917
56449
38929
89242
78623
93884
71348
19674
48021
54757
9325
20484
80944
6018
4107
60267
73285
42577
59016
83643
51159
89977
60057
1530
34603
41562
96511
44695
30738
10998
15704
20224
55419
93611
79226
51018
17791
18078
40212
48000
42104
52984
6221
33706
87395
58044
22695
97751
94320
18027
35503
49878
7027
46950
15161
9601
92251
53232
73750
70069
11427
63952
93396
63817
63994
55285
63782
44409
21205
67608
4639
46126
14532
55128
80035
44150
68037
82329
2959
51203
20437
54037
9044
16487
41595
9142
21585
67403
92778
16192
93381
66288
8321
68135
50307
31807
19800
54875
75513
49491
97300
96216
38637
57520
45044
90607
49477
23937
32775
39432
33883
84438
30433
65778
34229
68898
71246
50303
5573
41602
74484
39640
17027
88869
66510
44793
85057
65589
68066
38464
53821
17829
79473
23920
46094
55315
61907
64171
17686
39571
8930
68191
93877
41938
4012
72950
33506
25274
21945
10107
76752
20279
64747
1424
88538
66409
3569
77210
13445
89015
84029
74109
56881
24427
32416
32460
28778
74446
75848
49906
36862
25861
78673
34094
87670
49587
63558
75467
27665
6092
57292
2029
67528
3101
28651
14313
45068
7784
84444
54630
70123
70924
75008
31315
2211
93129
38636
18923
76308
34728
33311
93705
47307
62466
71779
1155
23506
46148
51132
41442
11336
76153
4267
24440
3311
31828
30406
70785
65229
44998
67968
74786
61294
43217
5206
58334
74817
58171
52152
69375
84834
64454
99711
28418
79324
15085
9063
1570
64000
33861
89566
55086
61454
50838
51720
51396
67606
15998
48570
72360
84060
77005
47333
94939
88501
87753
48445
81300
17975
40737
46893
50401
44527
45201
43353
44030
43331
56804
29699
40734
83296
20647
63228
99997
79396
91740
81239
7978
26538
64915
5838
88451
73971
80820
12421
26749
17528
10637
19289
10347
36147
62520
19023
59706
9685
23063
48065
6015
26015
30711
23938
29758
67540
46660
9486
19947
31642
39544
36553
1761
41010
26976
98443
93389
9922
88431
16802
57188
19733
69746
42513
26840
63403
47156
72051
58424
66254
98947
67137
10978
30647
92664
94378
37452
66671
93587
40856
56944
44338
2999
41980
62722
4786
32219
12965
2299
48223
64208
26804
75329
38544
67279
94781
536
65179
33424
77633
29577
47168
78887
8861
59438
64473
31944
44587
73828
62373
62130
82530
965
57778
70308
63041
75274
99201
31415
37377
26356
95945
8312
82491
50677
4567
77531
39547
76368
42265
58579
66335
51861
43797
99448
11252
51311
14779
83006
40646
9588
63097
50089
48250
75467
13790
79534
85003
34736
86331
60454
81419
25222
44874
10934
29505
91535
21118
44928
58966
32221
72005
4559
86844
25160
68523
6087
4915
98866
96740
25389
54790
92298
36131
18050
8527
17632
99553
89975
23084
34759
35073
67335
5665
7061
82233
66562
92502
48531
85058
77394
16344
76783
94963
27992
54055
98028
40960
13819
65572
22115
66243
48208
50472
163
95577
82272
40263
90893
70507
18587
2733
95441
61361
36563
15139
27725
75524
48812
69974
72990
2421
99172
97151
39751
27261
10351
50808
11845
62035
98267
49161
12362
31679
55837
25084
53517
64611
99359
42128
53464
89187
42820
95832
95886
38224
91618
79187
59987
1495
59979
20582
64266
66141
66817
62481
94752
95591
41446
71981
79868
93153
83414
17444
53507
15809
11860
38247
82149
58029
32088
70213
77197
44761
27592
85858
55512
76043
78436
8643
50644
79137
52372
93250
45619
59414
85057
66120
16431
75992
95353
61677
17056
35448
20795
35882
44939
98866
54980
74341
87617
53381
91169
26360
86455
67950
50340
16038
89004
48481
99329
24648
42460
86098
94818
3138
47093
52300
14480
69362
29985
425
79611
20900
10283
26607
78916
58118
51960
14086
14994
51780
69814
69348
16887
30182
49775
13459
51464
82875
84759
84739
42764
52152
45502
94767
63942
27260
39477
23235
46872
49495
30540
46059
75690
99928
8210
82286
17363
59519
74831
83025
37672
79981
5859
96957
72516
79118
22695
65727
74038
6749
97914
94716
58265
94031
98908
13760
83590
44650
69359
69940
97963
39789
91753
90434
2052
79043
14405
72253
84207
34002
10605
30288
90823
25367
95371
9858
70165
89993
55328
56747
88790
19374
39681
98880
6566
82275
98914
6071
89710
18149
63304
23874
52595
12557
38057
62183
26119
79151
2934
22840
34912
12661
57962
14801
5809
23079
40215
13422
42552
36023
13985
18787
72181
72751
6071
61606
48746
63078
84661
41192
27945
76886
37356
67413
97490
80712
51776
31258
16214
85116
89019
97915
37435
37663
63821
1837
18908
76127
96315
35059
36447
37268
61610
70240
95585
5612
16778
84311
43886
44593
75827
87372
50411
7680
30386
62618
62990
44228
43474
13111
96227
75191
29808
62977
44256
57000
3811
48249
89626
28926
70791
75917
78348
80594
52698
21720
86863
8111
19286
35567
20684
88957
24534
65360
62215
57224
38949
52334
84575
47840
22546
89653
18014
74277
14514
45943
59528
23754
58739
50564
37032
88338
67993
40909
18654
18474
3196
28603
77112
40251
84113
64042
41662
36539
55705
77865
99097
24835
77074
48619
14698
47905
4177
66106
61387
67628
44698
88921
79977
14521
95784
3615
9139
64770
16344
74730
58296
98974
80935
52962
20380
54739
8833
57955
37594
90866
68875
21048
70996
82056
3664
5540
11123
61886
87382
9057
24736
48062
84514
28385
15683
86498
16754
80348
52549
26273
24616
92914
60561
25981
24507
84126
90118
9088
24294
39424
77421
22968
43695
65804
82713
6393
8746
59414
2588
15247
57810
62901
45878
32047
41876
75244
64608
34612
41097
71460
11317
97012
83673
33798
18896
79681
529
49355
45001
56104
35574
97366
70291
30965
39375
70418
88945
35582
61361
45255
61874
44100
58007
3524
67100
4004
92734
27727
15797
5442
24778
7613
46130
57162
86080
32474
84550
12971
40918
644
50096
13016
79477
51272
10302
79035
53631
35724
70178
78072
26528
70942
84086
952
86669
48509
39559
18268
75139
51194
76324
87757
7711
69933
17860
44431
24540
26497
25688
33203
49574
1307
7298
62712
91868
67455
41737
54613
32330
62423
65142
66008
75664
94867
14416
94691
28916
99671
49778
57416
84445
82679
405
42825
53191
27847
3263
16371
97741
29832
53807
77421
19730
25514
73659
45957
74946
18523
87364
24337
57557
89370
40003
17589
49751
42193
16645
48967
11862
9574
31659
89834
19875
81916
94081
17232
80835
87767
81234
24596
93508
71202
57874
84072
99495
33562
51513
48129
13771
70393
38638
90839
26951
7709
32041
39785
64665
85145
23398
42229
8373
75701
30170
28381
1798
45573
63445
62221
43133
87989
61779
21418
55247
18308
75263
48625
22395
67674
66378
25349
18953
79403
67295
22401
36706
28670
9890
97784
4262
74688
64089
5967
7255
54719
48616
50115
5678
85075
81192
11396
58140
23076
41150
27454
38489
52051
87541
21975
32392
34749
80960
74098
76993
46111
17512
47822
11566
73501
2070
96990
98932
47371
44203
18321
65561
33413
92310
67442
98566
727
38708
55990
65974
56025
19777
19772
88945
76366
61687
72690
20366
23569
26624
18083
50386
74369
66636
83439
22239
77749
43075
72800
72320
22837
47506
29322
7612
3521
88476
75013
24567
5686
24677
41750
45636
68352
20983
42677
25721
59913
60206
23289
77681
26275
61329
73562
55796
79801
78021
14888
7782
17287
14316
1314
89702
94375
66951
22785
79041
43596
92922
6376
69842
14114
34911
89667
88238
30107
22590
46674
14411
66855
16108
21540
30453
51490
14909
35292
32232
71645
26749
95567
94464
82067
78984
91402
74634
96910
42578
68908
38797
26378
90296
2562
90054
26395
47918
47231
61096
64526
26821
69341
30717
2443
64027
63042
82291
34892
84440
4491
14998
69079
9169
46228
99261
11753
52391
68147
16995
83910
42031
35537
18684
6539
42650
88441
42315
43101
9592
38216
91980
46285
50074
60428
29249
79953
20027
64613
72789
13332
95277
32371
58297
91637
58038
52535
92065
44061
15731
81348
54470
63813
87856
6551
10174
2870
46975
42452
51676
61652
35901
35556
11426
4973
78740
3046
67534
79263
70507
92332
93063
69465
83278
62360
39073
29705
65590
42909
30757
94865
55420
91885
70675
89454
35111
29342
4602
30915
16113
435
59464
86863
62307
93018
9003
49386
64908
16302
11986
3995
27571
57819
18057
25292
72005
47773
36912
63888
13556
16154
13327
17932
67925
15899
87528
64601
70667
29896
39595
38401
86019
80232
43607
12508
56194
10778
18097
83698
98923
88457
76992
44198
19010
30832
961
14854
9791
51614
77665
62720
71638
55130
26316
6407
63894
84398
49859
9351
66002
13957
84003
77553
17070
54063
39696
70842
27101
98684
99485
22600
10248
3632
70561
32411
25141
58108
83247
24938
76663
96720
96721
66076
87826
74627
65326
54087
73712
61510
60886
33018
57281
30907
68521
68077
73558
17795
73017
54490
19339
27531
92708
37686
39482
35161
67407
78820
57205
51615
52796
37790
31740
48126
18676
24407
139
19141
41386
20347
90107
18159
4967
2953
43644
31636
16899
62383
79591
59733
82568
31534
23653
76939
79436
50762
91836
74577
52913
3172
61067
9700
21784
72445
28020
47686
19697
6258
12306
5241
78199
8685
93757
99671
30445
56610
68330
65542
5743
59680
15747
62036
87953
15272
47162
9664
40508
40933
22135
91296
38057
22993
86268
15872
86613
62018
13978
13056
82026
12865
29215
84263
14044
87737
87619
33398
39584
2329
42056
66711
46559
39663
83785
45781
60104
3685
77340
73347
33426
56837
25009
29523
34348
45805
82557
91417
38099
56754
84750
83115
68815
52882
18061
30164
62219
79610
71046
41445
95607
35528
76755
92148
46134
27889
17977
18893
16292
5414
1869
68801
43619
65582
91559
2340
84648
33921
44472
16144
39354
95467
71556
45316
30122
59723
54018
33135
31658
84929
92208
66280
56843
48298
29832
8650
79465
96085
88646
83013
97546
55580
2278
28760
57356
21401
46632
46105
9277
31295
7696
82934
78980
10354
6366
21555
28122
38363
20842
69208
39594
40351
30243
50464
25314
63009
5984
40695
98837
99919
22458
98660
35764
52161
41308
46151
48467
51740
34020
80038
18615
22107
37826
24062
44086
25175
52275
66517
64551
76517
78410
95198
85961
51067
86240
1448
62489
9608
16339
26043
60271
71940
99955
25756
88142
44007
88056
46395
43694
8668
12704
42373
52731
25606
99327
90445
9293
32164
3819
39851
61985
23846
39836
57341
38450
91093
52593
68158
97961
95880
31556
3692
78823
72765
35286
6343
70076
9115
12061
61047
47163
34770
66624
63713
23610
28246
74369
31322
75369
80274
57962
39281
73993
54832
68083
35918
5508
33856
35800
95977
80565
26124
61621
43974
80937
41539
87977
51990
15672
53798
23506
89869
46435
38197
89169
99398
51833
28407
48860
4915
25706
84199
33925
63462
71633
39282
18243
8597
82050
63749
55692
91019
82127
99476
66929
20048
10697
15801
91669
67391
54479
34023
62507
26632
50336
5163
17862
53095
27966
74544
94227
39579
79974
20314
17323
74818
59770
52441
41112
37689
8645
2472
55943
11632
26488
28634
4635
9310
72882
18663
29234
22384
34561
33245
57677
58710
25158
5319
47068
88104
62312
84541
58814
88938
83473
89
14448
70018
68783
10320
89894
92720
23069
79521
11212
16898
82876
39531
43451
76980
61933
25585
51150
67317
43791
84330
15250
4998
11592
60732
29141
37825
28512
24671
578
21811
27118
77483
90700
29618
74249
6138
1078
87766
24663
80108
34898
98827
63890
34950
97420
98998
56167
98197
89725
37240
18227
39208
64100
38737
19909
99289
76922
58301
46295
71482
76315
97379
44904
74686
97821
16409
79010
63822
50587
1057
87709
48113
41477
76187
67355
76923
92064
84818
24662
66828
72110
30828
9446
76157
18448
22709
19656
86235
22029
42496
46242
28316
692
63697
98397
50716
10468
2483
42357
98369
42815
31143
31379
70884
94105
31210
69143
45835
50738
43317
59887
15833
33613
41919
99839
18947
8668
4483
8220
72519
3820
74398
29128
54071
46697
15917
78323
93856
56963
87138
86106
21510
23609
29959
13464
47062
36940
98574
7455
92237
80156
36044
74551
8769
75332
66980
65577
84789
99489
33627
3928
54150
60813
8710
79264
44995
67703
66726
74619
47326
17808
94302
68265
44219
20950
79388
89706
28952
71235
56670
23844
52307
22966
5833
53341
9134
76273
20745
89326
95362
367
24579
78320
38525
80241
17619
37148
10086
74339
76226
611
29429
57659
62206
79462
82456
16141
10275
77280
17789
95338
53338
95656
66990
88939
39297
10679
36573
38433
14615
44928
81869
41627
6061
16916
55541
59279
33678
21915
66143
95167
66908
78646
87615
55839
60417
28609
96596
70140
80173
60838
59231
84693
60401
99104
68344
37685
76899
85747
1086
79374
20987
52073
92259
91005
17580
26304
38912
94521
61857
13606
85863
84785
21032
25542
18016
95720
9413
55098
30948
82606
91270
73990
45982
69687
17698
65716
12359
58033
38380
46263
63037
53707
22454
99720
54635
72285
92528
668
92876
49971
51808
30456
83191
59139
58320
72046
87299
51274
59533
40861
79799
61545
47158
4485
35996
68191
28235
49587
16425
29563
47390
45917
87745
80691
44253
30772
72991
69998
64609
74459
20979
44431
67177
84960
27907
88476
53412
36596
42154
4332
86977
67718
53307
85747
88683
98175
76451
55909
16130
59100
6887
55263
53034
65007
49088
5087
9762
36919
28883
97769
75947
67657
63646
39782
62346
27305
53348
4849
60123
90402
27988
5889
61536
85449
67444
27809
8083
46052
43641
22212
60486
39505
98959
19952
50142
94244
56941
77841
19797
74470
3534
13547
42509
45861
65225
639
79454
85698
27413
66434
55721
90642
48744
80318
18239
51876
59863
62734
16236
90169
22962
29777
89686
19959
66361
9959
81408
70569
69393
94164
71886
54577
73953
2484
85062
11845
56044
2465
18691
50004
52042
20672
66674
43817
58775
47638
67089
33772
23403
74919
19514
88610
3637
71860
6279
1826
39564
70720
44089
53248
35825
90765
74256
80712
64312
71792
25007
61845
73580
56157
26490
68469
76814
54057
22431
36697
75034
69381
86073
98219
56469
80677
68844
66516
61071
87730
49495
44664
34075
74907
63895
88420
8223
89075
79832
37363
22254
9501
496
53353
51923
30686
580
39110
94373
82618
83440
56968
87336
80503
68386
15796
98614
14046
74366
91318
34203
44292
11869
63911
82571
78395
79729
35254
28118
61987
55324
59236
61806
29960
79989
8735
57578
62463
59260
61826
62036
66965
19903
1681
49437
83671
50198
29867
23748
11908
82011
50616
88459
42042
14643
88042
34733
27660
42360
67800
27716
73386
54108
94137
22768
18252
443
97342
16134
7127
46673
41610
16908
62563
69052
83368
32297
79834
72498
31423
39608
94705
13620
67116
21991
81401
90918
59696
10494
15358
3554
18468
953
51504
65217
64484
38407
31831
21321
1155
34164
77737
89322
6418
37575
16012
70461
81499
19453
86024
57512
15827
45831
63745
34777
92202
78906
48735
14250
120
8414
14464
14689
4356
14879
59925
8630
84626
37225
85796
87847
53158
83371
71128
38514
1200
32833
19518
10562
34888
77049
67459
16850
64125
47076
66632
28026
66137
13147
69745
33444
38314
4817
18445
44644
31236
9889
21396
52696
68402
22805
97865
9296
22550
78342
62735
75056
67405
46824
27701
59885
99254
6914
10123
1874
25305
1459
92330
71836
18255
16503
2633
83909
58938
22385
42823
96312
44824
22722
67610
6383
89921
22321
31745
36028
28081
86868
70430
73846
63965
17691
31746
37318
59462
98555
33221
41553
91448
48226
41154
97350
72393
25387
99040
38765
9453
33271
57123
99678
47974
27635
79409
88522
15317
71863
63329
7213
9022
83390
54496
39912
80442
28699
41402
44846
96566
51441
2583
71960
45259
74200
52485
91118
30803
60200
57518
63778
90396
16130
83274
85335
59453
71655
76321
29012
36064
45286
26008
93915
98754
22492
47672
13651
26621
90756
4872
28040
65152
81745
81904
1090
23640
64671
19049
17847
37815
72540
80349
75939
55436
18704
94510
67257
26289
85950
86054
84667
77142
62670
21049
12593
91886
6274
77151
84213
74908
64913
41146
40387
2234
61993
55858
49642
902
70731
71434
32509
62540
84279
99505
70827
12515
33479
58720
94817
30725
60496
55633
90591
94362
91875
81220
84535
31099
40120
60903
66055
13095
26999
5160
97756
95658
59750
78508
51908
24441
35299
29805
8685
23662
87771
40600
56532
69707
83315
69273
91550
44942
28743
50848
54373
49115
28512
81854
66836
14625
82564
11806
18159
66083
44247
92928
16355
74752
1798
5621
89433
74765
78824
54294
41901
23205
92488
43101
66056
66128
60984
98759
75231
22130
43415
66439
87697
50773
30107
78725
98603
61675
25173
50128
85889
28248
84130
779
99315
43003
81017
31
29918
53142
74259
4247
55210
82617
39488
63555
20633
71655
29178
24886
10314
14776
8803
34723
98843
33657
52159
88009
54569
6885
66573
84923
97716
52599
90666
76316
49737
24389
23634
96730
79932
29433
43585
98230
24932
35032
42788
346
2063
50427
63476
85365
65330
59345
41823
37902
71097
52965
47913
16629
38902
29518
59594
28708
68280
28714
90865
44294
26036
49796
83726
99447
46438
68536
72299
34513
2930
54544
79380
69869
86453
55524
27600
9123
77403
33000
39255
88570
80052
14736
89415
36602
7794
20658
67657
48468
7136
48527
87741
6915
83510
16831
43635
26346
74220
53360
59358
40197
94766
17991
43937
56
32465
54879
64233
68130
11182
9554
61064
30786
99896
9100
2429
73840
44391
70105
59662
54022
89751
45928
36512
65732
57786
49410
44183
18547
55094
23207
40393
82888
92394
8839
63444
48949
6251
51641
63832
82318
21935
60592
51040
26967
7937
87317
67308
27712
85515
18081
21972
16917
36178
4971
68673
97212
8209
22186
37616
16630
35471
43994
51181
38773
98363
82098
75719
63672
91503
9091
8339
56901
83023
47987
89115
52013
28878
24765
87799
86070
63380
5009
12034
93234
73992
37164
80753
27378
7587
91953
80685
99423
55862
4250
92018
45106
36846
24022
63085
24930
71352
1860
11764
54553
93499
53115
43629
61775
35773
32216
26106
14037
87543
16531
57072
3146
92854
97118
70112
99459
50075
83657
59026
91685
55401
48127
67653
99450
96886
16033
20831
20829
6173
53052
25621
85244
17816
67019
25363
76913
49791
62543
67147
62606
22329
9290
53355
42942
16797
18493
66107
76851
70528
93443
3864
13381
77515
7206
21241
46639
18001
91825
97745
83007
64267
45207
36738
62117
33638
11910
74346
16196
2959
87067
83002
89769
43084
25742
43028
63703
13929
70223
97829
78950
26267
92561
60065
93736
20450
24360
64221
83291
3340
52889
41681
16170
88151
97468
43038
38189
33724
54833
88217
61342
1289
11957
50029
60461
25806
18772
91237
70396
13766
58565
55209
6942
38549
88630
3244
11916
47895
89680
6436
86377
44851
59629
96524
67314
94313
53880
98365
48606
40205
26514
76377
78659
77955
41145
75850
81771
88718
61511
7644
67500
55368
58211
38638
26401
5860
27682
46724
24123
79827
48811
99718
93171
71060
89782
7166
66226
93799
34450
41114
63892
9310
30421
66289
10798
441
14830
46558
31071
8569
50120
99846
59053
58470
279
28903
99395
94469
21393
59508
96017
87277
53398
77741
96470
13374
58514
49937
38618
38237
27317
86976
61587
98323
57319
43967
18879
15882
43023
74600
59998
73198
47172
5880
79584
62867
24037
9733
61817
73878
54160
8089
87262
46033
2643
48504
10435
47093
47411
31382
22877
3595
54955
22696
29637
93185
81393
61196
38665
52314
5579
79212
73452
1445
30254
78917
12122
50374
52333
90406
19170
26644
14400
92573
34503
72150
3208
47149
12378
90470
58518
84176
88184
70859
9814
42788
36283
82203
47330
49860
17870
37624
49037
70592
28191
74094
51349
57806
50474
52141
12920
96415
8110
15934
60700
7812
20621
30731
76269
41016
10405
39932
26255
88986
99340
88992
72769
7646
65041
26312
65136
20602
50297
45303
87331
7694
11443
47450
2523
73967
18473
29028
18514
18937
82001
58671
83729
20785
16334
943
21312
18876
97000
68418
27277
43714
27741
31156
58450
27107
54771
38753
36639
3967
87415
17519
44985
14956
37605
40283
63747
59862
16790
95806
76063
96087
81722
92774
27922
91921
11331
70581
71268
69913
56135
79991
36723
39491
84061
28112
81201
22132
33849
76905
21117
66107
17808
54862
97553
53904
43034
28419
85385
52938
79887
61426
12900
95240
41492
53341
71990
85331
18180
71362
59083
42119
28120
55932
98363
61661
73913
59362
78336
17871
21376
85528
74161
24469
7103
21564
47277
7658
22288
62292
689
51764
9425
77262
29991
47671
9564
87278
62127
63161
6895
58293
53623
55681
23288
923
64612
2427
50569
72138
60029
11155
83709
54393
59436
24874
62362
72050
80531
17646
246
85173
56962
51512
61147
53201
49924
26563
42493
96550
75595
12080
41532
10951
2089
27793
56084
8072
38468
29905
27253
49232
32816
32028
71590
65659
82883
26163
43431
22519
6816
77171
46052
72004
11546
84950
25737
10291
31588
45847
56436
74752
79334
63444
29070
78680
7188
6147
68458
46485
74377
14150
52809
23385
78069
12982
29368
57344
40386
71584
47837
74361
62667
12327
30217
73345
54872
9042
5191
41702
76013
74561
5161
17366
12179
4809
45842
59606
94801
49931
22921
86570
1882
61977
28830
92330
84403
473
53011
37508
89226
63906
18263
27891
34487
96709
11739
62735
56012
56698
91366
87582
68916
77928
21976
88573
71806
61863
44749
30988
46490
54972
35802
84176
29309
33613
78987
266
88425
7371
14343
2575
14449
39837
95304
12440
71342
38879
1297
76526
68660
29920
95724
2571
29535
96136
60172
51120
98697
17279
80138
3842
28698
34650
80301
89696
45505
56847
51469
84321
24143
58405
71954
55849
57076
6901
90487
58566
39050
43049
79959
1976
62023
58456
62543
81855
15171
31750
46534
51694
55763
29460
66364
97724
78724
69228
30987
94808
82680
50468
48980
28282
25388
99242
7957
47863
61973
85402
24470
8188
76242
8738
53591
28802
2758
58266
86965
68004
65051
68448
47969
47087
95536
84009
72141
17856
10633
39422
18631
44351
26541
68451
87880
52565
96075
33345
22592
97530
34004
75544
1309
31756
83507
33005
30916
7042
89694
41884
58330
18341
63520
65650
13789
33302
82941
70314
50651
54324
70199
33069
42017
14545
54430
37166
2363
75753
93917
94294
4224
16387
35382
77750
75969
44950
61873
93704
95668
37787
8185
42713
56396
98886
40958
82138
2336
50440
24943
59687
71990
80436
89711
44888
85873
11366
92856
87031
28531
68843
56741
24900
90213
9401
18777
91844
9326
52529
96421
31547
98221
96058
98046
72013
35100
23677
24961
98762
93749
59723
70903
74937
82458
29259
98959
70896
14319
54708
2174
86278
42500
46630
66372
76742
70702
72078
7019
24609
78003
38803
98598
86645
39338
93904
98249
29139
50340
1452
13290
43334
53893
90163
78897
97176
31010
77639
85320
75695
86981
16988
72633
65759
53504
42400
18441
36439
68948
18226
15677
15338
50070
52476
35931
83753
98032
1857
28360
22089
19022
69760
80914
4861
83379
53224
1292
31774
34450
88075
69347
45026
22493
2483
78049
58309
83382
13069
70948
35390
3872
26564
66064
49856
35141
26347
41566
64121
42275
58447
91071
24651
49331
46920
20593
17628
89208
97824
60455
12213
75209
41404
88667
61682
74497
95434
18194
98530
77924
33761
54870
86764
88965
2443
22252
85331
35044
8211
17716
7138
83537
39493
14577
76495
37145
68747
10721
24169
28964
47496
97261
11946
96301
12696
61100
16030
87336
914
30647
4406
3058
33406
26190
40950
85492
71187
17898
3897
56061
24753
90264
52692
20797
20210
70089
6145
74604
89273
29189
14817
22404
43366
984
2946
88635
44305
11241
55420
99906
30360
71958
25994
54814
20329
94265
95224
23679
1062
32217
85973
8151
12542
93273
99576
4252
9205
81786
16296
95406
83009
99964
96612
58815
97701
39157
88593
64169
9714
14079
18170
99190
21938
55332
10409
60995
7387
83088
95498
62046
125
41198
14548
28069
29135
68330
97543
90336
55137
9988
24561
15633
9879
44113
20177
84987
42298
37595
369
84022
19731
74198
71224
87620
48861
8818
53410
16825
60599
21690
45213
67289
42185
8044
30187
6452
32471
2631
53373
70911
70365
34939
94515
38498
53954
35855
51252
98233
46087
74107
19139
22705
91224
7734
60930
41959
71774
16482
47316
64442
3020
6430
46538
32111
70971
2142
60206
43228
55276
72372
32743
11464
93771
16620
8564
87807
95181
82814
30704
33405
8140
38037
50977
95110
81848
84187
54375
9224
80511
30550
2454
69998
21432
14905
64138
1560
44058
82758
46482
91330
58790
30417
48415
65071
27330
45940
68820
58145
36295
8601
8519
71266
14603
52937
19521
59831
2900
74905
32420
7739
29568
14176
36096
74509
11640
10804
4691
59899
87600
70857
23844
53442
89898
85271
9799
63141
31515
17854
95841
59075
73442
20259
39985
39182
93763
72753
47025
8570
78968
10286
35052
58082
11617
65354
35869
53249
81784
95732
47770
22936
77319
75502
91772
95421
79116
11659
14637
74361
72061
6670
98543
29986
188
41974
84988
62948
94659
48733
18508
29942
36158
47938
83043
43471
7884
99012
27343
91194
23744
96103
48102
24498
18240
19968
47929
95061
38276
24938
15075
69153
77807
51443
553
74885
93787
8829
71741
22313
86899
29673
49337
56271
41190
80716
81133
47673
59139
92371
24863
61326
43759
23934
81912
66868
48728
65684
17570
67952
35319
57763
89947
19242
25304
9544
79411
90115
10678
28836
18182
46390
25165
10494
34856
7162
51528
56325
59736
71478
44253
25620
53592
67798
95089
36766
62441
78390
61995
6494
85499
78579
51070
60493
58748
40797
29917
30366
5645
1190
90386
2184
60056
11773
64264
75892
22036
7551
38289
98263
41606
76952
11902
78852
71404
86240
51615
54537
31219
4740
76952
7074
43511
21551
87824
47686
28340
27135
19838
24986
64363
14445
32427
11436
15129
22550
58888
48475
10755
58255
29857
2685
32849
84258
95116
95191
23220
45003
75478
92597
72094
50952
10920
60281
81873
25642
18962
23317
90834
73217
53298
36202
24040
52280
6562
13582
18174
2464
89208
31325
41724
82286
1576
38379
28751
79051
2318
44302
70757
20917
38749
35136
79635
18784
22897
41264
68261
34828
70802
49211
19087
50039
50207
87382
19342
75338
57738
42663
76622
3709
38912
99680
19651
28505
97899
4787
69404
1591
22475
3335
61560
40585
81392
48792
30045
97996
56803
60473
49640
80061
92359
94808
13714
96295
51245
75329
22258
88588
42708
78299
30186
51222
54046
38604
73143
85892
80461
9492
78858
39037
56014
62841
69226
26070
7395
6958
13051
59476
93575
92767
53324
69176
88922
3073
72422
80245
66603
72745
5412
98238
47694
47542
61722
40380
81374
36338
23325
63554
87481
33557
7752
53343
90462
28388
15047
23130
87277
65008
34150
55164
51678
4705
27854
40255
52534
31078
29909
62459
98800
52816
55822
66353
36818
75273
6027
34722
94256
42206
87391
4885
50438
58725
93802
91002
43906
18278
69795
19202
2672
25933
75057
33381
23057
28537
55521
6007
82925
40221
93912
53657
57072
8361
33136
58144
74940
62365
45288
2348
71887
32951
89167
84128
80470
85247
18437
73391
54832
34378
94948
79488
57875
75943
30677
38646
83913
95639
62522
37676
69180
88555
59811
95946
85689
66754
21029
38735
66996
69643
29312
58842
22065
75538
45222
1052
97840
32449
27079
11468
53661
23269
49893
43952
81804
4891
63727
88167
1685
63075
56758
28534
6372
86726
83332
29625
88049
70419
39112
69110
50186
28024
82254
79461
61302
86313
29000
25288
8664
28781
53170
55669
28976
16448
34155
8480
15098
33759
2875
287
84065
18439
87605
68009
85876
65190
6458
43906
23405
54937
35327
44233
12037
75920
99262
50922
1654
57829
25452
43821
73954
96534
12279
75284
14059
62494
1089
93726
15610
61751
80489
85827
51285
57985
77463
90675
6544
29306
34798
96151
17645
98760
88982
40043
13447
6622
14137
61984
14697
57644
80650
63660
22826
16354
63554
23381
20872
48682
2620
42146
72510
13853
10218
32360
38656
20364
67119
87484
42965
55090
39603
26826
55426
89546
83677
52453
70498
48243
98404
50355
86916
36858
77650
52926
14225
98455
71476
51720
90630
48303
85016
53586
72722
97863
484
91605
45597
73139
56295
54305
96274
35043
83868
50068
95795
63249
60637
44639
2243
74414
26584
34060
70615
21659
12434
80650
66202
35530
2436
15096
8560
91126
52710
90319
49569
9667
15527
47172
17576
39506
90940
82164
89595
15244
72659
14733
30553
62510
6946
24395
74523
76811
10202
59947
79009
90424
48274
28325
49805
49276
948
7412
15548
67164
21986
35762
66752
489
76896
68144
4391
49080
34258
98331
37622
29093
22548
44382
20086
780
58143
8182
78522
62260
50116
50496
62066
5466
33600
87240
63515
48538
37711
89789
57958
68676
84866
13763
83558
13089
13296
57530
12022
83942
29154
65474
92048
74639
9049
49977
71427
79913
85785
11270
66344
31272
70718
43466
745
97394
86927
25868
67456
48970
41153
4311
30613
979
58237
18458
41660
46610
60314
96904
28118
56570
11823
83473
56804
35440
92637
15247
89734
52576
59046
75360
49472
38843
28933
9386
21276
27834
63035
42467
93175
97539
47503
85217
35122
55201
33082
84045
37182
31079
45197
91444
45126
5831
43446
81144
21780
51995
2732
13435
23982
2048
15922
58513
2319
51116
66175
33038
63024
2556
17449
9914
64551
93579
95092
93469
37627
98651
70455
28277
54327
91892
59554
4615
42274
82798
6692
10264
31558
7508
7618
82016
30547
26586
23301
98217
78078
22713
24132
83237
97341
97605
50063
11595
65648
29846
59967
20934
85977
9735
86858
85903
32815
55675
61399
56396
12690
33355
67748
54421
5990
71678
74605
89130
41296
8613
67066
94384
43697
2178
18065
21853
80708
42983
10428
54846
94003
41316
22315
60570
1598
43996
65663
67697
54273
33304
65552
51115
60952
28628
35992
29748
69148
7506
94891
65455
94433
52161
15964
30876
87907
30831
78597
16032
73264
77532
30244
66801
44513
41267
90795
40442
60732
84255
43214
14862
79771
32889
37773
97788
98568
49375
40563
70818
52995
13830
89487
54444
76534
76015
37614
68608
86654
88418
53605
68480
9698
38158
42490
92279
41915
68755
69610
28382
54791
48181
89626
14943
81840
4149
94149
17998
69424
95306
4072
63749
89735
43274
79226
4777
11353
33266
5546
32383
14822
1195
60226
31509
15316
98749
57123
1652
79835
32074
61490
69305
37534
65004
15335
99978
30689
49436
41348
45124
95491
57290
77833
78632
68938
10205
50217
75569
28114
8162
37418
16076
99896
30754
42175
76393
26670
14247
16652
56645
65340
46040
85572
34063
61354
75355
54341
32329
91873
48608
62508
54283
89063
69540
45012
53156
1981
61417
66287
4840
44157
96041
74751
23490
61465
84781
89560
57389
41559
37541
89184
41539
21007
14302
63211
82357
34360
64012
11868
64172
57337
56125
76135
14876
34445
11230
48754
93176
74586
19317
18098
5639
34451
65964
19708
81051
58024
96484
96316
95657
60238
88835
8325
42769
76828
38766
85866
68876
37293
61986
58064
41843
45576
52256
2349
22103
5790
26410
39870
11293
57598
33380
81800
82018
86757
23732
98580
79621
78926
12454
32625
65657
11511
70866
32460
27629
73607
9570
76122
1759
81508
96938
46931
44376
64465
6458
51917
60083
18358
47366
25248
67781
14576
39480
99673
77855
75260
94616
61675
1674
50031
49947
26619
92993
88914
62552
27011
45608
84942
58357
52675
15590
60833
21217
60046
26865
84242
49680
94550
14595
27895
41310
25697
91099
33034
32939
65179
24096
54788
13483
41095
46031
39221
59706
23651
29020
53866
88720
32579
82322
44769
96878
40711
53448
90363
34479
60361
60843
54111
1301
39708
45783
61097
55190
6526
24103
59236
81727
21327
67543
77669
70162
10336
79512
52750
29059
76985
82758
63120
16534
73476
76648
59976
12310
20020
92409
67701
58935
70265
86889
85013
15397
75640
51811
24370
50543
56603
99043
17918
60190
56536
17974
65620
34587
45342
68280
28771
31941
9265
38901
31484
33183
74015
98712
34759
88987
69174
14039
7640
90631
77187
51597
75933
11848
5170
37023
7382
97999
77315
63407
3517
41482
9883
43896
97241
21294
11946
73988
16024
90503
97366
10643
52750
30353
53536
25608
63038
478
11564
98341
15400
97873
86608
4665
83868
74591
24373
61545
37339
16459
46572
648
72109
89711
74088
60067
80490
34776
44679
13306
43074
10807
62443
20225
84442
42113
31050
43869
9389
23476
70718
1740
91536
92276
5661
25754
88473
16082
19244
74056
43207
48293
51055
27868
66931
50678
13875
55088
8055
41815
45837
352
72706
16957
44289
23258
52644
66739
39982
31780
25205
77445
18460
3156
64136
79666
52560
4742
65008
64017
30239
59087
45525
34317
38525
67637
14301
51478
1364
96806
47107
69636
56490
15150
40160
89103
78703
18648
90260
19404
16794
75217
45053
76851
70648
65724
69552
8865
70067
51574
32326
16868
97639
85220
48340
8940
32896
42469
29158
64967
13957
65894
65727
87074
24845
20540
81971
43662
40885
37936
16778
4665
325
45530
13086
97429
62316
6784
15694
54879
81830
99901
51503
35361
5858
88093
36006
19941
43315
35016
13233
94593
59227
49160
74077
96504
8248
89991
25179
86201
47878
42132
92353
63860
82716
32963
84977
63561
84072
12566
75895
73787
96832
12049
64166
61889
90478
4888
93714
54144
71270
88077
76356
4462
34826
72468
87962
53631
58214
31093
83973
83125
19126
24008
64727
64803
70391
37333
73710
1622
50307
79613
1452
90356
17204
47186
53717
30479
68304
30206
57391
58974
89759
42021
9047
31451
44455
96240
98285
50862
62740
25584
98149
33095
65103
87958
40873
41277
44388
39903
52574
88170
65256
57958
22337
78460
74700
41501
87443
13088
46433
89160
82756
6865
15545
29767
21562
68837
91954
55732
96100
11011
42022
54400
71814
91778
383
44294
51961
27492
67834
39938
78890
98222
35894
86732
35773
48031
11347
47129
43396
57956
78608
15528
9641
83472
15290
91808
79490
3192
35273
95568
36541
63653
64659
9410
3505
81171
1239
51923
11776
27382
6272
51804
72574
78861
59586
1442
19688
79558
71134
72203
10422
83916
64102
59996
79147
53037
45710
23533
36352
10339
212
72546
85223
40843
94289
71022
95520
29516
73459
6787
15915
20898
67381
63258
58690
37161
14166
64091
95022
26546
34057
5565
97330
19295
38519
99733
17153
13908
35537
56213
32182
90848
88388
48686
61285
44980
45280
41224
12287
33813
83313
55457
69424
34206
91235
17449
99076
72041
30684
13573
84937
61577
15587
19923
88125
57510
13453
79821
99445
43554
81752
86013
18939
16893
70280
74770
90566
27197
44902
88859
62854
17970
70070
38696
18736
82496
53823
59103
17361
63358
54237
19155
85634
84111
43159
96190
87293
59040
30639
28875
56608
414
96337
28427
86852
33599
18952
49712
64554
80778
78438
44330
58602
59199
75327
12716
22644
87845
25077
88865
78285
3773
21425
20459
80069
45310
62794
87313
3745
25401
61943
3353
14663
79938
9781
37158
49392
68362
85007
74209
60841
60257
29342
99808
97661
92203
95179
19913
74966
57337
47513
80407
43317
5961
16697
56313
92415
73046
68507
59711
87831
93213
97062
4674
52759
65888
374
17982
88465
62010
4371
45930
85332
32293
40944
68135
10645
90465
30258
36929
70303
71366
17936
16190
95710
19106
4698
66397
93468
99042
7095
33291
25695
3266
24641
72314
84690
98186
98204
37172
40247
62221
86376
7797
55733
57386
70717
94224
35789
49000
78647
84879
4527
67317
63832
79026
46772
91678
64670
60043
12673
17764
46370
87892
8150
92216
50325
81696
40239
10220
49194
4220
4703
24792
37677
91290
79224
14395
89293
51808
684
53708
42219
68860
24693
4729
33586
17415
97321
98816
91676
19035
75163
310
56928
48649
78291
2283
1431
71435
16535
12635
56247
84353
27378
50072
55458
72330
85139
58057
64595
87473
23953
89748
23057
96229
64063
79630
22500
58393
83714
21514
12918
89797
42165
44772
3413
24820
1448
48392
66477
73111
18672
25027
47870
88518
44017
13110
16761
25836
47778
11017
12045
66876
70681
12547
47112
87554
12168
99943
34210
42250
54907
64937
53158
94028
12560
49474
5937
88854
71037
59824
22950
10418
93850
46348
73170
40561
43995
15979
35281
37028
60934
42743
27807
68216
16531
95769
97304
96581
7589
40922
36217
92565
46250
85013
46979
68412
34979
92338
10502
89551
33670
93447
24607
27732
26026
89907
39219
39286
97138
20955
6483
70798
52979
49113
57407
49077
79578
8194
82767
29210
86041
54346
64756
39880
64816
2420
39461
21959
61904
93795
96098
32641
77215
68028
84727
26930
7871
43202
32772
16596
86289
13785
16098
31214
70303
27234
73497
79277
80086
78905
51334
4381
75866
51583
7480
63370
7396
8127
89556
86861
76533
18451
51941
25888
20153
21850
76870
54947
68388
83455
40953
78515
42688
28297
88797
32433
11594
69087
20496
52237
52841
92105
45265
87019
74220
90877
37843
17263
89053
66048
93938
39695
79824
23009
58194
1629
52783
20716
94519
18624
78412
66521
42542
98238
56547
99525
14763
90336
37267
71117
70274
23838
80687
67064
91994
2052
61278
37800
65395
95119
72326
96169
90126
7296
4303
77216
6323
9407
92443
42231
24991
81888
91032
85607
68449
33288
35007
92174
16855
24081
46470
33231
22589
87788
78189
24203
490
34553
10775
9893
44373
40116
57362
38229
68102
87341
28229
77316
81087
51435
59787
93246
11641
5715
45359
21786
54884
27928
33933
2279
75994
82503
80244
26914
60307
31308
12505
68531
70672
56691
50981
74159
98927
97218
77649
10875
71373
69977
75442
62162
35212
83062
47331
89070
1285
12639
17991
34526
90555
47802
88142
55263
42343
996
7781
54752
44754
75020
343
91109
85398
35358
9771
92771
30440
48521
8439
56919
15211
93790
61886
82511
83898
74380
26164
56891
5278
60010
67585
10134
62762
69331
6914
16797
98155
54969
10797
47109
34840
39878
22411
92061
28617
98026
95125
59287
68836
20559
23327
1485
23560
2250
79408
25066
62544
57464
23602
24028
71097
7132
77345
73301
25421
61218
10340
21763
47260
22406
93167
88676
20298
93600
74860
55222
93520
40623
20580
6443
87811
9745
29141
12725
32534
2493
56621
23048
38220
31455
7192
54864
14761
57924
12075
63559
52821
76290
83829
48388
92399
10930
74028
55793
30630
42163
36650
46685
30948
63112
65486
67402
85357
2791
38853
25113
7042
12331
80307
19312
43389
12528
63492
46377
93654
37717
13893
8474
61354
86415
42663
59761
75977
82268
95254
8239
11726
66457
37132
39636
14703
84639
43588
12263
82763
40257
43733
94994
7894
9138
1084
56243
187
64978
9869
43269
68541
40491
23772
14336
59215
10886
52784
29074
27785
21462
41817
52279
28407
86196
22661
78210
70654
15442
78964
39289
21353
8700
18025
74917
60100
6171
91751
86419
58523
14560
49243
23630
51294
61033
42740
38769
75715
91196
61121
95930
88326
51610
72986
51896
69176
53338
69457
31454
97366
54148
8713
49325
5780
20672
60566
97944
3436
63981
58403
24242
57344
42178
12344
17086
32883
68432
36790
56953
3032
23754
9247
25226
73105
26148
51200
8177
32926
65595
24996
78125
4331
91783
75699
97183
94239
32660
39875
47107
36638
45978
95386
45776
18528
70015
93188
84515
87398
21796
82507
2709
31958
43284
23918
36603
28587
70054
3091
90591
49896
37200
63173
4583
14135
28508
89365
10201
76244
40958
46564
40272
44108
26090
61429
49551
40006
20034
31866
77139
31471
77968
49078
23713
11654
63591
95877
14088
16974
54110
1229
87800
29995
53051
47255
45563
97476
22025
60925
35843
32390
5266
78173
74805
49634
49407
6605
86037
25385
9391
23724
4628
84572
89633
39031
62876
59153
30113
24994
6247
76636
48357
42997
67466
11450
57074
12814
75999
71019
76485
15239
25640
99895
23175
87514
75580
9121
12329
1297
32447
27086
86727
42344
50660
94213
20946
42111
58317
57143
44402
4353
18373
58875
1332
86582
69176
27145
26981
21296
82274
97451
16671
32448
13734
97886
1828
43104
71640
68328
33785
18072
62752
51298
71334
73478
79365
15759
38027
45004
4760
48201
55219
48060
33428
29668
79039
85360
9891
20609
9549
64215
13631
93909
82729
64468
85230
92035
89207
65479
94948
25551
95069
6204
40915
43579
17667
10766
71408
89973
3131
32699
41718
7231
13411
49917
88161
83495
95997
77601
32790
99020
96084
99097
77936
46099
83410
68356
41896
38659
8928
78105
47252
28423
37810
83936
74075
41167
45509
35898
67956
8793
92224
60083
70588
37313
37910
6697
65226
96172
55298
31490
65951
15042
42695
87795
29360
36199
52191
38650
63931
95978
89304
90319
99939
91869
91399
1705
13511
94748
44180
80767
18261
76977
57007
30757
37013
77331
84102
24408
36570
21408
90270
75370
14107
26947
86877
51868
53441
89793
40551
39577
54243
73181
64217
50460
43396
33349
31802
58465
67027
38261
62435
95242
97038
72020
49569
307
52389
28610
95719
5335
33808
34089
5682
4823
73794
68108
99069
1354
23451
96538
46688
12156
68965
22328
83418
88700
68141
93763
14167
45885
86537
48412
76592
83922
49511
54929
13532
91341
12281
11813
50145
64143
23764
32735
5258
62571
4220
25243
39444
5034
42642
62897
87865
5271
90423
76952
66957
57947
29406
59368
60556
77013
10846
32068
38020
69971
37014
30346
45729
61646
95617
27934
30938
72464
14993
20322
50775
29200
27746
87867
88462
71756
38906
66996
35435
71030
11239
82678
84935
11552
92147
86282
66558
60813
36104
82539
51145
87686
66141
95607
5357
43845
4489
45923
25283
41667
59062
99807
86299
52627
71617
94588
73400
42994
30087
33051
10789
98426
26500
32699
74081
95549
23097
32374
84742
37018
11952
63830
64936
92849
93410
70330
31170
97969
10780
78592
90074
2551
97432
45661
38071
54747
99031
35427
89712
48269
55563
6160
15050
68861
96210
62708
21125
10186
59446
54768
81385
1208
32592
25031
71130
27717
38756
56199
4473
88393
53158
54818
87458
26579
29688
14575
79877
64053
78392
76183
6653
68020
61515
85405
91737
93804
20581
73380
96108
71857
38978
78042
54442
16581
62462
60253
81232
31392
63450
75009
51614
48723
20451
66500
98966
19064
2569
2032
80308
64753
6228
14736
44965
92138
6347
40268
57366
73197
67713
43998
42678
3780
52227
72646
61670
58624
759
90353
91491
46818
57728
36910
52099
63973
18331
70845
80581
27318
20538
18061
97727
3756
27349
43478
31775
42589
43634
48273
17863
92907
92106
8572
5040
63490
32137
46262
56488
34114
12298
65682
88159
63624
33523
73208
73875
25275
2972
97456
3478
80175
73084
46247
18828
98357
32380
22231
54186
86076
53798
24673
98812
64349
88756
77329
15965
61826
51604
66997
92528
67462
49409
25794
79701
77038
97397
47472
93481
68365
81060
86116
27887
70562
95307
28312
42517
95995
2623
29460
66727
37879
84502
94676
41273
44710
65947
10693
27882
11139
82811
25982
17734
61597
77783
47103
46025
53594
7457
42697
28011
73521
2488
64423
88076
57470
11577
18337
89857
1837
39088
46417
89443
25933
59181
75498
94025
32187
18252
43637
77962
73258
95613
15891
33811
54397
66891
38685
2261
50703
94397
29611
80977
2119
40133
55514
73858
57256
42431
82588
3770
90283
98940
1146
6314
96836
24074
65032
95754
46340
48862
30109
61152
2030
93163
47392
47808
57999
33825
80819
69945
96330
15587
50000
19726
18988
60013
50700
44606
38463
22
63434
72732
1966
76624
94057
29681
23357
54847
22520
92649
15235
95992
699
78236
43568
55180
99259
54235
45483
27387
58227
75743
60107
55621
84077
79651
85742
81819
66049
7181
17727
89496
14316
20340
77047
1761
6517
85038
1072
43150
66697
64116
50848
70901
88453
95302
97984
22437
22043
71063
7810
31031
50555
79457
21247
51675
68883
50642
79959
33369
99213
19653
35963
30971
59458
27892
13561
94701
68508
80089
4669
9027
77760
57933
42286
30662
68775
29566
19267
15025
70942
58732
5947
81694
87525
70394
57387
60627
91878
12059
50826
61641
43779
64630
39809
88296
27907
50590
68551
26680
74992
10884
55468
56740
94857
208
82602
87460
57484
84372
84393
70720
96493
28379
85678
89282
46191
66200
18887
2400
69152
17073
69543
70486
63424
84160
72664
43240
60008
20750
55496
97216
55514
97794
90325
80623
22466
8439
89154
69578
82589
81597
59332
20936
30752
38920
22715
50397
37844
29340
77611
33162
54681
72220
56625
4722
77552
18028
1480
66239
47232
24485
82620
60858
44722
39200
30343
17066
86783
42258
90550
86621
25872
34773
93529
11437
14948
30164
40914
7000
99336
40283
96006
69716
9810
64855
96851
56993
41987
21293
33085
52004
23829
80281
80915
76950
29245
53448
53642
79990
86936
98397
95677
81027
93245
9858
7055
82893
29186
67720
26880
67122
85570
93998
35697
15677
51370
32432
38456
90653
32198
46295
56614
4842
26743
24561
51798
79122
93556
32166
3544
64314
81972
84024
343
68291
62904
43320
8630
55852
81407
84475
5392
84411
5073
50664
65982
9859
20622
34573
95649
5433
85430
7692
79798
91151
559
25648
51228
48453
88386
42582
67140
11613
14047
75713
56794
25631
6345
82567
50166
28431
1728
74938
95639
95968
54769
74237
70697
14580
74372
99064
39416
55449
20116
49946
92695
11329
69193
25936
14753
9934
95740
12790
69928
21228
76363
60670
62917
95338
20947
69042
63262
28009
46940
15824
91407
32974
47927
39722
55466
11177
5677
21350
64469
45187
95483
17442
90647
45736
32838
96636
75208
70661
9952
72527
81037
86638
36388
21318
14912
21667
22178
65924
46014
66135
92355
72287
89700
1591
85093
12998
56027
28725
83069
42593
9407
20779
60437
43929
8196
16646
30106
71813
82202
7307
11842
69839
75891
34612
83446
34743
78747
60005
62395
78232
58204
11355
19626
10051
1646
65544
53871
77063
7983
27628
56645
52464
98411
11083
86030
57155
92835
69817
87050
97130
48531
2707
63135
64275
24477
8270
52061
69221
7522
24138
81227
93563
11239
51135
51770
94787
72587
38016
3354
21503
28285
39728
62600
8272
4889
89105
99592
91182
95436
77895
33637
55604
31872
84384
20141
76026
62643
85152
53421
30444
24823
38795
63802
78276
23825
86489
74903
20224
99085
65924
75375
47916
91606
5355
85719
56608
36766
4880
22199
75985
95556
38287
52567
99795
52799
48938
90605
1768
56519
42144
71516
9420
59257
33852
84870
73785
12398
93474
73698
61993
74125
43570
84418
19115
90035
58180
75177
71827
3557
63846
93439
64375
45826
67755
45989
80281
42589
9853
96311
27816
30401
69923
44308
85350
67911
30459
28839
76753
94917
50517
9902
28761
55093
88205
9884
22831
59309
55793
75398
10717
55390
78941
20049
34288
64764
72552
66822
24926
70816
60323
22035
87401
9802
28649
47251
83557
90933
22639
65388
96082
78190
93772
73420
19157
19490
37265
79409
71472
68949
13329
32260
31834
9459
34860
62492
57696
32514
3018
4899
21523
75041
6439
54588
26416
52678
87230
23552
66738
24400
57835
11725
3207
91738
93307
29183
73044
94239
75121
27338
8094
6850
1343
5095
70618
80037
84111
46882
40106
71399
49872
22048
77092
73460
28823
49967
95079
51689
80518
46720
2932
14079
96586
72138
37795
27116
10535
73339
79876
77798
75465
59354
49365
13453
90082
21919
1148
95840
33622
78736
54711
51912
56443
84217
50889
59867
41094
38550
66016
52181
28914
23946
19897
85719
21679
47951
40476
2190
53334
72290
34418
81422
6149
22137
63922
58176
6452
58925
19133
57949
96379
90574
94453
73110
17107
88670
930
27894
41149
61412
14351
23731
50675
98677
51744
24753
28344
87432
20302
87731
25855
71052
81867
13760
43110
64008
44142
58169
65305
67220
65324
18319
75957
42021
22719
36576
1840
90786
19655
12383
24000
50756
56494
25287
64676
5658
39266
80653
72012
13964
92071
60185
91756
60832
95669
8690
13844
48036
7501
70170
34713
19837
34091
31517
31763
93763
80509
12059
13669
53739
80419
57091
69603
82952
69244
77490
73316
21470
24892
66057
79189
4828
918
68878
56262
19469
41508
30628
17687
37930
35759
74891
10816
55986
52568
44605
93763
88773
47380
14303
47191
35510
61955
69904
89192
7195
49511
66649
44505
29712
83368
52267
21987
8736
58752
1455
94478
40852
83511
37815
35244
24078
9269
28299
33888
5817
12462
51495
62365
58515
84337
51178
26401
3168
78355
93510
75062
26402
88771
7308
20725
33361
10444
63878
62832
51419
66550
64174
82586
63283
19368
24569
20339
59671
38703
5776
7353
84282
46353
78589
39280
68559
86525
54500
90639
90985
68940
61012
12862
82590
70098
32911
83038
72519
15979
53946
91190
67905
22136
81156
66843
4596
59959
50453
99203
43885
94846
54497
17008
91593
63088
93961
7494
94272
7874
74811
84183
13154
1764
86447
10326
65864
48501
91252
51025
61328
34736
32951
82705
64328
24387
48252
31402
37933
51511
47751
8916
70234
51436
83421
73634
55345
2039
15612
33008
62961
96124
49817
58139
20287
14151
60372
77541
40250
30061
57652
2687
84916
54720
89951
39683
64201
61920
19963
44086
79736
49702
88547
77735
71814
66125
85479
36145
34652
97666
66002
21963
71503
85970
84534
1670
71370
93680
31898
31000
210
21615
92399
33284
26553
10163
45093
16305
11406
89645
32680
29826
26864
4413
3363
29448
64777
33295
57315
98672
51188
6914
14661
92027
36597
12516
88827
51989
37818
40794
26655
13320
40404
57718
27250
15934
44830
79132
22697
53459
74178
82121
60863
96015
77766
66671
90115
332
67939
14251
97555
36962
76275
65574
44554
37547
61802
29322
10194
80045
81114
91762
4041
43794
1043
72904
14249
80363
42791
29392
74959
6590
67525
76518
45850
41523
94326
90085
30368
22556
57453
37471
5651
16833
38552
52286
13182
32547
14939
81142
21512
3734
14753
94966
86636
52129
5632
47801
26682
36644
94979
94564
82494
37280
83958
24812
75104
55690
35410
65977
43423
82944
1826
6264
24140
54482
63499
85019
44676
8544
88460
17950
86926
7965
47063
68354
70833
50728
41811
74387
43737
97780
88556
51856
22440
63849
3603
36417
6749
5491
84878
41858
91525
37137
5518
70121
40400
7130
37752
41596
34301
60925
24565
26615
11388
16674
92393
64470
56989
55805
76780
54004
25565
97296
81142
37908
97663
14723
62786
92814
66344
26954
49596
73707
7203
57559
50053
71943
78357
99816
89077
89922
67328
25941
17464
86909
59478
57835
18406
31852
44013
35260
32763
64569
68599
87878
44739
6213
83588
56176
22359
95751
18715
77893
78205
13142
75792
68377
67928
32170
11727
49471
81160
59198
65645
3654
48635
38535
86470
54111
53721
50301
2078
79822
88186
2828
92556
79645
67804
25782
99668
96357
13859
56501
33904
6005
22868
63728
38284
23678
26625
33531
3686
709
73433
63782
52401
83735
68777
19552
61374
98719
99298
29573
79817
29570
99211
39805
77878
29271
39021
69169
39256
26669
7771
62023
39985
40226
97952
26207
56541
21853
20332
12473
61747
94362
60163
93684
30586
34272
7441
590
93803
21169
95061
3517
69136
77605
38739
98694
15823
84937
93366
13715
25936
37111
89877
88452
41730
77327
38171
12391
60434
91912
72529
18972
75318
34531
72125
3747
70648
29016
91478
43230
95658
18676
53994
68394
21439
19168
6695
7239
44934
73319
78911
12515
39601
55829
911
61902
35239
75375
44111
2684
24529
26978
96452
99275
37231
36146
817
55644
6241
4160
99194
41542
8964
31868
61296
28603
37286
96207
26256
28701
80732
33315
57241
44265
64056
10247
26409
74673
28351
50899
42574
16940
37741
9811
11844
90926
36720
74169
55325
25527
59053
17759
68799
28048
35972
74947
71872
10462
70124
55117
23528
30064
78445
14419
45370
95289
59614
29701
9840
19735
80708
48633
57477
72880
76226
1710
73272
45494
45844
51468
75428
42996
26061
68681
8656
28414
68512
98606
61317
47228
10302
52244
23390
22434
23615
11128
79234
4751
23922
89732
75797
36082
13524
35553
50959
8977
39264
29329
1980
93914
96482
80664
83259
88677
97357
73378
58137
80203
1944
51341
55380
99479
34593
76253
59271
35172
66217
54642
86215
58348
2030
85310
58968
46748
15585
4705
58113
96127
29914
38505
82024
80987
95570
85797
7761
58613
42191
28439
56229
57744
93419
87609
68098
79369
1449
70882
58105
24333
17443
43294
48986
64051
20882
61683
67640
48128
42454
55062
12716
53573
89710
72503
47928
20650
17822
25891
85070
86468
62183
48491
77104
92774
12886
61671
11370
40982
69152
30084
9479
70720
21361
34287
37601
6570
59641
78365
95319
88891
72161
4116
3564
6765
70014
82130
27813
74223
29330
70478
55904
89142
23257
31371
63014
46215
76393
58324
17995
7994
55717
82826
89058
69376
40361
57239
76589
73946
1913
32573
64271
75569
88868
69112
29136
48701
79259
17032
54595
79904
53472
48789
81650
86556
28746
6834
2522
30102
31425
55578
98865
22275
14943
34291
36369
88219
49604
21274
36530
72760
95629
98653
12862
50457
92207
37884
61749
93798
47968
26532
62636
72456
34393
22592
37799
15761
21385
7880
19010
73834
24045
3962
21891
48798
52841
2808
41602
80240
46833
84600
91996
15096
78349
7589
26904
84096
70179
13591
59938
59383
4004
27875
97042
59823
98145
94657
74681
82503
5445
91352
71276
74998
79887
64671
82676
30693
29388
17115
99565
55070
4576
79271
59330
47331
85716
66074
81056
20253
93581
98948
79291
18037
40428
50920
92801
48533
15126
20158
56636
92441
54275
56028
14577
85455
403
96176
3335
82045
27853
74562
13653
31437
94832
50213
26107
94930
86082
31874
59342
48368
9417
38411
55068
76409
4131
30986
41490
52900
89305
20662
25708
65372
15013
62694
72557
66307
78872
70790
7747
32532
35274
41610
50356
13752
36618
1104
31755
5706
90152
75884
78549
24337
84801
9087
45802
42515
31259
61970
36025
36054
77570
48551
80999
75757
79915
13187
54049
94987
37407
38781
46464
38495
86047
45286
97571
4016
2916
51522
946
98922
22605
42150
51653
5800
70557
84235
91795
43149
26970
53808
56253
9738
64987
88226
86106
79570
27123
54462
88925
53362
86090
71987
25143
99153
95960
35109
28534
95472
18860
10370
65710
39538
31300
67337
4869
35165
89475
85278
22151
41405
38404
57143
90126
70910
69799
55234
27398
8150
86548
77804
66307
25642
33840
43817
28822
17158
98746
73534
31970
28388
90903
13703
23764
34008
46245
84276
61100
31936
27942
48475
16855
18116
66693
77938
39359
27272
76708
53543
71244
78210
52496
12324
37522
53638
84105
43177
50601
3371
57092
31439
31293
26714
24742
89539
82355
54875
12768
94464
66165
53796
30238
4809
80593
35241
63813
73126
951
52191
86180
9610
33313
52950
81798
37397
15239
63025
36540
47341
5803
11141
7212
49907
86879
43588
37502
71797
87190
21090
23792
53872
58817
84082
90310
28898
30691
25020
42415
27370
24543
67783
2164
68316
23218
55373
10902
79295
87199
36635
87923
30356
47672
47554
46254
17908
97322
41232
1524
9447
27157
65723
18689
10549
91926
774
67975
73431
3701
41612
43557
88493