85971
51422
83433
86968
27108
82117
15645
48728
20622
28843
79732
70268
95903
11258
57159
76437
25598
64636
85432
43747
78374
12330
78063
69908
97613
75335
74988
9207
45453
43611
44575
27950
51172
33372
32585
25627
60947
65438
57386
40269
89697
84101
98834
95694
32637
12331
14940
95593
85044
84442
14882
31735
26118
56127
24756
34098
1580
65884
21820
47068
50208
79726
23216
19352
52101
25140
61311
34231
21280
54430
26517
37378
71593
23670
5684
85032
97256
39056
15310
12187
92156
35640
38662
77050
84454
17980
97812
49175
43502
70067
87082
82546
10755
58147
81072
39275
61606
42546
90680
17803
61788
9981
11452
4528
95238
11425
78152
59151
62834
32642
86814
38213
86926
73701
16479
54883
64218
58888
11453
33333
71114
20908
85825
39990
98044
67447
45843
861
67417
50341
9884
7993
96647
7158
4569
23808
6472
30072
24850
98049
51348
74785
21431
38936
47146
89655
64973
34945
99153
78373
72240
97173
23494
89848
8625
77355
21983
4392
5782
8567
83749
30874
78904
47757
74886
73090
59470
13565
67597
50842
86071
45193
14948
93968
59370
79597
4653
35131
34188
19653
42651
96362
80178
31595
18431
41310
22107
52438
39896
97397
85987
89887
55414
92590
44344
89652
13850
53264
76339
92587
92139
37324
93916
3359
70246
7437
95354
907
36329
47752
94798
49548
68804
41679
96015
55287
10482
12954
30618
26191
91106
20868
43723
49611
78624
56879
31816
52824
23677
44740
78026
79612
29937
50076
10023
63381
47419
84544
60482
20149
43587
83944
59704
23178
99651
44294
53299
86728
41288
89244
71385
64737
73595
77948
98906
40685
19243
55359
85170
91562
92018
570
98726
75930
93968
14665
17078
35641
30647
64862
28181
32619
38526
46642
39806
84860
74513
37033
90356
98613
6846
54593
78000
11384
91505
67882
21439
4221
16917
79225
23112
41494
99950
57137
14641
88575
63563
68354
78481
6541
26405
37592
75016
15957
11626
54017
26865
84616
40271
83684
88323
53283
47886
41152
22603
15405
34837
71045
40866
36996
24047
85057
34972
51345
90876
32851
73269
98709
39482
22762
71210
76944
48014
55405
4507
37384
36575
42872
52052
61646
17395
41410
96064
67483
10764
52389
75512
63227
30340
56597
30830
24689
41934
5375
22781
35943
35671
60248
30116
7695
36013
67435
30224
52999
9927
37353
74316
34887
6871
90891
64269
45691
70029
23342
64355
15566
6327
9200
39510
59825
7946
15283
49224
63344
22373
99347
99276
61089
91547
6907
84158
49305
725
21195
96972
10536
15587
36303
31705
26473
3614
7684
38006
59450
32183
56258
45598
43055
79028
73235
47418
36462
72724
95959
47178
87494
77398
91964
49889
51558
98642
5696
73838
14716
30445
61259
65511
64820
43852
65148
10919
44566
59366
92296
47124
20276
8656
78629
13912
90179
50880
91470
57956
52978
76437
56608
8404
35502
67918
73572
11824
86294
92342
36370
66923
47226
20600
22490
62663
41422
20765
17112
6436
98422
37958
25757
18970
73638
54915
93636
74411
86613
24378
71745
81378
99161
65048
26149
48861
62817
67765
89486
48751
10049
14234
50856
98049
7373
52110
66382
23580
66029
96119
14763
40690
28145
46232
88321
38807
49021
69954
52709
66251
35702
6137
7948
1082
90945
44573
67350
70714
96100
32082
22424
90406
79845
77734
26745
34245
37732
17105
90434
41402
15022
84481
35665
88115
89899
92701
18615
13592
13647
47566
56620
5392
61859
7019
10821
47819
61148
88949
27866
83152
69576
602
15247
32488
82837
7859
55254
74021
14775
62246
1070
19199
25149
16577
85822
89580
48680
58252
5063
50421
26652
69219
36614
34572
99025
9163
853
27810
98583
49871
27749
77675
50588
38657
61205
71364
21547
29983
13120
61273
54303
30693
83835
45303
20862
41452
35604
91558
24217
46836
40125
3571
6459
8339
74927
49913
42400
27712
39601
68816
60590
60460
41279
97203
91529
95513
82775
11687
89056
45446
53007
64454
13933
45667
18763
63905
90721
81732
22931
52670
91429
74400
93233
43873
47009
56645
66486
41581
82760
94436
51890
12962
59787
555
72414
56211
14223
69518
71268
35685
85922
14294
93678
53412
60612
66975
26327
77903
38348
21438
13649
73365
52659
85801
51415
9923
20477
5836
14040
35909
55550
30812
33886
87157
804
40580
93145
19215
5456
24739
73320
18605
84949
79302
53129
5567
38469
32296
65224
77407
96277
18723
56921
91546
83594
45707
32970
28326
99453
13889
26299
85104
68157
46826
2267
49355
17106
25478
23695
49436
98436
53386
68035
44700
56089
46779
99418
72294
57634
35490
54337
34671
49204
27722
7747
53987
22818
76407
99252
67015
70466
67230
86629
81743
96864
86056
35157
57834
76695
9926
66469
94988
3393
57936
77633
90500
47186
71870
73844
84545
65051
92484
59811
59090
73022
67546
65185
42894
49168
20910
79637
67685
52173
15148
72882
11813
77534
75597
80065
3422
27704
52500
79308
14102
56429
46511
31718
78558
48589
65091
738
83179
82767
9442
37194
55251
71472
36921
79840
14601
71435
79443
18711
66244
5135
77190
90077
16525
12105
38370
67952
44740
7476
36025
76656
41855
2322
59833
21338
33149
75394
79611
32413
28232
37126
39783
74218
87294
44608
6955
73618
51020
40006
88466
18912
11845
56208
75685
2250
75540
37836
94456
53721
79727
91160
47681
49554
11454
88760
33092
93846
17610
97010
4706
25826
37271
83926
51482
72627
73264
91034
25848
10321
22191
15468
79157
77242
96628
63673
67474
78076
17059
13427
50329
94599
45776
68199
98853
69628
60464
56986
39096
88310
11898
3615
57676
34925
15709
60138
99886
56864
28742
22197
62452
41269
44826
41299
27761
46452
61531
81078
97313
67902
50025
20583
68285
46286
64248
95286
39000
24392
1140
69377
89354
3021
9675
57817
80456
83985
87568
87471
92131
80488
35539
43096
67331
21886
38324
38772
67111
28749
14538
63530
26232
1310
6568
74926
35620
37406
89685
77527
84425
5260
85283
88903
26681
24141
69462
98861
66144
27484
10981
50990
12206
83266
60025
44087
13687
23300
36682
11255
17114
92163
46553
1164
15930
37470
50623
95565
90505
77342
35464
10704
83569
53257
79353
51646
54857
65425
25675
80022
15854
3693
67575
38310
18695
87560
18916
42207
43473
80262
34889
65720
59703
12278
78464
51659
42770
42191
53208
64158
78158
87881
33145
99241
27543
68795
8120
87485
68519
35394
85707
824
96566
40110
89021
80584
89057
13226
30627
62718
33885
36813
20611
27465
26478
71955
53488
7596
84732
88885
45195
54559
79915
29027
2359
30097
94207
13932
958
17557
56725
87282
85816
69087
98637
84585
11493
29672
62030
26529
89690
62990
29757
75059
40766
80852
16918
70916
68203
23769
41556
75801
38552
52259
34982
61320
9083
36941
82435
5621
45326
25949
19391
42869
94039
69019
74694
95677
83155
51941
35010
8244
82126
44878
37374
43883
99331
54935
47175
69922
37351
35797
61969
52868
2724
22954
86000
81494
55369
85546
5946
80548
92974
13934
92237
81721
34422
54173
71422
10989
98923
44052
29485
71675
66309
29189
26936
4849
55141
80003
42951
56951
49517
66904
23697
2679
50217
62682
44527
59418
16187
57222
98829
13610
28042
67201
21062
78243
45000
25119
20143
91443
61052
27521
70131
31097
38114
95145
65971
40813
50028
81131
7993
12685
5448
98724
71340
28738
18327
72509
1936
57049
57622
6861
19659
6098
53772
58819
33525
60539
17516
84024
14814
47626
66826
40736
35796
36773
16810
36867
90928
26474
1690
65095
52447
47406
39822
96324
80977
11026
95914
53078
73656
79383
50389
92477
77955
34636
76856
63810
65730
61428
55999
95340
42698
31988
67712
76915
82895
77280
10601
99800
51640
13705
4958
59966
58103
13511
59988
37903
89764
13336
42163
90839
20825
90664
60393
80890
3215
88281
55570
96346
7461
31185
46712
41327
78567
42478
79580
93731
43679
71500
67935
59750
8906
72802
87715
12262
12486
31123
96726
30171
62914
21886
66322
34511
30892
13069
18874
40587
1685
57136
56285
13364
43977
68317
1349
81649
47587
8065
36348
95882
34493
17458
57841
3378
98610
56604
62879
81991
55570
82802
70118
58548
86153
56161
98524
86075
79574
21959
17773
84668
56503
86423
50063
64921
61899
44965
17515
29482
77366
36639
90590
61738
34917
94250
46871
57161
73875
72801
90535
33049
52687
28457
88897
15680
89918
96111
50710
32024
74198
84116
33372
86550
89689
28730
78655
50625
59775
26078
45185
87238
21807
56246
4619
13990
21453
26671
81318
59942
30333
88005
14312
20529
32578
53161
31092
71563
12908
28657
94597
57695
53375
87197
89465
1764
4013
9773
81067
49701
21697
64199
38029
46994
50928
48095
1407
63128
77857
69566
95377
25016
18902
96353
39654
50872
47184
33066
15744
58334
83549
12020
1292
6869
55045
6332
53026
40743
21329
2982
56981
65647
20362
24131
29552
11920
24006
67954
38560
30088
62394
13713
54674
39806
22801
31208
13022
37045
83507
89209
92061
90121
58084
96525
47524
18431
90085
28849
47397
27544
64442
24845
48995
42948
92934
34635
15160
39126
51912
62360
69792
62215
33811
937
83761
77769
88933
30565
98769
18439
75047
82314
69098
10122
58109
62630
15728
65804
51324
19690
12722
72169
23273
13926
6135
21778
67046
32415
73238
80045
88653
24685
16152
27670
13752
5901
51259
28587
13842
7182
78792
99562
17711
28892
46288
34853
16954
92775
89874
20349
23414
40457
70424
20061
12335
85086
39559
32951
82236
71240
24161
19406
59924
49885
76707
97105
59481
4040
7205
32090
35652
66526
26610
58309
36482
66095
40942
97277
19607
13658
86432
35694
11534
28113
88182
16275
10705
19634
41556
25116
8573
49156
45662
47382
30230
93913
42373
64437
25814
16381
53327
38987
80823
65603
49690
5555
78083
25932
34183
62665
18693
91350
86387
54556
58977
43252
79282
40281
26831
26637
17313
66342
97826
29360
58363
38618
24222
66222
37088
36029
81112
43997
2730
61751
92280
76154
35473
82169
78354
58129
50142
8001
34528
45123
7716
37177
30348
37112
17122
87349
99877
51233
85379
12964
67496
48656
36989
9124
39561
71696
80738
46015
89596
19268
58658
66172
91904
58412
47090
30699
6169
14516
54207
81171
84617
95482
17630
89680
36255
67185
63710
51106
40270
41345
45732
12556
16436
81262
61391
34593
38368
89352
77540
53906
93451
87503
43596
18754
33000
18301
88822
50440
13015
79854
46952
94433
66326
6148
96446
38369
23809
67817
43632
97853
59471
17769
57666
95136
1960
39058
87492
8437
35762
86899
27924
14376
57227
63231
9997
5748
15295
36362
97661
42454
22672
10996
72424
62677
4935
38776
89556
32521
50438
27393
97460
45465
74278
30047
97428
50384
70434
53118
53793
73771
93211
60671
33965
99732
76229
13635
37930
82485
20290
52786
66288
81026
35553
37209
21952
17680
68351
20268
20540
81584
22415
51303
35200
4741
40116
32753
52732
8271
94896
32034
56136
32197
4353
72722
79249
87184
53176
77023
27816
667
57480
55255
48394
14690
44980
52072
52917
59163
77508
54955
90667
39001
57023
1935
37018
29568
4852
62312
65335
70758
61689
6748
84791
34119
42741
26337
28604
90411
50318
7444
3799
28938
9264
58139
88007
24293
66459
73532
3492
76159
72760
50465
45416
61257
92240
39566
5440
51644
68718
9699
16723
75208
30492
35450
34519
3176
55332
19500
87460
66595
12158
80691
76941
94234
27151
13407
32812
43702
65518
2968
53478
8871
92906
19220
70700
10852
53048
71886
67538
24082
8617
31436
25771
95512
50690
58589
67425
9403
29557
87115
11574
17481
96608
28609
8616
18461
3821
31120
29724
70870
93354
89334
75999
39516
11598
96080
27939
4724
63554
40579
14961
95567
4505
10609
73835
45697
11934
99984
58206
31758
55204
31115
32815
3245
62494
28787
88908
59608
6617
21837
33908
46978
69670
33670
83719
1583
15918
81131
22640
27889
14677
6866
22269
6828
11833
39453
56917
77875
56427
64434
41414
61550
65994
9677
39127
18559
68205
3738
91633
27246
16101
63932
39250
2737
11729
30578
65616
51257
7538
53032
88288
66628
47574
88460
49047
37229
7785
29702
69168
79939
22669
50370
89946
609
77715
95130
64026
91775
62190
74253
12930
38422
47539
91748
74235
71506
44384
26217
75403
19953
15884
90147
74680
41395
81022
83237
67129
11091
90549
90757
58052
51150
2402
86969
47287
25092
65391
74922
34645
84503
24653
91929
40823
14791
40264
11635
79192
85648
17837
21258
62596
12767
415
78862
86270
76250
63706
42910
58988
55997
81142
81977
73691
4382
15853
10957
13280
40822
83090
82385
18786
79725
45640
43439
65997
95604
4347
46272
19604
99804
43162
91379
17452
55071
77593
704
11403
5190
48225
76623
98078
17381
6376
11444
98507
4951
2379
31215
12629
35641
74456
51502
2168
13138
95567
28220
59663
20247
87013
10411
72615
57982
25649
62472
36656
79540
96525
83088
56649
307
43307
52020
26761
91983
14986
75017
84221
43203
17802
24060
95213
46636
55763
55279
26034
53313
82490
72055
62633
96079
21808
38555
60882
88315
21470
63618
58289
77131
57314
87257
91382
66358
97959
92928
85702
87249
94984
97327
64348
80892
97392
6410
54040
50166
70567
92366
23787
97889
32361
99364
54235
31536
25304
70792
38598
13753
39500
61890
77065
6723
37474
80131
98855
23230
37496
74902
41232
39930
539
45493
75812
22001
42958
66509
20978
61578
59608
65840
32156
97897
94621
54797
49457
69250
34003
58849
63091
4283
99369
25962
38360
63594
1633
51737
23229
92190
23284
2265
43414
75735
5994
97180
74481
8771
51207
31886
76556
31530
83000
6218
99653
32979
26450
17749
69637
16470
5580
92094
32409
51340
65655
40983
62414
66878
18247
86915
69885
73976
16733
4697
76253
81474
56937
2468
28672
14603
67518
24584
69941
1946
35280
30709
57285
23253
87616
61326
12821
50184
38983
41119
88972
8814
13646
41780
73326
65008
92231
54776
34091
65663
18813
29287
1450
84640
41009
96858
69642
67375
34238
91673
89217
68961
4485
14529
22840
78360
1347
40775
37906
36655
31611
74831
65528
75206
19760
29095
94887
47145
63720
63294
54676
38
36746
46244
21118
62085
20044
67473
86860
45015
71549
98472
31412
92521
20331
62439
4339
28522
28364
60698
23391
69423
765
492
46026
4526
99454
46828
21276
63007
93908
40827
41880
31915
21799
83730
45580
29917
23523
14785
8644
36995
89844
84731
9617
46197
52805
76450
88345
85161
84025
80248
30181
89486
81378
44248
38968
81515
60379
77126
43124
8132
48010
22601
53117
17064
6484
19796
60371
84211
20787
93944
68258
53657
18485
57149
36862
38641
82449
78625
17219
9402
73069
48171
1513
12419
92952
62914
51077
84910
37146
7218
32215
93770
58516
57924
6904
72559
95798
66803
22869
66698
47769
29141
10606
97679
62606
75920
30460
54055
60916
13248
24844
29429
41361
37171
36765
97905
80028
40790
33304
23751
71060
45705
87596
16495
63680
63563
82926
65710
84450
68904
73008
56647
8660
85932
80185
79812
76603
60244
59457
18056
6904
27783
72468
93059
55447
4797
67006
24393
61209
37885
53158
33166
66575
73780
25949
7780
38682
59544
66430
4235
26723
84426
46522
17974
43445
70390
3149
11174
38350
21528
38430
13770
36003
9318
5880
55414
5754
55689
76482
56358
93919
49575
33697
71125
33090
90251
56221
88499
44834
79240
9980
55086
88399
36310
20858
86006
41775
56638
60928
80186
11273
66656
33881
58115
83364
32184
47876
47363
68940
81891
48305
18455
29096
17740
82009
39297
45711
58415
652
97007
99164
94763
11943
39888
61403
79758
16311
37423
21060
67453
55306
22875
44626
33523
84762
21791
4671
9014
58761
16822
77421
31676
51965
36138
92636
68777
39321
99775
19278
65214
94027
22367
43962
62940
56076
33549
9172
49471
86255
40042
21499
20624
48107
71303
65028
13831
20662
32850
82876
32364
12571
47388
50450
5341
24995
90501
52604
91851
11048
46031
61484
29846
47391
59544
21758
59308
56457
50364
95967
60430
2204
20169
34646
14271
34409
95165
5093
35525
30172
57606
24996
6036
31493
57147
53694
90722
17807
38938
91056
52016
33748
17795
91951
40476
43950
74169
98934
14754
96181
11554
70914
17587
40479
7107
92517
39013
37920
30059
49334
5728
58693
75457
34032
67420
694
99189
67887
84710
68495
14036
88669
72262
82970
9934
27116
61390
68059
39563
88408
39983
25016
18467
16620
11520
8298
97317
46927
44810
76543
37584
84423
44622
76769
30426
92114
87684
72295
22745
75423
58913
8896
82435
61583
29201
86914
4037
50502
265
65545
64425
32468
74333
9762
59065
21711
88870
60625
33771
9249
37899
40223
38747
61269
3773
84134
34743
16968
90662
98906
42376
96720
15590
92972
33800
83011
85463
90880
59560
4997
67415
63903
91031
84056
55241
91087
80533
81875
7361
68843
79224
2305
9996
82651
54120
98821
79514
70090
70792
22236
20064
34087
18304
63745
48923
5594
84792
54355
91768
45769
81548
62351
81254
24440
94675
77581
88315
26163
28573
20808
61399
53899
96723
20623
57699
85447
72487
9802
96234
34800
73431
78532
73802
59483
17993
89313
63566
68953
6739
21602
88784
19073
60646
87565
96035
36952
15493
74042
15448
85514
49721
63033
40833
33681
3526
91634
88468
68900
91075
22209
4935
80449
26237
35722
51633
225
56336
43136
48215
22696
60882
8007
74054
46651
58794
59553
6788
78668
11207
61708
27306
60334
39932
41271
97048
62689
62460
5782
10218
12433
84616
15182
66987
55769
13566
27992
87901
10989
44595
21863
4682
75325
74845
32050
26334
84850
62980
89015
94338
65967
68613
27176
27127
19040
73288
10007
82456
20213
41045
38343
48729
45342
61893
52948
62270
29532
28774
16226
84240
49050
6618
32677
78594
15638
64004
85796
5556
22931
67249
32998
36082
94927
10511
74800
48164
32829
30327
67936
60062
38902
81111
26018
1585
5262
79367
42989
67347
32484
16789
99671
95567
29830
96819
85985
38852
76496
71013
14497
81111
14549
231
9296
6752
95112
18470
72588
26745
99980
26474
20343
50093
45501
48667
43434
70944
51479
61017
6164
3635
78209
5652
88764
76990
65185
57952
18748
99057
7000
45451
82214
90136
98091
72714
59246
45258
13052
40956
26040
92222
81142
82753
88340
87407
61954
95290
38865
44160
99638
22277
23272
98295
11866
13953
34184
84429
18693
3363
31714
21130
83338
17310
21838
56752
38515
68026
52425
13765
60696
62311
90871
92093
15385
47677
5552
83546
98572
23304
77668
67518
92977
43267
50747
43276
35667
77548
23557
63918
76911
88145
56530
64318
50778
49952
44641
43590
69283
35002
4979
47435
20640
34593
87815
31694
2998
8782
84417
76037
39493
75863
82729
89880
44564
56014
2355
12608
40920
79191
37772
57782
52382
48950
10354
46189
27282
32473
18814
84991
11151
5173
61659
30872
8713
44610
41131
15461
4051
32964
10139
62160
80554
4686
86183
95443
98767
5118
75951
29933
79044
66702
56140
59487
44938
68475
1170
97436
6621
3443
94656
64752
68245
77155
29859
75571
14574
65122
27965
38090
87463
49425
84196
32649
68338
28034
83406
28168
78175
31061
84784
70335
33306
68493
2932
13040
67033
37305
85531
36467
20047
10854
36439
3101
75737
43729
39529
15044
94692
71462
76898
55166
59612
49015
1967
99614
37184
57200
87564
41918
74193
27354
56606
56078
69455
41747
94264
37129
27768
24816
77511
82447
69963
84656
93100
77618
25683
28085
91169
6068
86627
37005
78998
89409
64391
81080
47307
69734
96982
10489
85635
63012
80258
59152
66011
89806
387
57864
93022
18725
30350
69448
74446
24879
4913
24692
64131
69033
88984
52518
94547
59827
56600
41748
69106
74993
64484
82814
70361
2189
4643
17258
75490
6023
86252
91655
67957
3002
82901
1371
91760
71223
35258
21845
68727
92836
69611
74068
21599
72166
72200
39617
79934
40285
41673
41121
44274
98438
60623
40109
17417
97171
39280
10650
22575
30463
75247
6926
62024
56303
1112
99607
53747
89766
82809
39
61386
73004
75311
36731
47628
31498
47499
31017
13155
71458
41052
54893
63790
71209
18075
82104
86577
77634
24672
32275
53215
66284
15643
98977
50857
87748
82483
45893
42943
54636
30306
36574
33536
77642
56600
13415
82800
51960
33838
15517
7579
25971
3065
74439
69653
50058
97136
94917
27232
5019
87874
53123
48617
35407
75855
82536
96648
46718
13802
75287
68512
2241
81679
50318
16811
21191
24134
30566
44084
26909
69797
90990
90516
1381
20787
15479
99626
30852
64227
23630
63073
83649
52689
37103
23722
56125
13045
97569
45571
87695
73299
37889
22108
98113
11347
85770
50624
90070
56370
27966
5448
20082
27046
84924
67961
53585
52513
6578
18281
91437
21510
8315
37875
78940
46601
70100
48266
79069
26479
57445
4749
18530
93331
97471
77368
62924
62525
85315
3845
69670
1250
44870
66505
8589
24697
77692
42772
7731
52441
5713
32224
96450
71937
83183
52847
43701
43433
82723
94490
20247
26440
54906
2808
47386
6269
77926
21435
49738
42560
8260
55761
25186
1887
32398
66420
8526
84136
88634
54421
84678
29335
76581
91178
34687
23643
58880
67770
83811
53148
32544
36608
96336
7651
82334
85979
93768
1430
50722
68351
60439
29327
68508
8022
40141
3565
7724
41636
70206
81462
17294
39343
52802
20386
11778
43083
83895
16062
73974
18050
67584
9365
69364
25064
3775
42968
51163
19636
67863
73238
32730
3584
89754
48311
21993
92987
49837
70550
58808
57791
13993
7235
31471
76440
25143
78795
82988
47299
99803
77459
15244
56020
94374
27204
65715
65842
29955
23319
38052
10224
33906
7212
92199
28975
47820
90128
38025
88178
44059
69441
47088
15428
31854
77638
15586
24364
4160
66505
94917
89925
69065
73597
90236
42395
38362
58821
33418
61685
58857
38600
76759
82801
1402
74741
46498
12700
93999
39998
1941
32578
90651
61313
4809
71953
6637
80667
6803
1752
71705
83069
56890
13181
60694
77436
69975
72265
75055
68716
26436
24731
2542
52574
48988
78242
92334
8161
80590
55446
25489
77155
84569
37297
59423
75400
67989
90473
30164
3004
22349
31635
70013
72518
52762
6090
62397
35211
93037
46232
82109
27449
5159
3190
49877
99753
92729
18599
66757
50551
9577
9196
66371
77742
19688
83914
71013
84436
67610
3670
39836
87414
69734
65114
91871
64454
96311
77953
70011
13263
17014
24138
16221
53649
15900
404
52658
33223
82914
78969
2315
75008
51948
89841
53518
26604
69505
96873
15671
5075
66838
86187
87366
66235
86411
59004
40684
39673
41125
45650
11915
79787
6992
1499
9001
22927
78667
7201
31035
69242
92251
75230
83884
86282
25412
28651
20099
62019
91049
59757
15249
66650
57228
22585
74984
64862
64525
23162
11428
61479
38575
59134
3368
7753
20866
66729
70278
33076
46989
1181
58994
1023
47182
18999
22600
33679
79195
63552
71970
96699
45042
35717
1883
95548
65839
92870
12271
2378
63787
11530
26338
53642
68200
87739
48555
980
71690
15173
48880
66543
21453
66956
80865
48668
5154
81627
1723
51110
73445
57288
62323
35317
28230
10468
11122
46643
15174
43055
56316
83201
24887
94537
94126
3731
56695
1947
47913
24593
75407
83193
71818
81420
71765
11486
76159
69883
95277
17160
25168
48282
54622
33064
39457
72626
98311
76693
95769
93009
70317
71647
43863
88736
69871
29904
16071
52287
78444
51231
13246
42454
5893
19532
83482
7262
43955
73925
81922
87609
86963
26594
33531
53732
79175
41672
44684
7816
5486
59488
34442
99612
69935
3696
2282
12887
25930
91595
73542
11272
90756
41993
22141
79290
59625
94934
57384
19869
93400
18094
27855
78542
93256
46310
60708
79116
44086
32781
10198
4333
97279
20366
70060
31614
86140
68740
35976
6198
15729
6833
76897
88471
13237
40152
45429
78177
25401
62129
3786
80007
10997
24548
65271
21834
30898
71421
57251
24600
66746
26827
17455
17187
56640
30582
10286
87075
20116
22768
78218
78665
81734
38224
53649
41340
1841
78618
71693
4652
85807
16057
76601
87671
80704
92482
74451
98928
53094
30726
97125
75569
98498
21472
88230
76550
14787
72912
78923
35365
34651
97516
46260
30475
97399
21502
63720
28927
45640
61373
41403
14404
28446
89689
3544
73658
48733
65489
98441
19696
75125
56063
94764
92028
16916
60845
22636
92588
34588
56376
71185
47765
68133
38347
17653
44321
48994
40301
97913
67117
23618
80905
99858
88025
47455
71737
66471
68350
61598
15733
80755
45400
46959
84167
75291
87125
67074
61040
49610
23490
1863
82657
55752
54157
39127
26112
99022
7828
11327
51702
2306
11877
95702
82971
25547
48267
1243
3327
17170
86432
8796
26103
58354
72945
97813
38453
15468
71426
15352
22992
3361
53566
16477
16318
1332
83871
42152
12729
21094
69521
65101
99050
64757
35692
53494
30670
23454
91124
57700
53201
835
83075
32654
93609
92004
43672
7934
7590
42338
25358
87331
9699
1868
46538
83914
33947
28709
28193
35782
96280
43343
85215
45717
57029
56220
62628
36107
88032
99769
82019
51552
80109
21796
77593
37627
57294
68619
60604
44694
11087
74045
42681
65710
32689
35824
37740
44297
77783
24862
36720
31051
66665
34201
86879
49162
59175
52767
28665
55449
93951
79216
52105
2503
73692
85854
8791
95435
56062
61254
53028
88453
44620
39164
52786
57202
82273
21525
34734
11786
13149
28048
6943
62145
30934
38193
29750
11643
25569
42821
11412
90965
58356
15942
21786
11485
93259
96434
1316
83510
19811
84701
15258
40299
36872
95121
32166
54795
34944
30570
97192
95001
11321
89774
85813
33654
6801
53081
12552
14717
37615
91070
83918
96122
21389
22179
34410
2088
18299
66221
66167
3245
30617
23240
33693
98065
76209
34935
43631
16373
26013
11814
46422
39723
30546
89414
61057
26559
35206
92647
66169
65112
53242
13902
49021
17811
30306
2083
55203
10069
12637
41421
41826
9136
8732
29374
57844
47852
34387
4247
82185
80131
62902
3880
47361
67381
77421
13977
99321
68189
11056
79848
33419
6803
53840
11483
10912
20409
46969
64421
49698
22988
63401
33303
24795
54397
53483
32262
20030
89511
10084
81420
31741
58635
4823
1922
22910
40478
28564
13167
50138
54128
31733
61477
30957
16808
66993
47204
50407
33330
87706
63343
42613
71271
7866
66167
99100
50858
61959
58628
25410
49292
96449
50181
6557
42106
85822
66137
50213
5192
44997
15033
37261
54290
50355
27098
59357
21446
24353
34400
24598
928
90754
69095
8549
98124
15090
88590
71494
13956
97181
51705
17451
36648
57798
19867
18444
67276
95762
10260
47225
51997
99584
12785
39824
71795
25935
54236
28248
69784
4116
85142
14806
14441
54838
5444
12637
84229
35951
72809
75516
76508
27791
68674
90261
30245
7990
22527
1532
85710
39196
87107
50272
17450
77488
35473
46039
44250
51617
6467
95781
10803
93135
9855
59055
32509
39772
54180
26344
50378
73015
83203
55893
65125
94036
83301
13379
84777
94945
51988
70237
84684
36847
72940
54322
75947
56760
75068
20992
94705
5633
18983
56322
75650
34320
57370
70344
89539
18812
53659
42882
5369
42045
38016
60485
56596
16852
55852
77394
88486
81841
93828
4959
40514
59040
25132
14945
12252
16587
53477
21775
61614
69032
29391
62203
30518
1122
72744
44982
92698
15510
8496
42903
22359
57445
32847
53740
49519
85143
74167
66723
75246
67165
20257
66492
73962
96753
66077
36121
98777
98995
88992
80645
60975
37238
44763
58835
89698
56184
49644
61782
20389
34968
33475
11233
76965
76474
39055
19110
21309
2716
83187
99881
5862
61769
30095
77933
79811
82508
76212
25123
53124
26430
35374
86604
31143
48313
53655
81285
84244
79348
54692
16462
36982
79294
46132
83513
6731
96866
58737
73541
30663
94170
79343
59984
22136
53904
44824
21639
4017
64699
84264
90603
72284
29408
29530
30812
10782
90185
77015
25358
72313
17095
82017
78667
8933
50503
51430
78017
99546
78127
81537
12390
49442
70631
83901
48388
91954
80218
75713
40900
73756
74546
54249
16354
26053
38084
36042
48533
5032
96075
13068
47121
21095
82873
74823
69243
52167
9984
82272
88997
17432
58500
78621
74501
32144
76224
59957
97315
1127
77954
11275
20766
70487
35167
65222
71342
39806
67273
43752
68200
48498
50364
47123
61988
94677
76651
17482
23605
76020
14138
92344
59167
7753
23830
21647
24854
15067
28698
11045
60472
50354
9398
59990
65675
11198
64363
23022
62732
1627
80883
48525
82667
22853
25745
73792
84974
43414
47355
96736
9245
60664
22770
63340
44521
11605
3421
3974
6472
36547
75337
38476
16001
85551
22878
15103
56030
87386
66201
36935
8337
80873
1021
11329
81126
38544
46731
75532
25548
64512
19892
51183
15178
35337
66032
18033
43297
93811
97919
8500
93928
36788
14523
29269
20503
90185
64448
82367
4040
83596
2597
32197
66453
27894
18404
74561
44636
63102
68972
33604
55792
14666
79060
30844
60634
40107
231
5530
93436
37013
71695
3022
48556
38386
10533
27136
46874
71650
55222
93917
41056
26366
75960
24999
72671
58574
14445
85353
24430
72832
78630
81587
18815
2903
47357
90193
47758
58353
44278
23791
8269
53108
45148
2129
91795
37582
58433
75750
91727
5966
25343
90177
1431
9167
12116
16323
2110
40558
19670
27893
82479
20667
63857
50665
4402
23780
766
4878
27441
72633
53303
72191
40060
9341
14560
52506
14427
48335
45614
28078
62336
73514
38954
38955
69392
78007
50592
53976
93544
12801
92610
51445
46473
67309
88304
14775
35830
99338
10078
7596
74661
84738
45549
52121
67514
73157
51534
45764
40983
69108
61766
75581
85952
62485
7321
9031
23990
89890
47954
36973
72674
77554
52826
29193
53231
41726
37702
1479
36602
32517
28017
12293
66476
94343
61135
88098
73846
53322
34359
37185
2460
99294
84798
66546
261
7077
83361
81488
44025
34606
34342
85323
42363
63354
65748
88331
47709
69679
95320
91029
78736
67816
75214
17717
58463
2680
50102
64327
24165
16682
52487
6352
60597
45851
77277
2679
24110
41710
18164
1154
90905
97095
18547
84275
53815
80515
22817
20969
11484
22462
6105
34387
3845
49492
44466
9327
7045
95183
35711
66383
97389
75107
79141
60613
3955
60551
94865
93629
88726
48187
79523
46135
88896
62408
34986
11100
66606
48961
68080
6223
22092
54413
9096
25722
44214
58212
14209
85209
8843
861
35374
74607
44934
31232
10641
19584
73970
79449
72139
87326
78500
49698
26550
86513
85713
31029
66321
71578
41525
18949
85056
74446
79602
6923
88156
20505
88795
20621
68841
38684
28657
26044
38804
73294
444
26004
26291
86091
38237
25667
65244
41215
53187
60718
57685
57714
15484
41883
15830
1322
97953
98664
90252
52022
56701
34215
48268
15211
93458
60054
15780
45873
50678
54394
30515
99716
10007
75613
60799
14304
75399
86658
88165
28632
71167
72988
51660
43957
66189
60302
15641
16038
51956
31782
99951
7609
12067
18950
86168
54318
36488
85662
30975
49369
88194
13922
404
26249
70749
37311
64056
22870
30656
48962
3055
25468
16658
75325
89396
84856
18248
46574
14552
63038
77012
45042
48986
36886
11182
63192
45822
46471
36401
24177
59127
52951
96199
94125
15408
44428
91383
89307
75594
72026
89205
78784
78810
7008
56799
456
21132
50539
67685
39382
28853
95280
92689
83093
91204
19488
45731
31185
63207
99434
93926
39645
86160
66268
77546
50831
63937
71577
26382
66656
92110
83035
37639
52656
21859
28241
83537
88279
86845
64883
65932
63898
77825
22928
48047
96942
38927
49560
5361
6455
46796
62658
80524
45300
55190
94501
24528
45078
32579
53974
72320
78986
40006
65887
62399
16532
13974
64072
13406
79611
83946
31656
83637
91957
64357
95804
89876
78066
20929
14207
73746
19028
89904
32726
61723
28236
74532
41903
58510
52352
76581
24421
75053
11102
46090
25119
97400
28421
22589
1833
41347
55831
73366
74123
23585
1874
69670
6075
76574
79266
43342
66693
59737
89994
26446
99946
31042
16161
22169
11240
51960
48780
16078
41875
89372
84625
85178
5682
33212
71944
47333
59663
55927
23275
39343
20924
53690
51995
55910
89118
6161
66250
97828
287
983
95536
20324
11710
76383
90300
55456
60377
23944
93137
39241
14727
35799
71126
84406
5188
63458
79874
68760
86480
71137
86156
77208
48999
45913
96899
93513
84018
23459
58722
88620
73551
84382
47414
37965
60922
9940
16488
89534
20599
66242
4466
39249
8698
53668
14276
62768
94298
80138
19345
79685
85128
15717
76035
48428
45788
77842
8390
53241
74566
20517
51386
54512
31461
68359
94150
24638
90490
78049
32945
2027
72144
56294
13882
1815
2619
50197
56174
83223
78735
36652
65528
77402
54523
78871
37321
17594
35103
48610
36064
34000
29329
14654
34854
41365
34143
33821
6004
13579
11796
33455
85435
61891
54147
79672
44687
92453
98852
98218
40795
855
88083
31462
92727
81037
47654
18089
14290
26853
53041
64850
59984
55959
87688
3373
51585
90520
89080
40229
59030
42194
93727
14082
99205
28672
39199
23160
91074
52307
40823
88833
23471
87786
72655
81668
50945
66959
82618
60669
20542
91881
78497
5598
21124
83117
43308
41052
86346
48023
47372
50299
48449
99527
65899
12253
12834
4775
79974
43547
6677
12305
83609
30423
7772
65756
92465
42758
56134
75037
49418
75152
54693
99769
42344
70114
13723
65101
4259
36146
23054
36193
70668
7722
45174
22912
10510
59743
21808
62665
68086
59263
48065
22465
6309
14253
3113
46426
27369
61628
62625
58970
80928
26095
94653
97108
44274
57344
41129
53618
66791
74422
93384
37918
36020
54432
34767
37944
74995
95573
35688
31455
5654
48183
33492
94875
82387
26251
66559
4835
84626
11925
5179
98282
51359
81027
74214
29081
44139
53362
94376
3293
80673
86099
75581
95187
14905
61161
72133
45618
25258
187
77350
93339
78990
93011
95282
24633
670
27564
53392
41270
59208
85948
92428
87942
84343
29009
11316
90099
37628
32028
24594
54690
14707
68825
88439
34071
7962
19176
91264
5706
78500
69327
91326
94739
67947
95402
84477
53794
20118
11415
44152
95508
37603
55210
91608
20213
83247
10845
63654
97312
56710
74654
85404
73767
76699
85983
11878
20338
31381
72199
3681
81259
74179
16470
64241
77342
90848
97079
1006
37927
58388
98781
66498
76385
79912
91625
27430
19125
90607
81340
23448
31915
31236
65357
95943
44321
37208
3115
98964
30081
83921
23884
97094
75481
7504
84596
49815
38164
35821
84062
6233
30651
34032
68885
7002
80325
32280
63199
96564
6835
11587
12126
47807
32635
18993
46327
60412
49466
53481
27838
20220
73197
36821
45888
25996
5053
71557
50981
55632
4434
8051
98320
8866
37567
16864
32183
7127
1749
48318
31629
73984
65681
47216
16211
74623
30835
14563
44001
91768
76436
58901
61464
42395
13212
91589
33496
34247
54906
31541
6969
52252
62744
52235
85083
98525
77180
69824
78485
3437
99576
26855
49220
58582
46186
33545
44456
72791
9165
75080
83373
18148
76604
67849
58321
78649
16566
24053
2824
81747
83533
76594
73533
12536
97121
28790
49016
39486
19953
57985
77298
29812
6297
45132
32202
92874
42079
24594
85794
52808
63578
38655
76190
93696
44724
93691
94902
1817
6309
92916
81783
49480
80853
65000
63099
53257
33142
5598
86205
73693
38574
96459
23812
33693
93137
72863
31507
7755
36913
98865
26464
73074
8300
88310
97925
63806
54909
43623
47292
11257
13642
59747
65378
29662
36125
33673
9230
18541
82621
42785
49527
44544
15321
12758
94757
10068
10895
14924
50035
58492
38915
69243
76267
83123
66074
29137
52474
78969
68262
97560
8029
17563
35926
91243
25902
8825
3374
84202
49747
62795
10628
85563
60103
13480
65832
25315
83126
490
23002
94369
73992
25401
38190
22261
72502
96170
61727
66865
23530
81147
9844
66611
68081
22846
10838
85892
95504
68001
19149
21583
75012
59029
39077
81850
1408
31352
59060
16631
83300
37724
6790
26841
52663
5165
17419
46591
99907
19056
58551
11987
20165
45537
49439
69923
73978
62116
87771
87302
48346
64755
81397
74103
82213
43732
30297
17116
10183
18145
43731
2269
47168
65228
77870
73252
42814
57335
56358
85518
81858
28299
90994
86743
99698
49199
72211
14736
98188
77956
58017
32732
64655
11312
72767
22638
16371
78156
21461
99662
53077
94539
12393
81856
57260
91350
72119
1689
76008
33983
20653
89733
95031
10417
90336
44054
18531
50652
92138
80696
63639
28524
2381
79558
52625
31221
9734
77754
94551
19118
38807
50879
95215
60807
68504
35596
78098
93783
64120
11941
95769
87895
55485
551
50594
9520
53926
17487
41601
43972
363
98907
20809
51774
48436
20463
46161
99670
2199
42979
14769
1481
66004
69413
50234
41387
34254
17017
66650
47280
63335
22314
57135
42653
3139
77443
58627
98386
78487
34548
85481
26053
42058
62590
87952
4381
767
97069
87587
42690
54326
16147
95154
45602
74651
51385
7190
45972
11250
10426
32598
47517
11754
60975
7811
90714
69113
21947
52631
8908
21029
72410
9579
51727
57554
74725
64754
45492
59645
56593
85926
42154
62669
82920
1798
97485
93053
17984
85572
14339
47112
34402
31424
58653
81898
46666
87457
65121
606
83169
73599
6743
58362
81422
39436
3772
48310
71342
88378
97847
3610
30016
51597
74936
20648
83041
40869
2512
71410
42634
21176
67945
27798
92643
88775
84869
99143
15872
56454
16976
10668
49435
21401
87362
25707
31299
52973
3910
729
8502
62613
24718
62058
54342
9861
24091
97094
21036
71110
1361
32516
56927
41922
71000
22722
86450
72549
52466
87027
6641
82116
21833
8638
94749
68405
59120
67415
12042
15176
39748
87835
81360
6000
60000
41538
2152
91373
89181
86178
6061
30336
83484
9775
39685
85941
75723
84900
89473
15655
15524
35467
27514
45078
80600
64
20321
709
30681
45743
80892
78078
96144
50826
14152
10408
15622
64635
86519
4078
81145
67491
57276
42786
35080
84756
3698
2389
55686
91919
69028
43168
8035
48441
25751
32177
3007
12624
8881
73293
65063
47750
92798
8077
87430
3349
47026
83040
23273
27025
61869
20804
10722
20537
5514
22748
77196
98207
82278
44777
93953
17772
29136
24112
85963
78899
72632
92320
21535
13652
11028
26607
20135
11634
55873
46057
25326
76088
17717
57822
32084
40140
45128
67864
10466
64361
932
1815
82373
65441
10700
52258
89641
32102
67169
76092
33862
52999
44364
14159
31331
48432
34809
45235
23665
62131
6644
57838
97045
88847
91648
75419
91981
86932
12134
58137
7671
2657
1540
50348
28071
33246
71133
17260
50810
4695
3068
89681
39702
27158
14395
92953
9552
4712
29687
91211
8741
27800
14446
29204
8352
7313
37341
36617
69207
89817
58215
3423
62942
28905
49226
23036
85753
77985
28361
16558
30035
52012
20217
6795
76770
24023
396
52580
79162
23487
65775
18889
84563
79056
50676
17390
78769
79349
70168
13389
54591
70639
23838
72997
58342
73769
52395
70896
20293
59013
51383
58751
41758
44233
28721
79719
3071
25934
82000
87258
92840
73783
43739
9799
78676
13519
41257
75960
27542
56260
67086
97926
34497
63934
40692
62559
22767
41143
42377
62820
12977
33045
76414
14712
80573
30149
72859
16116
54954
7456
87467
90360
86741
33433
84614
62358
65913
89098
76696
5337
35807
76682
98929
3389
94507
54164
63098
59621
12438
77768
28654
50966
40097
7058
430
15524
95062
51518
60276
41871
79556
15285
49697
42896
18904
30250
83529
26992
28440
54171
21952
41176
98769
58145
2130
21906
13893
32725
41761
17409
73624
12221
18129
37251
31201
57683
54219
17607
917
36832
86936
94193
36197
70248
48354
29477
69346
38904
87234
1808
41302
51077
32293
73793
91778
63795
86228
33351
45461
5853
55732
1821
6963
59571
1743
75068
89531
90727
17813
27839
47853
17959
80148
39860
61439
42169
13513
21391
68675
90236
57793
93744
84382
10169
52084
88138
59355
7756
63894
55162
20333
48757
89535
95151
92985
40376
31701
40662
37919
23255
76110
51366
65320
35639
11813
74135
28366
40454
91194
48115
11251
97265
88468
19089
56858
83047
51786
5013
32637
95347
52558
10244
90345
6318
90920
68827
50955
93572
25748
79392
18639
23491
89085
4474
33248
79092
41733
32572
90398
56505
61177
31084
68632
60277
41300
63805
54241
67726
65428
8741
93380
22477
13845
38228
12861
33715
67008
27023
95974
76786
49216
52085
43994
34287
93808
73344
6722
21548
1958
70805
92615
50622
94113
69199
63546
70563
91415
70573
60459
25273
95861
27708
97371
55357
86038
72534
7289
69384
1786
62875
3174
22351
32407
34657
81160
32769
43720
4358
84639
6975
57685
41841
17547
81336
32610
30163
19018
69003
40500
74695
78301
86041
64473
73235
34582
28436
52222
60901
99667
71121
78423
62408
39492
57262
68359
61596
28095
77211
17761
34038
37930
67910
9084
94145
89849
14719
2283
61559
29931
30476
93193
1863
55957
99221
27172
99103
96149
12164
54673
70900
61955
43074
23633
18699
83016
16576
64992
41096
25929
32441
7676
48589
74856
5792
69077
37897
94682
12578
29212
10322
9472
19564
5630
45343
51519
50143
812
14526
27597
17063
84009
34609
38741
26059
33886
14598
87937
21015
17154
59646
60044
91942
81618
75982
38203
43131
43460
78119
28253
35489
97592
95402
87108
77969
79937
88691
32951
72468
18242
98303
32050
88365
34523
17051
68689
27046
10286
18616
81502
96092
44210
60226
96197
67143
46267
6566
31812
20904
31359
80492
62493
69405
47924
42109
87905
69541
36574
52014
57704
20854
21444
36744
55957
50190
19166
24060
39306
70148
90513
21432
20482
44900
70418
44996
67387
95273
99150
3107
41273
45899
84592
57648
50680
22000
29713
34905
53044
30924
39094
86050
27310
42091
70127
25363
17873
4733
2503
67108
63614
68815
76405
89923
43694
73007
53026
58177
77471
16456
50504
93313
60333
61491
34775
87779
64828
26451
29454
96624
78922
45504
15851
53512
26771
57611
4401
66656
57270
61999
34448
42866
29058
17289
96770
93387
13669
94159
43681
35620
29736
28378
87554
94820
30893
31230
39893
432
3246
65991
19969
38551
86773
94432
71934
78303
83771
32990
74185
22035
99073
52731
47120
79711
10514
59803
41244
50876
75223
22574
9615
16833
20931
46291
90989
65542
66762
55469
68287
73263
28976
91221
35359
4026
10184
59221
89813
24093
72291
7705
19299
57665
44661
3100
35982
38809
81213
30009
43412
99176
75443
13694
24130
15556
90855
96717
72557
51770
68201
87770
73662
36425
67037
43546
96827
40242
32844
25668
84970
91603
87599
24305
21389
71585
28352
43857
40631
79646
16173
19814
99025
42249
31323
15547
62643
4178
56996
62524
88283
84907
33236
74083
38857
70165
67395
31342
83273
8160
93405
57780
9478
90820
23707
50605
7493
26487
81725
50337
75306
14223
49584
13504
37587
70263
31786
89270
13240
6937
36239
58422
89599
67057
26917
31847
42682
84135
12247
28230
43796
97727
47941
11044
24617
57571
86396
6203
12217
75777
71799
67733
28237
40773
74504
31877
42094
40563
79723
85972
72408
58647
12199
66170
79666
76690
16717
82066
90607
53453
33960
2086
25398
32236
87509
88163
1444
32436
93106
26897
77200
52115
79245
70179
30700
21309
95695
76206
49226
47404
96775
4110
48732
83816
34849
84209
1375
30025
59588
87642
12836
94633
34678
41237
30759
49692
18199
5897
82001
20772
80407
22188
2739
16459
2975
22735
98051
8772
6386
35814
57525
42307
63867
52638
57004
12421
60970
29438
37741
29092
15283
32385
15483
50588
33009
73122
70631
51759
11274
18076
70408
80535
40146
909
77780
2351
78954
53488
3563
88628
99718
39970
61693
75449
95827
72110
31842
14414
90203
5209
55768
84099
80112
30441
85708
72554
64969
18889
7010
56740
27391
2842
37229
17142
10196
88395
94951
12157
859
97507
54317
21402
12121
74633
46617
71027
31584
76625
4964
84992
2453
27234
18692
17646
62831
35214
55220
86966
85330
54976
83117
68486
17837
13754
14652
83697
85437
3628
23392
24222
1883
53638
11157
91424
68517
94963
83757
49000
66806
74225
42471
69487
60659
60065
20737
85677
5523
8930
29684
87560
11346
89668
89883
97282
20179
28180
53296
23408
22772
83214
18963
79760
53746
38055
70915
76069
14509
40083
69126
2418
17093
70772
58540
81021
69535
30407
47653
73578
51715
51400
5820
44606
68729
65098
30242
1659
90658
1246
28217
61610
68247
4457
87423
16531
4445
80265
86897
49950
45641
13225
91577
74307
56966
84434
81787
44338
66487
57713
19399
33385
75054
52279
80734
81504
38045
80816
29791
45768
52558
76032
26246
59724
29755
78117
11072
73609
14313
55215
43874
13316
62207
92672
93024
44455
38663
92885
20512
58092
93267
33453
29192
10432
47428
17290
45973
89722
63927
59720
26818
65018
49242
61743
99627
54701
77395
70879
76390
78806
40815
57861
66223
10602
7610
88492
82785
97735
64038
74823
18209
13721
6282
44338
58390
79426
98573
56155
39466
63492
83288
25017
13539
30110
81170
69966
96302
76772
22312
28029
70551
81556
19938
4143
84762
74003
60208
77156
65234
21116
39678
61210
3087
33782
39277
26042
11323
89096
54967
65489
21916
56443
50438
72038
78932
49045
9158
30041
99191
4519
48956
78296
85478
50119
53820
5801
66845
48361
77885
9584
53027
37913
36015
50186
20573
65343
54759
96709
53564
930
13117
70511
90385
58201
57479
95698
84401
5056
69338
3418
84219
65053
7677
31867
40066
65317
43101
99032
38864
49695
84000
41659
64031
45363
89032
80962
7795
2516
99548
89700
40520
72663
63965
46207
96149
68620
6490
9821
83480
20211
95172
92051
62089
50590
46609
72274
93723
65138
86644
62557
3228
66907
73517
24545
67523
66470
3928
83733
13456
55969
97057
95204
69029
41673
58312
37250
9121
53585
89303
85744
64122
21769
9885
48675
57345
55095
45983
24578
75891
2974
66902
94588
28286
14036
36722
62232
3476
16711
20316
77643
57493
78766
59227
1949
51989
23629
58235
76206
12093
48419
15063
75304
63633
26850
61908
61375
79941
75759
12123
70224
19473
35342
41546
22525
45054
16493
75272
92211
97941
26820
9750
81356
20426
24728
2467
44813
83127
3820
85932
44233
14027
11142
83227
15200
41385
17984
21249
60926
9094
69867
78756
55842
93470
21657
60850
81838
54722
25324
91225
69149
15697
98810
79744
14140
77861
70737
75658
73428
60670
12505
91514
28266
49741
12138
75176
64788
13490
75950
93740
79485
40174
55959
48900
79913
79074
8036
90977
72766
19474
77379
5336
21933
6479
89703
17532
37198
3089
83882
9343
62145
92924
56058
79987
43205
79561
69401
85996
71125
37563
65483
14925
10024
26059
95043
70640
86594
24595
15476
60356
72871
8909
20608
18787
67836
72525
81230
61401
37103
2859
788
93779
3021
11754
53690
12965
42275
18366
23987
95553
52981
79915
17342
93575
2478
99015
75566
76369
46262
49532
77297
14335
94017
24885
36037
11595
1092
79548
50298
95974
82086
51930
92740
35213
88708
93706
18067
85642
98567
69834
27367
50235
11070
65387
65739
3515
42341
32717
33293
1637
50948
50508
80700
96655
43927
99456
64009
20496
21751
5108
36152
36861
94787
32893
58952
51003
96517
85877
47087
282
87360
22608
93056
25012
69608
23458
54818
14847
75118
37518
84986
89406
75642
78808
31723
27824
8278
28687
73029
35542
20503
23975
55722
79365
54882
49490
23352
95875
49455
98507
6069
7073
77445
42988
26383
636
22477
39718
31048
85860
86355
16670
12711
34505
24089
60770
21732
46321
59851
86548
24145
65567
68784
13230
23811
90725
81905
72744
8054
34855
67049
9094
24556
45115
13810
10145
26127
50492
44176
57918
81945
82279
52038
57118
42509
34487
11497
13611
4934
82695
7494
75395
8078
60315
1588
65562
76774
867
9393
35568
71614
2912
59496
44897
47496
62226
43202
96353
24143
7280
74631
55735
90063
54955
60352
19622
98103
21668
59239
73167
8903
68072
48654
93781
92280
91588
40134
58910
34184
49859
1915
25673
78568
32438
13974
55605
70332
50223
4582
89841
31421
32117
68707
68904
6083
10544
16153
41711
56417
64336
52496
17282
88786
500
65691
13806
96843
22552
86899
79660
44085
15408
56756
61334
35862
92303
8815
69120
37769
26781
70172
59084
34317
73290
52139
45108
30280
76531
29375
70587
94636
59191
75383
53364
2229
76332
34355
374
54777
8402
28003
40049
64541
53316
72017
8654
6147
44525
67368
94152
41232
56140
89004
95502
81076
52676
42234
39122
55828
42660
40003
83686
31482
40830
818
53539
34977
22247
11944
18470
16978
43989
95674
99978
49141
57403
93734
36796
10119
84905
54649
26039
95679
26527
79677
10647
99829
52981
38653
88513
47365
8543
80399
42045
29869
50544
45994
87116
81109
90145
58997
88203
6409
68583
95549
14997
63118
19262
14200
76476
22608
31771
88827
65071
75892
39916
84304
88307
89816
25012
4889
3085
88758
81662
52237
7606
53085
73273
57597
30977
10430
37038
33464
38880
97386
10211
28089
36466
98792
73653
14162
14996
86501
68049
34587
36108
91085
34222
16203
1555
3466
48667
6397
79154
42691
16185
42654
70486
37905
53072
4239
35259
84238
45129
13907
9101
2174
52244
63230
25916
80968
83652
87966
69404
55911
90269
24040
90897
38552
81268
70002
43255
45736
36074
51995
29820
40834
27482
35559
8715
52060
64152
5538
85431
75233
38235
74603
26219
5130
99818
4375
78855
69788
3035
29156
70030
17031
18106
94
97050
59147
41399
41577
41539
70808
42378
64373
30425
16456
74655
59711
81143
33056
80989
52625
19038
23886
36138
72087
28808
92737
69800
35630
78331
29786
6855
61783
44411
60813
70753
86081
16816
38583
58855
6870
47541
53601
66659
63063
19841
28340
77313
36873
3070
42371
84672
69662
70847
1279
33158
4464
87355
7467
87497
21333
51298
630
91096
40960
31791
3556
73132
45870
7913
46817
36520
83415
81270
30121
70130
70996
29258
964
33594
77058
54279
41061
44625
54074
83150
46013
86959
54275
18027
95817
78673
9403
54533
36375
98013
15092
82202
25946
66625
17235
20582
79981
16453
14179
3379
46058
48966
33326
39231
84480
90465
48901
17244
16065
76737
35898
59713
34176
32514
40033
89490
5643
35996
1895
39198
21659
27317
80410
21376
59680
43440
97753
16528
55438
92745
10031
26358
15724
88151
18152
43455
32137
59669
84770
24927
61452
64472
71389
1106
25980
45985
54982
1705
71614
32408
97121
76091
21753
39522
16254
30753
56148
95324
18481
97759
8812
96415
55941
69119
91828
76810
6489
77525
14374
32433
90722
45466
81465
25070
43928
3187
26108
95417
1561
79215
75072
36255
46235
91902
79038
76955
95167
36942
42327
92603
32259
97360
95926
97525
1922
55048
85788
1878
70023
79907
93419
4662
9038
89379
10124
15406
21744
15121
42462
38598
30632
51302
28551
38388
3752
82827
2446
73160
98475
11338
40931
50131
1740
62275
53624
40319
86665
56684
65348
51041
44456
3716
19321
73182
677
68919
22506
59941
33369
95247
21083
74171
64543
90401
96696
71845
37852
55886
43740
20763
29030
79453
15737
4782
1497
13786
64725
22841
40664
78505
84850
24235
83209
28577
5195
64125
38161
66097
57810
39890
11951
43293
14558
97555
57772
93772
61817
19145
29613
15656
34359
68847
3006
75907
89957
37324
53376
55051
15770
8671
33145
41840
39311
31427
93668
24941
70410
36819
63239
4945
41140
48258
70071
82671
27600
79165
6713
2015
40869
86149
33479
46740
14023
51499
32676
14744
51567
80210
24048
76344
34656
72782
88527
1585
8795
9854
39320
37854
94576
58371
29626
18411
85019
97647
34098
66563
52574
53801
62762
17607
19265
25690
91910
54978
760
9079
27431
85521
20422
52453
80395
68899
55763
96374
46987
91693
49642
28135
59606
72969
57865
39338
63730
96039
82900
9303
35564
4773
48771
8409
92357
11005
71240
74385
20150
68281
18433
11664
27312
41925
84525
99645
73638
97238
89904
88915
82508
52519
6569
91714
21752
96452
50511
19721
4860
83405
78000
4642
93844
66453
90373
86098
22020
30019
37600
39876
90978
27226
56121
98101
42744
60839
27479
15750
92460
74278
19391
45341
3831
42844
16955
34877
69761
40312
48929
35017
88732
21755
79045
43319
62416
41470
81596
88182
84848
5843
3324
34817
32822
52064
18835
93269
65622
20140
81863
51374
68006
49858
71348
40432
97727
46070
73228
61963
18201
63048
86518
6275
61291
37856
99172
82086
10855
71712
18775
28831
6766
53778
94526
10289
67697
61247
4284
94933
54334
18043
11807
10316
30187
60928
36984
82267
17631
83662
52691
19530
70523
54381
54175
39149
33985
78302
49727
89174
78959
12827
63136
45823
36959
88283
43884
9767
32883
42933
91954
42780
7534
52258
75531
22798
16664
49404
95525
53843
53163
79358
95039
96739
48838
50546
27621
35731
90309
1420
17563
51041
54284
29093
35866
79891
82860
75856
10694
83463
33913
44025
39149
21572
63587
26090
19518
21994
93467
2837
55395
58850
36328
45575
99315
77518
3573
59557
24206
33709
39210
78293
82182
79429
4234
39815
11347
95128
90506
85967
93063
55530
65723
40531
73353
74118
22394
39150
59167
9925
23510
37032
15917
84296
74407
30522
33436
26831
89591
50868
35013
76183
98880
14428
29934
4925
35865
12095
96082
60472
31973
18396
60233
86371
55603
51272
30939
98603
49864
57012
24440
51046
67795
49198
64529
32400
53955
86554
35920
20204
71397
5927
66800
18549
30315
85662
73096
84735
57197
93105
46705
77362
98031
59945
56918
29749
66748
7164
26446
57606
54353
63736
57294
6461
80165
46392
15767
76453
23638
29097
81159
53695
95954
72524
8842
41581
63171
75891
4142
7923
53454
83198
59565
37408
37521
58976
92878
13759
62828
70499
43605
8207
55358
11672
8713
85558
53306
12151
92715
2382
33798
36192
2821
452
47551
32228
44090
90482
7978
64656
86199
65301
42911
13684
63303
37863
87430
57271
10141
72161
75716
42652
95101
14330
36651
62546
53871
10105
11327
47394
46507
95716
88907
58302
65475
42704
80633
96552
42208
34152
55451
84132
66955
73295
12320
81482
56932
28565
58987
83090
44308
20770
31296
9148
96378
89801
46532
22076
6297
86271
34228
85189
64729
76226
23534
76352
99013
21658
73949
9872
6986
29352
82646
24966
62355
17676
8834
55870
75939
41488
9806
90466
82908
71172
24100
77287
82113
38183
79671
9185
95402
17119
28452
95000
30186
10843
87155
49930
67537
11919
44466
3390
63210
90454
24732
29045
96748
91433
8609
52494
8767
43110
30868
7484
88236
63435
58349
9271
78315
8706
65175
79179
15708
28097
32964
54925
36476
37462
90575
1752
95244
94049
75765
28470
27990
46346
6089
27365
54261
52907
46882
23874
18681
84619
69779
57844
63706
32632
38471
76225
94140
70175
87910
61513
17365
30856
58358
16705
45387
69060
80996
8756
38338
99649
28796
42594
95469
41697
91067
36951
9039
41733
90040
95278
56197
88485
73577
35185
17188
27231
26879
78696
54948
71750
17123
35613
39283
1484
1326
93136
29173
28692
96148
60033
79848
493
17052
45255
73705
76551
1422
50642
92331
2312
14775
3712
72706
26240
97940
59853
26719
92557
77255
85825
69549
70149
27078
49927
87153
90941
46775
57419
93520
63978
69717
87595
35863
90850
68942
29661
2852
69144
60176
86324
71259
13606
76480
83221
10849
91342
93763
26966
61290
10657
50375
72472
64159
98100
87957
37405
41068
67798
98670
24671
24406
19099
91179
60624
69312
27326
51395
45548
50746
75461
97909
1946
27299
50076
34233
93330
50141
54979
60584
12458
56663
74172
83967
91446
20206
5492
55094
68593
5780
19333
19979
29840
68739
93135
28637
36929
1002
85997
78459
80811
98051
96465
12049
52677
27119
93744
29520
78940
88066
57317
83620
36596
43536
14800
31263
99530
97332
49301
48989
57872
17746
3304
74585
61377
42262
88892
18688
17358
65779
10247
41044
54489
9733
19685
51736
9631
73557
20707
18564
95528
8154
22977
70985
72767
24228
86815
39686
9242
27251
69509
82231
6286
57602
38367
12967
82437
66151
60
59486
2826
58155
50450
940
66440
94165
80004
9661
76373
6956
83260
39098
62514
90168
78049
13135
80197
92286
39936
11997
620
94227
61706
59550
35992
96394
82822
164
20958
83064
9028
81888
22535
55480
10907
25170
78412
91104
24533
39617
58361
96016
86391
43365
36304
23661
8344
43923
11755
64706
45250
19910
26756
36441
12268
55189
24893
8797
57198
67347
97823
32580
19390
84303
43529
13516
26761
64167
88286
15795
54674
35052
31108
91529
61226
34667
1992
81770
48127
75022
4448
46302
48296
8646
41612
35590
98361
60712
33408
51527
45789
51808
26140
47646
46521
81751
14989
84126
71172
88933
19793
31945
83910
78240
82245
55977
51288
14076
15244
51064
70536
342
45500
42165
27444
8598
69289
29813
8124
72555
98660
27992
9648
66147
21813
92053
93080
19778
45254
26911
12137
75662
67247
54083
76504
12816
70391
11834
20389
26951
55540
98673
66880
89828
85465
33880
91639
62629
98395
79525
74195
9340
52468
8540
66135
18866
5397
68251
96464
25505
42286
49870
86113
10557
74175
82387
58565
51646
68951
37453
71397
74616
34820
94749
43958
50450
47541
15697
37018
29967
47981
39002
94074
26161
81643
25217
8478
87649
35159
34198
38595
82441
17421
43084
83160
37769
45123
25213
62585
30893
50950
63761
38429
3541
27291
15040
13570
3480
16344
13646
59774
81852
63805
15747
78705
23397
18424
34046
81018
81576
20453
28283
15315
63555
36711
2181
54258
32610
80139
67085
7550
81093
87238
66285
86414
56798
78441
58845
71429
31451
91392
78115
94938
64662
97817
88410
66141
89333
31730
11780
95521
29040
67537
39406
44590
58433
59225
25404
77114
32535
41964
43282
84669
26783
49677
20873
7015
8345
3548
67653
60924
49750
64568
48095
23515
69654
56250
2438
40845
63882
76543
5568
96565
51162
97078
78726
94746
81038
28163
41413
2905
54111
55982
62874
6688
19518
73368
16641
26101
59258
23816
21213
95636
98363
77836
1776
95022
72699
52231
13914
66027
13740
71093
65300
6187
34947
86083
96111
21018
20178
38549
50052
90288
89056
7184
87508
63783
76260
50631
16876
53361
36836
62768
41541
23902
46294
25810
3921
53920
97568
54979
14743
76806
44546
19493
80727
18307
20328
48725
51411
33764
35491
97902
10756
98595
41267
43780
51679
21840
81214
56628
52554
43704
87043
23735
19076
39678
26788
60198
78668
43661
89135
7114
14166
57684
23687
35673
46785
83005
30296
86562
73971
77909
63379
83899
59710
90684
29746
5361
55409
55623
24226
46741
22283
94664
9366
62245
32862
47623
89009
7024
30422
65804
95635
7124
85466
6101
34343
8261
34686
30480
46321
78078
8899
26307
54911
84811
72188
11040
36687
19285
78866
35604
71804
78633
92248
27213
77866
57958
97125
5465
58549
61892
82003
23617
55087
67952
18000
13318
55255
83727
68596
54643
63698
79258
45664
810
92455
52339
62869
6516
31230
27994
88488
86994
48656
20517
73734
47517
75219
91667
85015
80483
16494
68332
28082
79969
94210
81185
85910
29411
2317
28320
14191
31583
76054
94299
97850
99461
86619
28897
44887
86701
11329
6973
31691
51128
55714
71685
59248
22834
58698
57928
1151
97896
51760
93792
7153
74981
95550
92728
72491
12528
45704
57199
85079
74465
38985
45282
16107
63014
42360
50864
88936
2741
89394
17195
22750
73812
45425
74998
28787
5551
14947
21949
47758
32735
31222
90522
47882
28855
69230
10525
7292
62918
58004
44435
38061
14408
12866
27070
52349
19790
39760
89775
1859
72080
60410
22460
25340
22779
5654
96332
98829
16361
573
55117
86337
9172
53936
12579
86753
46969
58582
93892
615
66968
62000
99822
79914
28373
94341
17363
30852
30646
50409
81168
76496
7702
36893
42980
41249
44573
66140
36118
29181
17823
20425
51625
10988
36638
50142
26894
47981
11664
12669
17702
28019
92403
55738
56358
86449
39289
51140
48059
59671
24548
1695
77773
44525
52917
59518
79797
1283
50011
52832
29296
57383
86820
93156
99936
86655
77509
93878
32812
58322
52360
8205
90045
72339
46275
62041
39061
53886
77506
26746
76759
52469
98633
3214
53288
44161
74611
23962
53756
53532
41587
35901
54453
46409
46869
39948
17584
63949
88909
5240
11169
71318
24236
19466
85937
83310
52036
99816
44104
35967
59428
81934
61879
99511
49587
71829
56183
39311
32715
15127
5544
53426
3330
34099
2610
84475
17090
88701
24430
63342
97040
47010
71588
88748
32143
99750
96161
66130
96114
4829
10680
57022
29414
61820
40690
80696
1491
78875
77858
40677
82277
22601
8481
39333
48176
7547
4088
28436
80473
37765
63302
27656
61452
17092
95955
40489
77454
12700
27775
41694
44948
85138
66234
33324
93454
15693
82712
73575
99220
17020
59129
87777
23020
44476
78564
26681
52813
10865
90954
78606
80553
78131
82776
31425
89672
68019
11499
77525
6312
33968
41908
44177
18902
52413
68415
99122
24313
84112
13806
88352
609
48805
70917
64825
67782
79065
64348
17553
27177
34830
35753
34679
84644
53762
76130
20640
90006
35748
97934
95002
21005
45387
85527
4957
20015
57207
21146
21854
34355
47283
23122
10163
7054
46367
57857
49669
34080
98740
53097
64184
10602
34693
10157
4302
39075
62634
39817
99962
98791
60635
18694
10397
58304
89769
37427
46434
18605
86150
85520
53030
1586
44152
99905
21054
50128
95371
86668
1321
62613
25188
33252
90229
71379
18525
43978
61503
92818
11014
70169
58961
3317
47245
66042
60481
52589
64138
23282
62488
22685
12249
82634
22946
45203
7522
53709
64138
94055
67536
91353
92171
9515
77543
11325
8985
16783
99234
39167
26341
72156
82660
76420
42960
94118
66719
84631
5541
18045
35460
42121
60094
92359
45960
16067
46127
8497
48762
11508
40942
33764
95053
13918
60917
39813
88943
29310
13834
63910
18863
28432
89879
71924
39252
16106
30163
78621
65156
11175
14203
43653
21381
64364
63571
43783
58971
96570
13492
91199
82953
87304
97678
17636
75524
8329
79485
29038
85621
16783
9882
6938
21324
9875
7005
98581
25
54751
10612
67579
75124
37524
95245
84610
41718
68773
1152
76510
47386
91209
68528
53
20162
67293
99082
33318
89109
24600
58803
49639
30318
76150
70848
78872
38098
22620
99667
14627
7491
28214
65696
8332
57693
41235
67352
16153
42022
66704
9651
93189
99092
32105
56880
84686
76983
49222
87518
56327
29043
62311
59837
19381
50089
68326
90403
86966
36489
59883
3212
92447
61157
41561
56193
45721
14291
66470
57231
38152
38706
4936
89847
43140
56443
45671
91388
76890
96415
72761
35546
35838
6354
29320
81394
71676
19412
2046
99717
94679
58453
12386
61039
93425
69640
67022
35659
8343
98137
84343
8173
10950
35295
6755
11484
2117
11679
30258
42540
91625
73118
31024
18758
11093
40889
47246
30877
64867
74415
95352
41226
86895
68771
50701
9644
97448
34288
2020
15563
7834
16846
37902
80051
21817
17575
66160
81007
55448
80664
97968
98513
71446
41062
51774
55893
38392
43816
89943
87587
39682
30202
36083
58296
17667
97353
80926
59078
66564
14351
35928
27845
69689
26359
98257
23193
23375
91478
14166
3398
18149
42745
87729
63659
50687
5106
20161
91318
45105
78994
32106
97663
27027
96971
71174
58255
14340
65399
76110
79255
25553
29067
50970
14551
92915
14620
76137
50890
6675
63390
9883
99232
51417
47886
95476
68479
41161
79580
5381
33503
5386
25376
54682
3804
96326
63056
47225
32280
51901
22945
73091
79480
78059
1507
89180
85901
20657
14271
2121
60157
22353
33920
73078
98936
33280
77266
18369
36327
23522
70616
77458
11891
55482
73221
15875
71377
30724
57977
47709
96627
64329
81984
49057
86621
52294
98573
36109
51653
2852
44480
72173
87768
61900
91189
96679
76643
76366
34967
44751
2381
20962
78509
6194
1146
52111
70785
81899
42501
22803
16909
77453
59623
57818
91243
21977
27515
47007
17208
12730
40999
48184
39497
74807
29795
54638
37685
46623
36070
72511
33822
19040
42970
7960
95786
90456
28292
16157
50555
25155
32018
22957
27891
98410
55713
66800
306
38549
73965
12038
47705
90638
91597
53466
99749
29380
41955
92785
57235
21151
56334
27001
95073
36917
11795
25336