41720
73592
48059
32322
76382
29842
51224
97945
69656
53312
94311
20929
40948
14309
51289
16685
96469
1486
10731
21507
90754
56390
52110
88466
31646
82682
50267
75403
17147
61515
65238
83888
79087
30032
50823
23712
32114
46683
45602
61125
5537
84589
64937
48053
53163
95003
77849
38992
71008
70967
55771
60591
82730
39119
65014
75372
62089
12507
80707
27991
86546
49489
40972
89198
48444
1756
135
84002
24506
23288
35461
31249
53660
17635
41261
67406
80141
23656
33568
15037
25978
57185
29252
80210
8207
46727
94558
25578
66022
52199
19191
59747
41799
43419
47030
55617
58146
58980
8751
55339
50875
72491
39851
40684
92851
89520
26262
38886
20741
52307
74291
71403
81785
50910
99375
67014
71042
78807
27936
19497
99849
817
16350
31121
71056
51654
62763
87315
29211
62835
89301
36400
11361
90556
29519
16610
85778
33260
27686
57219
44168
43288
8629
68901
62506
34956
48364
30759
77565
6753
31053
77212
99895
52952
87179
25574
95086
37017
20723
67312
51010
24917
93212
74177
52618
28456
77382
22339
35605
34190
70379
49488
9244
9320
30094
99177
64298
77025
47673
73354
860
49932
75984
37499
9645
87677
76367
13824
88218
20157
56448
56353
77677
75805
65922
68569
15189
30181
98682
28144
67454
72988
34815
33855
38212
81476
84236
11259
22236
22651
10500
58496
82976
14721
75804
54426
6372
9302
706
36363
60676
23616
3694
29652
65704
37981
7217
3420
85505
56214
97970
34583
89908
8981
65864
40576
28547
75712
42966
19196
20258
38696
86039
31251
18659
2461
67876
34508
10728
44681
2416
24012
75894
97657
77958
35359
7418
88326
84029
41558
13722
17635
75233
4499
61888
61967
57391
72621
62044
63497
59350
78437
5799
67168
12713
79610
50843
18369
2516
64236
20991
18542
36597
31222
28100
32289
51397
64616
84510
81659
62778
1067
31123
91931
4631
53826
71869
52734
97615
22975
39859
29594
55761
60222
89876
27221
41735
1448
66335
13879
76721
34631
22963
88819
70668
88541
75727
29804
207
32267
82471
30723
7208
69163
90419
53253
81062
58621
21624
14787
80002
82750
58608
8384
92289
44429
80481
14790
3209
68681
23822
6604
51139
7
10650
37435
77339
43601
13728
38918
28046
11693
5577
93648
1119
13049
38999
91503
21476
66468
20593
20150
80567
51031
10900
49839
91369
45215
83715
43279
53205
19437
68855
70668
5745
591
38805
15400
53306
71389
76635
28696
22223
18536
31885
77073
34701
73619
10571
58256
66430
93582
56887
46145
40774
76175
76248
77175
27973
8562
37410
37148
11767
47666
66887
29718
4055
75566
55965
70842
61386
62232
40801
25945
92549
99476
20660
62451
52842
10574
60129
8978
52887
20643
90620
73952
11568
73341
49773
11510
13760
99772
81603
93672
25844
98997
96547
16164
29822
74478
19483
5065
97341
35447
34386
63648
69153
47929
80397
49747
9350
81819
84312
27528
84934
4820
72244
95116
4611
682
47831
71832
17480
89716
43436
30498
13249
82669
55825
26144
66806
98977
84987
63888
70868
81436
70257
47725
78356
16435
93845
5431
93143
20871
29393
96845
40692
21681
55873
31176
42051
14970
51868
78869
84569
64707
42961
77199
710
21669
19978
54117
68800
49574
2340
77303
25517
23754
19794
83687
32227
21072
17066
90582
30084
19969
34152
34349
46901
98721
49092
57729
92711
99139
81187
35977
90386
27454
5863
43989
93432
27769
95376
20766
64941
44001
75069
5325
78342
77440
30508
65342
81847
55950
83430
72949
79775
65532
83065
27130
13002
35190
88284
92079
78856
65290
85184
57125
75420
83917
71640
25113
21600
45397
24177
98449
47311
46920
18367
70715
56
4289
62512
6041
82311
95507
17209
60806
19899
31714
73214
79576
77294
17374
86325
75637
21474
46550
83389
41009
78738
21880
4574
29613
94341
43823
16391
4107
9100
49409
27457
96525
54086
13703
80393
99381
2338
91338
18521
12216
46951
34633
24388
48432
35303
2040
30860
71733
80000
830
30205
94511
19649
99508
91192
98020
17711
33584
37606
29704
84690
23238
59894
79224
37935
7930
89093
35527
59108
967
72826
78428
4315
71721
62548
27923
78281
55524
47223
61529
37641
50432
57015
61053
19833
7744
77832
26714
95389
83198
11269
48155
38593
83601
7999
98111
35359
36659
13667
10062
42308
96459
71316
8782
46218
67235
49791
93391
95967
83085
51479
39813
25468
97475
66985
12615
51707
20951
39821
37796
76244
29505
91877
84362
66089
43305
98053
3947
74932
11888
65471
16877
61777
5415
44934
84773
76708
15701
97778
30413
91351
4946
70837
79440
58142
12852
42826
73365
76529
67904
96791
52046
15050
23711
79243
39668
93771
79718
2272
96080
8696
45283
34097
71086
93023
51871
2200
63845
76064
3709
13472
95728
17474
7274
68270
11056
64447
50079
8143
5310
50460
93174
43238
51883
49083
13148
68739
96834
67104
319
69018
40372
12171
58636
86500
49583
29981
62122
60463
11514
38363
47512
85502
70426
93637
45034
63307
65495
46126
19075
27017
20345
47897
41289
212
12042
92102
51489
37254
33972
65430
28572
42910
86754
38044
61069
56946
64988
4800
87457
68251
36037
61965
34796
67422
91716
37843
49273
78157
56159
26570
98337
25078
4132
33492
86687
36057
60563
56248
74261
58924
47401
3703
33892
36840
91990
57922
47119
68459
44462
26566
50135
26490
91569
15453
4742
25159
35336
27654
95450
19097
44100
91531
6455
83420
66669
70321
21512
33843
1773
46894
62699
44737
79526
46351
51396
65614
44612
20375
34101
40776
3332
64991
13311
18035
20887
86431
79494
23907
61429
10694
33056
48256
83526
9545
19125
64055
47569
3266
96102
77957
76936
49440
48104
33339
43405
23325
62777
47691
40460
39803
66132
1279
30302
11198
64603
43189
97071
90865
17410
57246
19144
49327
32057
24130
59946
25584
88248
32759
14115
70047
36001
75674
69432
51673
50855
81736
60498
62417
8342
37637
88710
52573
66851
80899
74775
3136
11173
92482
13224
30435
5522
96936
27995
26290
7935
60571
8505
47903
34105
67429
11821
56701
53289
78962
33014
41279
85976
18197
11116
73477
97674
28997
65361
24556
33419
5556
83469
82156
76533
72892
3277
41699
34536
59643
8802
34445
17438
5840
74611
94431
39540
50537
77290
19178
62384
85249
33955
25631
27417
36279
59764
99501
66482
35690
2334
69491
21559
73688
99566
85704
47208
85262
581
70214
37476
29489
50135
51234
16580
53656
82879
46294
40627
98194
59217
24942
84574
21766
6352
26622
54073
44855
81187
91737
4503
95870
37445
66469
63275
11184
69320
10055
69562
56028
64393
14402
18093
39544
2954
80059
55961
15416
76429
25534
9397
97329
46192
44482
32694
29356
27478
41947
8796
2641
46234
14034
69160
33406
15930
27546
79727
76451
74698
95609
12977
85033
53921
36633
38809
53395
85145
93103
31993
26567
90234
90371
7361
78357
52128
28742
56438
55243
36966
83607
6843
46353
82161
20259
68818
66280
59905
18282
46366
32822
93433
82253
50908
56505
34682
98104
53629
38695
60191
69233
22493
29957
42080
77281
79517
35385
86904
1447
41447
17633
77394
12704
46136
68780
68893
11114
92276
5034
25313
37375
31607
90864
71341
37529
93180
83106
82007
54157
71444
40058
83798
50929
91096
86867
88197
19314
41983
51205
30164
8255
4674
47015
35332
98748
22618
85168
41906
14883
89267
85931
71729
7572
99657
85833
57409
23235
98394
11733
37572
91256
29389
50682
88628
41692
99522
84220
25956
95341
18796
19891
6734
49397
34374
50414
52895
90565
79639
95181
5975
11951
7559
88408
91420
49788
76184
15890
40610
7465
62679
15640
65326
92718
44984
62610
26848
97697
99780
50932
57012
80205
43780
2721
20802
60452
86809
85459
37864
76527
79136
5213
67028
18857
92991
14805
76056
68193
28665
37123
12486
83350
32872
58621
55362
53049
64603
56372
32207
74707
78044
65968
26486
49884
23386
43134
79774
65297
82969
80446
7145
42205
92548
39545
36526
56992
57849
41397
79301
2339
83239
81328
29790
89773
5943
32899
80274
35387
40306
19075
77574
65556
10048
47562
17963
15325
51084
11915
59850
2467
26826
65866
99531
27792
47013
21532
52428
37196
88300
6871
97700
78154
1866
12561
56741
84149
26752
5267
15788
55203
47256
60499
80270
28386
70835
74121
73616
82961
4920
72720
75207
72358
23580
88224
40444
18605
5053
44123
61858
38281
55206
26594
45679
21567
68947
78096
98147
29379
56709
14271
74509
16840
1645
296
10765
92818
16961
42921
79869
7937
61518
76045
83187
92576
27440
20936
59345
87402
86941
78375
28249
40189
79045
19404
87580
30720
8628
68785
12982
27507
91504
2511
48285
97602
10316
53124
10620
24575
98401
65620
46496
1300
76241
61183
44101
34411
22388
85018
13568
30171
79706
2374
31645
73778
81716
4731
39301
44173
16452
6317
68753
93992
59169
49610
25740
49056
14051
8327
44966
23569
56272
92170
52568
42056
64175
63104
13220
52569
17097
43723
95699
94723
20889
3502
95185
61494
78896
93427
25002
93028
7623
94730
97829
45856
40641
83042
26699
51098
29749
71263
18599
13030
49725
41575
40829
97072
5821
5752
84881
47590
38617
10270
52893
14301
93733
86936
67159
33242
60527
25204
80186
29968
27128
70412
54187
66917
27715
27429
81967
75119
40327
26315
20773
99665
50167
78860
24261
96418
48128
87976
5645
42519
25874
85908
89436
48575
74006
40655
99722
39160
25744
41388
54488
44219
42988
37217
91752
87272
45262
13606
40798
4721
68854
17074
21540
45727
91906
26896
13213
19901
86891
53399
4720
55351
69678
50706
70563
29000
24178
881
31597
21622
33663
42263
1645
29383
46564
98813
90895
63057
14412
68375
88445
17945
98929
10767
82316
95895
65004
29764
65043
88548
70675
93890
73773
4703
23857
36539
75034
38278
22501
37641
13317
18532
21281
79416
18070
46035
94248
97481
73195
8556
53321
47194
5885
30806
66318
95142
42243
36941
5918
74875
61410
61356
85286
51167
90727
8058
99937
60018
69648
43035
70891
51522
20918
74886
29224
93424
88022
88197
40605
57695
37713
48723
22087
86800
62384
91788
92656
34909
74759
34003
3483
27057
51249
2831
92633
24144
93576
70586
12830
18606
42979
89676
72734
28891
53695
68191
32115
50210
70743
27055
77202
69995
2953
9863
381
28487
45908
84167
52146
48038
85144
17904
41680
48280
97982
38375
99923
25832
15298
19363
53083
22769
44878
48451
62551
60699
34228
59361
14251
84191
25062
69199
53966
22443
58508
79106
33641
5853
75140
55040
146
55617
39599
14840
7838
93705
59278
6741
28439
18195
15049
93085
11343
84104
2168
81625
68176
84271
48479
73017
22864
64456
33942
82005
59743
48752
50383
32684
23493
41916
25993
87820
8862
84143
24141
4186
42437
24357
76204
650
83534
65828
29991
78740
21094
71192
97219
83054
9724
44533
23536
73621
17894
73634
99746
81724
20996
12009
57460
91016
60450
32693
34719
74270
75056
15046
21754
92187
21499
47340
33701
31489
86288
54480
17811
27032
55143
7389
61376
81571
67810
15438
3257
63549
38697
82845
98778
38015
61436
2622
33258
30733
96106
79694
18854
37665
13157
28641
40961
45549
80187
60267
9913
21269
10284
63707
54630
53758
22868
97231
60965
93159
39059
66742
63648
86864
94226
85493
42249
69704
48074
54935
17969
6766
7004
38885
97666
89799
86683
74159
63852
83884
6906
16727
55550
56331
64127
94870
2201
86461
51277
41394
69294
46430
16844
88452
20195
64027
15281
28353
74744
55576
77965
6586
54179
35762
11606
7329
69408
91802
68808
53798
67051
43179
22031
74338
3338
53210
66762
81950
26657
56986
13571
6963
83031
13938
33313
64030
82595
17650
89320
17110
94732
2026
29670
92543
73190
68831
3375
90471
18492
35348
764
64420
13961
89128
36564
15867
66937
60060
17382
28430
10883
61973
38393
26511
32465
35737
19208
96443
49681
79539
40295
46943
96592
26562
5028
82310
64255
20773
71504
31705
87056
51417
29546
43338
66995
19442
26163
20988
85103
16935
75589
70603
19998
54201
12501
79101
72684
44946
36766
5403
21807
57556
33956
27722
53719
81204
43182
75467
38292
23395
14220
2518
56898
19277
30600
86699
19200
4864
12565
1566
66829
5204
54166
30968
38140
1261
21958
97086
25574
10359
6046
11559
92934
35702
83698
76142
33832
12312
39180
25930
45770
50779
17686
8645
78000
54867
22829
70605
96100
66719
71665
71473
98543
64859
40299
85834
81575
67986
44565
87173
90240
14603
3263
9423
35521
15758
80273
14144
18748
75542
39683
15699
93936
15773
27844
10710
73589
91883
64841
2216
62052
67264
80325
36503
41492
60560
47255
36984
71138
36453
21810
45275
49969
73663
36601
76829
31058
61325
55195
4002
3190
92383
2045
80189
74202
55655
13617
81898
22604
82699
42021
82283
7866
54949
34226
72574
68347
39165
75165
70727
37848
67427
52720
24980
63884
15457
52750
35729
2411
82402
58361
77669
30624
66645
10543
89396
48665
60024
97461
28411
84952
36761
4835
28043
79252
30239
12134
53615
8276
81199
16021
93688
55772
11283
17830
58669
38993
63388
37299
17184
64434
49738
34583
52813
85292
80349
81170
48170
82022
13523
55326
62438
1118
50609
24313
18019
41438
11014
35023
69412
56727
66743
58354
2287
39681
51275
33459
67556
41262
1383
11779
28469
21407
95512
40917
29147
83066
25411
88898
28726
81321
24084
11208
58563
78655
78669
76747
7675
11017
40102
70630
39437
26089
37356
62124
33103
25313
49012
59036
57410
63725
41033
92370
92455
16658
29798
95749
97823
4426
25224
65775
9726
52528
3092
45665
58741
38453
26625
54209
10702
2779
34295
98506
13557
3532
28377
12502
21078
14450
17864
99925
75156
46073
28392
59577
13560
41721
15833
96121
7555
80266
91722
65232
8009
97778
57334
48715
44698
31334
19232
7188
65605
43481
73579
19281
19291
28605
68263
40976
98660
17248
2285
10148
19673
66952
56099
68754
52015
37312
95343
10759
1722
88947
65041
88122
55957
25755
97177
2763
10849
26566
10293
40346
89657
25861
36116
92461
35191
10105
23034
51180
27822
96775
62984
16800
96196
96222
69850
39925
16541
77067
39820
77427
6822
92320
53003
26773
14796
33302
33553
83419
57842
77758
79388
76441
27940
50398
98331
70435
81811
74388
79405
57573
91302
50058
37554
55920
25078
39682
13805
44946
715
27483
32383
51087
67033
88757
59734
45601
61123
84635
28248
17964
39023
59901
6204
68421
22336
89844
82637
34608
17323
45565
79981
36164
12885
83126
27480
74432
84141
72207
658
322
10018
82347
32815
90192
48194
46627
86867
89395
85942
40017
77364
79277
57822
80246
99006
81438
454
8114
63260
67526
49247
7258
62569
6701
21574
3846
14228
46108
46623
86600
77398
22247
25343
5570
90058
33141
10459
29835
98797
61389
63674
82383
73723
40576
41148
73610
15167
28649
11182
75449
25757
86865
79029
95625
20299
26127
77838
56230
30566
16280
48989
44324
41258
17233
64115
75920
68072
53566
66803
42818
18739
87316
50231
12152
19775
29997
89761
93733
84085
69018
86660
75886
66022
60263
90754
64232
94329
7757
78589
64233
20902
96234
73377
94501
5499
1413
82756
43496
54843
6020
28046
93223
8251
27659
55263
90747
62478
66848
6119
85298
66356
34345
67530
7667
2242
62542
43663
42796
36285
92072
14185
41231
59734
85516
9001
70752
69024
69011
63149
12162
31238
52946
46609
59364
55269
93345
1964
51318
59280
98826
24765
90053
49303
40221
11171
9475
29568
71578
43328
31910
99680
72444
28029
88218
44856
7393
40648
24125
45206
53233
85145
82507
4209
93855
70356
24402
43948
46778
78055
25707
75763
73709
77306
8633
19045
14972
75416
99715
43819
69456
57055
13297
62312
7191
33309
11068
80591
68258
14599
24845
55859
26451
51069
26685
46175
96945
95600
92717
66671
73072
59333
12528
34225
25521
67585
58401
25079
99983
38144
9337
53141
72379
63626
17499
31256
88382
15708
68623
2576
45139
36385
81344
34859
79808
4725
1242
3716
40544
39468
42239
49110
53790
75351
55958
48110
55953
72166
14312
51287
92221
3371
38366
56561
65417
29648
38826
13357
74647
77348
15707
94785
77936
72689
52907
7368
72396
37376
34948
28690
67375
24118
38258
54841
38821
45857
40586
61770
68898
98419
56474
46390
81111
32670
99097
88756
76814
17914
23139
31890
42120
98589
73946
78261
19229
96770
90277
91507
8797
57380
87984
99716
28136
10036
19478
36552
21878
61796
61316
53387
18468
69326
28634
23247
69586
9850
38473
14067
61892
1256
40721
84263
52007
97185
86222
46599
41904
61714
80767
10328
352
13370
56239
60162
59062
2789
12554
39606
26569
34516
89555
25704
20271
16739
93006
32147
23498
17541
49293
31994
88251
15665
95280
42195
87866
8242
62753
93755
53701
40699
13358
77293
16594
4544
50266
31289
52779
40241
40988
8232
7738
149
97210
81367
31362
53724
64599
80595
8151
41026
43034
19711
1417
13546
81199
71652
72775
95560
87698
46312
59582
73742
68841
87308
28033
88018
36571
40080
85593
15890
20293
66050
19678
33549
20642
91177
49831
42545
14932
88207
67730
74193
99705
1463
17963
5880
9420
72051
69827
24276
18423
22783
84900
86906
46077
28994
25643
40393
89840
53493
34791
41022
85675
15036
98841
36251
83484
94481
6082
19114
41477
86905
2931
83782
53582
42803
44874
10644
14090
34726
43663
73282
90209
811
39421
4889
17919
10753
57900
16375
60033
55963
77896
46880
8643
36346
16209
32353
8348
28008
98982
72025
19637
18220
77569
36292
73963
26067
74399
17135
64291
90607
14040
70005
23660
22339
42479
34735
33870
95414
50898
95645
50091
53043
35405
36820
66069
63165
6924
58099
91076
407
14301
96102
79824
15183
15988
50017
16039
2281
57180
36927
51066
11909
78074
50253
12017
72248
48900
46103
20313
93279
38266
12440
25766
8942
11848
87586
45023
6770
46965
23225
25115
64056
2705
82794
90472
34726
40981
21608
51778
15211
19002
27506
90133
53187
11927
41112
86123
91232
31344
77225
53480
56020
50525
79726
56302
320
599
84349
13927
35580
11204
37835
26342
68780
9589
94174
77596
84506
3008
50693
96142
70846
53142
83850
52740
98606
76019
64918
35596
16307
32010
44721
2812
84007
20460
18205
51363
66385
63541
46136
19478
20279
82500
86468
92204
39174
65244
27798
95629
38043
39736
24144
49414
98399
7315
1362
88273
6242
68973
31609
38650
68326
38900
66878
57882
21387
52620
29446
33983
89455
27242
49043
15192
48419
73723
28974
27756
96907
99715
20182
1391
33301
29112
91182
52069
24895
13530
15469
63513
56823
55368
79626
31324
29877
43889
62959
89696
96104
65628
85165
1420
65692
63965
73576
30942
5104
4348
41120
55866
83822
66549
33983
97730
21691
72570
60310
96104
32732
92888
73246
51996
85590
62637
49559
36022
13222
6877
26456
52451
28099
39219
42261
73673
53669
66608
96352
23464
10039
24778
95990
4833
51999
9945
93678
22902
23422
57936
96179
98088
93430
39721
14916
65957
97473
83402
28866
70249
59813
86848
1048
64444
66416
76214
91829
38846
36702
83975
61149
59239
83106
65988
31321
62235
38660
64009
9976
55827
33160
48577
58109
78867
25907
26157
84400
64301
79239
60776
73251
39383
1675
30108
92982
50618
41856
86179
94768
68235
24585
27431
67022
69956
73413
63753
48735
20701
56997
52729
99378
24552
26597
24273
14364
99821
95237
65556
92301
1445
55941
93575
78095
82400
27036
65353
65831
45934
6876
6592
17345
22521
38926
18033
24278
11106
11086
45386
70671
25071
71665
89439
91478
62145
6153
66915
6638
2166
58220
90889
3966
86014
77806
72763
52257
90207
3824
50315
33106
90619
53684
65095
22830
80519
37039
32885
98849
2842
99416
1102
58764
12037
17092
90107
82331
19878
93991
53607
79126
67205
10222
37189
90118
75342
59575
64516
26479
59441
15469
30924
81317
64119
40735
39201
24770
518
33889
96186
80381
43411
68476
706
73791
79507
21432
24168
8314
49249
77784
99783
92305
47123
13801
92758
65429
19462
92703
44143
41554
82965
11836
3545
38535
10493
68481
99132
697
45189
33845
2350
11665
35927
40439
84502
46959
13393
48199
38152
28791
1859
86520
71337
75367
54610
32861
62409
10155
31807
29489
91036
86116
90877
76470
75810
75802
18115
83067
49300
12942
52182
6321
61188
20700
26062
53159
40811
53710
89910
82264
38520
8895
76765
33815
56503
93830
46595
19968
55360
52582
96506
78335
62813
55707
87126
89412
41556
48827
50296
17400
7934
72970
73719
2060
68643
54240
31569
12093
1111
47640
14846
9835
78858
64120
38651
54027
98814
91208
28598
83501
23935
89460
59751
26155
38109
84416
58933
25713
75141
41909
42940
18515
5276
21595
29888
6012
4660
92572
87493
58492
63083
47464
59263
25511
54389
50676
78312
10025
22121
27363
19042
25862
48260
72602
80038
80569
32119
12076
99950
21909
56775
75884
37687
46720
75649
40970
86540
79417
20355
64381
38442
24998
78477
78576
57617
49849
83782
71370
39375
99865
34100
76654
60117
76117
75108
64627
88645
2045
72173
48058
27246
88945
68455
30543
45966
14307
65707
89341
34520
93472
48511
13658
18497
85243
89809
81976
78581
65365
36429
49466
79479
87212
63641
63093
63183
36684
92866
84607
46631
31951
61840
45213
17840
82846
42757
79173
25453
75105
58653
28696
49245
92879
53034
38419
64712
25939
15962
19175
93323
81299
53524
80289
80957
4215
97560
9226
42995
85398
80780
4712
79390
6592
82060
49763
11100
78321
60295
19897
32060
30045
14791
7818
15827
77919
87902
65408
5064
94003
46519
26340
81955
27076
36387
66064
6897
14744
46405
88387
77660
99104
59395
61989
89141
79612
92745
928
87526
81843
32313
45380
52028
38645
231
17951
3579
10221
3086
80337
59089
7308
24174
18144
79876
56634
73854
83625
77595
53123
13696
4492
28515
10022
35087
72294
87147
68582
50109
99549
95860
8550
53661
71383
28835
46984
11691
90942
29461
72709
4547
3483
60051
41698
85003
55032
69526
8731
94296
59948
32481
75053
25894
2930
43261
16293
12427
9761
73695
74158
67779
89824
34874
45614
68806
32544
22026
74091
44538
69488
75536
97840
19613
82796
41075
19035
5599
67545
92331
70270
79421
10524
71978
38511
99510
36321
31085
61106
68109
76905
4993
11532
47505
93016
64283
78991
73444
19857
93598
28317
60531
64457
20461
62335
36083
54133
31817
30545
12141
79453
42617
17878
28334
39130
15724
73853
1920
95992
16282
15595
16700
13345
16562
27917
24383
23607
20946
5604
49913
88883
33466
92268
1397
54978
77369
61378
57432
74792
82619
62707
21776
31024
3665
71830
81546
41704
77970
79882
18205
99667
44625
30217
45301
59335
75548
88710
44513
32931
16107
79434
3307
59659
14044
59417
24787
92888
8172
98841
37707
93592
66990
51058
93129
52493
59697
95563
45430
11763
45973
61917
37045
10093
59133
70559
65307
33074
27057
29526
69521
49322
25192
20090
38322
4255
8486
30002
58028
8567
66977
95563
32482
95548
92736
44547
22061
96174
13291
76699
61278
47622
19712
60695
37120
74046
60142
26826
88592
68438
91339
30043
84070
10455
4689
34550
78392
89411
32628
51904
95233
26369
25458
78658
8051
10059
35648
25222
97170
52819
78270
30601
86926
14213
45920
19169
45202
60058
32099
56535
52150
3364
61847
55221
20513
74403
60703
21914
63012
57172
69542
93126
26284
59020
55128
34712
87369
47572
54049
64469
74249
61853
12551
78171
57600
66374
90198
3159
23704
65350
77689
9332
73042
14428
40404
61272
34245
31771
2707
96398
21421
22339
4879
29080
81702
68498
57215
22182
76408
98125
48468
62458
50017
73703
70345
88462
97608
45673
13273
28917
2434
8899
94307
82119
35555
95647
85637
49960
68078
75556
77007
27166
70398
12304
52558
36724
17714
40585
51201
24916
34705
35306
72057
6260
71591
81615
76207
56773
43116
6034
85022
93611
67053
92054
33164
7237
660
97608
77257
26614
68387
44591
47115
90729
76769
51566
33677
84285
21568
38228
55332
78378
2616
6620
65513
84284
1816
62287
51037
93574
74110
86642
87922
64912
60796
36061
58055
1786
68960
28280
48305
32000
67057
94744
27902
1932
63511
28467
65021
40773
32336
93188
93339
6444
81933
80362
50008
78536
20876
90816
69386
11338
54671
28990
18549
25397
19315
24721
50649
16973
53299
81736
38166
49748
88144
10920
17616
2525
81331
75200
72998
92700
86298
86606
25071
59515
29046
33362
34252
30984
19317
47162
57995
15705
1545
68496
54513
71250
55563
56648
73102
83308
61510
26184
38466
53663
58204
87067
85601
89389
24298
69859
47295
90068
37345
14909
14398
28752
83438
1752
58460
4059
74293
9744
5620
64718
28800
84196
89726
37398
53205
75001
93517
52921
91180
69177
88617
75382
20830
94850
78322
60965
79487
51055
24837
17490
45298
51526
62068
90702
82356
18998
34234
54626
71442
99584
64330
86469
28214
99051
15196
12325
53233
11644
60117
60598
78562
57177
19503
21365
58612
37404
6627
2381
10932
29939
79156
19284
54872
92904
52132
20351
2022
30340
5008
57620
48733
50068
16016
34138
78651
49821
41489
55953
78319
27462
11887
49187
18476
31611
93496
59741
45383
4984
44339
88899
24856
15955
98516
44487
20524
2536
88238
49046
53241
81292
21902
9824
98911
24363
56728
18779
57167
49049
30906
5447
67996
12817
67467
60906
9226
44670
37661
28547
33902
82707
17869
82726
39935
41166
85016
95928
22220
84049
76773
90672
4760
2872
37241
11642
61526
89407
41479
94730
3560
49182
42937
82528
59766
8188
86580
9557
19131
60724
76044
34308
47492
73138
80701
34982
3704
91706
37717
65543
26936
20855
60766
41532
43125
85280
54434
18861
89893
35234
36647
3373
71213
82065
39140
57248
74261
16358
58514
51563
82387
84550
5931
82959
13194
12202
91667
41657
87758
40181
23758
37047
68929
92625
66764
59669
27083
58970
41652
44935
25883
28936
77372
8969
27086
5190
22947
35651
73922
31169
53856
86277
3401
60465
47534
13045
76733
72562
50103
9458
22498
28770
9693
17881
50027
30690
51779
43163
6314
35657
3730
8929
46913
4020
86610
25333
72825
90744
70978
19960
49094
71641
25700
50529
40004
23814
65423
4028
89654
27719
65655
94536
2189
42204
75053
14533
53101
75263
60072
75932
19326
82705
20535
27729
19509
57251
18350
55606
27165
42638
78892
63609
29582
64038
49474
27545
63017
71231
97494
81737
19163
30499
73564
22902
55653
28277
3669
90313
33749
23585
75995
69124
77162
77701
26020
43079
44318
36486
16095
60404
80800
53172
1783
46447
47952
65169
84584
7401
59971
75975
36850
46508
14613
98553
29322
48563
10972
87559
14177
26781
6043
26869
61393
83237
17321
76008
72863
68808
86582
81891
26380
28836
49229
35572
23063
66106
727
45187
55324
78140
63753
75836
83595
24219
18686
13067
97804
70017
94601
74636
22933
53780
88127
27973
27334
45724
71142
42532
74472
16026
72232
74743
51666
40397
50955
39673
45618
65417
90929
63390
35612
80866
55227
88313
37793
61773
70673
92476
19522
65828
56584
48281
94143
81790
94519
6609
4144
1133
77887
32541
50275
93189
84889
99619
69846
76809
28478
92981
77228
29828
5690
57975
60845
96898
87954
16341
78971
61949
47519
38209
33452
63177
15384
67814
88588
45613
4556
94846
74287
78801
2061
24626
3966
61122
44649
22924
48914
22390
46931
54621
35279
6208
11658
74595
35267
77961
82383
89467
78196
57282
2180
13401
859
42938
46303
39090
89709
5872
9733
15293
61028
48379
85492
72347
52633
4538
40766
80330
26855
40331
49379
24200
35997
42822
48005
39690
35693
6378
55906
22927
87295
12070
37790
91445
60731
78684
98784
2830
94168
70432
11795
45765
89365
96995
29614
53652
85155
71033
81408
15644
65951
23778
17318
53693
14243
22761
578
33177
27968
31682
86516
21727
92887
82530
3208
20737
4911
46037
77264
70774
21134
10334
65994
80200
75437
62017
49836
63230
96086
31483
56759
80788
85903
75577
11238
67273
77687
19124
3107
39417
17657
16570
45731
80559
2415
61965
11823
72433
3202
86220
45009
83084
65252
63303
89063
87616
96306
31240
49302
30889
63472
27034
9628
88151
79251
42778
41898
51851
1971
44701
25564
91024
62633
69285
47380
52138
21590
17862
35225
8522
41041
52661
41081
54520
13050
84899
94535
74054
1924
85412
12138
66808
89066
98020
2723
62129
61729
98712
13609
90644
99431
56806
2656
39394
76669
5465
11326
50465
53236
83943
53315
20085
12379
24698
98861
71618
61143
7840
57252
32634
58536
11635
96244
8092
67629
77428
9456
52028
20048
24726
60355
92214
85304
67383
94107
42025
1094
36864
83934
97589
4572
87782
64482
28132
3716
10548
83644
70173
7813
86654
66375
57320
4254
42095
52082
21789
2192
35858
92109
44334
30744
92162
73545
97716
34061
53593
26995
23747
98527
54954
13660
27502
82305
38114
76236
28106
54133
17827
44981
82929
32599
90316
23184
33865
37014
67938
20797
4899
10076
64328
76679
11862
86488
42395
66969
64024
5740
74482
73305
7297
58588
56742
57432
99246
46557
34907
18007
80270
91928
15581
71743
99892
21601
23213
16820
69621
80272
78980
32670
89954
59783
73813
16821
33392
92303
22343
44995
16475
83023
91738
17197
58661
70002
61986
11711
47287
4993
56927
1049
36013
6539
7287
35803
21137
71833
45099
17981
89403
9492
87911
54129
74593
98231
4725
59733
35820
44698
27886
78896
68925
91218
80541
18410
73331
54843
90362
29723
91102
20519
45641
82356
33244
78759
93329
36393
6410
76972
48825
69697
15701
60025
77861
52771
83809
8428
29176
68749
83825
57966
60960
78286
40999
19992
36668
35510
65091
17384
94031
65534
48563
81042
24570
88755
46328
2027
85819
38382
28012
21046
96024
99761
30780
72070
65297
5436
60886
56062
73256
84494
72749
71281
63279
56217
42179
40021
49856
14716
50791
21812
18536
63972
64162
54326
87277
29602
53031
27107
99610
65988
92164
5482
49053
53398
23448
46781
6861
58546
56339
68187
38458
26183
34596
7339
29027
4922
47289
52167
70330
37481
68949
95969
53637
40634
24548
17618
31886
84688
35656
44789
22333
68923
69097
79296
49672
63364
89363
63446
68198
61966
84676
44123
50405
1617
88547
25593
6787
90904
49138
34443
48902
96554
6710
46738
45775
11961
99667
10243
37564
12661
97398
90487
4204
44215
87077
34373
99876
87652
91523
84206
58769
94105
76574
10103
75115
85654
24968
45746
51972
78565
20780
99613
91156
47918
50399
522
25907
30802
75704
18026
98213
85807
97735
16417
21149
53118
80133
66166
4068
30755
93535
57601
42540
38879
18329
66092
720
5542
40280
39575
94153
33684
55333
37003
43749
76887
69209
88493
894
35804
95240
46021
97581
3140
43015
4964
48874
6376
54234
57942
89708
83297
73190
11588
16716
33615
89851
2606
99514
24918
91899
52418
23714
45972
97375
52355
69064
60880
42582
8872
62756
18022
99752
16140
5388
19653
45789
34105
64967
13360
77624
17970
91394
84160
10807
51223
28023
49200
16965
35032
93603
701
74056
11543
82643
14659
76783
52690
27921
73005
54158
94693
44252
91177
12996
72046
45830
27011
82356
76584
22400
99696
49173
44997
19154
31828
908
65442
45954
21695
37823
85748
33363
53609
13834
52762
61514
61340
69420
99756
78594
85619
34096
91463
58937
41760
94709
40968
92447
22428
40514
4162
15857
946
49799
18899
77512
44506
11785
96037
85918
33079
3997
37724
91935
15712
26116
44100
76008
58149
59901
55434
11224
50998
14086
97801
30186
67237
34463
78871
6129
27668
90318
6257
59388
92352
39571
31139
77925
55918
88657
38352
64201
38671
65518
18532
60871
15545
67346
6399
79272
33152
63457
72038
86293
79508
76383
37041
24912
48248
20316
77807
726
24860
55582
36330
21081
7681
35765
54121
8987
95676
18683
67270
66256
89017
98379
30130
46342
63679
68243
34358
70238
13131
97329
23384
95639
90123
1263
12623
7210
9175
82086
65293
62806
55417
46687
44646
82014
51055
57171
52319
8735
52036
27891
2522
12764
99581
95343
60415
93276
69262
80558
88568
73244
4532
41758
71924
22979
52610
79560
12422
92606
88338
91952
34159
34140
6557
88851
46829
35344
38443
39596
59246
17800
96388
8219
4825
98791
52091
85642
34869
73707
37279
34780
78993
92975
55023
17698
13883
53567
66887
44268
60057
6139
60205
17461
23840
27082
83014
92429
7045
38537
98579
63668
52101
69120
99474
56706
55857
62499
43584
28109
33804
97088
81228
90341
27606
10942
68164
81522
80614
95534
25148
51252
8757
74832
52524
31743
48923
67440
96179
2090
71498
84791
52017
48166
57290
62061
64397
99840
20833
30052
82613
7812
94295
34973
54136
38694
20221
187
71368
46531
75153
44954
44994
82257
14544
33924
64706
20400
42163
72166
54672
4618
70829
9042
66407
87248
48924
15581
12436
36674
66578
924
49117
81081
64535
33390
33515
31904
90086
61212
85584
65572
16863
67104
95216
50982
76569
52574
76999
1337
30126
9666
48969
2265
27130
27901
49558
18228
22090
55832
65775
85912
24553
70643
38232
46032
14516
83555
40822
69743
4074
96349
25607
19750
7225
54218
67185
33538
28968
52109
42853
81786
40613
74033
24846
43502
19490
59538
54301
46045
41473
92802
62669
9772
87789
78423
19986
45458
39503
29233
24233
5308
89332
44233
30086
74942
6205
95552
17519
3350
16522
82047
79056
99379
1493
69543
16909
17742
61629
56187
55239
8143
88431
83369
8656
81366
81394
3254
21957
50935
85008
52402
13658
26040
57170
93152
26764
67079
35373
96234
90825
3850
35891
95963
55173
87316
49392
78047
68758
77929
21218
11726
43607
89781
37597
12046
726
57441
21711
9281
23354
34314
81984
87337
42423
2188
54319
92088
42634
46009
77404
37225
34611
20259
77742
99242
28506
16444
24103
36746
76747
72633
43375
25220
73262
58232
50154
76853
86827
35856
62507
16599
83752
58362
79244
21634
2497
3
11617
13018
15941
3645
14689
8237
40132
99491
46557
88493
25164
45372
65511
79573
23109
87680
42525
27918
97145
87166
74824
67197
69004
95359
20080
54547
9693
26999
62392
23395
87232
55143
43842
96196
93771
9206
1668
29365
81628
78533
78900
57090
2949
99143
92548
48334
4869
3386
14477
97470
87287
90920
96728
95867
93058
96808
61021
77818
87497
45664
31680
68761
17142
95703
67090
30341
73943
1608
25034
56380
31872
76186
88724
98091
95071
88486
68945
40554
46225
93200
39596
57535
5076
66889
81650
4508
8991
57367
24167
4202
46605
47874
12577
51432
16617
43529
96442
30388
12458
66400
96532
45837
48363
62914
35959
30451
83319
79266
83579
56216
53898
76281
56899
47154
26223
94483
49206
98139
85518
36041
66512
87768
86152
19718
49861
17144
9887
32926
41993
34855
2011
31366
37308
91067
60656
6786
29603
70440
87945
72317
48721
1817
67741
27691
91385
19113
52489
29203
54965
23457
39418
70074
31258
59264
61809
73859
63615
10552
99132
63852
22900
30140
17992
9161
88530
1466
63409
18635
85986
89046
70626
43484
71157
27181
48937
81559
41285
21786
22063
43464
33749
82362
55005
34791
19554
37791
32928
78187
39098
38716
66643
61970
56911
32366
33451
4734
26380
67586
28048
76972
66565
71693
10869
25584
55961
73289
72469
95320
19229
53315
19464
98207
84593
27514
58181
38254
89467
52041
95195
71762
16166
28403
31745
10966
76216
88759
68167
39482
68220
97932
50207
52530
44505
21546
46703
20141
14031
18879
96493
96746
45980
84247
84783
14978
36860
59677
52521
35820
55923
69568
77211
86588
9963
85591
17592
39927
81946
80783
38350
83595
2180
10376
96216
97792
80162
476
39783
42348
98029
65944
75518
18171
69703
80591
52188
17282
92305
85972
15978
90997
36055
48142
96079
88564
11056
70251
6508
8459
43703
60775
31965
83784
74030
27678
15964
82420
25932
92164
16659
9565
9699
16411
41203
58414
7
54689
13522
67794
69727
89544
58325
27419
45291
23262
12884
55583
56692
25267
32369
9714
85929
57521
17351
74772
4109
21253
22511
91620
66827
96928
40094
40130
42003
95060
76483
68611
5317
65592
68311
39429
42715
55672
74371
75914
58205
38926
39225
13793
30749
30812
22974
84701
21379
7588
9474
79765
29324
51540
20157
22840
6277
68645
8991
27379
81803
25592
16945
72655
16082
72078
31270
28885
95604
62312
72470
68621
87074
64629
23881
11768
97913
26488
49500
84290
84920
34062
87052
74794
56551
92634
10472
32421
89006
61295
60285
17429
185
9233
21734
80515
95326
36508
11189
23007
10611
73780
91546
20009
91278
78434
10993
30579
58424
24692
44554
57186
86711
3735
27924
34964
52074
5266
22749
26155
9561
37896
3209
86414
10199
82276
11518
5204
45739
8651
86760
87137
94918
36665
7134
16554
8814
51228
8815
32314
40599
27459
54075
39888
26667
36002
68206
49014
3033
62535
1086
20286
89794
62018
85676
37203
85040
34042
58369
77587
24541
25558
67318
29565
49216
51342
74054
53113
40862
10312
48930
26265
87589
20170
51619
76459
2867
90541
28189
53425
48353
80057
12023
54066
85080
96768
5851
73883
78216
21086
87128
31663
50644
10672
89213
72486
25179
34539
38244
20594
58956
68874
52888
75379
75498
63013
80803
32541
31441
38664
80368
12711
17350
64441
63929
13439
45813
30156
25712
59513
13633
599
37787
29535
91148
72282
40666
3848
27554
86570
41301
91411
11654
55021
9998
60197
56926
65530
92034
85305
8253
27564
40659
60195
43488
63796
37780
6950
27325
6927
320
17775
18880
17809
14987
2411
29411
83718
51242
78282
54077
21911
88314
59874
31394
66559
61242
61891
95252
983
97251
17681
25062
15541
20085
46541
52171
65677
29410
96400
53312
12129
90247
51743
73112
50857
18570
58381
88024
84486
52685
32532
93540
41972
77706
52225
57054
39573
19462
26235
64330
8966
79819
78666
3338
86524
91479
14518
39162
62246
49484
8047
84066
76121
77925
4692
84683
36318
79437
6638
30392
56499
60444
42427
71949
91904
47065
82315
73529
97591
67968
21289
89200
47271
2713
34525
64279
23111
91908
572
87695
92902
54174
36670
17005
53394
25322
78092
30077
30015
62062
82246
24781
56339
26594
21228
89933
68888
58415
16463
59626
67506
45172
3406
96769
65011
42809
53437
14664
44161
96008
40220
33620
88243
82858
83857
89259
22044
72825
19424
42170
20843
86328
53193
74775
55404
44343
44066
36915
76938
51374
84036
74863
36611
12631
63686
57301
89713
22572
82334
85833
43272
90108
93306
25482
67277
22763
56610
14713
41798
93122
28446
47730
17078
38018
50903
81509
91156
78601
72949
96604
78658
14150
73434
71225
73326
90009
73973
19800
49944
96863
95528
83021
83940
17720
2371
5065
22556
24531
34916
68941
45623
75504
21829
59065
76429
8026
19157
10268
77819
74025
76684
78042
11261
45624
34600
79133
37291
24651
55332
17683
46274
13416
29219
85599
27335
92871
96761
80593
73842
61429
24325
83194
97346
46334
20275
60498
75061
55602
4158
43134
56995
60145
13663
98905
15126
46809
61107
13594
98426
55539
34214
37637
85787
42928
148
86316
61941
51347
93253
51638
78907
41538
29044
91438
91897
41825
41464
23671
91815
14815
54155
17806
41005
7491
61527
54701
36778
2469
4718
80487
25819
672
19367
94922
25593
51004
28799
28067
7481
88994
54640
25090
39111
19534
56866
30462
19231
71442
22158
10449
24396
74815
7025
39245
13317
44733
57721
98251
63563
82399
67118
90091
45674
2746
23669
30591
88136
67570
40819
47401
35221
55368
26212
33881
79770
23253
78738
78750
54748
21918
94025
62581
3524
44754
42011
59362
31402
91795
23927
59486
50429
17295
42837
35614
98178
20780
71299
27470
1559
45114
80083
38251
10103
60776
91082
49777
27658
40760
46301
13763
42925
84377
34938
10495
44939
9922
32502
93949
64139
55189
82062
51454
30570
85274
8172
35811
8331
1626
43537
27381
60687
17724
94264
253
95121
81458
87550
87430
76151
11161
13497
63420
2227
80653
26459
70301
18226
78084
53840
59444
54577
62182
31611
22113
82297
8312
82198
28013
17226
73574
19752
10017
82194
29296
98158
55300
29137
47070
95808
13407
44844
33766
30822
44091
84084
52965
42401
9826
75552
1658
68699
74386
95082
87666
45053
75893
73507
22272
39153
27954
51056
65945
94777
6946
84583
96274
88343
20809
96553
10438
53124
61979
91968
25373
15010
79827
20987
41901
19201
43650
35133
61341
10061
37561
64317
65187
46644
43958
98968
93601
95251
54229
19606
35970
55912
75336
21861
79239
62133
97313
61922
86026
58468
58426
41190
16929
57900
49496
33650
58558
82122
25764
30819
85693
33338
88040
66434
32788
14328
73150
45108
6020
54364
27507
6764
67491
16184
143
94909
79158
53979
45963
95132
11354
1521
67121
13272
66824
14451
78913
50789
46716
95156
82802
71965
29179
1332
63380
95232
24259
28872
97845
50455
90954
14329
37078
76825
80923
34900
11458
91226
44692
52451
23916
41419
47494
140
7199
28641
35508
37890
85230
25549
48441
86780
20195
35144
12927
46636
83859
58528
1334
25466
5616
854
32210
45372
95681
65040
84130
35918
46036
59535
70963
5117
68141
26321
21443
28971
67135
20211
12560
81201
17589
43323
17711
22747
47471
84314
29625
29909
15840
33706
72252
45646
38291
11639
77514
18715
56194
40105
43342
43287
3230
14052
43725
43518
9108
21719
24102
72260
31866
68154
86064
16922
12485
78541
34383
79992
23429
96608
23012
41038
46627
91518
70374
30646
94711
54453
32184
55058
59303
10575
67923
8701
72198
97240
47403
67118
97650
37369
40613
6910
58768
6582
18781
17493
39562
30136
21379
33696
22481
18789
11339
57403
92653
58376
72494
74465
24873
46716
52644
86506
71947
15453
11641
43236
77400
59208
44480
98238
16135
60059
70943
2078
65995
55317
44777
31924
3014
44994
78825
64817
17110
45606
10001
94999
33676
38545
29112
90378
14392
88966
94329
70430
36745
55946
32315
39448
25748
18767
1080
13069
80434
67864
77135
11420
93879
79996
15121
92369
92167
77968
38258
66905
73173
97788
13373
8640
10810
1890
50844
41350
82062
33364
59415
41695
1722
16803
47381
80274
62585
25161
8355
86984
29511
21891
81283
41835
13693
62441
56777
19484
22615
96392
25315
64860
49468
84391
20309
79815
17565
42145
52600
43611
91042
76608
77316
16144
39378
93709
98912
59558
93620
2131
37913
19908
35287
76142
86234
13665
54728
9718
1774
80926
64417
63848
9209
81235
39537
87957
20879
29303
60770
94149
93355
78178
31827
87462
22746
47096
37691
95305
22489
51410
60645
43858
61172
14018
15949
54168
19415
11449
68802
13652
23682
54625
68167
80534
18393
92552
82091
25834
66956
98411
3035
41071
79287
2885
98915
44877
62184
45554
49133
99841
71728
44392
97877
23427
15571
47151
32221
85527
97631
23832
2864
84821
45610
96495
8057
73636
69111
9718
45803
36094
75770
99994
11997
96493
35335
47317
56979
14764
23137
66778
7847
51242
67201
93978
81183
58502
38057
51635
51050
16581
45742
88479
28973
67478
71520
92790
33845
62941
38555
21212
19581
36659
60568
70701
70006
96666
19680
85989
60358
2209
11492
66186
97206
63765
16312
87862
35765
54667
56440
7228
37037
93232
67482
72975
4222
48000
5617
40659
81775
77585
97561
26387
86313
23207
30860
6492
54591
15554
91260
9105
39780
10813
35242
25373
27807
37704
77822
42390
22269
54008
70404
58446
50268
28294
87854
85271
62153
29217
11086
39677
36042
8196
75717
53574
74181
27593
60379
15657
34699
32542
3200
43242
21907
4267
70872
58456
64551
2623
17955
99008
47094
60819
36030
45978
57789
31148
49956
88051
57220
88065
29191
98668
82106
54339
19398
36312
54945
50742
9647
89615
56033
36101
11702
18477
47473
62041
93460
4640
6723
95898
97954
30659
41022
84667
80756
39899
57764
48844
63098
50781
51358
32559
23537
34759
6234
80021
59589
85366
93370
68167
66088
9371
26490
26204
61805
43042
22563
83082
86439
32627
56185
83627
37788
75010
34197
92955
92184
67078
70047
74401
76283
90474
11052
18114
79701
25810
13721
34567
6508
28488
33167
1180
27320
18354
2861
92002
69789
27125
23366
3110
69761
62147
46224
53779
8356
64773
55174
49412
4906
72086
88250
26458
73170
14283
24826
62665
31403
88519
36254
45914
86615
18580
21339
41594
81022
75823
27278
8486
29940
14967
91411
74013
50798
9069
11886
12032
72076
67072
46322
60422
35191
47466
69290
60682
28524
26257
55515
66603
15012
61641
56468
95763
15855
32745
16209
97701
2031
96628
73353
17588
45994
2664
62068
45359
80014
25839
92753
90428
84857
12290
67813
13888
18732
90749
25623
77777
12005
5427
60520
92712
85453
79717
2461
26353
33135
44074
13473
38399
93965
23518
52985
64583
49262
23687
14450
84308
41351
26414
28101
54178
57070
55240
74970
86970
46596
9315
20802
28595
8636
99003
12461
97691
34033
47467
46780
70934
21622
87363
56198
94566
41668
87286
88792
17452
3179
10010
59394
88611
20146
12727
99380
52406
43922
9849
4107
73303
34347
23941
19189
63663
44025
22207
75996
33604
40061
82015
43104
23845
77930
96067
13840
18124
25256
51842
92210
68003
58874
4774
71398
35591
72961
28168
29572
91654
78405
55911
40787
46315
26266
40320
3711
39968
81517
59107
13515
84903
753
57355
87730
72980
6593
11114
8826
69038
44168
82198
45057
62911
91002
39437
70324
36149
65251
61257
41481
11246
79542
87239
99648
70405
6145
15587
55464
40479
96218
44591
97590
8784
94154
62058
79963
54942
25024
9968
43024
7010
3672
29712
86599
32886
39723
29046
8079
85632
23888
171
21617
85034
3931
95435
32015
54653
596
7854
40715
81544
10450
54456
5849
41166
28200
48333
53232
55574
37952
41189
63985
49894
9546
15932
43624
25876
35803
25850
11397
4426
80182
39037
28998
94405
20391
26907
12783
20668
32963
22088
69047
67453
44329
47630
12364
74840
395
81997
49156
96826
78248
20142
53811
21679
76270
21555
91920
81892
79020
3543
55037
66722
70623
55367
39013
32290
57123
48237
75137
29784
9890
2127
99962
27823
10641
60967
64562
44516
85541
5430
52186
51352
69901
91839
95773
24452
5789
87233
5505
5879
14608
13099
85661
97094
34074
46099
67067
15217
63815
87358
88365
91983
1512
47675
92431
16595
86660
54267
51078
72469
5087
81741
56777
78448
42262
80955
50368
61255
66102
25079
9715
52659
94232
78868
84467
92600
74614
82954
69973
92457
20333
38903
24218
77569
7207
98934
67263
91642
5719
19915
74975
60731
3070
27509
54680
37978
42767
98759
34802
48713
6963
56289
56999
92484
68173
12298
44049
81094
73108
62301
44513
76016
4546
27624
65576
23252
26633
60856
15732
43290
21100
32421
65204
94050
98569
53686
67517
74542
62792
7199
91944
34792
28904
64339
49541
14265
21064
59617
15085
72520
53396
70470
66098
69596
10041
49837
50892
88490
553
77130
37287
24498
45555
33239
69033
26455
37855
8714
37543
36992
20840
50934
27156
59236
6297
11921
35788
90452
47626
57267
26355
67369
20783
6791
76713
41471
95695
44834
95468
23750
37954
59717
27610
3144
52405
52918
6936
22671
46075
33524
97015
26762
50030
86790
94280
4673
38131
16960
1558
85798
55240
85707
86423
84039
4199
22751
84822
70875
93605
8019
97820
22450
8222
81302
44018
69660
25372
16513
7929
61016
33195
54828
14816
39338
97243
90422
72241
8062
96592
21774
22922
37546
18265
77695
94820
22187
80368
62826
66062
34960
63038
38349
3051
62419
17647
58068
21206
71900
93474
23534
79923
59125
30693
24708
82110
5781
54379
83916
46362
58231
26396
56245
29477
81087
99143
89838
60009
41538
22844
87279
11729
73286
67899
63937
61374
9014
52508
73174
8063
46886
1592
72968
62852
13281
11344
99715
2155
85867
68544
17355
29006
69973
96007
21561
22039
13081
35807
63935
41545
90211
40468
89803
56128
14290
64801
73935
88705
27260
94354
46364
66870
1689
23276
57125
80473
69536
45346
84806
51970
89228
16996
29720
3282
38384
71311
29999
27764
74450
95010
31914
93242
9676
87536
8636
98205
94539
81362
19040
74148
96260
14624
46496
26673
87604
40089
36049
2527
58732
96966
61108
97778
78316
90575
74565
26571
14423
97056
1430
8884
75958
45541
26042
17984
1859
11705
33091
85512
43283
76873
45273
63954
9766
80151
82630
892
53642
51708
78020
83724
52951
59541
982
1817
25956
63007
6583
87747
24825
33180
16339
41378
3676
16611
40116
86841
71983
41200
41703
8221
40332
98746
44775
77556
27608
19495
17493
30125
66061
57356
98825
71418
42301
80772
97103
24468
2452
94780
79591
31974
83115
79668
77322
57942
5280
74046
96620
78480
37356
7038
65672
60822
44521
71610
94476
42684
94603
58434
12697
36869
54000
91690
39503
18184
86794
89329
96002
87169
91657
29665
8403
74652
15305
66476
42022
21954
73690
22544
81179
81603
85764
1975
97776
92740
13366
65087
77177
53601
28230
11036
54194
22003
78679
73377
82908
87369
73215
60805
11900
62931
19075
88807
34515
13272
72223
6808
13433
25639
82996
4852
79202
75620
75373
32650
1514
3618
1596
53944
13048
29242
85755
49372
95704
31768
64151
73629
33378
5704
98356
91060
11148
76152
78088
80305
8717
24544
989
9659
25722
22827
35901
52060
54749
92252
50807
51280
81783
53228
65094
40054
97501
79183
56050
11951
57845
76652
20397
21532
23515
67071
72640
62975
62198
74963
25827
96610
37119
47989
31416
38823
4745
4200
97358
24270
3993
65109
33371
76551
8349
58754
94082
4783
39530
77386
87214
80730
40396
21072
93890
94320
60661
80865
6976
74962
741
73289
38067
77749
74441
40632
64971
48423
40071
41448
480
15217
17363
41421
24394
38844
53860
40660
97491
76729
31314
91850
71593
2636
9964
40041
47115
68790
96859
83136
18709
65443
14455
66371
99603
79164
18314
11747
83263
15327
79178
69880
44586
30612
3387
1198
98152
99697
97145
42281
32034
49868
70405
37601
76195
17908
14384
88193
92024
4098
16928
81620
22898
29631
46716
91537
94476
74832
36683
34258
77795
81674
75166
89014
83778
97916
53214
27891
23159
51583
60999
66574
62814
46186
87948
66457
72610
95946
71670
86934
51290
75380
205
73086
71487
13001
83932
70330
82052
98436
18894
73996
76949
12706
22841
59214
41362
59510
8271
37651
10436
71423
46398
21760
17649
33145
90993
40427
88198
70296
86799
36611
18414
57697
77886
14394
22995
26377
73156
25076
76593
30552
2392
46683
10430
46596
22581
14463
64929
21892
25284
78908
7275
94971
88007
34544
28943
10956
59286
54009
12489
56870
11050
54484
14322
18729
2853
32585
2389
71697
13471
31131
62236
62426
10363
80485
58546
98428
88003
21032
52581
29573
56456
65130
51056
15469
80925
44571
30882
77352
10378
69048
61290
58755
1920
60764
96727
24380
43644
49043
36247
54947
22050
60257
30575
56260
2937
52639
15587
37742
94952
41247
84967
38937
60911
26367
73559
82991
57001
20003
21191
87433
319
81774
18905
17595
35725
67199
24490
25451
56176
22245
3456
38456
93708
5091
82366
3926
52214
23224
79631
60793
1480
59483
12381
4446
42345
14466
51516
80061
79646
35153
75024
34463
55746
66258
60389
27685
71227
40018
4336
69072
40117
21410
54995
27087
99998
51494
80543
13749
36905
26168
10089
72769
14217
68447
29362
67110
16126
10060
78079
14837
40290
14332
4326
53085
51173
41941
32567
49834
43967
52971
41758
60133
76384
49700
52192
48762
51768
11657
59615
88707
89116
10290
61222
20270
15412
71012
82174
15143
21001
79462
23585
55854
68730
70727
72985
73569
82063
45660
61207
50060
59391
24652
51534
65609
84063
98025
43793
8825
95628
64970
42921
82049
36771
48064
67560
6805
58258
97399
63637
88949
35284
30061
54399
96255
6545
23760
21890
24351
32995
28388
84799
26142
1186
29187
87302
22445
67103
64057
99883
84830
75959
910
32033
35591
87856
99776
144
98719
29324
88013
86876
59845
47218
86337
57481
30592
62216
51355
88186
28484
33098
58891
8205
51829
28344
61044
88986
81791
63457
26945
13399
74487
25003
46621
29202
38407
1919
85436
55332
6937
59220
86022
39093
19871
99348
31377
99816
70045
86821
72087
26078
40389
34161
62697
46222
49507
91116
99027
9149
47145
95113
41738
71163
9922
24600
22936
89726
86052
772
30737
29971
65867
76869
31967
72416
9027
10690
24762
23739
98602
32483
71947
13172
48233
56351
16224
97755
18169
77508
84586
18650
88136
93737
79340
60045
77881
50954
71855
68846
28141
39354
70868
78111
30611
37365
29619
30307
93661
58856
39935
87854
75567
54562
31014
78925
43072
93894
40666
20408
61916
19204
82521
15039
4162
31606
50976
53985
78478
80414
92532
59891
45771
86827
4007
25047
9030
86489
33407
42617
13928
40952
1826
98267
31216
57015
72505
4664
56479
51337
51654
43435
29240
61965
72096
2297
30941
44113
97530
55614
46865
49065
42492
90387
62155
12128
77809
64431
93958
61658
78787
13842
94895
74343
28589
98457
95145
6938
13283
27
2766
70165
72579
79570
96326
20383
59199
74543
9149
79646
56038
44462
15272
23393
16165
69558
27573
10126
8120
65229
72251
37943
58891
30756
83165
81910
34026
9187
96462
89386
2616
45916
22866
98392
28836
26737
24471
61766
92025
39622
80494
72154
46385
28686
84997
52329
58796
57491
67246
34371
68989
20539
57509
54171
30688
62173
31309
12312
79730
64422
21691
75718
75485
12039
29822
7613
63636
86970
79210
8876
53988
87880
80973
7129
34780
48291
30289
36135
4426
75385
62819
81955
87917
82618
15008
40510
84354
50551
50334
67988
58533
98429
9881
9582
85120
27794
59686
45996
12230
18910
2288
76131
47382
34282
40521
72880
6125
65469
96211
4398
58036
61906
45028
48366
43632
1471
20143
50918
11765
72805
87605
73738
43153
50366
81341
16275
63663
91803
52533
67645
57116
47328
63293
17152
57485
27212
22494
25301
76237
80496
31287
61355
77494
45363
18387
1915
11603
24399
7394
58840
4346
56464
51191
20076
64826
6226
50795
69276
70610
6484
36215
60913
40610
9357
51825
71199
25080
22895
84609
19045
46451
68542
12730
41489
46292
7520
99942
28212
62064
20920
8632
41644
13743
75311
20754
99180
28738
41939
85471
46587
4979
34882
68208
49044
80279
68861
66141
53107
56012
32650
35912
76232
40918
404
53185
71178
11137
55837
78452
7420
94036
60438
64494
58239
91337
72359
74262
87622
60337
47818
33316
90982
70771
92274
70000
72763
17030
72088
55007
94813
71825
55620
66113
43649
25812
95577
97902
10835
12278
5828
32700
944
37893
67758
89578
49636
36979
87759
20183
84479
29684
45940
85144
78171
16263
42413
55014
50252
77842
66415
33017
15932
43297
57088
53892
53677
2945
42953
53823
1169
94092
97114
58385
55082
66555
81302
22206
54095
7268
38335
87582
81578
21774
84855
28738
54145
35598
32932
50615
21012
3087
12295
42332
40308
28589
34699
77728
72769
83375
30189
49596
33813
31302
57260
25920
7313
10731
7089
15646
37005
44244
70743
62304
81917
85902
70127
32452
82066
33521
68895
50858
16398
527
23018
2105
81287
94602
14164
30831
88856
25750
12103
30791
43800
30227
2564
3525
36800
91202
68209
27494
84855
65667
62506
20272
57154
31345
68119
9750
21070
45525
64086
6263
79538
30458
75242
79717
26651
30546
71950
51376
9833
93570
61596
5647
93494
94915
13399
63480
98699
56722
40178
22476
51940
49523
9667
53517
98199
93586
53588
29149
22163
83553
66033
56222
24079
34230
27163
40399
20825
65824
10329
3129
62170
50038
9686
76827
70227
13088
50100
25568
14030
56119
24636
48078
67070
2648
74179
79897
10576
30533
73070
85146
26699
83851
70707
56844
91046
64827
21811
55106
99695
56277
50145
64585
95119
99489
18727
52443
15499
71370
42733
6109
64023
85467
93486
36270
20798
78678
59510
41461
40171
52753
33650
57070
85792
74911
87066
12121
26389
58318
95757
45980
18915
6584
16008
76240
26187
77957
78602
71265
12567
35457
98588
83571
87972
37058
7334
3207
27821
41485
50192
4957
39959
84083
69099
24535
84813
86745
81560
24028
58355
86238
75472
41608
97005
6970
88671
58109
26154
14303
65755
57668
76396
59423
70108
97733
7099
11842
58308
91163
66742
37513
5012
19436
41298
34052
97861
21058
95810
90832
739
15635
5153
6896
58969
93266
75241
66532
52061
96013
11600
52867
85883
17130
79493
5227
29856
60046
75905
48943
920
1632
57040
52098
227
38960
99201
16763
27745
79986
32159
94140
70754
14494
606
46448
13614
68310
49506
42912
19253
48833
48233
79437
35947
98821
38063
58239
57217
7126
75018
60159
5354
84790
35879
79908
60614
84188
13115
11420
84223
64525
57530
83386
80035
63287
68732
13906
29033
2045
82976
22044
61709
21998
11507
83892
1659
70563
44588
3362
17159
23147
2047
13595
37010
12974
26572
14267
40657
75480
38906
51011
37691
93370
28463
12061
98027
62484
9892
55986
92333
16594
40551
1916
22118
36638
43340
32620
95917
23791
59631
35161
65943
45411
34465
6188
86985
37958
6821
14708
24814
33799
3066
591
12618
75872
22524
59085
96810
37398
23903
15342
74400
27881
69211
7612
21267
41889
27288
80298
996
88231
24274
7139
40390
99538
8446
46082
81798
62437
99437
45515
34787
54956
67323
66237
99225
48811
74395
82762
76535
53938
54435
57912
53498
33761
80735
90213
96801
66914
53106
88120
53245
90122
95048
9463
74311
85450
12247
49710
15902
71766
72187
16080
90109
74493
14984
41077
4285
68549
48276
169
18217
92347
13634
66221
33258
43250
2318
80852
26155
31397
58639
3014
38765
88334
96434
52352
92463
29944
28586
57376
51244
14684
65309
82098
58925
77178
85133
32537
53645
54703
29854
2858
6486
91842
45863
47096
51799
21148
14985
40672
36795
44783
34411
76156
40807
43803
36896
58224
96414
28028
365
55478
56828
4484
91336
92545
84192
80333
49285
77834
45259
84818
4329
43803
28818
57523
70830
69981
27797
19034
15549
5686
41427
80697
17227
19653
38722
45778
47244
99001
6421
32552
74724
26073
60093
6040
6808
56872
64815
12537
76496
89026
92629
97018
30337
19513
39902
69170
99400
50417
97439
49955
60759
5164
24253
28178
68735
33007
36104
8024
29300
48298
74625
13533
28772
97849
51017
90769
93530
9290
92371
25894
33375
13480
47580
3033
55867
96396
69112
15535
59424
42993
23090
27308
48773
28451
68158
94858
54969
31865
17511
92508
88157
26008
86393
14026
99448
58669
8098
34474
95671
78126
13450
30299
20255
15794
56392
93459
64152
90208
10977
89926
61868
2113
32526
50924
81294
38706
30465
59470
55177
88329
98255
10190
52855
48401
37939
64271
56365
2921
42787
34648
37219
71233
98592
98359
11942
80532
50593
63353
57471
54357
48095
45706
91872
61440
80351
16181
76676
79208
27569
85931
26295
84185
8769
91310
21600
76093
24680
91469
53157
973
88867
15095
56145
78624
42826
69639
98601
37317
86247
7845
89207
40200
24990
47541
73962
65090
67523
22796
43689
87814
69501
39848
62459
13616
47332
12071
73111
62552
76250
21978
57179
93458
94648
41710
40940
12333
89454
81043
68718
51891
82495
47043
79241
77130
17930
94863
59953
19603
91451
56843
78177
96533
97670
32910
91221
9544
68707
30715
8882
60579
77759
91430
17802
83838
46843
3238
1741
59023
97192
7838
62344
5741
75445
19746
40350
21851
16683
54251
7880
59036
41612
40660
54728
10323
71264
79653
2207
73624
29629
93828
25250
92025
52461
8051
39472
41392
91422
20315
67908
88268
19028
96458
6948
38480
88889
33452
38000
54367
44262
13483
38121
16180
85364
85128
79065
77735
71118
9411
4910
23807
16342
27651
85537
43928
18724
20388
15049
71027
34148
11341
57277
32844
97760
97837
88335
86819
2241
8797
58336
57031
30341
69371
5227
31860
60897
1977
42757
52657
94245
47872
89490
48069
77962
42436
69685
4527
13820
44395
65014
51337
449
54261
5537
56441
52799
90140
38068
71202
37637
60983
10374
79462
12387
50215
27402
64934
76171
79350
78757
13683
63927
65352
14520
19085
90531
31937
90055
21734
79634
79941
34293
86597
55248
93699
30892
89892
17611
69291
82638
54191
77944
44389
70084
22743
26748
77895
10888
99134
57825
64168
30885
68286
11408
40108
79290
13449
72818
26487
87462
40350
93510
12844
10573
64947
87510
71064
45797
60366
32772
42213
37190
92698
16798
34971
56790
25019
73927
97755
56520
7103
84681
85278
98198
31663
88069
7696
24066
6257
6934
79410
15516
40917
27156
51147
45344
14199
10156
6797
94816
46031
88079
57968
63325
86386
18178
89852
14880
21476
17537
96242
10338
63201
63762
4088
54352
64740
82316
70561
80847
54679
16601
87275
71760
21308
71222
41605
31440
75603
5125
97338
37934
11064
93291
69796
27451
21045
91579
76343
9988
42304
85486
11698
5319
59023
5565
45685
39470
90818
47517
86540
35853
93860
38460
7767
70839
71220
74888
575
107
69715
38196
96748
68292
81278
34585
98872
24261
19215
84705
91551
17838
69467
46817
22408
52332
10325
54444
27812
84944
51524
32196
9489
38920
57649
74235
7890
37347
41082
82490
75670
21290
67934
39600
72239
62783
38098
9518
5388
19673
81573
59420
58546
52457
1528
48979
16321
94881
52983
85911
59718
68947
29324
64636
45260
36640
38322
74740
83364
838
12032
81057
76352
81544
93603
71242
62359
8837
87896
10208
67529
86843
96787
19800
73660
43913
51964
28769
68356
62895
2802
29536
29874
78502
85823
29241
13484
13421
30193
41900
16482
11476
92282
72072
6225
87414
87038
92970
4317
73374
42057
56047
14684
84278
80644
61456
66911
25165
12362
76525
9963
72051
27120
68171
70230
82649
10030
48014
69132
88610
3401
71197
18864
9505
47741
36410
88552
65178
68787
24389
51736
8075
35043
6665
11714
23901
99954
75808
75034
13250
51759
70105
34707
72173
16637
43646
65042
39522
31709
10130
803
45706
4065
50300
21071
67466
57506
50436
33696
1706
3318
62703
53015
65683
78375
39869
11109
66103
90630
62415
5787
94669
53072
31727
82339
37545
40870
99216
33500
70626
94377
53240
72234
26180
83174
16810
38437
7060
52403
54841
42048
63058
45650
31341
41452
63224
90534
31261
58315
18694
39733
64792
43758
79289
568
16800
77466
89194
2000
68982
14506
75520
5527
7367
76069
45850
13805
32734
75287
32753
93494
48068
49176
91599
82090
59177
96360
91972
19977
51164
76012
30250
57295
33852
24466
92524
95262
75020
90923
63248
32082
69352
54926
13478
89610
62001
53685
70193
4928
19510
47700
94586
96159
96433
356
50752
47507
16780
83863
10757
18283
21777
93214
23660
12181
86799
32095
81823
43988
65792
33429
28730
42203
49841
25366
59651
74129
11844
35732
79260
69551
5323
55491
88343
23432
84871
1722
50460
60829
8697
76173
91919
70664
49295
21690
1022
4610
42289
81928
86430
83045
38193
87407
55413
29707
84351
18797
50880
4735
34657
84618
86518
40626
42839
54277
43441
45639
68095
60967
48822
83143
63093
16915
90557
13420
68057
26419
11920
86057
51264
93740
56702
86265
68661
18735
9346
4006
98822
86477
4175
10950
45326
15700
83090
65910
60648
31687
28748
89324
66007
81012
65750
70293
12482
88088
51713
50054
82926
81608
65853
6051
41050
92604
13477
84458
99752
22583
4746
43914
83666
1686
61817
28928
51150
67221
65494
64367
85226
39331
71370
12687
8649
44827
11120
76798
76518
9637
63539
81569
37672
970
34818
99748
7655
55074
58794
1376
23639
71735
41255
21889
8953
73207
47783
30171
2853
70409
25262
61633
76533
92898
80019
3050
85958
26592
53764
34716
36381
68617
17043
79490
34707
22457
32932
98887
39184
91318
9492
27713
56508
36071
51921
46756
5969
10906
32757
52887
24647
80920
48208
13103
65454
5659
10198
60572
7080
50520
64758
37194
54315
95314
94901
33954
94824
89301
73110
63480
33393
64150
29314
45302
65283
58148
30816
16942
20114
64084
5466
62238
23619
16370
40573
70113
51266
1145
89996
22393
97459
75394
788
38290
62638
71619
29649
15254
26784
56902
70781
39455
29848
40778
17578
20001
55477
66544
26300
74275
78456
84543
63977
72379
37032
82504
55472
13591
4046
81179
82006
31018
55290
31431
73099
81696
18265
37111
89262
2983
46528
99175