65984
30392
75016
12517
2088
46956
25815
64904
79788
4166
38207
42539
74545
36053
64373
62157
46554
5136
43900
81806
47836
60075
26756
36557
26515
84261
73102
62584
13073
42744
93347
50282
18714
59398
49347
31058
1103
71317
61923
69275
62859
1562
76876
94025
92726
38656
42265
33625
24075
85492
86759
4032
94368
84255
82067
2460
67062
48975
62066
39490
25065
7020
4715
2462
83025
63150
94403
2640
34926
68836
57343
13794
49184
47165
22467
5765
2503
75850
2914
46389
17679
23436
66402
64612
55526
28884
81161
44863
73235
60349
4386
92623
76689
20895
51719
5946
23426
50945
9075
55261
71623
71916
62510
52779
45884
64049
25217
2472
46741
42204
28684
51766
90495
29813
65868
86214
28165
17963
26670
90809
83415
68191
68770
13183
84955
54416
92383
39816
23643
55423
51580
75545
14432
67275
39234
94284
21461
44424
5369
74466
1995
861
72932
91763
19707
20608
95037
99115
17203
51789
39766
12280
26796
70200
85931
89523
39815
45806
33395
27052
99021
43970
22265
62962
54871
40447
9218
13820
29268
76655
49716
332
44072
90743
87236
12691
64643
82437
24669
66351
78720
262
83653
7073
9174
21648
32146
48194
29154
56093
46436
99705
55577
12594
33001
14829
53889
51250
99187
28196
62174
28092
67906
14218
3695
86594
1888
87875
44699
22390
72174
30327
87379
39445
38454
3070
2922
71637
22608
68125
98017
11899
23884
57267
94231
41938
54116
8590
89940
27550
55784
53109
51139
13437
39850
36875
83291
91915
92558
89404
52865
4221
7056
25685
54249
93854
9956
48628
86693
20796
51879
81300
4807
83793
11060
49646
71436
19212
35760
91578
67274
10657
88156
58062
37258
3328
68236
63774
59397
98654
7183
58868
63942
7855
82340
53265
93003
18996
42936
47804
41892
7908
40208
38732
89954
22736
7886
5778
64523
96942
36142
42569
12895
99459
76831
28813
84369
2927
63737
34551
40147
81250
79680
31199
34469
24443
97043
77876
90603
72072
64532
90569
79488
80164
89178
41827
95898
1983
18389
57107
61275
47536
12097
97135
70031
87956
56384
96716
78508
1835
19087
34093
35069
60426
58440
1779
77585
41464
99269
35757
62246
33746
87091
49701
7430
14098
18258
26044
28966
38347
65627
18642
67189
45842
39269
62822
99668
90358
79670
80684
75262
28713
26079
39279
27507
43461
74680
63133
69412
43971
87385
93744
6020
86612
57350
56516
79022
80086
65936
39742
87197
58488
56440
6149
97751
28900
28889
80444
66126
84053
76255
20738
15052
80003
67359
70561
51807
9493
46386
73046
53184
12730
60105
41464
99420
58012
85224
65005
73222
51402
42364
51879
87636
89065
9040
6102
97198
96390
70727
24394
64295
78288
12945
19510
37267
70149
26248
65345
86133
32859
13121
84285
73432
77251
25125
26250
90256
86345
96047
23358
75761
4015
20563
89882
12851
46305
37079
64272
69409
47466
44140
56864
60917
40556
73299
97540
39243
38667
19095
75234
73445
90961
87152
25895
89996
51939
6509
75612
67100
10960
5907
66155
17721
64548
37731
89902
68203
41857
88242
40965
96822
25695
3746
15829
32635
17749
99838
69350
74821
73433
16554
91235
39676
22611
99335
53229
70576
14067
32901
50228
72168
49672
70337
46268
34672
78606
39058
77790
61497
25260
24433
44614
96889
96783
68353
83392
26630
59134
61894
71501
35942
93158
51008
84681
43915
30222
57880
13068
13653
90192
44457
4648
94094
77210
11687
1358
30273
14525
29639
80258
49947
11415
61287
4841
12567
95282
14845
44124
18379
37879
27673
18792
88963
21893
32677
19986
55701
15693
75802
12094
22365
94070
7589
59254
41537
98089
44557
5075
3049
79775
32869
54322
42573
77757
97801
95038
94698
9973
33961
10835
59082
3157
88552
95636
52221
36255
56500
24270
38527
40553
72214
6991
87105
93841
96738
69141
78555
28685
63334
21639
91172
5592
8872
42067
60780
58858
23049
48570
17089
21856
27468
95585
5498
32447
14582
52729
74360
64794
28892
93631
25341
54410
18460
15310
18235
70455
64419
68521
55988
12239
47400
91722
22930
23632
46420
76771
49295
54865
59009
57372
67733
27066
14179
99190
42421
27483
67475
7909
54084
12212
1057
61405
69564
64662
9520
96080
5565
55975
48910
70413
9764
49309
33638
64156
14375
79175
61180
40866
9237
78305
61452
99917
10747
71351
39409
27315
83052
11749
9934
32218
36200
41722
23160
10532
40453
77137
1539
57500
66228
87491
86064
54823
90761
35955
74174
25398
32341
19838
8471
28584
95933
99261
46734
29899
95369
62681
58172
10598
90983
95412
481
49972
18041
85878
1791
35893
23583
48395
89962
88457
1874
46613
58776
9659
57860
93224
84305
55003
90176
43261
18990
9972
5002
60927
29334
49583
49060
24829
8470
2596
70721
95375
61631
20770
33608
69582
29624
37199
65020
53672
97846
11243
88453
84450
38325
92402
98573
56286
65161
49794
16645
20276
44994
56444
61457
55956
48311
49884
16701
46779
14855
63407
80435
49811
92604
1477
5622
7103
72665
17121
54991
30660
22426
53484
12076
40178
12847
82130
16528
44816
18936
63224
36502
21446
82509
35919
69836
93943
28717
6509
46425
98562
61970
95944
73117
1091
39967
16377
26904
65257
98959
2832
2310
12123
35895
51720
48298
53663
91539
55588
7847
30818
47262
95096
66062
2147
43120
41173
66949
86599
9568
79838
18365
32013
24036
12400
12991
88372
25596
22692
21982
53115
75069
48053
50654
54625
61181
89385
11632
3753
70500
60107
3670
18062
33469
41831
40670
8709
13787
28007
84810
37277
83569
68338
12435
31893
45274
56466
69976
92571
78088
67844
80127
7538
13881
67818
33418
57949
58747
75854
68974
91218
12384
88851
8339
90087
46658
4310
6816
87705
11466
75145
25951
15883
61375
64455
25744
25684
3325
33906
65884
75270
95196
22893
28108
11704
33142
51762
46500
3154
15127
58493
12408
72721
16180
5647
26541
13147
22038
18816
70704
7824
81879
35072
49183
37715
16496
30251
2467
76833
85022
75216
7461
27601
67539
64628
20835
47074
67716
6969
169
12338
40147
63922
95303
36675
62653
92929
30710
95710
24062
96064
13129
11113
45078
19597
99507
38646
96628
99478
58598
60145
4308
63307
27675
43510
40801
15925
84501
41706
81614
81812
94450
82781
61198
21170
61771
26249
18180
34574
74163
22463
642
49095
76663
60688
67284
8374
40554
1509
64155
61410
84148
92140
56481
85912
9317
48171
45245
97080
89706
58511
6677
1488
75439
47906
78839
67467
47455
6747
82767
36056
53250
58753
72067
83266
28337
17955
74015
68407
26949
12339
32783
63756
49486
83639
27317
77578
92509
56241
6207
19630
41843
42815
34749
98475
94918
48228
31242
93072
49015
76337
63911
54436
76126
43121
96840
69382
2296
40712
45499
96837
50296
89632
9200
50410
75315
84307
27471
39281
50350
81245
24619
31611
74254
89973
40173
2348
80209
71479
90773
27871
54649
64071
42411
73245
22406
11254
88245
46427
89293
31561
29254
93853
90473
34842
42023
2533
33021
40909
77886
15406
68330
7921
72147
99608
74221
89209
21732
38418
87383
18789
6261
47425
45352
5823
41015
42354
71077
84358
8756
77497
89102
43930
81653
83653
43651
94167
74206
80770
69226
33971
29027
45014
39446
42989
6769
14780
80690
47661
92354
41045
37283
27576
15318
35534
73664
37856
62640
2119
60320
91883
36410
31345
75966
76440
80301
840
40281
68
73251
84278
38760
95876
33747
65609
62633
26957
30532
98739
26499
84546
83461
22294
813
47046
17952
81268
65825
1321
53914
14672
37788
3224
91044
76323
89922
2728
34967
73460
85630
26925
98620
67850
56892
59366
25720
41998
49340
65017
60746
93105
85687
65749
90505
17300
19831
55476
69888
28320
1117
9399
97761
49586
49385
58611
76696
65385
79534
61219
94726
71656
95559
20816
68548
48708
78803
16369
3571
52359
79184
48982
36944
71294
64879
70785
29876
63834
25227
600
72943
10369
5681
15536
74842
58994
48804
57219
69514
24960
49627
6602
96338
60710
90597
74999
42326
85943
70245
78200
82366
80217
26325
60422
17796
21870
94855
56138
76410
47994
91614
52397
14519
49196
93906
58766
8894
58708
75306
89265
75415
47685
45915
92393
90593
42822
49165
83835
43565
85008
61693
41945
1903
43764
6565
78201
66650
86917
54282
77817
97392
73709
66884
94835
1596
99230
25960
71108
75525
61293
56584
97562
81778
45635
96575
92923
89314
96180
2263
67645
87400
68659
6033
28750
33122
56904
46271
43734
96701
76154
3195
77141
65151
18593
19939
87961
17467
86087
82720
34842
91652
87559
88140
50262
84656
70909
8476
17675
89254
35151
74616
76709
72154
50798
90156
85471
57901
39919
39735
87035
13382
38611
51173
93317
43343
65747
35691
89294
49535
49688
40257
34459
11819
19846
16887
32183
93012
90788
25824
9366
28378
70886
98094
58108
65495
29656
41737
14466
80532
40684
20938
59520
69059
39148
32485
63086
42100
56505
84858
75468
36684
93817
17116
33661
50190
20474
38284
76324
97790
20953
33924
78475
39583
5896
81923
58990
32167
57617
40440
51613
6095
13949
3196
8528
44881
25023
77978
97217
3161
26673
10971
85090
11256
3858
81524
15287
53017
56625
20838
72688
86609
27143
32470
29035
48972
52957
25087
70868
72496
46476
16256
31716
85275
86074
90672
75393
58780
23077
67789
98871
36995
18335
37195
58189
98485
67816
46934
8993
5688
52735
1481
15661
72690
46210
84128
74647
40306
76938
55829
79270
25468
95847
5125
75581
4837
65667
25653
85771
64593
33905
3879
15455
38007
17291
30449
59986
43745
91838
99770
42065
32260
46356
13380
16700
46814
92083
9978
99959
3619
7221
22228
79872
24964
86237
26473
65426
41719
62567
28890
14551
76663
31697
39179
46743
9687
85787
61634
46568
7104
29072
92075
60672
10509
40189
57644
8147
84842
2457
8793
51219
34540
81278
1274
30119
92237
17358
39746
56
73996
94167
62665
78672
94904
33303
62642
54508
18552
76403
55451
91992
44858
69123
8967
27748
3614
84249
69301
82434
1398
91452
93241
47615
28085
85114
65150
96115
22191
857
74050
12779
75632
15763
64439
60563
44455
47228
5370
28268
31172
35528
69130
38601
66815
48877
97089
27850
19690
12710
33982
96099
87558
57350
30837
51830
6539
5092
2390
80782
92705
92943
62953
51764
54333
82128
24135
46464
80332
33443
50551
9444
14182
77351
6387
77644
22782
24232
13771
60861
45533
99219
17802
38076
28895
95451
12418
13908
31359
18097
74244
81992
32433
22724
55301
90770
12361
95773
29507
98551
9560
92537
64390
24737
89522
46086
14098
47134
86087
66590
47470
51544
89153
73444
90738
35062
80748
6186
87999
63374
95371
37974
80201
23949
27780
23018
27631
48604
66730
43052
86959
39170
28548
76247
7369
26237
51679
87030
73405
91498
64276
5610
86518
86595
70602
73082
98703
19584
60523
15994
60656
37503
52264
26049
52704
84096
1986
41669
19895
4546
94686
17417
68569
7544
76272
79682
84525
96776
59214
75110
76927
85077
41545
97631
15793
397
37550
14244
56533
8328
33240
65184
28950
3818
35247
28202
5181
90906
32754
273
17833
49445
68962
78768
48722
84215
62725
18573
78921
13976
54558
19205
30140
31504
10660
17942
43534
74943
45159
57412
62915
91485
19140
80216
74767
43069
13517
63757
71200
97739
93096
84360
9927
91230
82811
95017
58424
34280
85912
25457
26061
48600
19717
1857
82535
20914
10483
24778
94013
38898
20405
95859
87537
90823
60732
4152
60549
86480
59801
43664
64802
92754
84270
13204
43005
86210
75034
42988
60086
18486
24463
13695
59471
85237
21484
41166
346
65530
61500
84026
95505
87403
64113
52532
59313
37881
20455
94748
31547
49075
18421
1200
32263
3921
48196
27687
74302
36657
94063
71531
57811
19471
70966
51190
42784
46843
15554
49885
2936
13285
72603
29623
7408
41220
36434
68836
49392
9221
72464
39681
49852
63450
4872
66533
38453
35992
64148
39020
98959
48054
92840
97492
44048
97106
17854
57165
7200
40064
83739
33694
75945
97667
38973
96439
42460
62702
88034
99692
22490
78320
98156
56499
57999
86802
74109
5050
49287
66381
12099
74765
38706
30949
38809
28239
97143
27478
28275
56808
75141
23260
9470
47737
51766
98502
92779
88722
94551
56643
74416
93430
48627
80231
50473
17022
31864
19812
58038
50429
37300
48441
66310
20716
53839
59748
19793
27913
99344
14894
57403
37086
11074
28146
46217
5992
92528
49568
69554
10933
83409
23318
14932
91700
50893
65656
35039
22069
24377
51934
34227
39558
99782
52464
12955
33630
15878
71649
80079
83744
32836
42767
77661
80246
35829
72111
99656
45114
83309
54912
68057
10542
8149
47172
92493
64501
26933
71312
23187
15191
58483
48399
58897
71384
3534
64987
3399
28432
40704
93004
93189
22732
58473
57077
12297
89612
52448
46301
88333
14037
39672
33554
31338
15811
83531
61749
32910
11579
6188
82051
68882
96968
41839
59374
20932
59482
6642
4646
41884
84170
50771
75018
98751
13031
17416
46545
49684
22937
74839
42581
68561
1940
40227
68154
21763
94638
77734
7129
74917
58395
72980
83989
59425
58895
10494
5841
64533
17968
93853
66861
17498
62419
4574
70632
1488
80293
49465
45343
74591
83754
90608
17686
14954
55565
90504
74684
15204
46184
68483
18932
51526
18867
92610
24753
66778
14872
22354
9395
4399
72860
91895
44308
78650
59633
40945
19511
96343
33031
82675
44692
29771
16572
5653
7327
12166
3816
35848
62815
6179
62770
5898
66560
73736
21059
88526
43563
35143
96966
25786
57014
56631
96739
72964
72223
56730
6347
78887
26215
50576
50187
8082
88872
25403
44946
6985
95275
94463
97187
31488
72531
87278
62246
92714
82285
73195
81759
24208
90704
28264
2474
72595
59801
2436
16039
82706
27666
23421
68380
90770
50770
61108
44005
20015
78623
18677
21257
84959
10417
99122
37030
57648
51877
28242
35690
51497
72378
24503
85863
98313
24546
95171
69543
30509
33207
47439
24248
50102
12721
91226
26000
11204
38387
14067
7103
11954
1585
52021
12130
1042
41149
28881
246
17918
59981
77171
21064
83990
59060
3654
31992
46788
4063
24690
32273
74126
5456
16313
4176
18035
46261
50336
13013
35552
72664
53173
14680
25150
1279
36553
85229
68654
70868
66429
41388
31122
54892
83455
94615
1078
11070
73642
76434
96522
79114
67985
12816
57071
41238
13312
20943
8439
82499
86705
61258
61885
91274
64254
11738
27780
11724
80706
29597
92869
91522
69245
65557
45995
50229
6019
89952
48406
60480
7921
46663
64116
44491
59051
16174
96957
4465
31621
65407
22999
57772
33502
28207
73007
2922
49457
41259
35231
74240
37953
76623
80327
12824
51234
68433
95470
92896
60723
93268
24320
79423
67620
91811
0
30971
93774
61033
59995
10422
60694
35537
4870
88627
94482
5309
71459
43646
97472
83316
30781
76706
92735
83161
54478
42270
61131
21484
46821
13388
45209
47237
43785
21511
71680
48071
91205
41462
93573
84456
52499
28184
11188
32631
9476
3582
2222
55085
1768
8648
69927
67878
32163
10137
52795
48175
9231
32721
64373
29664
3882
31861
28042
9805
75418
58501
33019
14587
57340
44861
10558
25935
74760
36778
66385
76581
64699
19128
94567
80177
17931
43127
62999
19388
48444
50323
15035
37625
10351
23790
76751
49360
31450
57108
84711
20408
61616
15219
31258
15440
76421
83538
46751
2061
66292
63624
62137
81739
28899
46393
1210
67435
12575
99431
37794
30868
97620
7973
87631
6980
34462
36350
64066
69271
59437
44755
82934
68147
62006
4422
79884
56654
66828
37163
58842
42254
51805
19962
78892
2611
69069
48048
46375
90796
96124
42687
67117
28730
79535
89607
38799
48193
25679
18576
19838
7542
21323
36370
22882
3805
52488
23109
56069
40341
15299
86290
30469
31171
64847
25252
11997
86416
49119
56671
63122
10121
37026
53940
88966
5197
88843
77189
79580
92866
96165
91634
36720
48705
58931
42309
91108
85122
87577
9673
82205
93704
66781
36977
25493
41570
93925
82006
48740
93968
65109
40531
79404
49600
63808
34112
49945
61866
89202
44193
50063
85126
74898
70026
92942
94044
73258
64711
99629
33784
92462
18293
93086
44748
8119
67767
5366
65249
31670
49943
71379
17410
26462
28098
87635
60338
94856
78178
87878
56777
77808
40063
25261
51677
57205
10787
64966
16304
87665
4163
48418
76627
28488
4503
73227
95776
13196
67039
90929
8177
57364
33153
93727
76097
95568
97456
95168
21363
20952
75880
66641
89293
63028
16043
29147
9552
29135
42423
37588
5787
55196
27981
43820
69029
6690
75036
24289
74988
93619
33815
75140
16818
30732
99429
25231
94056
15298
65165
37918
12087
55977
60201
86163
84079
58387
65717
25577
86672
55112
87935
75665
73931
64811
53217
43295
47642
70230
34365
60998
44454
30502
3944
37472
57840
55143
63051
4898
47951
23072
7920
33189
40921
37549
80074
39292
20904
9148
77040
55949
60132
36920
573
1588
14563
67331
58802
34361
91020
29605
48654
92443
17844
16551
75689
2652
20792
46725
36793
95454
40836
28989
28325
85962
73437
26975
73575
73404
11571
78437
47269
64600
35592
18671
56619
56274
33909
51716
34983
47725
52570
94033
20635
34761
34735
42342
1905
56582
15812
67456
34122
57634
23454
89370
89288
49820
70299
63637
79707
98075
19000
9452
98441
8885
40768
33399
11246
15691
74123
8766
56572
68447
26
43970
30307
8677
24109
89603
13496
75050
34983
88652
85899
11039
42226
22086
34077
15528
37616
44046
52752
59317
15039
20753
23231
58771
58579
19178
91660
65712
62606
23019
55820
7117
42513
67427
98424
56059
3182
59346
42829
6502
5929
94288
18019
26205
49301
66543
1932
65542
62100
25095
3985
44761
8222
64230
94872
45506
67377
16265
78249
59277
77966
66493
56884
12178
19699
25136
50129
44939
96112
83172
78820
9749
19820
84908
26530
22777
87177
89810
69540
67366
47621
14738
26122
39313
31357
13331
60029
87992
1943
30283
25303
20884
39849
38676
72571
97182
41437
94019
81201
75686
29898
95938
29071
97755
59467
18573
44412
55112
76942
84639
6967
33685
30789
46464
95703
40748
24312
48294
60272
98009
90642
34475
30924
71238
10446
4214
48333
85877
5142
58970
16162
15860
74887
47058
22906
68361
29515
84950
19672
37357
65883
84934
24200
805
71606
66912
89721
73850
72776
96257
99352
91874
69468
97236
92551
75519
41198
32313
310
36950
74623
20227
60025
35642
99621
73063
41146
37842
32932
38140
18827
24125
71493
5749
3623
11988
18575
72406
98806
22316
85204
60412
56278
24413
11336
42029
11400
8475
71928
5863
79424
98198
69902
4762
88024
59319
58619
23654
54263
1
56026
17882
18654
68341
53650
45588
81396
53579
73512
85335
65299
70846
26137
98680
24673
79141
37112
29935
7261
20287
35079
66258
42325
85677
68805
52264
37717
54804
25775
21752
94444
52219
8669
94378
1380
25351
65801
30394
42156
69160
829
63263
90373
97368
81532
77872
18840
41151
45167
19154
39075
25592
81651
49115
71546
20301
67960
44622
38075
97732
92532
52444
81434
84403
71574
98836
22455
19075
28110
58322
67532
25756
63282
63911
7816
1695
13434
22805
28615
6559
7011
76950
5414
10625
49006
17929
53833
80018
93516
248
76192
73601
33581
97030
7240
4000
44544
25963
46911
18618
83489
85736
85767
82574
53569
605
79796
69421
14726
17445
1607
3073
42279
97551
86568
74822
34054
19218
99198
58879
54092
2091
55135
27858
24219
70964
84403
9199
36267
36479
62422
14451
6073
56470
94129
2993
55324
62210
32994
48001
62502
45587
90220
92796
71174
33633
43701
63530
696
96647
23958
69284
31195
35700
63378
62939
63137
72205
14437
82938
79461
45255
89066
40644
46610
10369
73745
78430
25797
42381
41248
28760
74216
65674
76463
48066
29452
63189
12404
45933
18500
36156
43479
61246
5555
97852
82555
78521
39455
23677
57603
26254
46173
71133
64559
11644
87522
62391
86815
23939
44362
28025
43870
81305
70232
40336
54741
65462
60034
11985
67362
93119
94654
40703
42700
38984
6319
63945
36138
35472
45349
71038
33489
27064
19631
53842
55405
81285
840
52937
69865
80570
41525
77485
83421
82117
9679
52079
22601
69231
34296
58426
89039
74744
73105
33696
27359
31844
20135
32145
3262
95120
22045
97641
79764
3985
39427
27006
98180
85449
63356
40470
35498
15131
30583
79268
60404
57063
30964
99740
92541
34869
80977
66452
73142
13398
57933
29450
60029
60730
74818
23105
81180
86598
69993
92403
78745
33073
98215
75712
86630
50455
40205
30326
76192
52132
59608
30568
21824
80557
41416
47616
32802
42404
51139
44641
18405
19440
33775
49798
65021
13499
23068
27568
56386
4636
2184
42432
81279
58448
32030
15429
96061
47492
54573
90434
48358
61554
15101
95619
17849
26713
42141
57000
21223
58298
72869
47669
84739
49753
3584
27798
43151
82522
74730
61653
48648
50975
96041
10430
97403
26739
39759
62335
49289
65743
53460
97922
87536
54833
49835
28614
22580
70735
97424
30187
2749
72475
84470
80622
69240
1269
22040
99815
73792
84766
1290
50228
19389
42399
10601
50550
27220
76797
64011
30931
4846
73436
48392
86961
43538
47502
78377
55931
61404
65806
9918
52743
63994
47664
57600
82475
98065
87501
43742
13911
26682
39332
94814
4740
11410
16469
26861
27376
78398
19920
93013
5187
96080
66464
74804
42774
44650
1678
57356
29166
69619
83514
63963
63164
21636
63599
29885
24105
19609
91547
77899
76580
61379
49378
82411
79248
75690
11179
94876
1453
40784
80228
39262
84493
29293
87461
32795
71510
73927
63832
6208
44458
73257
32490
2533
55275
75758
96923
71125
21702
2298
69558
38307
4587
81686
3095
79621
18076
3607
44948
38540
5054
90279
22559
22428
61708
93350
63785
80857
72703
37618
55494
54008
38515
27162
286
81010
21957
19679
93875
91889
90821
24124
32291
23766
61588
91244
15969
86208
65808
10259
17581
60957
24388
92936
92587
98505
50882
61788
95630
94815
87218
33391
29557
39970
80965
48991
74649
46013
87183
65767
33720
1080
96783
13759
48594
40461
10957
41504
34374
90202
63869
28489
68747
75354
27796
2769
66039
69131
40075
32666
56230
2077
49135
47613
5333
8798
24124
93465
63353
89427
6028
78481
98859
46607
40674
56345
67599
54674
5573
73509
71990
52434
91956
81085
10805
78178
6706
33079
60270
80964
40466
77642
48742
89720
18586
38322
84127
7361
42856
97645
52196
49477
44414
76776
77734
89969
45938
32437
77098
88652
40800
20997
68239
59826
78682
85746
45584
45057
59821
12978
66527
7756
67100
9166
75488
3860
98309
92390
35459
20541
14625
53380
1329
46193
77624
4867
54253
66054
5018
37091
32613
25700
18827
14942
66728
15378
7055
29606
39878
13713
67916
93059
71787
84743
46801
64424
68594
6641
55243
50992
70879
13536
14929
89797
12156
69036
49856
75320
80680
54208
18372
63069
26978
35104
74539
58236
55758
82062
94888
35971
14734
56340
27222
58314
7744
55095
24468
57029
95481
67772
46586
31775
82871
63685
86468
57026
64744
27912
18171
60682
33171
60192
6309
47867
81015
38135
1200
87459
53593
40925
88475
5716
20059
59152
57213
623
17764
65087
14826
75161
4943
91091
73329
98509
70524
63996
73760
8366
38078
33399
88210
89243
4436
8326
69526
62129
6566
63897
98376
90485
2425
59021
14497
61467
43432
9618
15305
87023
12500
52267
69949
85114
98665
907
27445
23119
72431
92903
59093
69576
22457
1599
15264
54199
31852
32644
8485
66966
90897
26351
85766
85339
12978
48352
88932
46290
89364
54384
87689
33755
69676
8659
47919
34227
23317
13188
28872
64314
15575
43778
79939
17877
87993
92969
50854
52618
19463
2773
71166
3251
63025
94415
35364
70977
31903
37048
36752
26948
14071
8480
43958
5250
63805
1308
65760
31891
57302
24802
80923
55359
37571
95713
55093
54706
58664
64297
77483
4985
25371
36858
15208
64777
48279
81613
76662
22208
99551
43754
10803
31704
7837
35161
24318
79505
39872
89876
54682
24770
95055
93244
41826
87564
25483
74290
38338
44487
91899
4989
52589
35762
8771
47870
27305
77691
20924
9021
1379
44356
26785
67340
57351
37151
51497
59766
6286
31706
59611
2218
46866
2631
84516
75660
17973
68095
748
55124
26651
49472
47863
47452
40134
43823
66734
55002
43840
18101
36936
69747
62020
33192
91081
18340
89117
67070
33800
4427
90101
81339
8602
4146
28753
56184
34693
38218
29842
57935
97182
99698
96237
46165
25425
29706
74494
15408
20451
32235
19321
21378
47747
73452
49415
52645
8575
91369
4979
73734
16578
47165
31306
72207
17799
27708
53243
11872
24076
38447
31168
29701
83215
2929
98465
44912
1666
34367
55165
71350
55947
4710
91667
50568
80132
62806
79206
44496
52316
37701
9791
86696
86746
43796
71028
95322
42450
46689
44900
15084
83206
69206
41270
29272
17202
47455
94883
800
34745
40918
81058
23163
82968
79899
4497
18587
93364
88059
83514
69162
1771
23010
5475
97486
59731
54133
48044
79414
51875
39039
93284
20264
34548
73499
48260
71066
18859
99212
61918
54156
50329
68188
49779
77495
249
72416
55905
8929
24372
94860
2504
41823
55972
29157
76475
49445
15348
95960
59255
44298
16639
45310
74457
27004
39328
93656
49855
68371
63199
89863
1124
12291
25463
183
29904
60223
28770
70282
69167
34503
84358
12867
16251
82621
68419
90343
60977
40839
23822
58719
38095
52278
35374
7235
51456
64010
68150
93675
80567
71533
73828
56723
33165
67556
66017
97843
19764
11900
76968
36503
20290
30000
89140
73178
42258
96854
962
73095
27285
33045
49856
95995
60817
29780
85963
25090
34092
61624
96204
92490
77544
67847
97556
67542
30970
23768
77628
55705
50481
70639
83513
55350
89683
55835
99847
50983
28436
21547
55309
58784
10898
82720
11829
62236
96198
64678
31297
25424
18353
60330
43376
14343
15918
79932
71018
64373
82402
79244
60278
14139
32110
76652
95752
1309
32169
53287
65355
63996
21681
16705
40920
9159
67152
21420
53281
64908
11278
72774
31836
83109
7169
48113
18620
43902
61641
70892
84741
66588
88269
4256
35926
57495
54617
16632
36751
75322
37533
19694
96846
46086
67603
1783
7171
33465
63893
47745
86087
17994
86185
26206
22356
56888
68038
41140
7620
81549
23112
4109
21370
30919
83907
26761
13389
54544
7557
48692
81216
6711
56430
60063
49561
16688
87691
5661
12130
2071
40579
44050
96374
14886
668
14973
46356
35752
54736
37444
13073
90662
68444
71717
69602
73149
35027
99581
24913
26520
52711
42136
73638
59018
54254
25046
62258
80856
89577
40507
50035
9412
17491
22190
66474
73559
85164
99412
49840
59744
55582
66970
78935
86918
66592
51136
14727
99654
14579
93041
79560
56746
64468
18231
69086
6521
45796
20331
51470
68272
28511
20940
77364
36177
8197
14595
57444
7654
93439
74621
47425
48614
2113
67579
32363
97168
16082
51338
22712
90558
91517
90768
90952
44583
32233
55143
57723
93733
3123
99154
33029
53400
29760
94575
74338
26105
54856
40989
85325
4121
25480
20214
71593
24612
27129
94623
5243
31268
5322
86454
72764
92714
16918
32146
15183
16988
42332
76854
162
45074
88663
12191
87640
74536
83123
19833
23247
49653
69242
43861
56662
36319
79045
30631
47707
1843
73417
15998
2294
12662
79874
91415
56602
8747
37795
19093
9366
88296
92616
71464
3273
71424
69363
86540
85027
33369
7891
16780
46875
69565
28088
38638
9480
21881
54560
78450
63480
77916
54804
50567
75461
24420
33317
5234
73004
23106
62137
81069
83484
82180
45094
30231
20193
46805
95666
8210
23583
98172
94434
3670
61805
76658
69905
13165
92869
94585
85233
58811
20485
63884
97807
68648
47692
58010
22986
69228
99710
46566
2459
81422
23642
40519
19595
53093
20161
54129
37587
94934
10642
43820
33385
82139
6514
92671
54291
55795
92926
97827
6968
84824
43958
52228
49604
50354
65160
96135
30499
47399
64125
28717
91558
2197
33906
43501
53396
58906
73130
79437
4324
89184
89365
38773
69419
64964
21321
31275
1809
85660
21798
28734
90395
40010
5318
54825
96944
27711
29224
30675
50811
76668
91080
38625
42070
15654
9574
13630
80926
23732
60361
14029
76701
41220
82706
45518
56895
51038
27784
26389
49321
9574
61234
32484
78721
58737
58244
96601
67777
46858
83199
42012
77719
6025
36237
89596
201
45616
36853
16832
90528
44183
24314
66024
91217
69885
87643
89183
19217
97672
1945
88294
11943
29435
56342
18941
75299
66566
30869
44362
82223
34829
6528
47582
95691
74241
90549
79159
98905
4368
74431
51218
93132
22439
86897
36922
47672
69541
99939
37462
96724
41057
41478
12511
23537
73035
43510
48969
88251
47535
52286
60706
72358
60207
77379
14697
59725
80924
90446
41942
12826
74373
30769
39995
60658
44025
31840
97949
64051
69718
44575
49283
2100
92552
11490
55413
46410
76337
73030
97736
77699
13547
9683
18806
43957
64722
72714
15668
80324
29265
67342
44753
39315
66102
72148
955
68303
61277
39380
97601
51203
19492
35030
95355
46301
48329
86067
65980
22942
43012
69055
21371
78913
99252
57695
61377
10135
14232
6737
81954
666
1736
10602
80864
20266
97514
94329
73367
82141
36084
84440
4739
82551
63543
35707
37943
68417
9626
29291
12265
70247
16895
12082
93884
31001
43659
33711
398
7436
46829
62500
94303
22829
36819
9059
45414
26834
62053
2113
4411
81494
78483
82084
93690
27142
38792
15439
79727
21837
98355
99141
91255
39203
2189
51226
22249
8136
23866
85068
10191
59481
99863
56080
39611
7585
72347
57786
88057
38659
2054
36036
67921
49066
80481
83641
67148
91655
6584
50291
20407
73022
18193
73541
80659
11974
21328
76894
99020
33357
7850
41797
30459
39144
82429
41063
6315
88695
54111
22350
28042
40415
91951
88752
6771
47550
35973
3162
57801
65944
36972
25136
73645
22660
76615
46793
50634
23057
51606
96217
85326
95971
38590
60712
5534
90853
18978
50937
34886
58623
62238
38376
30176
99449
64052
31971
37420
19944
99253
33254
33696
58756
42599
52158
58960
41284
18473
86848
37658
39816
76501
74398
27137
65700
50035
89610
1783
83114
82697
61341
18112
86574
26308
34720
44061
38129
32026
77275
50229
42001
9461
32779
863
78040
27790
5679
47647
50077
1058
94592
34542
7583
63581
79804
17692
1923
31788
59735
79147
4914
34277
65305
34235
90735
31528
39043
13553
37596
25647
46077
51610
16543
66294
46552
6705
60710
81818
85488
72675
58377
72161
36626
26255
92369
11888
43219
66198
20412
92819
96944
72008
20717
69925
68968
30400
25208
82421
68381
57711
27695
47048
6724
49311
35855
39799
62437
40958
78209
7760
5759
32135
17255
3576
10494
52082
18411
99218
30933
67721
60660
73637
65935
81768
32283
75645
93067
44717
12327
74501
14407
23552
91942
7142
4529
16218
88968
61909
58239
19864
44924
92622
71169
72074
97161
70148
77677
69528
18967
33038
60963
73827
50689
51671
79762
3521
84193
34049
63610
24155
33885
63598
63799
62688
73143
52092
29660
4876
95540
46742
50083
30239
83743
57848
16539
66102
16837
60944
42425
71108
70473
48173
16656
26385
98237
46314
49048
97432
58520
55543
29584
68822
39254
4560
96541
82607
52844
13962
16152
45720
41082
64119
84261
91274
64954
44797
66104
86159
37377
17078
29453
92823
14728
15339
94467
69321
83603
94737
79855
22010
62778
57481
39066
55831
54099
75193
38124
39515
32131
24357
13249
6815
74738
88431
16699
24376
13278
3703
27923
72003
69048
64516
95898
75330
80511
33331
91423
53795
97893
38278
25713
97040
37312
42702
97861
7377
52133
94715
16350
72846
52197
29993
87102
56304
68676
88910
38973
17222
88700
78236
16975
75475
36533
49348
23383
83034
96511
71306
13531
21972
33774
61702
14289
66110
84148
24090
58904
55638
26325
23179
18434
87425
83237
2474
20874
49370
62604
1111
77682
86239
11235
65044
25373
33753
46551
30036
66127
88989
63349
35021
58255
34267
15647
63360
17726
46672
50301
33267
74836
95725
50284
95706
21930
55590
64278
24709
34258
69867
63255
54245
64624
64522
11310
17938
60494
13568
64468
43178
42404
14903
53972
66675
61580
42617
53609
11518
42638
55404
73902
79507
22060
92489
25873
93988
36146
9916
46488
9494
56965
4737
16367
9269
51247
50597
62626
26927
98757
69845
77785
72509
44539
53975
6867
59467
89635
14201
26106
33510
33815
78518
86083
68638
53592
16635
16517
77203
94965
88391
85920
9797
30980
9279
39030
53312
23874
88145
16902
21403
77627
78656
39117
81653
3218
45442
32744
13819
40138
33993
26375
79372
72675
3934
98542
77892
48237
77509
53158
86807
36741
38123
13719
31009
15026
73892
72717
94978
15294
87939
92612
61556
63708
58500
25422
42343
37862
46000
10534
80143
67832
5377
65267
67687
11537
15700
92945
99863
22050
35426
25313
96749
80672
10209
46317
42702
77701
69642
20405
4285
36736
75298
38770
64382
40633
13213
99474
37616
60224
83826
30299
68465
85853
77993
8751
11617
29287
65818
66225
5361
65558
889
14186
58034
33047
23926
54984
92912
54572
98423
18345
69736
81057
70084
9047
85917
26606
90322
44757
7997
20210
65519
43780
87915
166
21957
72511
86880
98
61576
52787
72071
64416
93612
33892
78216
32942
65903
76153
21553
94007
14841
22620
50097
92220
26076
10619
40225
32900
22400
51301
2181
11635
36144
14900
52064
90541
62773
13303
86171
3525
33306
15956
41743
39757
88802
18927
54107
79612
91288
55746
75894
22033
87777
33104
6052
76023
67876
49615
68363
47339
97073
9135
66610
11866
18407
67638
13818
18363
1028
80803
42069
2683
35265
39664
14746
72477
68666
63321
61795
45025
51363
87677
32712
77064
80969
39601
94653
81025
63423
29110
23765
8732
80032
89239
83308
48186
58312
3964
63735
194
6960
15308
12497
49756
69669
75615
4089
15685
94332
47563
1106
53236
70339
25782
17449
88826
94295
73241
41838
74235
57156
22995
50338
85095
27679
74969
69481
13512
80893
37339
23057
33403
66081
57117
4830
98733
97028
18143
73006
98521
94410
19084
27892
89000
23948
5935
93470
96381
17288
12777
31802
89886
37603
76843
3771
71994
30418
9507
6016
70487
88372
93141
73923
36363
69221
12281
47488
70319
20640
32357
70812
49935
78364
59573
15833
42369
92678
29463
53177
54946
33454
51103
53968
81069
43281
37630
32941
29754
32680
61049
77310
59541
39375
50124
11033
61420
36825
84808
1903
23336
77203
40740
19437
77723
17012
78815
40885
36279
38640
78104
22112
93381
77240
71866
48929
86352
69480
80393
87364
39298
81333
69039
30766
16706
10984
53251
83340
8358
77427
89534
62851
12237
73179
31774
85367
60241
49667
13105
48890
97454
85023
7597
86508
72114
46018
43050
70241
15717
51712
90667
10184
23048
65881
56689
15251
12014
98363
32491
12623
39002
98683
93380
57855
27083
41250
99757
20480
17767
18515
20278
61307
75562
41054
62951
88334
69478
73536
75245
51950
90459
98002
24093
32933
79719
67189
68718
92836
79956
62032
24159
23778
88249
50782
8046
65394
46606
34418
50191
70675
50676
62587
48461
86631
40281
6792
27904
19799
4451
61017
88181
51508
32393
91063
77401
79698
33462
14481
17832
73594
58508
43855
39426
80834
12633
71057
31144
20856
52628
67524
20261
16885
77274
52634
12342
76505
97977
18461
10701
87970
7824
46374
90625
75395
79647
13220
52601
70837
89918
79993
9194
28093
20161
14346
79883
42302
50792
19107
56495
55563
6239
759
91999
91123
15684
72269
45836
30560
71336
9577
22414
51889
5771
64630
80084
46818
93621
57574
4511
26180
93985
5621
9275
13171
10636
84933
87346
23378
66938
36217
90296
95015
75496
25597
46433
47224
30918
57618
25430
38080
91566
43335
49484
27591
36528
94767
84611
84638
70056
76595
26952
24288
613
64122
16558
31933
72804
74881
39520
86891
19264
25217
31128
32812
95293
74429
88677
97171
22115
30534
79234
72916
23768
99731
6891
25746
59879
81325
33112
12120
89729
14067
90439
9545
44433
77469
28736
23054
59521
37128
7148
69423
88219
3094
44384
90705
48523
83250
35088
30378
69495
54066
79039
70422
92032
66356
5346
10421
8149
27440
27026
87630
48126
32210
6145
35362
76133
24901
70804
33986
67308
75654
68360
34566
82587
73543
48477
37533
40186
61617
87070
18197
32808
80799
34300
80431
15672
45088
91038
2946
99351
49202
73154
80731
69898
95503
82090
27666
95228
20306
78557
17861
64699
98862
61758
65479
65430
67770
35225
1872
38285
37552
46327
99649
14441
40270
35508
51118
24853
8461
49506
96799
90327
76332
58099
21330
22572
95743
36651
54120
34982
73215
82865
37585
44096
70913
69297
2447
60288
11924
85655
76300
14008
5764
77251
15706
47920
40252
69975
29129
64540
67075
33489
80329
69604
37024
87229
24564
25467
93252
50837
77419
73889
23997
18213
23738
97074
93092
85586
62560
35836
22942
85792
83366
86509
52394
18942
98356
92100
14236
37438
42238
82621
73027
18752
48508
79993
85701
77064
6751
58536
82163
60443
21511
6474
43685
4384
34614
79687
83174
49151
2260
71747
44422
32894
68774
40486
80300
26178
75718
24739
8624
47659
51737
29284
30572
44922
38520
46281
14795
96077
54249
44369
76200
33024
5427
77784
38952
58633
35237
44526
83512
77040
85405
66146
77610
82422
76622
60060
81855
73729
5218
41425
20545
40599
32420
19061
6518
61415
54364
6596
83447
82376
83480
30591
10523
98284
83231
29808
85401
87073
39939
11804
31029
3516
23793
47448
59208
58983
97652
71618
17925
93055
77308
49548
44209
56186
5236
32023
88759
97084
37421
53235
53012
2135
60104
32077
8976
90938
84745
53247
44739
57897
20
24974
8746
6163
86766
13529
31584
61455
27036
2287
74187
15722
99454
31245
7799
20105
30088
87943
2121
31221
12130
70021
94452
81314
23062
35336
65592
70816
52077
18764
37277
82385
33485
13654
64525
61725
5927
71904
4418
58494
80817
72132
41505
76666
81431
35626
9569
38735
21501
28013
31831
51234
29544
53414
72787
31250
7240
6135
48335
23541
75297
86926
41655
24928
61110
87823
58099
77856
85347
65026
48042
44310
57907
61062
20701
58075
27388
30790
63246
23723
19460
44698
93295
64976
26804
64508
74521
34183
54609
60995
67153
86772
97993
23067
87304
44286
5512
56010
90354
9605
77927
46064
82015
20080
71822
41434
89713
7906
35588
64832
5362
51852
24090
28615
59169
7992
90647
97056
99396
6489
46151
19407
8489
85231
84304
27651
52035
84740
79437
91903
70124
5702
31469
24469
89717
68795
62627
3261
62259
10559
57190
4584
4890
45821
12174
49786
53276
14083
21248
28460
45011
99718
53493
15885
5730
18693
40209
70481
38673
67444
89254
15703
91247
71248
68669
74709
98600
51115
33045
57549
84367
88181
26182
20044
22159
25765
61282
89004
39513
31626
27371
73456
422
6964
43108
77317
20895
70568
47175
78809
85912
83328
1600
31889
17826
18748
47
87727
98263
88111
95512
42964
65947
66267
88869
83788
3592
24386
43724
58986
65093
21950
82863
87896
35969
44569
99928
97290
41231
54777
9743
81283
35876
16345
85025
25833
24079
20424
80370
67200
73035
32819
65785
93971
12077
85370
78345
3480
51281
10322
8945
11623
24048
34469
86787
25433
73201
12750
51890
95106
43646
49904
26232
96145
65075
27125
45392
56956
80437
41588
12232
63672
7332
16775
78924
6668
9368
6735
72958
88213
58748
88263
43577
29580
76848
92947
47965
77498
226
19276
99325
38636
5422
18527
33833
9304
63440
74716
67360
78093
33806
50430
67083
19701
15566
83147
6502
52613
77494
12301
25622
54602
88332
77946
99244
61981
47786
97397
77116
74606
2249
3516
74180
65853
12794
11186
56526
65763
10508
59436
42743
80859
4045
31362
59330
40614
63959
65508
92400
65353
17734
88040
59652
66057
6247
74164
21171
98852
4691
11000
34159
81328
56874
51763
87396
47633
82645
31416
70409
41822
26085
93823
5175
58808
2361
25102
36219
16969
90374
53482
80557
49150
92341
82749
97108
475
96967
75560
5721
33111
40686
56748
48334
44066
30487
19790
20346
28153
96685
61157
28480
33335
83147
93530
95408
26168
92152
77869
87460
12753
1735
18526
21997
53843
7095
76619
78422
59545
98983
42045
98946
71761
38240
10465
84770
30001
36967
26136
80943
85258
1786
86402
97717
76762
11184
75242
55836
16505
21640
57998
17241
8979
47379
71912
83291
10784
97292
78474
15112
77701
60498
73665
38187
97412
59842
51373
10273
35488
41390
91543
35550
43241
42782
48170
38252
99733
66992
49528
6200
12743
60187
18730
53400
27904
28886
76615
64356
27019
4057
90081
71303
1358
58358
69163
31217
40934
63914
62917
75479
5297
99427
1547
83682
50836
88495
37328
61064
12022
3185
87202
48334
63817
83083
14269
11105
1166
5816
42875
6404
60307
12106
19021
69698
38034
36485
5154
47976
1720
29371
94832
62295
59774
16444
1249
70150
28381
41897
56225
35385
58231
44924
19120
32643
97897
14750
79667
89161
38781
64486
79348
39966
25971
39705
11823
19466
47838
36808
76440
64426
54174
43466
84611
62173
14096
73181
93829
52536
74032
76555
73348
64290
86506
45306
99658
74513
91324
65327
9799
90237
98346
90390
68871
35355
58277
7453
88825
59116
73494
95322
77044
47606
66412
66036
21456
45454
94297
20608
76184
88086
47060
37113
89384
24882
79159
27210
30952
65260
21603
10519
33709
5876
76004
81234
79749
82317
32192
11835
64319
37494
59867
12826
72141
49985
82162
67570
48145
73008
26962
28793
26403
90176
86343
28827
5534
13557
18524
33149
32181
64870
7644
44141
93155
60505
45081
41295
9231
50062
66173
79426
23165
48391
14747
97794
15016
88504
49473
6801
53766
60136
32479
83928
42072
80775
58927
92053
8923
26168
81331
72023
65201
49454
6070
40080
40410
50392
59881
49697
79952
39535
18543
66620
46543
27217
33408
74056
96427
95895
50831
60990
76981
63056
26000
53207
15059
211
98219
32680
38646
91012
559
21055
64833
30130
26165
16552
7109
5301
29662
76915
28745
41236
70673
43194
18453
34368
25691
34000
1610
25293
14211
18391
97813
75110
10282
50795
76351
85426
55215
90787
4204
3055
84182
22866
48940
29548
77076
32092
12187
71719
36821
59707
97831
19427
58700
84357
75214
9785
24241
43677
93299
53856
43070
9099
66624
26328
78081
51382
22857
18237
72325
80381
80259
7717
33651
12021
73922
67815
41994
63280
81472
7607
73826
87955
24297
1133
7565
93996
17056
11889
56180
82590
23078
34553
47562
6190
93879
35981
78812
72088
13645
56253
17756
83415
34979
66429
24598
38547
37564
77640
96664
99824
69879
15949
25871
18208
49928
24174
43221
94028
36040
71356
28825
35028
43605
61993
2983
2012
47876
41042
5873
16092
2198
92692
21950
647
80749
19776
45284
51004
94707
32844
21310
94491
46416
78796
21802
70092
85924
88360
89606
8135
38641
54902
21106
40720
41443
31698
36657
12976
13102
93033
53905
7007
64765
90212
13946
49599
68081
34651
26669
89411
40461
44259
32572
9011
88402
54195
59540
41293
23258
46589
73085
50630
24309
55164
67559
41044
50025
72663
6073
89684
15446
19331
87514
98605
99392
8422
34644
83519
70550
89393
22846
35589
64620
27366
67837
56444
13055
60515
79985
97496
2110
62620
99701
68050
74112
15878
2134
97484
9384
31824
95041
78756
70520
48089
72751
47676
29451
62854
6839
84139
67459
27961
95326
34824
78306
26442
36348
89760
30487
49734
36323
23368
62955
95187
58516
9051
77778
45671
44918
93263
41563
80157
29093
34409
34221
27615
21466
73884
74878
99718
96756
64442
70402
42255
43967
83639
11266
42448
59229
54846
38305
64101
24576
56077
7128
22262
58718
94162
52412
36491
9053
87454
43014
40645
63460
98644
76896
93168
66322
24477
90579
55565
47521
37400
80074
95619
62180
97446
83763
35851
3745
90328
442
14345
23577
76054
20527
75380
31160
56935
72395
49365
18327
22251
14006
430
61902
99482
61893
11598
32945
9521
20636
72461
28525
75766
19141
1990
64634
87788
91282
3018
70684
75654
72013
41398
56128
18906
70990
84528
73694
63633
45385
98939
79395
96520
32287
48203
32246
32201
64938
89062
45787
66154
71598
65724
51822
5791
47743
90485
66470
69917
90996
27994
53141
82908
12473
77370
74181
26429
97995
68184
45700
23725
90162
36170
89273
62138
62191
32189
85613
3738
43526
65424
68729
2338
35921
18575
26766
38571
1548
27263
92735
90980
49756
23718
17636
33067
62769
50366
96263
16642
93397
76277
14025
53977
15278
36152
74250
97556
67828
62831
29523
75164
21066
68998
28059
338
76766
59268
59381
78801
30094
27851
92619
83207
85111
73355
75867
38158
29324
50113
21782
47811
51673
68756
95077
5531
47872
61591
2536
10309
1916
77887
38496
81715
1064
37127
30695
92575
60715
51025
19490
59448
71187
38879
94551
79934
35849
31783
71783
47960
45011
27518
27147
55297
56906
81677
34149
41262
70833
92775
33528
35628
80681
36185
68364
72003
83103
88818
30769
85588
98750
3454
99265
89333
90778
96828
80053
41889
26380
87902
4327
97010
85514
81373
30601
71807
49496
15041
86349
55584
18085
87294
35064
34194
44229
49167
83272
40899
16168
92526
28259
79322
51749
91378
53890
78061
66934
82050
62301
18146
66972
57778
31705
84522
689
94629
76254
95691
26175
9785
99856
11330
42365
63495
39206
36061
15193
90192
4762
47929
79551
93175
14251
45601
95383
70088
63663
4655
12449
80674
46431
71233
83529
13810
3998
81258
17511
80867
44283
51054
55842
46689
29484
85982
91835
60617
8561
71432
34008
30659
19526
34812
41670
3447
61321
61347
79177
74117
70654
83658
78956
34772
48102
8343
75858
46336
30900
31076
34651
93124
48969
70490
99210
907
73728
65883
11405
98632
99588
31437
22715
91560
27542
16261
15479
11917
42455
49390
6884
3132
84291
24814
55901
73551
69567
41832
45502
69769
5187
46135
45
63870
36793
2962
15575
1914
21751
32238
10458
80894
55839
38277
61633
96478
85636
62245
46661
35542
66683
41223
93589
58787
10380
65690
70036
46966
10167
23407
35671
94553
56914
13590
66982
95343
97580
22903
74690
80141
92627
26308
54815
7495
66484
10846
24037
1449
43048
4010
62977
8349
68954
99908
28095
8130
7869
15135
64280
59377
21485
19308
5170
55675
85117
58654
45763
45026
56069
45239
73235
49349
3279
31509
37247
1285
27809
81529
60492
82752
61596
79922
56100
31410
83095
40151
82309
96310
53540
29084
14056
10591
48024
56537
32014
91679
16218
82447
41949
48329
36500
39958
56725
88846
32245
75294
47846
27180
50352
77921
3140
88501
56655
602
55074
11675
66623
1833
10422
59892
5138
13036
12452
51199
87981
93253
57479
3547
39504
42780
97071
66576
27331
34777
79210
59471
3085
11973
22139
35701
11299
73158
69619
35541
31395
31130
79814
24572
52431
30253
37764
37016
55466
63358
28916
14872
98925
56295
37735
63254
67458
98366
46646
32852
86417
51021
47192
95106
17568
11788
51135
86676
77952
33018
47950
79207
8528
64317
80413
92256
57534
46157
85847
87991
82646
64460
25109
75972
37995
99809
90450
59555
40031
53375
24517
389
30057
80207
34077
19164
94955
76217
19832
36087
72536
22643
80070
1758
23569
31631
52085
27311
19819
45729
77465
72531
23034
76215
55516
54297
71112
18463
44381
19279
29421
35025
98830
50966
9758
47279
59325
53569
43457
52310
10902
16798
54087
91423
36829
88938
70136
91717
73340
74174
67181
10346
70367
7909
35465
90761
72150
56830
67889
31764
74694
34047
68437
83418
46915
84809
13258
47594
21257
78106
86968
90979
95323
47217
56535
31229
79544
11951
98312
73583
50895
69001
84357
56190
6280
30215
87371
48408
15831
22431
90091
82435
9138
84566
55932
41734
58669
30827
67301
74954
70392
17305
32450
6873
83070
83529
90518
7070
3323
39550
88826
86018
99432
12912
72872
63152
52651
77035
24588
16244
9696
97342
99823
80526
76773
27150
70034
52486
77084
12015
77162
50801
19390
79106
24135
10092
58481
39273
11803
64465
5277
22086
63319
21105
81323
92363
12003
65501
75122
16331
68264
48892
86861
42005
69992
84811
49789
86939
20043
50415
22636
2713
12727
84228
60066
55968
90777
20740
36493
11159
23873
73736
69736
87747
11762
2265
42123
60123
74110
35980
34567
30887
56398
67390
15280
82164
25857
12638
42741
13433
35012
90350
76908
41740
4916
94861
65929
71832
68746
39570
27028
26554
37881
72513
50326
5958
51128
90347
77488
14190
68708
70319
93865
31697
11526
95623
25369
89467
41060
88267
70688
8995
8010
84662
32204
89043
50907
65973
9707
63668
93815
23743
53662
85466
83529
93945
53928
77764
84485
92987
6905
81968
82279
48275
44524
4083
67619
40893
48059
46426
33120
49412
31478
88185
32401
10520
51710
445
65594
93292
86257
74425
64232
63202
38470
13907
73622
48305
40415
23940
32405
4165
64468
22700
18813
21059
49555
25302
16028
83478
38069
28186
19777
95047
79455
18737
42689
30591
29983
78648
21353
5438
73935
77092
15482
23107
51385
44549
49233
14792
36885
47190
92111
91946
19808
34954
93959
80435
24816
26148
18878
62609
43502
83014
14166
25094
39643
16181
9541
9516
26035
81510
86369
78296
58484
72890
12016
12265
91247
49068
57613
49740
63953
41178
45468
14131
1334
61332
5226
65356
95632
22656
24212
42370
15696
61481
29479
51138
52078
76830
16887
1295
78394
49495
88861
20543
91326
24836
92432
34307
33031
34577
14080
63755
32973
62001
38082
62624
40449
80721
24913
64078
19732
88177
12735
23132
77539
58228
28780
88667
70721
98247
82216
68872
59900
80003
63692
2558
43078
9114
13795
8005
47143
10433
77258
9964
55588
36556
86772
76867
49981
9935
3666
85494
78024
31455
26903
77362
16565
68090
17001
29478
98233
62013
99799
55806
31187
69275
69138
62453
77582
42072
78041
93835
28946
25382
5809
40931
49731
42641
77835
55138
99102
92639
21601
10913
98264
25876
56086
86897
61608
90737
57347
87854
31414
7823
13876
79088
34349
21262
48087
65264
72098
14948
38270
13172
47493
58932
41955
93167
27382
85417
77957
47262
17237
28131
44374
78990
95740
25574
5371
22218
15839
9453
66206
8349
18252
93747
94066
69801
76100
9795
30044
18466
83397
14637
14040
99146
71800
68222
90
94073
99564
41499
69023
69994
90572
27501
62937
29001
18084
59849
72100
94478
9485
74525
24009
46822
93871
95674
48015
88269
28806
13648
10499
26624
72809
85079
3306
47369
84583
12916
4757
92191
2266
14593
61725
35100
38608
10188
33315
68219
13787
21214
62690
94101
60412
7611
50792
25774
15178
58866
61340
76888
48295
78785
65586
77305
36690
72155
4542
55785
73067
69543
76285
38378
7613
58375
97489
3449
89162
17929
96911
44362
66604
92674
20121
8729
11120
81387
63585
18910
55507
84600
53450
33156
70344
82152
70364
94458
12765
50180
24292
9723
37971
94448
93695
26388
67827
84617
68398
2843
73842
79244
91931
92543
72613
89703
93668
86640
75782
11775
49164
30898
70499
36991
64022
66440
65716
57273
4892
32385
88642
10495
71120
41753
81181
87622
15245
40364
48338
85880
92634
65773
6328
2029
76225
18471
96267
68605
94974
65777
49080
66446
61286
55244
92138
95505
81925
6214
5244
24821
99444
85255
10389
74222
50452
5607
24894
74651
64324
87396
32095
68891
50864
81700
85837
34311
62017
39727
48791
296
23395
64157
4479
41195
63640
53325
76223
19609
11189
8239
83073
45490
94444
3043
11953
23274
80464
45470
29179
52765
98132
66821
54823
44113
86130
92153
74496
58712
15886
74794
77449
83511
11318
26883
29284
25028
85875
29457
40116
91999
77851
29868
87756
14563
17862
24648
79941
70196
31340
96803
29378
66767
6849
60786
19762
64053
21526
20187
32342
41819
93231
37442
36276
89425
99577
83371
3458
61409
82098
94934
52988
28007
82465
75645
63589
35863
48058
2288
30821
94595
13539
49736
61915
35141
12203
33477
91214
24765
97639
57965
95407
65599
41233
32426
62371
81235
51722
96142
82920
63705
62114
88182
25378
30397
43402
56947
94725
43376
33430
43349
10259
68262
1030
96028
34483
22903
54956
44808
11437
55604
12086
49198
65979
59513
72281
786
16493
65174
84510
79534
72089
50846
83048
17073
55900
32624
45900
43044
68050
27386
96144
21935
10037
73631
6381
70134
3097
21159
79838
22050
4528
82778
90673
55303
13329
28663
41308
96738
10473
28569
51484
99362
10983
53416
72426
85085
7082
18815
99889
46942
73576
44961
14274
40085
10379
55886
73057
65852
61734
75804
41025
26216
76093
74673
23031
71553
56881
18512
27155
11577
7038
52442
84706
59925
69551
93698
41379
53702
75934
52495
58740
95919
48785
14785
78279
54365
94491
88137
22059
40862
79455
90533
73689
70221
30076
13161
88282
76116
9703
72252
73929
48611
36387
62815
15532
93609
1836
52726
89486
46689
24313
6061
20470
12999
60002
15498
63527
69115
38555
29460
97941
59283
85019
69798
68355
65347
37080
23875
15666
10606
97983
91146
92874
33636
41847
33938
51006
39510
11113
85585
32338
75955
42276
52864
58839
1183
8033
75042
88163
13325
15488
93484
80378
52275
15253
13158
92868
67531
82147
38990
76420
83326
77756
29426
70638
58122
28909
25061
30141
79735
78279
51958
83559
609
77442
84922
41609
61730
23388
34614
30413
39874
32759
24196
15040
26475
89256
71566
56623
55447
70603
97732
74776
83342
95848
83084
59312
1980
31210
35729
51129
95492
63202
12506
80318
36594
61975
59228
65686
93890
93101
511
11935
15285
71887
1844
5825
93495
61617
89430
98448
79828
96071
60507
11100
4378
31752
91412
47677
57827
65632
91279
29306
28286
37348
95942
77907
77519
5375
59795
79293
88052
67380
23902
31535
5907
96951
54171
61062
24330
8193
69963
99922
64374
70875
70176
9408
71577
31869
46034
61743
31291
82940
50705
10761
54302
81300
56297
56628
72521
9412
32613
81680
37840
32864
16561
29376
81274
47487
38889
57090
98392
56889
13710
75550
80128
78506
52126
43623
47979
8314
68815
52381
30274
3611
19599
92691
17835
38056
46159
46483
16154
98946
18087
79167
6186
45669
88712
58345
39331
85393
71675
11967
17660
76534
37986
77490
80630
3379
69919
28536
94108
29105
49922
36655
42395
64190
63704
28752
94964
12967
40712
91665
14812
48547
52756
50042
86580
24814
8087
52477
58276
29309
2447
65996
36611
19303
95271
67094
96607
30151
67546
98310
52899
86878
86310
63950
76410
73963
48793
79400
2667
53480
71800
19386
31556
40240
75911
12245
27695
99394
32322
78103
39494
6494
34517
26253
22529
21003
9821
85213
46642
42314
99373
55408
78932
61580
95525
98616
24948
55570
51803
17620
47951
73531
21209
2976
66989
95968
73839
29153
6692
93449
34206
25023
6491
25817
23037
3238
27834
80310
42022
29757
72462
739
29536
48059
34845
34678
56964
43311
97189
34757
54522
18327
72283
4683
60363
70703
69863
75221
76150
64612
68442
85003
36282
80112
81453
19607
17843
7812
64508
27798
16376
77824
30926
77947
96129
85565
86705
88539
59884
63834
265
24274
64656
52958
65552
96642
87850
97432
78431
91317
16082
30816
70327
19145
87730
98936
55391
5951
7235
67996
21154
55710
15830
29037
59953
87002
84867
66300
27444
64120
14342
75899
12609
86024
47958
45896
45347
28110
55706
8387
38852
78830
14262
97510
10684
19997
12190
44470
98686
48044
54801
25027
4658
17985
23578
77022
46743
67782
43158
64549
54422
5904
55102
45685
46065
69988
92453
5248
75699
65105
77484
83342
90429
57653
3234
81247
39894
80050
79639
84689
19883
62357
56942
24470
6795
56029
28721
46769
95111
3039
60781
23711
97567
41281
30689
5223
58955
66597
95306
99261
19583
40442
41487
69569
68495
99842
37517
67222
55017
94365
67411
79904
69205
3454
888
61074
80324
11997
87693
10986
56414
86096
94196
3425
81556
28487
6098
15204
19940
6248
86866
36159
95970
26274
39450
76214
90541
65569
44921
80336
45987
39041
35042
71119
89059
63051
86638
66036
95917
48352
78313
13895
72119
33380
37168
56732
1582
52116
5924
64604
88260
66827
80924
24962
95247
51636
2740
12929
22864
61747
57922
88425
53574
52265
19243
47550
47393
52002
96130
77663
33813
32330
6206
25568
76022
69697
59544
69765
75889
81884
18823
36591
2735
37001
16352
20182
75899
12685
50067
61721
50845
41704
64880
8028
74719
85915
82044
1284
94144
11745
94602
35100
99605
29593
8686
41144
10641
77191
49506
3678
73702
23611
32313
18379
47216
61056
9595
62237
74804
25360
53726
84463
35020
71127
93502
76396
38870
29066
52184
62855
52805
24840
32717
34996
83395
19167
54078
35908
5957
42835
29949
12934
95902
40589
82406
12201
74578
31527
93529
18148
17296
80664
64871
39808
34079
4112
14342
97064
583
52222
7897
31226
31112
19648
93582
95629
68510
22040
9824
77758
23032
11641
17021
81739
20952
87618
99223
16966
69528
26030
80748
38502
58796
59302
85766
706
43495
95112
50344
51756
77722
39899
26232
5948
86365
36792
10092
85612
2457
56221
15694
10879
91692
60724
8485
71031
78562
91511
4493
28603
68186
53849
38584
17381
33460
12135
31892
77559
44191
12730
26433
76789
49638
37557
48836
47918
4051
40335
47726
31444
45512
8705
71236
58641
15024
56032
83525
73800
11148
12489
52926
69764
78591
34916
79406
70300
82145
38875
90873
35084
85832
2562
47463
70982
82289
555
55060
29194
90517
48712
55557
8379
29755
92723
61806
74484
14247
23889
47973
7516
1802
59406
49226
49612
32918
99686
90550
64632
68834
55598
68062
20693
15259
76285
1477
10006
15816
2387
20076
90981
9265
24559
14529
34827
62283
57402
12417
77816
56615
39845
53450
89300
35389
80882
96803
80428
3567
58698
86013
87027
60140
52777
6802
48652
38675
33777
20194
92468
28917
36297
28952
76278
5501
95951
35908
17221
97798
47541
60159
3269
91263
3056
14935
81863
36106
88174
68494
32452
25276
90597
42009
25794
99575
89737
3887
50792
81637
24931
40372
82901
49306
6060
11749
41112
17885
66223
88302
94574
31421
89981
2182
97302
89824
81492
75295
53067
48441
99347
57927
57092
56675
56881
64374
2369
91491
27951
73736
72327
70143
80544
18498
15461
29014
83082
91004
24309
5728
22425
64632
73451
35366
39290
77884
78260
13063
52610
94089
74919
3444
76099
31875
38381
87636
38133
91422
83487
11779
59335
7930
38022
82819
6333
93995
72946
65298
18496
32817
31208
43428
59906
81321
69314
92951
80664
30527
11844
2680
91856
19940
68632
43559
17274
93063
38329
61409
3961
26912
63817
9590
59941
52821
3599
85112
72616
98886
56007
85517
86973
18592
47012
74703
13392
56580
92233
76040
78493
377
96449
30195
84276
62471
50318
66758
39623
75365
27815
33041
52755
70703
15334
67286
93728
40922
49068
80101
35748
97801
89509
91473
76394
73016
38680
53305
91668
72246
58129
41427
34460
5671
17891
46641
52033
78472
25566
28764
44521
51636
25712
88837
51019
40724
50337
15881
67330
66487
55025
46459
67637
63763
79582
41411
19043
89429
67652
46945
89687
57443
54380
37665
41685
82773
28012
37122
24003
91958
88915
97227
56672
59546
36974
86206
40033
45621
33787
17175
11257
7474
65846
28231
5431
34914
9865
52521
52207
42755
34304
81263
33610
71105
67213
23397
35281
84857
57383
30991
88633
82140
88004
29243
31916
86218
96162
72760
61166
78273
8573
64543
92607
39315
5978
88992
89245
42782
66738
89810
3250
44552
71091
84838
16831
42197
56399
47435
69842
14959
94313
49287
85373
32382
73296
24387
99269
90701
92828
6426
5862
27727
97462
96786
78445
36339
15901
82212
78259
66935
44340
41038
55284
8296
46879
39518
238
79552
35680
39982
57305
73911
41868
87395
83967
54080
21975
4206
47742
75410
31425
13907
8010
81906
11249
2520
53830
25505
15958
32527
95474
48900
33161
63461
28285
54072
71911
98128
24294
62142
15984
46378
80126
73979
92460
73294
88314
37628
24197
10888
18324
33395
36589
5428
636
68985
78020
6044
25515
63476
99610
60665
59786
39314
62652
65410
40321
98265
71305
44131
10813
68103
73807
70202
91550
89374
16415
50371
2105
55826
62498
65212
79038
283
27730
99764
11105
46833
20830
35724
41631
76836
9891
99523
20982
56592
2736
21655
14585
35
67755
16236
93530
14267
5214
74095
74893
52306
89752
69288
45862
61046
73965
51313
74075
91543
94893
53450
88143
39925
45819
57943
31465
1044
90460
10231
77158
39025
16759
84163
58369
21650
18425
15504
44822
23470
15780
24478
14340
74764
92210
90196
16808
39427
51177
38304
44339
37996
24264
51587
78971
10652
20968
88310
92697
76206
9768
35669
77929
63209
71244
1912
23979
6457
66521
37854
11974
64206
16899
22400
45813
40586
47743
83877
76420
80822
84243
11161
57293
88634
48846
16808
34621
90205
70353
46677
90505
5172
35763
25704
89180
29461
64380
67366
11141
62789
68572
12701
74127
69329
88354
30635
71490
89569
26755
57990
46698
17421
35984
81730
85369
69039
68772
32689
83295
97992
97013
44916
7442
34503
4157
34614
58186
6097
97287
92705
20817
43614
23740
19543
57313
26505
61486
5584
47597
90740
90362
53090
4252
69041
39220
90157
27558
30779
29942
21852
85456
33239
51994
20576
46157
92517
30990
44805
36979
1205
67321
86260
70183
80287
47500
80376
30555
2165
31533
88804
68307
61528
44879
28106
69671
55541
48890
18622
41612
108
89511
79522
4929
14602
82364
95339
95597
35108
1123
45712
18133
84737
25760
22905
76140
79280
36013
69632
44513
21230
39160
51130
70024
7881
35689
65959
569
41695
68436
56515
52349
74910
31260
78948
46979
31534
99710
43574
12530
15540
15682
18296
16074
83292
38709
69821
14844
77480
88182
59421
74844
46711
3902
75120
34745
35020
26979
53672
41905
47981
76227
7974
75978
26486
79600
62967
21393
87742
11595
97161
22660
28580
81081
76814
13638
4044
32592
91533
76447
15380
42877
69933
94943
74453
2434
59110
98845
18653
82261
30116
78207
55288
26544
56041
13598
2314
60798
98335
74866
89475
94537
2741
24131
83186
41052
62089
53185
59300
45538
99486
66878
47165
26933
29168
29891
70182
55504
9224
71173
67951
45057
73244
91268
77787
68043
40045
64050
26326
29431
59349
97381
27131
40225
82901
79979
94345
84087
40715
32194
31325
37730
23901
61214
34975
18025
30537
50950
11794
1937
46274
73672
29013
40368
21952
77074
86753
96551
80063
83083
833
70083
90091
92908
19319
2537
64646
95434
6713
53286
493
76139
6783
53204
30215
31682
79391
86541
21053
79929
94929
59522
29986
95269
3718
40309
70302
61210
79105
27509
13363
20651
92946
56550
19353
21017
93279
1790
24082
67676
91778
5788
56542
2547
58763
70310
24733
86369
37715
29042
89025
62757
29900
34020
39051
94502
10314
96356
69135
3167
97267
63625
96352
62304
61873
47523
14493
10442
33328
70526
46590
84956
16642
30541
14593
35138
69939
50181
1320
22536
42550
43808
28812
95545
30474
48129
80589
9163
45260
79445
17103
40562
1119
72855
57374
51355
65240
89374
47861
78269
72398
9613
91753
22908
41330
54170
88387
98435
28634
68986
15432
78939
61363
61116
26129
18006
67147
76854
41013
88009
18450
34904
86552
73169
44898
91690
74292
11443
64685
95766
13762
80465
84353
54412
45961
21769
27374
16410
19738
3770
41905
64036
30230
78847
73251
1306
13389
34790
14889
35111
79226
864
21755
98667
79135
41670
60486
567
46915
58685
53106
78298
29346
60663
81208
11908
52927
21601
57973
47179
5994
14656
36220
7001
9913
44612
25356
99785
51026
71168
98688
52973
23412
39540
6828
24289
62171
96384
87519
16658
45258
53314
35677
16029
58990
98202
22708
12252
47560
3054
19968
48812
46726
38688
53335
41200
29123
51889
11124
32021
98255
89209
31162
82236
58877
16176
5047
72383
32972
91482
4151
84495
43213
39769
83460
89275
95389
72231
48764
80168
41125
1660
75940
72735
87589
78892
43332
67478
49569
24338
44348
10159
52793
6444
56180
21043
93446
73791
49381
10854
75155
71796
19901
69406
82177
96260
73165
10393
23566
24568
57362
51575
4586
85676
34722
37814
25236
54162
9363
53820
49456