81289
64412
96194
83456
39970
58260
81981
30066
20109
14800
87583
13336
53059
18786
6563
82060
58918
88336
14620
98545
27919
56139
76852
6231
85850
87773
77500
67548
25123
35035
66696
53415
94861
50412
20291
64876
7942
59384
41002
88469
64134
5593
87695
1035
50412
25309
35314
16928
45792
73954
41435
28256
8209
74800
29012
84556
77651
58823
86784
46188
18643
46441
69085
30252
80433
40980
87219
91877
49521
63170
65530
21260
12659
59109
64834
77282
9551
15811
59654
7088
16714
59432
78341
41852
34387
41323
7081
79421
45694
38441
5031
84054
49555
25284
78929
31462
39858
12508
27380
59018
77452
12925
57968
79086
41916
46874
45204
72493
74690
99135
35466
31252
54437
44905
2609
18188
9574
60589
75399
70874
86506
89875
36636
73468
20220
50482
78795
45626
99423
66585
49224
40050
89874
92584
54712
66262
57435
41778
70241
95868
21640
68845
32799
12172
94624
71264
94459
69589
70625
53891
60411
14724
39433
96471
87968
30886
37547
81759
20010
49430
23237
44336
21668
16384
74528
20241
15997
82488
15750
39451
78417
21395
80039
96470
24229
99894
16439
36453
20750
71756
73618
51081
61521
6979
26916
7583
38863
31192
6737
97235
16414
74638
73388
67604
44300
59907
95854
52393
37207
36340
56371
29393
73145
32320
57485
48245
29403
64329
42886
13174
29432
22548
38683
94818
79422
63838
51130
22767
24872
5526
31813
91643
86854
60984
32332
39824
29935
50577
22369
92268
20020
32010
79441
37558
42129
14825
30471
23498
81495
98306
46055
28363
12858
90298
66668
53136
95591
82425
55312
43783
59915
40373
27119
93510
2444
48941
98134
37940
81517
25623
68554
40617
97454
6647
73852
63536
54028
3776
32563
53542
33890
70416
8265
6608
50565
27441
9046
37226
23296
23716
59476
13224
11725
50988
48914
34882
93420
19126
50981
45529
61538
36599
52401
19771
42572
58016
21152
81555
21851
50177
58981
66095
12555
82697
14718
10325
6390
70691
76368
93281
15393
30856
33906
68739
14569
6426
28606
67219
83088
66150
32200
50721
71690
43049
51512
40084
46985
92243
1015
4671
39176
54664
70716
38120
36559
1792
73939
66806
65729
41428
86620
46546
80655
60338
49230
15054
37217
28410
79073
61016
27876
60352
68413
66137
78080
50353
55276
51950
78191
43085
35355
49204
88466
35659
45259
87690
32725
2249
68180
36337
94692
37108
33944
54847
7658
98361
73187
90607
3352
1505
49055
34598
36056
20484
29641
30713
2974
43799
53896
63449
23655
53905
81093
24682
60816
71946
36513
58694
50520
63032
58188
41931
68539
27397
19873
12150
86385
77066
64800
11797
38692
43082
26366
85410
19989
8754
39436
78986
26699
4659
46858
40636
18506
74869
61343
37428
19065
25893
35113
76212
20139
63615
10680
82401
35923
72109
95770
90041
12128
47887
53871
17350
18955
3538
92918
22788
62859
97390
48938
90769
28108
10619
64271
65300
25726
21767
12385
14079
57397
93777
41172
87476
79742
59621
20047
93325
33239
32557
63523
78952
71659
96840
52297
46171
51776
6334
28664
51935
96941
91730
3382
4297
18738
75228
3888
40599
61020
32789
32828
87293
46199
77484
40572
26845
72214
45804
95707
68989
2140
72560
83259
30037
90020
67147
36104
67806
58571
5912
87544
31226
52115
48503
47339
39043
27557
79693
53161
82251
22196
97081
20533
58441
73580
32509
57446
68241
59174
41011
51285
30666
5357
26122
68597
38920
76882
79689
24453
77551
14340
76799
70834
62169
31413
44453
11264
85819
22408
19363
37800
28611
58572
7058
17901
93700
99679
3713
76312
38177
62021
29248
22943
63847
96001
77337
76377
66140
31642
66505
83229
74831
49799
93276
28900
13968
6926
44183
40555
97338
69999
49777
33251
86601
41237
37885
86769
75645
35643
19009
35980
92267
93715
71883
55414
69994
40586
42049
46352
1438
63193
35027
71691
22849
96640
19943
16466
2540
91841
84588
73968
2071
26494
13492
27554
64296
90022
44780
13724
45897
54708
54651
90892
45260
70759
95059
3490
60182
73694
9217
1479
6771
95481
11115
40234
88573
27609
97237
13981
15955
54272
31532
35573
44502
23892
8378
85427
16058
65269
91821
36274
16452
58093
65470
45270
36133
36803
68496
63318
48527
85183
11712
4930
14587
32876
84034
43139
88194
64614
55286
50544
64141
42532
83916
48491
92989
4621
6609
5298
268
6025
46102
48283
61772
63353
9111
57323
43778
93133
92361
77060
28955
9462
30054
1300
98871
30074
72087
20797
97236
141
25452
76844
84511
6357
40053
40866
50309
16429
86440
5669
57640
12789
43440
44691
94937
2870
30135
17998
30962
33145
25296
22332
68217
87044
55058
21704
26110
87385
69469
68115
133
98621
46060
87043
43168
2653
61886
14348
91961
4555
88793
7641
51604
43559
2813
33346
5999
55445
20207
23570
33471
26929
47517
43428
98314
28134
60459
41549
41305
11159
78360
42731
89992
11279
6479
30267
95115
41179
34522
25758
13518
7158
52505
29655
58481
40063
4678
82158
3235
60125
36626
48902
58344
53616
13044
69005
18747
93807
96788
88041
11797
23408
93762
20582
44739
32908
58026
37410
8410
61424
25635
7449
12123
67734
98425
18394
71529
53587
65557
31275
36036
46489
7658
46691
34170
18439
5579
69992
5124
33420
5237
81959
69247
69442
55739
36966
82880
88484
35641
73614
41622
52099
15138
64274
13656
25008
20257
61414
23117
50486
23994
10897
79088
35940
11183
92892
26988
24967
87970
4185
63560
80263
46519
70995
4941
62017
68273
4093
25796
15240
28221
52753
95793
25048
46195
29585
70285
1373
22522
71084
21840
19294
39034
44813
25887
23591
69790
94199
69704
17106
98242
58064
37612
5464
15783
17349
81645
72183
44705
53932
30605
48153
64208
42905
51207
67837
91831
21387
5189
22718
31089
35998
24741
31315
71819
17802
55180
19278
58856
40385
40871
89797
17164
46376
10668
27741
3324
26376
33794
19069
14128
2145
76090
47124
21046
17167
83154
98145
14482
91099
80765
1550
59310
21818
67913
65772
3389
51591
95884
96950
56988
21532
71658
4094
98376
85145
63531
95539
13809
41023
69328
3854
55263
61985
56283
82130
31929
20098
75606
7967
9079
36971
18980
39539
36983
94074
26803
75446
77487
33270
24657
38384
2776
26419
57999
67897
63772
82410
30084
86367
97491
12751
87782
35530
45269
65639
84958
33106
90578
56998
64121
43670
99697
89069
91990
39844
30011
21252
1987
49930
27218
5761
53976
73350
5528
64105
94292
24657
92111
71468
96551
60158
57513
19644
48397
28739
87901
74181
41861
44566
34178
40964
43846
3945
33300
37438
52983
21376
53965
18784
49393
16623
2272
17496
67682
84515
32589
17087
28105
47145
43895
90077
16901
81003
54278
72436
23378
11150
77400
58863
53448
1073
79872
50763
8948
60024
25739
58851
88499
41333
5215
82173
90349
15123
92846
12343
46488
68396
37422
81180
62146
93483
82009
81638
34119
80939
18807
78026
55651
95116
43399
41494
10339
39309
14426
55184
69148
76281
64516
11789
74747
94929
38508
20359
23182
87009
1661
46839
72996
81594
91983
26209
30084
22929
29274
74327
45447
92543
55675
87717
47049
70722
12858
69596
7292
54588
94365
62190
28938
3409
29603
26945
7522
5079
97580
15713
46217
83085
25553
79968
15084
16351
60264
80370
66846
66234
11250
11162
93338
61892
81068
93472
76864
15524
24109
49757
32782
39723
50823
19830
19085
68087
1090
33352
7067
1770
18643
54796
82066
59498
26240
22279
79942
23833
98294
61305
31149
12342
26459
73571
1714
55487
36015
59246
52464
18906
67602
14995
45182
48872
37239
19935
34215
54152
50514
68751
99431
68491
61314
83701
76244
38771
9403
79438
67954
58394
73698
37715
24346
92276
39967
61354
29767
50573
28046
22768
7779
4195
83969
4683
71275
70721
64427
6001
50847
36842
7775
46874
78316
53448
68586
74113
79700
25236
3304
81377
46324
17449
40341
7315
74362
97719
71193
4472
93502
84138
6766
66268
24829
93642
6378
90817
53925
10649
74635
853
42127
34694
28832
81154
10554
62624
25817
32950
87590
66034
43789
49272
28172
23705
14003
66364
20440
22122
93773
40828
30739
26424
98440
3020
2701
22763
31297
4939
58074
6486
69718
63903
16912
74158
38952
66065
85900
77231
2379
99981
58385
93798
64354
35186
6783
36837
90952
61861
99371
46883
66996
48557
65216
13622
1545
72643
40069
46565
6596
32873
89633
94374
25721
82893
22392
50931
38137
45913
77517
93356
43045
19012
6128
97809
61614
5855
75539
25508
68440
78593
35512
10734
1866
87108
50432
17742
5024
65815
93489
13560
14714
97631
57592
70681
4837
18063
71985
75776
28234
70463
95113
42809
44554
78519
88882
50771
96093
83936
58951
49625
37428
72430
98330
82426
94444
44773
6253
44631
66092
45678
95675
31236
37176
72892
20669
98686
43320
69900
13505
37688
61366
36686
62096
9835
56679
19463
82085
97766
88887
42746
65089
76887
64490
75009
46716
60437
16125
59328
48443
59399
10467
2727
52197
38642
14786
75343
75946
89561
80870
164
55575
40242
1979
52714
48611
64044
25264
60438
63380
49500
33207
69921
26991
20075
29534
94573
33999
38609
9856
8435
1150
50956
25579
58904
19453
74407
89891
47009
27045
95627
10585
88945
96349
84289
58966
44934
8474
8753
79787
2782
79368
129
71880
81556
51971
77367
25409
55149
42418
1209
57891
807
97945
15901
47217
67546
9638
94304
6463
98026
12417
53285
73217
13177
12303
15338
34940
49102
89260
68339
36891
14323
34745
3780
82102
72720
37923
15165
68767
96824
24850
48578
62665
14420
54552
93786
36066
12133
69090
33773
84684
29464
8815
88984
93534
37322
52128
73263
26249
38062
53375
31573
9975
23029
39422
78363
88541
5753
57719
27628
96447
80298
34043
21587
33167
81596
35694
66339
51399
350
73953
57351
33287
18101
53542
13683
71746
16421
34468
97462
98732
26054
50397
84464
17981
97791
41022
9058
45784
58960
85569
28239
14693
29284
35355
51410
86120
80701
96396
52396
90791
32486
93586
102
26915
9647
45725
33118
50983
68821
9268
77746
78519
76471
55360
38904
84217
64013
93777
61694
5181
23923
19084
69749
35603
52661
66398
38188
94829
18127
69723
88122
82050
47527
59446
62431
90676
25275
48203
39664
29617
83192
75986
98143
21733
78939
71828
57337
96005
37572
73564
94882
11612
37720
10027
51469
80198
46754
72525
32857
97717
83978
36213
55401
92406
61466
3476
46634
45630
63000
28927
18991
1505
26973
14941
39736
65345
12185
72326
26715
54846
19051
38204
11728
30481
48289
84050
79522
74446
44714
61752
2511
18773
29622
97301
72737
96094
56684
98589
10766
65230
95660
42509
63355
22562
31175
5457
24610
25290
44475
51492
67649
79890
77839
34518
24901
39896
20797
19504
9767
21170
80980
87622
90214
84879
43820
13362
58429
60925
99084
21750
60414
8462
5678
19185
95128
54584
1107
37154
64105
53585
54537
69556
4271
18219
12315
85583
84392
73715
58150
4303
15805
43520
74972
79059
65635
83953
63021
12473
61008
25678
48534
94406
27042
21350
40182
67382
80768
53119
85695
36630
7663
79093
92152
15364
84833
11407
86095
76054
8081
96387
61042
89045
84167
47551
17362
44354
54826
90442
8773
21496
91654
33977
8594
76205
17018
19263
78887
65807
27703
53947
15555
94259
39064
8774
72730
3120
43030
91446
51653
34840
17287
56525
88040
61433
77860
2592
64016
61056
70858
1782
49430
46962
1493
81849
3534
50566
80037
45023
64730
59213
62410
42898
52892
16657
3622
20317
71889
29649
74195
74681
60535
19293
14961
39767
60618
49813
96943
23468
49861
61591
11939
71079
18738
52105
47170
31017
1561
58716
47245
60731
68210
7229
54356
44626
89788
95680
55519
14686
60790
74668
24069
60208
89126
95252
51601
63075
18556
10796
64043
58266
45215
73248
9763
25926
55040
77270
6589
59043
22319
1668
52289
51799
78002
56233
79657
16413
36200
73099
15343
15992
75023
19400
52179
15002
39066
67759
24023
31201
75539
43928
47478
34201
65688
81803
78525
11281
77302
3207
33951
13269
20996
39175
56344
14710
18269
50931
16879
82641
45476
74886
16094
14609
92463
21996
35576
81128
77277
67522
68265
19066
88895
94940
59753
36459
77998
87688
28072
20923
63041
83304
14161
53588
50485
16650
54463
41700
17837
60775
10884
889
9647
94971
93177
78777
88323
62199
5279
70751
40704
89845
89494
54706
40097
96057
42736
62689
7052
26050
65108
15735
89542
38506
4383
19276
18940
49470
88990
88339
91169
71732
68407
49722
75867
70183
38411
68278
82186
44713
69657
71796
40015
53698
29527
76869
18187
28692
79341
92151
40310
84467
93597
66259
50547
54856
41981
89481
20775
45832
15401
29069
23900
26203
52603
1704
54799
87640
27908
54454
50330
12429
77074
59226
18747
36073
47088
17778
6205
3573
87846
28299
71123
23557
76863
55897
35664
71085
45127
35787
49563
58804
42831
4221
96704
61865
40025
98562
81810
70968
20654
38
65114
53035
30435
87530
53917
20614
43267
86814
22318
42168
14104
74245
17501
84700
22749
24640
39140
37652
67653
78332
57031
54285
40147
28944
80511
1639
61470
17972
77193
87221
53559
53596
46092
66283
90612
38448
76176
52494
67191
82509
72428
81487
83334
63303
52291
92141
7374
39090
62697
71143
67298
3650
65114
89638
48857
16993
98961
55080
84847
14931
32366
37251
62520
53972
79792
89674
25808
95288
94543
65392
4012
87377
10557
6455
70882
79075
11652
1253
44477
23572
30726
43618
1153
96130
22896
25266
45028
96471
18898
35768
43412
52824
79448
38252
57488
69717
20950
11060
3363
41275
34195
63556
18528
5582
88479
50596
57783
19681
70746
96273
75266
11887
80204
63029
29453
43605
90954
63876
40769
75287
38513
54460
64024
21290
86865
36729
71342
55487
22555
51903
2559
34744
29065
32932
92269
71574
45144
31559
70557
83571
25360
46513
436
55677
24223
78744
51535
56922
40907
33583
28748
62516
82026
13629
78988
92543
19655
86533
14673
20438
44175
53396
10957
1766
19155
43790
25732
12093
94737
67389
30133
67530
6855
53594
21108
10414
59156
46972
11297
28012
98493
3353
2042
83398
69421
80540
45522
86101
11546
99877
27196
24815
8669
16309
11238
7589
5451
16898
65276
79783
20160
44950
1368
9495
36107
40188
15333
11468
7186
38880
51765
30160
65832
17131
7826
65978
63301
3216
95749
42274
16233
73882
59580
86101
10521
76392
24977
55087
5938
47235
64156
21601
76157
79381
98366
54761
71558
64238
50378
45954
23773
62913
40860
47717
49688
35730
74000
59016
24014
33606
47563
7248
84516
62959
42030
13377
7585
43419
8055
78039
85976
35221
87483
70559
78386
36546
81972
96456
65886
63823
72406
42772
39136
13207
8976
55310
6085
3730
80656
59276
74886
23967
59042
9885
11328
7156
49954
2104
68133
36943
60802
98729
66596
15310
91282
68959
5060
26657
82992
19623
45307
8622
88504
87813
45189
45950
46669
94587
48201
84184
53752
71426
85560
40972
18989
29918
70657
68421
69742
8212
69077
55881
77107
86792
4397
69708
84917
63960
66806
90870
28575
91510
63864
58544
27906
44676
69526
64566
1407
14623
14167
68457
54320
4287
33264
51542
757
19473
44556
57726
72517
72277
35506
77780
43010
95609
94612
90948
79459
30723
58500
22950
20938
46211
45865
7290
74579
12313
43304
83207
25401
13764
35754
60147
20680
90791
9274
80278
30000
25960
77203
65031
33638
43193
29627
5278
65157
40949
28527
82339
27089
70333
72455
70422
62883
79529
9271
99038
88489
91288
26735
16646
38385
77674
14505
80296
16968
12881
6819
6391
94344
86192
41320
14048
56500
71679
31231
44263
37805
79497
73736
3980
23525
33517
63674
6359
7603
61475
24794
88092
80717
24671
2446
56325
11146
54732
86774
4976
35418
66832
82663
8337
21896
95124
21383
51282
28011
64164
26615
2022
20634
12584
81978
63773
41987
94076
95791
67988
23178
78939
64855
1480
84035
23244
37647
66801
56704
45245
90520
79280
85180
9852
74185
48363
53428
17021
91353
22215
33817
78379
98542
40973
91015
69067
65003
96238
8401
17794
36976
18665
32347
14516
19524
42610
35312
29851
5798
71366
84319
48766
88270
29701
47089
22297
33718
90280
47388
37520
40514
1327
33030
79905
38612
37654
14716
28196
13290
70187
67030
72902
84563
42439
54124
878
46217
94891
99303
62724
67464
18235
94456
98169
14703
94912
27811
23448
41604
1035
94484
62591
93264
26021
25655
71719
82216
265
15306
29726
21851
80369
66624
39959
42065
42069
17835
46967
32116
10591
60869
79732
63683
72580
5352
35163
75679
38881
48838
67711
44807
81920
79637
97917
15412
14459
18431
37587
19058
40361
71141
3942
69434
36096
99241
71985
49214
35417
52644
16136
35960
9779
54207
39540
21685
54930
26339
63639
62236
6053
90021
49721
48628
49972
36302
26926
84026
47630
94491
39561
82373
66488
37869
63477
99925
315
27034
95974
11870
53729
23053
86658
43231
67523
63257
14506
19370
90560
15601
69881
83689
74802
75585
33207
58417
63220
30737
61939
85274
4409
38368
93029
37001
88810
55019
69474
98096
20930
64641
18558
22427
32549
26982
72420
45846
10628
65473
30294
53733
2176
10138
10127
25148
99551
65090
79939
22302
96600
30476
124
12302
7408
26731
17931
70840
13991
17522
9705
67430
47272
22499
92662
66536
92265
58943
98829
53652
46358
62274
45974
78543
30907
12908
14952
95451
63144
92468
30704
62026
48162
53999
31708
85363
39917
88194
36695
10469
81461
37258
72401
61164
50352
61970
67874
46578
55744
20474
91846
43574
19211
37580
84416
19202
33202
15000
68950
34398
5016
18336
57689
71105
43429
39447
45549
66664
20047
95462
987
92595
88500
5775
60665
32806
629
79126
71329
73764
33644
31324
38241
62213
34360
35642
88686
27838
88988
85802
91115
66853
20084
92509
3251
75070
90079
1390
12376
22334
19029
38320
56101
98841
98879
29168
94922
7050
99799
85800
57448
29655
51909
66147
42716
34602
31175
42494
72894
24376
26215
81933
18632
55428
21355
2164
36436
35489
88767
35740
5319
30021
33678
2301
14083
60245
68846
94683
24185
11305
39468
95550
29036
91765
52800
17610
16425
42277
88547
64077
70349
72469
59696
91398
19161
7866
82907
84681
33818
83995
39220
39169
15784
34970
83759
43447
47879
66804
53026
43965
98382
77617
78483
2329
13861
48082
11405
99631
28628
7437
22303
37894
93846
69338
45627
22163
96414
7353
19928
59795
82485
29071
77569
28616
88371
76383
23172
36504
27969
22119
3289
42374
88570
54361
10709
3504
76914
68088
21785
75755
70328
55637
42489
19770
31593
50249
75035
19390
66271
66007
4938
94365
38377
2552
38067
19406
24379
39045
81055
85006
46277
94014
14227
1931
94080
26076
51968
74407
36060
85606
80752
75820
71291
58883
90649
79037
59656
26663
18686
17563
51968
16559
28773
53667
24127
38685
99617
14502
28091
38570
31298
23269
70452
7392
73782
87932
93100
34032
96872
78408
57202
65400
3807
25203
33608
24430
95735
27888
72722
47903
58173
76859
37726
34307
74141
97349
18902
94735
45047
56493
44840
23966
20914
69033
27060
56891
22079
83210
62790
65448
49095
3921
22684
91274
7152
51178
60860
24949
2323
16093
30075
27919
76250
57781
99853
4000
53524
28231
9294
35595
10027
2993
68476
38449
1314
57913
1417
40315
92533
1308
86432
63029
22904
50601
37202
66407
59723
90918
50480
64947
94915
29267
87958
81067
68659
16455
4129
24053
51661
65277
9800
75613
39942
23805
90635
52058
36939
19966
79174
18237
24958
60328
40173
14771
65986
64609
86990
20080
74924
20767
90852
14077
94353
69384
61900
95722
19799
89099
1325
64122
6415
99605
24444
71572
75513
2961
75194
73376
77502
91946
2718
13848
61882
16388
33130
91328
55711
43578
39767
27314
26701
1722
22588
26572
72509
4973
54458
45040
3801
1583
68533
12481
30152
64688
18152
20381
17204
50837
92139
41768
52806
57759
90334
56861
84884
14132
24471
52042
47867
96424
32099
39430
76642
13586
71728
39262
2919
65060
7096
87502
57139
88459
12499
31309
31393
44501
35201
63498
1125
20586
64275
11912
85217
24149
82070
1258
6962
64080
83865
72466
86072
58443
48070
91477
98334
2283
25244
41802
89425
43023
46136
30751
33352
22696
73249
6875
69131
82331
91789
2795
47671
60572
74940
77670
23425
58032
29375
10803
9282
94035
28531
7023
80182
19183
80142
53720
55935
69900
18407
39976
22397
77855
1296
60745
35634
67460
97333
15763
99874
38984
15576
34848
29470
33802
89245
95971
20140
52739
29526
86889
86973
93676
96760
72408
41462
73487
14195
26440
64449
65037
26623
16792
13600
97002
31348
7622
81351
21001
29033
6500
32452
11036
43331
63192
77719
14395
93453
88552
65845
3488
91891
22759
23994
36648
73291
66061
84186
54706
80159
11792
26790
51307
20116
77106
39797
82246
58124
17394
72517
21009
68091
19741
68676
67165
89764
60884
61219
50353
90956
1228
85071
48112
83575
14428
20013
10034
28703
98675
26439
96197
39210
54454
46227
29575
42373
19213
17085
51921
83019
99833
84411
26595
88816
15904
46024
6450
23239
53027
19555
93174
25506
5840
2426
96332
79067
76231
92155
94453
70132
48037
6539
13281
97841
12436
19987
16130
85398
37880
55294
32225
19359
3172
98742
27054
25564
46913
19299
32425
66323
76380
73152
10084
46683
45452
12743
45388
33268
43134
92732
69227
87098
27548
88763
69962
61628
74881
92768
42041
83348
28661
32127
11597
53115
59708
9855
5933
41954
62000
31206
37221
17461
2943
62391
84459
48038
79884
78797
30749
85551
72273
54455
38351
26603
24835
75741
82724
23036
82083
98904
86645
702
61617
89090
38477
57373
54806
80685
92497
69009
57307
79168
66334
34270
12300
42106
64862
63446
8087
24698
42819
46494
89905
97818
82612
8767
37607
9456
98120
42471
96734
48888
55594
22707
3879
70554
54794
94369
81960
46710
39379
31533
15082
29917
38618
48217
86954
87765
24896
49833
43962
21360
25727
82584
87941
47162
35963
86528
48872
95010
65393
17509
44317
78840
81716
44873
74975
52055
17083
44484
98591
76572
82738
67743
25973
51405
90297
11513
29636
28950
42924
73128
34975
67391
71738
33332
93329
8640
81363
43936
93918
83225
81417
90356
24397
79393
20333
91576
12103
94550
16846
11817
29673
53074
58753
84527
93543
32931
66444
40600
802
9444
62571
20298
28595
3710
12551
8697
99642
60537
25646
10841
10212
97386
26872
32005
43297
88590
51817
46390
44298
15213
73880
84581
13793
62134
68542
27310
26406
15688
32421
87698
29040
52683
19524
23009
98464
42391
89292
21948
13908
3295
70503
42724
34155
15897
76419
20996
45191
63905
57941
74226
29137
98792
46472
15658
13253
83352
50616
81391
98153
16178
799
42963
6810
23372
99278
69561
84638
27383
82187
45546
13119
11977
48088
38530
89971
96853
26656
67666
50991
11713
12915
20832
19652
45777
2160
81736
41930
32006
70686
50526
31786
90856
76114
79806
7917
48980
44788
68230
25082
99345
60415
7085
55858
70958
89916
96811
17479
33688
16835
62643
6314
6584
69337
15317
7275
64156
6926
65204
57451
81843
72666
97407
75401
19959
96897
90463
82598
58688
9599
85035
13035
89667
19740
96516
10407
77261
1843
77858
58922
9380
12417
34555
13016
4571
21086
43996
49848
56945
22380
15781
78356
34290
19917
52932
21359
27995
47519
95449
50360
26261
2532
9061
44431
61580
59358
44386
49734
5487
43495
89800
13762
50320
45179
83890
34299
6314
54397
94775
42506
57113
60897
51168
37518
83730
34442
89012
96204
99571
2008
45737
29117
64524
46753
18580
85899
1923
98467
87017
7695
37859
63106
29591
96611
47248
13228
61658
44237
35398
94137
57023
21642
55902
46729
29609
94378
40723
49848
37496
91687
52131
23577
61151
57621
12887
53847
95169
78489
43598
81411
59733
93592
73239
94940
88577
21353
95604
10894
93225
73918
59641
55065
3660
58215
70773
11072
16558
18452
40624
57442
88507
32938
58561
21339
46177
94339
77821
78223
47657
71675
50738
78618
50832
81672
25983
25673
28685
18366
32749
34715
38955
39238
89668
98584
74215
38992
94788
58061
84233
49873
26944
35014
58102
90300
64817
94678
18844
8615
42630
65578
29907
2709
42259
57178
67122
11681
80134
77583
42282
77533
66584
4014
58772
50631
94890
56452
92676
90973
78170
86463
74435
43076
23387
99345
62235
57180
54008
13930
19317
32784
57702
82214
87953
62033
39167
93901
81253
80541
92218
82729
20337
68323
55540
19674
4919
12016
51524
79605
18388
659
26399
4936
8250
43023
65811
79383
63022
84100
96963
18732
10851
98031
47855
86114
30478
71931
99408
90319
28922
10522
65673
50257
77650
53774
43683
22663
99170
3905
51217
30605
95562
13261
95066
44070
36185
55457
39196
41028
46924
62163
53973
90577
24342
12495
33654
7671
47688
21156
85
94154
34121
24475
8715
64704
52809
71190
64454
26084
35086
40861
89304
59098
65763
77121
27953
41238
96193
77222
55510
40612
47201
51540
45067
22032
91492
93180
59338
38918
2602
70582
3078
72793
14901
93460
53087
39331
61540
40095
98545
70534
72795
40128
94551
18674
38452
52102
20165
72630
87630
73128
2015
84550
46830
96455
19742
2365
56147
1071
77984
64669
60398
30005
81040
60213
58718
42850
410
68758
46782
75612
37160
29801
11275
41357
95594
19709
90037
21993
88479
23472
50607
63448
31774
54796
65064
94396
14008
77001
49081
545
85323
94055
42604
47188
73491
73018
35374
37219
22545
74450
58748
39617
81502
41658
62426
39518
2088
69765
91620
7804
30594
96835
93393
5191
7764
44533
31509
17655
5223
97766
8983
37598
58265
86219
41065
88013
6140
51374
2660
47034
76696
57544
52
19236
95950
45102
11859
80655
79332
50782
74094
12706
91621
16730
24178
67423
33874
51282
56971
34487
91462
33874
43217
56845
11802
66375
95924
76570
6667
46161
79947
18560
41688
96923
82082
51331
23371
60770
34717
27803
50028
82227
97789
19213
44230
68756
81744
28207
6596
90961
34514
44850
48394
32222
41091
4301
95509
73683
45560
83636
63563
34288
48706
94536
22784
79665
65143
72737
32946
82186
50770
57445
97574
96426
51319
47916
11781
37165
90786
33551
63324
7297
65859
79121
889
61826
40535
68402
38124
58381
61510
46274
3317
52109
89204
56685
44002
29669
82874
18550
81725
49851
53054
49252
30519
75132
19674
69286
74147
13235
842
20070
68195
97894
60048
94880
25469
22260
579
89357
45231
65534
7509
84640
99242
49434
1429
65936
1628
21740
40286
68062
18237
47736
77586
37073
17169
72505
68274
71122
63921
71152
89975
78354
99878
24969
83054
98216
92804
98729
66125
3534
28130
33224
42694
57218
31746
72863
6223
6477
28103
49117
33990
38229
89091
44760
24437
13195
92281
43379
85939
49271
46878
36229
58172
72478
62469
37036
93701
29832
72403
79218
52977
6803
75643
55253
34214
14891
55670
76236
43356
81932
79989
66455
47122
45687
94569
69669
96403
54859
22011
16002
30909
72292
78136
52545
49939
52316
38225
54305
12946
92681
89507
71680
56731
13061
35182
88208
66959
74133
66935
75727
85946
4573
43247
42070
85309
51491
79968
47865
88096
40115
99400
912
59609
90431
73903
67075
53654
65494
65245
74586
86577
1882
5731
34083
55583
17871
53337
39285
26028
52187
99945
99544
54429
1528
18487
66976
33573
47327
33875
61112
8961
70894
72948
78092
94293
87552
88206
32066
97576
55875
32452
85327
70796
23494
4830
76081
74524
38312
74423
65838
22163
68393
93804
82230
75773
64122
40735
33457
695
9261
6306
97006
86444
21034
24422
17656
68870
30460
81184
40707
55329
9911
87712
91045
94961
59009
81580
26236
4772
34341
82318
37221
82860
15031
30050
18526
82548
18791
59855
42367
81886
3074
31072
39045
55622
4948
70358
38586
17825
38676
50888
40269
34737
11738
21977
21964
92122
21047
65803
41144
22441
84212
98680
59312
68541
66420
26389
24535
8633
93276
20351
36506
47727
21520
45251
46506
38034
52389
74344
18020
82184
68760
51672
12458
29522
35969
92384
94804
51271
47668
82027
49130
30512
20367
30572
62319
210
18037
91287
81020
36939
58516
52981
5736
61496
88170
84245
74671
1037
16530
44333
66018
47337
72659
76549
83237
33712
53307
65699
69358
54972
23590
45620
94878
49894
88498
57830
51223
81136
68670
79734
45353
55763
45427
1933
70181
26301
98952
7984
8563
56941
33418
11883
74220
9512
3868
21000
39786
14647
88924
17365
75392
38568
91000
61815
55858
29816
70905
25647
62985
85277
16799
18734
25634
96870
71148
71293
22197
49883
88709
76479
25419
89659
55298
15526
87406
64117
12601
3746
82098
76743
3903
2718
72816
18565
81008
92669
3750
81865
25829
70336
4330
79662
57865
61888
67430
90795
49737
84670
9581
78511
9320
90171
49342
38575
31651
84265
38007
15326
6838
437
6836
32741
96227
68571
92323
51993
39441
98144
42760
18701
76945
35548
94824
52530
24594
94250
21441
533
43543
49648
381
51479
96270
86910
18807
17457
255
52185
80080
76703
73533
1483
10400
86368
83426
82926
83686
23477
55927
96321
6221
16809
52850
4835
47810
37903
8289
43787
92313
26780
38392
27086
89937
79408
30066
57053
62546
90149
82777
1779
92020
67306
66749
85804
20598
4717
15233
68319
10322
47690
50636
71928
34331
85064
90408
46973
74341
43457
71169
91957
26533
35152
80039
1949
50067
13882
15215
19965
82341
33444
48754
87305
8788
77808
75162
99550
11954
4290
80047
51446
13814
24498
98007
40175
40573
99062
12009
22132
96104
1378
85120
17017
80645
24806
16841
71807
87096
77553
85450
3289
53102
98894
34059
15270
73706
52694
90982
14263
73984
27790
95046
41057
92844
53641
58735
56372
6203
31882
97644
59798
32168
53834
41176
25411
28075
72439
26753
82809
98403
40752
55621
19609
45881
33914
50270
96478
58856
87519
7528
45189
34100
9363
25633
76135
96219
17524
87640
15577
13155
11132
51862
87534
62901
60833
5763
87297
3460
22965
95498
27408
7605
47288
39407
67829
14435
17540
34743
95268
4902
41802
29240
74623
98356
46606
93312
28225
72050
70321
36619
13299
87067
33765
74313
92153
85971
30386
16749
81740
51555
71566
53420
47443
41054
24770
21291
78123
46160
36736
81055
90554
77302
11718
44004
26568
15164
82600
65681
35794
38589
12161
95766
64328
27943
37668
54450
85067
72108
12094
70367
19754
85693
27379
40914
86162
77344
27402
43748
28635
77142
1790
37080
78917
81578
47639
13789
53371
17029
17339
18825
1634
88027
97747
87251
51960
77031
79870
39193
35296
90664
75046
5476
96432
87667
69758
87223
40504
62233
16901
55401
21543
34637
25841
20568
87984
10018
67114
11205
29714
7368
7320
30755
88969
60804
54122
61247
10377
67525
81536
80128
67903
84840
60196
5968
54875
42303
29873
85748
29988
96974
866
76132
26665
51364
69369
82712
91837
65662
34424
14262
79592
3896
81850
66010
34363
97499
41201
13565
44194
50341
20925
21651
25121
39195
82148
68514
4006
51490
38017
24073
79974
98353
89998
75781
25186
66126
77751
57702
44885
54632
81520
80040
29417
46392
23266
61365
26098
13260
28435
45975
17531
95746
14159
83038
54746
7829
39141
81137
30126
91218
63042
40157
73067
29196
52856
70867
91326
24867
38064
27587
83243
23690
52539
17413
91671
11050
37798
71728
89823
8810
51753
79379
23024
8468
11052
38898
36805
29935
22890
95607
37533
276
9452
3551
49
51887
80950
31540
94902
4999
99073
27047
48846
92695
4849
68663
70912
20638
56933
9255
60593
63012
79530
40977
17543
55962
11386
56322
45815
39206
25087
99719
59510
96806
18455
20557
16205
22236
39225
29431
20358
66340
76917
5536
65466
2316
22176
82222
65518
50296
53626
23125
30215
2810
9910
63338
23437
42018
68480
1533
9326
29938
19414
77905
3583
95569
82296
69073
44699
66794
23378
31169
34919
86575
57892
81914
30370
99583
34581
192
69381
22036
7986
44313
86871
87753
31852
65414
23664
63449
38878
46804
4646
61992
40180
60734
24517
47332
86269
70417
70599
21140
91305
3592
16491
15347
72296
68612
58206
86384
76093
22245
64081
88488
21735
98681
74766
79344
75925
22908
79352
61041
55645
20511
16988
952
36264
66319
99591
2138
54944
20870
52697
28457
33816
27637
32385
68278
17102
78496
79169
18918
99137
30587
15961
21385
11676
71495
25530
96682
31782
50488
62833
27803
13029
24757
43713
5031
9859
81128
19589
60445
28471
32187
92262
71370
57105
39937
12328
32064
44316
35926
54419
41782
27031
33306
7380
36547
82140
25318
92923
33515
13985
79306
33219
39135
70102
58330
34217
35302
90077
19387
70563
44861
55605
77690
62850
91599
47834
51805
86236
53113
94743
23480
74100
67448
6829
23473
66686
16984
92287
42767
55819
13821
28047
74372
66639
95058
80136
76306
33102
17891
10202
45014
65244
94161
212
65820
91304
51296
89110
17062
28806
27220
26103
48560
56706
21192
21893
40831
93864
99038
53521
72252
52967
59049
1329
87916
5547
11500
81749
23148
15530
72388
9453
90756
59095
399
97057
18744
22643
89209
30007
80493
85614
98441
67551
42841
7114
39724
54839
51465
43685
77979
94589
47345
9784
21155
78819
18654
94262
24070
56295
87060
40547
26302
12810
66258
99754
90475
29514
42507
2047
85466
15831
30892
50804
10159
79168
76864
6039
82848
28211
65370
75233
915
26877
44446
58939
48556
23285
61611
85565
51567
78211
51615
58548
53111
82420
82818
65518
12668
22795
54553
72913
12924
65111
61834
23471
98299
10929
73465
37290
26463
2931
75361
28764
17765
39940
61072
89816
41315
31922
41140
63344
83279
22026
9903
32344
12405
72385
46053
70236
75392
91770
46336
14997
65528
40323
26944
44788
96398
42568
35977
91642
20909
88742
86157
83317
91494
26193
21604
89975
319
49378
10267
64098
27768
38831
4221
47461
40707
2303
81135
36795
51080
16480
16295
58503
89405
87784
27127
19534
60463
41295
73307
59886
13549
98511
31626
2100
11086
3401
52599
84707
81665
20762
44116
72149
13467
10098
45518
31808
57364
88171
80632
74468
38874
11841
66170
80980
11982
27436
35559
31398
79534
60233
63758
24710
12270
34751
92198
93753
58833
19094
95976
26074
28372
41614
11385
52058
28670
25219
19310
6324
63977
10527
20619
77517
25145
94827
55591
55787
3431
22295
84664
74067
65326
31025
25298
23141
34890
8852
70546
51929
98884
46078
68860
64134
19737
41615
6991
7064
88003
88762
19089
17699
81211
53949
69943
47205
75743
86580
25665
87993
10648
1977
28255
67540
31382
5941
91845
99115
13705
92987
94556
58423
73552
15438
56398
66895
71548
89842
82406
24448
64542
55301
97863
51438
39011
69460
43112
51424
27237
65071
72203
49493
74074
83842
51248
77609
53239
94106
91129
97101
44168
81957
83584
29250
59333
33878
36469
51566
86361
45798
1979
54486
69403
68397
29703
92071
76839
1165
70252
9186
62520
85175
1277
94872
46128
68942
91414
1439
42319
50457
90066
59859
5940
68619
97057
54468
34522
41498
53793
57112
36390
81741
56962
62283
18151
12105
44059
73474
66471
25521
78676
86924
68053
88702
44325
43564
74198
13200
77956
86579
52582
82628
7182
26925
42236
12221
46033
21484
20787
16460
79983
7856
1350
22181
64187
18082
30409
8348
85444
62809
88949
10252
55639
92624
6141
51633
97922
36625
51860
20670
97900
60266
79838
2931
96519
66901
36013
48828
55602
48145
74422
10021
30132
1848
51387
19842
21399
21662
76419
35687
26827
29387
53946
18218
23841
55314
17855
3358
59644
98599
15505
54165
53863
90358
7725
77104
97869
22898
41279
55234
59669
98504
20504
94353
77080
60812
56471
18463
4846
85380
93846
28878
306
20884
69363
53365
98318
35359
70111
48392
79409
67558
2873
65096
17096
18897
21966
4008
89064
68595
26057
81544
26421
17689
28296
12522
6739
33526
24488
92525
77695
79769
1833
20929
95922
28766
266
7296
42722
53749
42332
71231
19775
88100
97923
51814
47594
70880
76150
63854
94519
77576
36389
2473
70389
62190
72680
38349
41745
36269
82567
56880
58437
22799
46387
8964
24461
63025
41350
74682
70810
2274
10105
64591
60686
27910
93855
31100
80558
94574
39053
85081
33658
77482
69977
34964
65863
6148
83114
56771
48570
90613
77995
85361
82552
95483
58431
27677
63055
35169
59077
67683
36284
29155
55230
61138
45229
19207
60670
41438
94802
20508
11414
69587
49369
40268
97523
85357
94075
29570
55027
35414
60935
9393
77340
33154
30761
4454
22016
22183
25960
35492
41998
76553
63309
73365
57955
60467
4713
50370
56445
89441
90792
42431
80814
18851
12528
80091
40892
43691
75483
56870
2687
31726
71635
87265
11874
62000
40664
34600
32786
49924
79669
25668
39911
87190
87175
65968
92119
14418
32160
51815
56945
96074
38054
86248
56966
45542
8468
2456
63581
64835
682
5653
67503
93850
87711
47732
62659
44186
48652
55873
13360
36609
15845
70605
18900
41534
2243
51373
87307
97134
71991
96410
3593
10541
63477
6845
79068
89579
86252
27490
77679
68086
21705
36949
91232
41364
5025
67564
40957
21322
84348
86644
1334
18093
41243
32841
59070
34608
5055
61474
42221
23850
67057
4320
75589
27550
23576
91591
33457
93275
40329
5278
27207
28837
70932
70047
20571
30209
24580
60638
10425
96617
19595
1437
7627
36930
5836
2634
88641
25697
39629
11009
99322
56800
30154
2764
58920
88643
32956
44861
97721
71069
53150
10225
59595
54444
51526
45885
19181
53031
55172
23453
62657
59915
58909
72301
42641
84788
27645
57431
22640
54247
12135
89977
49489
52181
29258
72398
30017
95279
93452
49429
73468
25879
40851
66575
34396
30554
75609
53290
14396
27856
29245
15790
47029
588
85671
63167
26198
23623
6715
82556
64196
25495
94533
54666
13386
22904
42206
55833
76488
16408
70841
74620
56224
17828
76154
62036
57037
22381
79077
62963
53681
6527
75535
44212
84739
64990
23849
39655
16467
17866
65210
54482
74851
68354
10415
51521
97408
26703
77612
50858
84112
61469
78773
59518
83510
87917
68118
26795
49567
64846
97288
94606
68105
67767
27346
91251
6703
31352
90169
36844
88101
63497
76915
68952
22612
14532
77779
53695
13640
6026
64517
87053
47278
22690
60065
95521
33842
68956
88996
52782
31020
59577
82507
71500
22882
87639
97896
3089
91513
4789
60343
85553
67083
42309
10923
21268
10019
4873
22525
24256
4899
88773
35552
91816
78680
16189
76921
35201
4343
89396
86913
14205
8581
35449
82891
23730
99267
57721
69668
3882
76
57843
76066
43570
70343
67396
24240
46345
55802
75600
16065
83456
15958
72135
63761
74884
87121
66810
99911
42438
14558
57945
77343
50676
78871
97809
18886
47349
4482
71186
83247
82814
38385
53337
66246
7633
94648
50868
17727
27212
45617
36190
56143
92195
54758
48876
34227
11217
66007
58738
63012
66751
94302
83795
35075
74440
30984
44443
47965
44748
3749
83824
95606
5963
71628
12547
50597
62026
96370
62904
61234
94103
23427
36363
73653
7735
58224
56984
12271
38164
96724
44581
27061
90918
10210
62233
19714
76807
89329
62291
3992
7819
13173
89853
57568
72787
17186
73978
98369
59590
12574
19537
25793
82304
88286
51792
33775
73449
51488
9383
77053
24577
48067
68445
44584
20144
64167
31158
88432
17640
65223
79356
47345
45497
79359
67456
45004
71507
81459
99104
74494
61228
8513
13450
12008
96672
48480
38215
97269
9343
51125
2091
97471
99194
90600
62520
16705
73057
25942
82014
14127
2690
37540
48849
40522
64662
2413
94021
55462
71588
8229
58662
38257
83672
82681
30784
52506
53842
1899
95482
27992
96105
84907
65457
76831
59916
98974
69482
14618
37941
85904
59020
92401
96696
71116
13895
1882
69929
99257
95120
54876
28603
45515
64401
74604
87774
38362
36237
93809
32766
44814
35916
93317
6788
31000
1588
84914
28519
19095
48303
25474
1354
75180
16242
92971
78967
8377
37792
47750
40669
20734
59690
55511
94577
21361
60173
85269
70380
55302
10059
92870
48472
18942
13367
15463
71837
96621
70566
38845
19845
34523
39961
13281
24661
46498
6961
35824
55415
16292
36257
73580
95138
65877
59123
81689
57349
23006
30033
54879
24742
96423
8802
37873
35232
28501
91570
60272
52606
76895
77283
37702
3318
94706
27300
52270
12948
77774
90775
11503
13337
31276
13542
88057
13785
20323
86869
20731
3726
31838
58510
30004
9867
6196
14997
54554
38812
40751
65775
29299
17480
41149
18166
76235
39634
39770
76178
58505
16301
94682
9622
95413
58968
76655
80988
53637
30523
11997
49820
2083
57642
26012
1654
70822
9413
70634
17731
70525
25050
18947
47550
25696
90889
16184
76654
25788
30687
4623
19325
65019
55847
26595
72527
7557
12584
97430
16884
80866
92095
46036
14881
12711
95592
11886
64016
38244
84297
76625
13099
67241
25260
87915
15712
77414
10633
80353
59419
64733
13613
42003
40779
57304
75501
7595
72369
58017
95362
15808
3212
93008
12128
13589
96279
67663
20927
63331
48983
4087
73732
19847
8781
31901
78398
70977
76720
30417
38992
97303
85451
39128
96302
24254
92668
62544
55890
39385
39746
86772
97707
11656
21514
79022
18532
56685
98569
9088
72141
22469
28962
84973
58508
23853
36075
72455
9802
65381
22178
90872
90172
31390
82540
81810
51639
91728
33912
17624
55812
97525
14742
20668
88351
12808
49817
26597
34869
55740
16727
27110
6440
88506
27059
14585
18781
13174
71633
65722
74198
87456
1842
30685
87363
34027
98657
14541
37647
47320
41875
42521
32340
34195
76652
57908
59161
52371
83269
53813
33825
83251
37353
73170
53273
64236
29787
31234
33889
96212
3867
62584
5057
9712
48857
99590
74939
49715
24324
47382
86176
30743
90076
38113
80881
42919
44579
98300
75018
54280
66839
48921
69367
76287
58350
80045
72594
82687
67433
90886
15241
6658
68795
39407
78443
5831
55272
45632
42967
26141
74714
73565
61589
44272
75642
45166
29855
92577
3954
45890
32254
66434
19302
34378
27391
21060
14760
5278
10447
11841
28082
12404
14826
47349
40938
25229
36659
56163
47882
47500
68035
96567
60601
10563
84475
37327
63079
50410
42689
90143
66680
39671
22934
30868
81019
82236
51031
32040
906
89423
18345
72962
83952
37459
73115
31222
66828
450
88045
89085
60255
96614
8960
84618
72524
95164
67447
53447
97278
31994
73823
6468
26303
27724
5190
170
45182
95543
93368
57908
62748
32116
40198
35189
99607
61236
70425
57952
35813
35372
36039
71523
67036
88516
90907
84271
7530
49785
31444
44108
97641
56056
79013
46700
78651
32291
47063
46567
8217
48725
91826
9378
19041
35199
71731
54863
23105
57386
11131
44043
22124
23357
90256
73380
71874
75774
84601
3703
6523
98475
69797
90996
42417
37840
78280
79105
53238
33942
21491
28513
59949
48899
50894
17888
94523
61112
8724
19839
10139
38235
90587
80873
32027
21595
82388
57213
54933
15682
51361
42587
43003
44147
48838
2333
88653
4857
75454
70799
71790
42518
47129
52331
55539
20744
46351
85766
27697
97053
91400
15267
46084
42892
85875
51944
20539
17791
29110
68632
58822
41943
80336
95741
90353
29908
81711
49163
6204
50632
44564
37227
59931
98918
47522
55050
33302
90077
73625
33676
77846
70742
76534
59320
31302
97672
61553
18707
33496
49698
74930
30572
57508
32492
31179
78696
9447
66779
14357
63050
54258
35304
97941
58506
3239
51487
46152
33693
6287
83512
33646
95402
54721
15066
51575
76657
23917
56291
41467
30484
33033
45101
31649
20137
33625
20153
84666
13388
18265
22521
61595
40584
23080
68352
15569
88035
75996
25149
69368
24297
84088
37712
75552
37378
71357
29363
99215
89417
69349
44417
35220
12798
94911
45100
41948
82436
71577
25531
73011
41144
7128
4380
40298
96449
96400
20671
3186
95357
33249
40615
33339
10672
85059
77476
80426
87473
13928
66073
35060
36113
9287
19216
26114
74650
61500
73430
10733
45253
76010
19408
60125
15760
82623
45129
88629
75181
80355
93199
28298
73504
26350
59433
99983
47041
56244
80236
13633
61685
47493
48481
29937
12596
27437
56360
27697
75663
13284
21705
84640
69936
31412
30413
78489
84568
65804
68982
91303
70990
15245
65304
16708
97983
26283
8874
20843
49198
41450
29174
8543
91147
15287
7622
47729
12758
84357
12693
62365
80074
84715
32432
23949
76145
10431
68466
93464
4847
98639
69367
63865
48033
63891
23559
91389
13139
91913
15986
27979
68330
16853
53475
47695
2738
70393
87800
50835
60946
69546
81888
25259
65698
58531
44804
90949
449
6513
23239
23027
98473
82221
24214
60870
2905
63495
57799
8277
19627
58404
1046
54529
77999
78657
21239
46719
97219
17138
32101
98922
53213
57338
6396
18475
42793
65707
3602
51191
40787
35280
27147
84414
12511
46795
68574
57059
58459
20559
56429
44355
24787
35789
2977
67399
45379
18599
79326
63005
69927
87563
81773
92160
9902
84567
7333
67752
57550
94990
10183
26988
59261
65931
42344
17801
39498
40081
75009
84694
74959
46492
52167
76275
24010
82022
60705
49177
77113
77051
62997
97537
33245
29529
26279
29640
53984
57086
16861
78724
99719
59761
40349
87913
82581
28457
27493
65681
39314
27477
94829
9555
86734
73358
76636
7781
68509
26615
77757
63621
88118
28979
60640
62642
34448
72835
18879
86137
26099
94791
43302
68375
12535
19488
13291
21321
53361
74671
34809
86560
2849
53307
99716
19303
75656
53539
32653
56309
66210
29902
75119
24209
35608
3084
78262
79362
12916
50611
95835
36030
28515
70263
11383
11983
47744
6868
20509
38606
78390
88768
37767
6396
95347
37233
50732
87487
8442
43710
56201
45203
57454
70848
46916
77115
67023
69094
37246
47264
53995
1536
50818
65346
43057
55158
14466
89776
64127
5490
11903
42560
30785
79374
83539
28401
43268
87985
60069
88948
43050
47941
1947
26652
85440
41079
41369
46093
43487
81719
94247
76236
11570
25890
76948
55812
39071
17793
41746
55423
66910
98973
39865
90598
29926
68056
97836
24279
26415
8196
38594
18931
49666
39397
11142
91815
56261
62677
35035
43161
68929
39625
79303
81534
31326
68454
88958
21604
4927
26104
27532
18653
13517
85978
25905
56615
58993
63784
86913
27798
43615
73275
11693
26881
9842
37282
57453
30136
5023
88162
20853
73931
68043
64117
82832
23431
28840
64048
89991
81611
59773
68008
68280
92543
90534
67291
33300
85923
95682
5933
84472
24122
59929
81583
32263
44170
94000
542
20660
34537
18648
56245
31959
53688
60942
64517
40740
9797
59258
73476
98273
50391
20354
38032
95704
83184
2677
11199
7111
83981
2093
47615
90278
14570
97070
35307
35115
2389
9593
39506
37707
76848
29892
84929
73753
30167
14707
58104
89240
37953
692
15505
7634
58018
80873
42256
10135
60647
87077
24139
70356
42809
25851
660
20660
61136
61820
9267
32084
61400
65874
19012
92796
64710
77119
2637
40286
31782
30800
62905
22237
14153
41149
74902
46174
85677
4619
51130
84148
31171
19190
27172
2063
59573
37330
97447
98238
98631
5606
30872
4186
13559
61257
659
18279
63674
57685
32251
43280
77
30907
49867
50644
4660
80960
16321
87753
27160
438
89885
25384
51695
77048
71170
1036
16105
12816
53545
94918
79899
77187
72231
20075
99097
41417
25925
1290
99202
95607
19401
61199
48094
93594
68647
16363
79023
737
57842
60116
33799
72922
26320
26957
61162
40911
44008
63624
91533
6294
2182
39590
69756
45812
93572
63801
97333
35445
63557
59912
81197
46952
24775
91049
10076
4957
46204
12755
97133
79925
673
83751
49502
4725
9186
64160
13902
12437
11461
92215
8784
50531
1869
72822
20478
6895
19018
53587
28457
60983
77901
36496
68135
64203
80337
75906
99806
99480
77031
8999
91735
75064
47913
91635
86469
57768
61172
13405
21243
8138
28487
4002
33345
55629
43620
53023
71954
53224
98308
13583
12354
81193
9750
19181
94093
29698
49646
60221
34603
44051
69996
74161
48464
47468
3247
60382
14648
53226
49423
26388
84331
95509
12293
69711
59236
99196
53265
42139
41172
68493
3642
95686
60889
98330
494
8477
71563
82389
8532
44762
54212
30289
57212
84284
30684
88186
18766
91202
67998
69391
16967
85121
79896
26637
60577
14656
16949
28152
15161
69407
32316
89496
90026
275
6315
77870
48853
36829
26575
85465
2168
84393
47005
81717
46154
63483
11180
3779
91322
37664
72934
47447
65737
22659
10070
26585
90220
29152
10636
35467
55249
37293
68791
77395
17951
61880
40427
56690
82390
38440
59977
34926
26269
64590
17317
6047
36839
15727
2008
89567
61695
22318
2977
80789
14576
2921
22207
64513
85614
69212
29014
33217
46172
53381
23264
70407
34833
92273
25817
29152
42235
57934
16464
74688
41092
70789
6180
59263
514
53991
4938
99655
29141
26702
36197
648
95628
19408
86518
3512
57831
96511
71428
21925
74917
77541
26385
46208
40226
49198
11267
9610
13285
53839
68961
8486
89613
10931
67300
31287
9125
98506
94123
50079
80084
77341
75544
74385
3513
78729
20285
49159
38528
69876
49329
73663
73527
60275
61257
74122
51278
86797
39757
96947
72654
27689
99279
69782
65341
48718
63997
64154
59958
54327
98139
3804
37021
3725
55109
88899
24225
31715
39398
1443
27535
89302
16733
33418
33811
11949
23323
77155
95472
37933
9516
63351
68144
97870
28279
32195
5253
52164
33491
19763
89262
86233
43414
92094
23819
70329
2098
77666
11324
155
30883
88745
88080
23787
60956
6382
91008
47281
53673
7283
72316
11374
20603
36812
39249
22065
14121
51146
61855
48706
93709
76089
52307
71900
98352
95203
95278
21241
56132
53783
10845
40023
32201
84348
84683
28387
66745
38444
33408
33625
93948
49325
44288
38908
87852
29869
4809
12706
11749
94542
55798
67664
61265
46574
50405
48808
18977
65367
46091
2227
31863
52531
43595
62766
74812
94178
68866
43774
81980
78359
23888
67935
45549
6092
58654
50492
38609
87950
94895
3574
70116
13291
70433
12938
37803
41942
34705
88336
51704
33443
19053
56298
8543
60686
79852
53100
22103
1949
98715
69308
56578
63449
33540
25308
1630
79162
13325
84476
37104
44630
64963
36465
6269
31810
90907
72229
54007
78141
17059
66759
8543
33237
39599
58478
94587
49156
27927
42679
25298
12937
16730
68971
23164
20789
32661
92558
83722
30679
68741
87496
9183
37538
31315
70562
90000
89484
93159
70811
11143
30224
20774
44644
26823
74830
91718
9902
4740
68082
62206
12497
99714
30271
29900
94473
65309
72315
8556
73175
44201
91900
79321
37629
76683
34963
56601
96266
3677
97119
94626
59030
98307
84209
3455
25916
67365
60170
15599
37628
94350
72596
46041
259
36576
22484
97732
80370
56501
35353
76907
4287
11918
54880
97558
23382
87777
9109
21943
48872
1721
4087
44404
34781
27134
85688
97547
64528
61577
58772
20989
23088
99660
52703
65593
40652
98129
44124
44067
22595
65510
76943
89105
34209
13026
1761
36568
92209
8767
24347
16935
31070
67852
89136
12025
75898
53639
23076
513
60138
21137
72944
48562
42712
5076
55073
9716
53882
63615
97495
5033
67946
94013
5711
50690
56114
4582
16584
77305
32628
79203
88595
95460
19748
59944
3871
38406
96503
30072
68011
99009
61161
81109
46352
70198
13632
33264
28897
89201
27403
13378
77004
13006
80156
12014
36865
43031
65728
17283
67132
27734
70866
66009
57438
75860
80517
61561
79165
42690
64260
86080
30618
10854
91204
6611
97950
4981
65263
80429
61846
92546
81492
53188
69333
25477
29955
4912
88190
90137
97378
71810
80696
54137
40661
67813
92479
84500
39652
73163
19898
18833
10126
91874
33310
53053
92404
85593
53388
36967
74303
66359
51397
32256
17562
74378
22027
40034
40755
37365
27217
77360
74835
53915
69688
83437
64715
70902
56535
60797
51488
23809
905
55384
63760
42670
48733
12970
25472
65655
79824
43544
63048
46593
79311
63761
9487
33743
44956
4898
89167
67217
15464
75212
37634
5748
17935
75690
63440
64790
99616
33880
86119
94518
75267
30113
28993
78298
78098
90044
70663
45644
34443
67854
74547
80611
40290
60227
91207
48337
78439
23210
50615
33610
92237
83997
76441
26219
16568
75710
79182
10478
64895
16783
51362
26372
71458
76536
39045
62944
66760
30204
51392
48848
46369
8761
64885
75999
63301
10537
31445
66288
66231
2104
32727
62468
95136
16066
58291
53965
81882
72604
36583
30956
72305
9354
70365
39839
69923
4431
28612
52912
52101
13528
2073
46636
44282
33844
710
13540
74516
31325
21528
48620
67627
85476
12932
46968
57298
23855
69464
96756
87141
37517
28437
55288
76238
45892
76916
53922
30055
95292
47370
72296
82766
37680
54089
57736
97121
50863
49979
6162
93721
92582
51049
43645
54417
48094
846
67134
6955
56123
342
99109
99284
3128
6208
61620
1220
38980
16347
80038
53558
64734
21795
77375
79590
20873
17042
51853
42562
2308
60830
75201
80722
12688
98154
35913
58594
95442
39715
3049
80273
44920
86337
37114
67936
60376
48071
18728
25775
62756
92872
50595
91317
38737
30715
84601
88570
60732
98683
26051
82894
58438
73881
96373
90679
21055
93640
19857
63541
87331
63205
83408
5393
95161
88541
60841
14502
80307
55318
6226
27354
94425
76420
20807
77702
95033
95615
46025
60278
38776
82082
15415
1155
28101
73457
24844
47853
89431
42325
71806
96340
26744
81105
41307
91530
21744
79386
59825
77605
87403
83075
53187
86068
3797
58760
20303
33750
39055
53487
87698
87949
33260
87390
7510
95920
1241
44302
22260
91215
30905
42014
70769
93188
29549
90430
76967
46
32677
58911
17691
52276
6525
55630
38618
47788
58404
43850
15812
53769
45625
86530
27477
59765
74364
26485
36965
18626
84461
97198
45247
27404
83481
98068
69577
74670
31543
81909
54999
40017
43907
2356
53802
72005
27708
69784
51865
62761
4350
63248
94609
68399
85738
85972
58409
48424
28080
89200
58435
41762
3806
68318
50304
71943
58379
24398
97831
12539
96776
83776
82367
84999
29012
94852
58997
43969
45330
76858
40521
54615
44635
78520
12558
22913
3815
99003
57756
41784
17737
11771
27418
66464
24226
9318
5341
51160
15270
7058
47693
25878
80008
29674
72620
83382
87940
40058
34390
55586
85007
61142
3812
96966
42998
32854
51463
6337
30779
55609
44255
30280
94003
84645
46771
78091
96566
50608
35163
87314
42137
83784
49971
73313
81034
59742
61309
67416
62267
9974
64539
60470
94515
48808
9426
26068
5719
40112
73639
25019
17839
72910
30095
13087
11018
52893
85247
27450
86619
54071
4457
1237
32787
13578
98884
18615
91072
74598
67522
86257
94558
10032
90428
49858
53222
15904
51171
59099
26405
33382
71282
44393
23709
12248
82910
57273
99853
89011
98328
84769
62884
15752
29884
41096
37222
87727
61573
96875
77437
66961
39655
61760
6873
94345
56114
71359
66389
88014
41213
17857
92671
46869
47448
11813
4049
87489
47089
55901
16935
93833
44176
14380
45206
62929
99382
60918
38822
7789
34388
96931
74613
70659
79850
99128
15861
3299
84024
72066
4318
59847
5034
97357
39271
33644
35283
26334
94892
74865
96567
11324
2115
62292
96517
15843
56153
40335
49475
75608
72378
21476
38522
48213
37818
36166
41762
22793
82839
62699
92961
13985
37592
45407
45417
20306
60270
92318
1263
93718
52924
7406
92676
14725
71442
74647
21175
60369
99916
10526
1381
92792
13205
18606
99660
43651
60801
65419
66398
7031
13429
8470
66691
65228
56249
33761
77862
56041
84790
61310
56828
65195
52143
12387
68143
21787
64794
42147
89811
89846
57682
39980
97499
64773
11985
41300
88605
92336
99926
59324
68030
57526
25376
28452
858
34340
44543
55055
16294
69867
96252
7134
52060
50257
36187
31430
28450
21769
95940
25857
69157
80132
5591
99287
81111
40242
1847
10256
68464
61348
47200
52626
74750
74682
49983
70243
17720
60566
56664
26907
96893
4908
32599
73046
53018
68494
26490
46213
79731
5068
58377
89809
63741
72186
51255
64932
14358
55092
46864
66701
77708
24740
80761
70122
42808
36948
22544
17098
32077
43391
69678
58237
74116
721
11877
84177
90662
4307
88295
26601
27801
39614
48596
27706
26151
67300
21745
67234
64381
35597
3407
40837
87701
12100
65967
43988
88532
97545
27530
38927
84028
74648
19975
3187
31089
58232
80125
65170
74330
74071
88314
30818
47186
45132
33389
70840
1508
17376
5407
26765
93462
97403
48099
83034
28873
87558
48500
20823
21985
93819
62001
9685
69447
78984
6126
97970
30711
31220
46389
91387
94319
54595
33748
66177
18805
93612
39264
8541
71227
4597
85753
83541
89818
25363
61405
41485
94475
32560
29913
84810
61877
26268
72664
80319
62493
68264
91830
83320
38927
5171
59690
47479
2309
69671
1886
73792
29492
5303
98058
77566
51159
23638
1542
8605
72165
8748
50622
14054
80919
55819
23831
89485
38657
20765
40355
18029
88560
4917
37565
92265
31681
48123
42042
69713
62294
60148
39011
67242
37875
8214
92746
3440
89995
65040
9039
80277
99643
54543
19133
20444
42324
11188
69185
9681
60270
66271
4927
57405
85108
61057
35373
23274
59327
64889
62520
66669
60786
87090
23462
18438
38972
59263
69214
97913
64828
483
96071
62745
92468
20159
86292
61806
95627
31867
64190
74334
30621
25931
50810
13162
10046
12112
22372
61621
66953
5953
78466
52569
82157
34285
70288
56488
22499
85606
34637
4205
97518
97449
82787
30608
8384
39228
89961
74871
30178
67032
63973
79949
38778
42548
26750
1679
5624
4710
12902
42946
21939
50211
70157
67616
22925
91853
33162
70508
26189
51868
3111
17273
42
92661
224
85823
10236
60455
68813
56034
59158
13921
47076
10758
98708
99259
95642
73827
46275
76772
48429
25055
6663
82510
33452
16437
24631
635
56792
24728
90489
17458
89509
92436
58204
18494
62543
25205
80971
30652
88694
10453
50861
92935
98747
77719
2211
83043
23630
12974
69818
62439
53567
68224
15705
77638
6541
81942
99761
52591
8672
91052
8782
9322
97586
45694
30670
42953
79420
107
93969
77543
43662
48753
82081
26622
16180
43942
72144
80052
68198
82128
22497
27515
42485
23753
30052
7368
98734
49890
37526
87862
33386
41194
28205
33111
41778
19155
36507
10804
68174
10984
35510
84060
18571
65465
97441
62503
11948
22680
81802
56130
30864
70002
15668
5190
4777
22295
4503
26340
25369
48813
84263
79861
2217
67577
25902
28340
70901
19179
63264
44522
26868
62155
99434
37353
97528
30021
8211
38493
50936
30351
45592
41178
22360
93970
92808
84125
35160
32140
78838
82546
15183
14191
61097
16141
89353
35715
66863
53905
10967
56453
74347
17656
67101
16777
93654
83188
22962
65635
56868
4015
66085
64478
7530
64150
67638
64248
26818
15612
51015
57269
16321
99084
80656
26909
31059
90913
41866
31126
5921
57100
26693
38126
74555
99849
7585
14736
68818
16233
12409
80105
66440
5186
22386
63815
94096
81730
41019
24356
970
32136
89172
16010
13294
43816
78693
64836
139
14184
91507
56637
7369
32826
6562
57814
84858
70116
11593
4983
85415
41977
35248
13806
56177
17152
73695
72678
92724
67936
29840
74635
79010
64170
30129
39610
8496
80881
85091
79734
90225
84243
46139
95020
55968
87921
17015
13170
47139
57260
4344
13590
77191
32950
98428
81266
99839
97919
75221
44368
94637
21039
34747
98922
54125
52647
93954
32476
46693
87810
26268
33986
17506
38087
25914
50875
31539
99648
46271
18025
12139
11835
82511
80303
41981
26358
38220
60557
23231
68436
88825
84096
74121
70713
77400
58206
69723
2819
85481
38137
17416
64304
73530
53949
97570
10488
32603
80129
76152
37196
11347
2403
8948
63102
44998
43440
88543
88917
34310
96864
58476
53636
18533
84029
11314
96991
95373
25495
92217
21146
4439
18470
58833
4981
66702
10457
48242
13193
20792
84173
27688
65449
7101
8382
26446
94326
39092
56026
30095
125
52303
84372
47630
89523
12042
9683
34880
38321
36065
54066
8481
23113
48804
99801
5747
94058
14547
29231
47737
42884
51267
35290
7894
19600
93178
17822
80869
23725
34298
95565
35195
48559
40604
9245
97958
78484
58933
68019
50356
3302
86456
61816
25236
44237
82522
52430
86882
6236
89998
40921
88592
90712
20492
97322
26737
28561
15656
29674
7845
39284
52285
11157
76852
12955
79292
77295
3033
60111
72122
89375
41178
83142
9994
37464
39214
48766
69128
89894
18862
84021
5815
57026
2681
13805
69725
16034
78662
90224
89572
32617
12416
33497
9249
55519
34512
57238
64831
14657
29743
15277
11511
41697
26149
14144
19128
61294
63093
69917
27228
97522
81996
20046
73637
85639
77834
60274
88340
75975
5142
11953
30472
66738
87224
56169
60880
68143
64984
98977
85189
21708
28980
14268
26055
64695
18240
83177
55352
43967
58155
91456
58365
55091
58
82580
6873
42312
44724
55396
14021
70063
85240
50837
78042
3809
6123
6865
72119
27022
77113
1642
36304
35554
87117
81653
63637
23018
14258
86086
50534
46549
91755
88495
26205
60927
1997
79143
43614
70243
65325
96018
66533
92223
32259
48784
9174
76273
83473
46899
34680
15336
45780
85888
16151
61674
78868
87165
67162
91800
94718
32611
10848
30513
24383
23139
2859
65583
63695
61554
92505
44302
61860
31878
29249
59526
29501
29057
40083
9093
57800
44551
92807
34579
75430
24056
18049
5347
6973
30832
93907
54147
52027
77829
67954
20443
32484
16198
86433
6007
75391
90671
3387
44851
81388
20788
89471
33545
64830
88571
90875
45544
67643
76615
3237
21707
71576
1020
73381
24642
92028
48156
94696
21168
56446
68236
49412
55990
82991
96957
8412
74158
41482
85907
37505
42397
19409
47297
80191
70536
74067
34216
74368
48906
4816
48059
27366
94511
44977
56352
49585
12030
71982
90837
93632
84405
35018
39164
82882
9411
14430
56230
67174
50269
15224
19297
16250
85025
39622
95941
58795
43912
67705
9022
30238
51236
88703
45370
75487
69192
74220
2600
54667
93254
11077
25554
40483
36035
29296
24630
40306
8459
16995
52817
31828
34313
60157
68959
97208
25988
26171
67674
98286
48422
36714
17702
10990
33084
23042
994
59842
69939
94859
36616
85532
60043
72756
3400
74673
88438
77445
59378
84352
4264
82822
31435
41929
66728
38194
87578
55557
70906
65254
26918
34739
29253
28092
89562
34197
53511
74914
72007
37868
14589
16912
73019
62067
59620
78643
43455
44878
75776
27218
16288
67538
21820
73463
29570
67169
36502
48462
24745
52202
23765
13426
74160
77317
78994
48131
98799
75094
66243
46538
47917
64673
97298
80410
16066
30792
74388
35542
91216
38244
66330
80151
62937
67193
35946
18402
32619
12436
71184
55882
27586
8561
48768
2457
44646
68387
32548
26009
2129
86946
14115
44580
75138
47258
86971
22476
1285
72424
33097
68510
27050
40662
94661
77642
25253
44867
99532
91066
60549
12008
24968
58953
87886
74981
18372
15835
46668
88534
12487
12613
89231
59901
64047
13367
84354
88358
5456
4686
43636
66702
61160
43054
30790
16155
18260
85626
25499
33650
29217
86343
24992
59164
5873
92212
64661
29454
96640
34958
88734
63969
67044
42482
51638
66361
77911
44043
83661
8918
49414
57729
37227
78717
86927
8027
97687
97832
22853
99052
21604
83032
91791
39195
60043
33576
17477
71487
31221
37042
14833
17903
76034
24859
63899
65367
59976
74903
2802
94104
880
62091
78694
71650
72097
18316
17104
97617
68339
8395
48908
34917
77314
78429
50608
96082
75205
73695
66883
78134
31193
15248
34617
95553
60662
53883
18187
26229
78989
22451
63834
58825
51665
30886
54527
79252
3377
1180
36370
88351
88507
85348
84007
19304
13273
5984
47350
74637
77798
25030
74203
39392
37539
88621
89861
81843
52831
55581
3995
42551
62220
84600
83915
9742
49504
74330
17012
47598
11334
59610
31184
46451
7252
86524
60573
7861
59878
67208
27373
27005
66239
3155
68214
40081
97034
86185
14481
10054
20839
43453
45185
26042
7864
39140
17618
25329
83051
17362
97721
78765
82684
87566
76571
8729
68409
63372
22640
71976
70369
2852
21802
20404
77406
21855
1964
31618
12135
50849
70553
4343
34514
44712
57756
25286
71659
27360
79779
78009
79511
57675