31494
6581
42941
92606
49321
96949
80703
24079
69660
83819
4398
3834
25861
5840
24692
55261
19458
34759
30022
26309
92723
16878
85747
38627
3513
23602
98035
28338
61725
60848
28657
28644
80399
74251
85296
54935
61593
26901
62372
69982
14477
70690
75466
78232
92824
55257
24127
58523
80629
71927
82379
99440
38271
11517
9301
45130
7461
54306
93009
88872
57050
10326
38080
5298
85360
97545
26643
71013
83756
34581
6970
30337
47021
44241
92778
32635
13992
42246
53953
76274
76172
44159
10869
82176
24600
73501
50824
20459
7773
27617
5039
59622
36196
37949
10223
46224
45236
31685
50671
83598
66903
10450
11740
72405
18422
3987
77857
47021
73053
94600
83219
34096
9274
32892
57988
91836
66767
26855
74970
10600
44920
65240
64436
6732
27061
47689
30818
37885
92466
95578
16427
57510
13181
35934
4645
10995
10577
53283
46271
23116
88999
21383
38463
74988
51615
61989
75870
58898
83320
67579
47204
76852
41231
53448
90582
61733
61694
7865
68767
79367
33278
47625
17776
40793
82045
58359
69847
49362
33175
37170
59823
36469
57567
38954
24412
64943
97601
91336
31988
92712
63444
93586
48761
34631
43140
54815
33204
10791
37458
60741
47792
50303
71929
91959
67661
15227
86148
2753
78264
48343
68397
5884
59766
42499
66762
67638
76934
61790
70496
80284
97794
95865
20401
30352
32113
21488
21523
90952
98085
79689
49127
69171
5521
18512
86389
13088
59537
85571
48468
87818
83050
26298
61104
91406
51059
24573
42449
93718
17469
54165
32889
42312
19429
19350
43774
32197
94417
58094
76567
37676
80762
99616
31334
12492
60924
68477
18867
47240
47763
89519
70601
83601
19182
12084
61103
42931
82365
64843
81481
46393
25984
8125
14855
8288
81911
41294
9576
83176
65628
61393
51520
80246
15266
87711
95335
44174
5506
93574
57858
46961
72874
59557
25562
5153
60015
86103
73121
82596
52958
31646
3545
90567
39016
81014
57685
98838
25719
69459
27496
2606
61101
4926
49722
56557
24275
10185
62160
42615
77669
49413
2592
70855
46737
19818
16626
6870
16169
54015
27376
83468
30216
58025
28624
87185
54602
44451
69202
97564
69291
99010
34253
28647
84144
38853
51875
99333
80308
88215
22805
15628
81397
59783
11519
35548
77785
32481
35849
33198
54459
77676
6308
98201
46658
99493
59671
94918
98363
42466
38720
15558
7710
47467
48966
90679
86219
62539
25767
42742
70357
66196
71024
80600
38400
83881
85116
41597
4451
82767
71780
43152
68722
83330
76567
74315
55573
9218
62326
27767
10569
60714
6781
28965
51780
45089
60833
76055
19572
63354
24524
35164
20983
4159
88984
82644
17622
66417
78749
41788
54173
21869
91971
54647
21541
76012
30004
97280
4472
2723
3202
91496
71854
47494
6788
10637
5782
94363
93681
62073
71176
30449
65514
74562
13427
45921
43725
953
50450
24646
64554
99601
33438
86965
88432
36483
37217
22619
50459
23593
22778
10874
90994
19790
41325
48797
35423
6517
238
96635
55603
93363
98476
24126
93267
19271
554
89672
26616
76492
92612
89290
37
89951
15894
87130
33958
1341
27171
29722
4893
61212
55740
5590
16479
64377
33299
27327
55354
88370
62899
81288
98604
99249
93829
56114
64807
41905
98312
20605
87899
99081
79042
51499
64681
25330
53308
41651
23634
20308
31617
68266
77593
5680
76979
76266
91759
76741
78507
29380
2719
43669
43259
55943
46405
16051
49813
64305
87610
57063
2249
59190
50814
22342
1948
43357
35091
78640
32992
45210
82284
22894
14831
78173
24930
56271
58490
60156
14536
73443
89530
9587
84391
30636
48366
38604
58775
16157
44686
21818
52554
76876
92141
8398
39037
18503
58745
50270
69662
31121
13260
80430
73850
64798
98252
50451
61374
42712
98219
47706
36728
65002
15901
93906
88558
61960
20523
3318
70986
50200
64327
77211
97880
1503
25163
84913
8559
50655
94683
42621
17256
20272
1602
28628
23564
32621
55194
28391
14443
55254
15345
31985
77106
57239
69570
78477
5941
7120
91090
50940
75376
3183
31018
65294
80355
61589
45947
55091
6029
78951
87812
93627
15562
82932
21376
36570
34214
3779
23821
31680
23902
21238
12256
39785
84172
58180
52942
26168
36647
35498
22336
319
80599
41075
82241
60464
36703
63739
10368
44894
90642
89717
75712
36690
58477
34737
76938
91439
18364
63568
50293
60243
59454
32543
49871
64347
73028
17302
85615
38706
23542
45777
44777
78660
272
29342
32093
31896
24821
20632
96253
90835
35768
48678
82009
80486
12863
70272
40645
41685
82801
93290
30928
87002
64789
86365
72436
78802
12027
66462
16078
68991
65382
31490
87259
50815
25864
23346
48311
54104
5355
43683
39570
19684
4460
44296
24310
2603
71583
93585
62
54204
27801
28657
94006
81038
60665
86987
32641
26650
52115
34816
79802
97568
45325
68020
65314
24504
97042
16771
94612
39870
56789
60848
94704
460
33152
20464
15897
21769
72996
22225
22743
67430
69856
11031
50444
53179
27978
58124
73852
10218
30340
37854
45476
48767
3351
92815
78612
32819
14590
40426
28437
50713
17214
13353
97409
30246
24280
55479
38427
78916
93650
96622
59227
4856
61608
20588
34599
54856
85429
16002
27930
94120
2815
44907
7358
34814
75168
64109
24624
57437
98207
54030
5062
98804
1777
28165
70100
88103
67460
34510
95295
80974
91925
46156
79444
11901
97215
30936
27127
50742
20558
7194
81547
54553
34793
47613
58028
49318
56818
94121
1598
85175
87056
59092
771
38448
67222
14482
80363
79244
67922
29164
70551
83823
81091
18761
76542
988
62945
71459
46377
12856
42290
69832
9525
37319
31417
94786
83484
91388
33449
60575
93076
19179
87492
8145
52570
14873
69647
75782
20111
24961
99738
64869
77193
79736
38963
53179
62586
91640
88086
11773
25588
8840
11241
40337
57848
36394
23193
99046
42215
91314
65262
37934
19372
93546
54134
62424
72068
36381
87923
55870
96057
1685
79837
2675
65738
13081
90362
64800
10764
83205
84752
54385
10264
11011
11399
12316
2827
932
84993
44818
82370
16022
69747
72568
58587
22936
18868
353
41755
69530
54138
88807
29443
5081
84409
78744
22532
64927
45993
44194
49571
85423
32474
17484
29852
35971
50849
62493
82906
23345
14727
93779
23889
63300
16506
66841
13388
71448
76236
44265
86702
29459
54235
55420
35284
79121
71539
33758
485
75138
40404
46222
50062
77178
27741
71193
83625
18533
83397
88691
43047
7204
87369
91591
59579
5460
47077
73647
48000
88402
86957
15969
50436
94909
66542
14377
59206
70453
61477
35071
45872
88699
18831
27861
64637
28522
92924
57107
93331
23411
60977
67876
67223
42660
2235
5917
21943
66454
86521
89291
71719
90133
22728
65375
54252
5206
46243
50474
42934
28607
66104
32654
59532
82295
57390
67518
46730
70337
94352
29928
7601
23109
34929
68485
26385
23768
59467
94921
78259
25055
18398
56042
96712
87755
92843
72698
3647
13487
92660
2846
78819
30410
94842
66661
55209
90969
96997
53652
89924
94953
7688
18215
65364
70621
62179
6332
71909
32094
44416
46324
87259
6197
29231
99740
56718
7162
98817
12834
51949
62976
6261
3820
89604
65215
13776
89659
33252
61870
64960
9019
12571
76511
36584
8290
675
79103
91588
84282
82728
52528
55783
81810
68848
5635
96224
44422
82340
38958
97008
88595
28548
15098
70484
96115
32343
22968
31724
45623
51025
56061
55149
17147
31240
74220
8654
34268
73541
37249
63703
94635
48774
11992
39243
32778
37595
6043
53593
95124
60024
24017
47619
6472
17334
37941
21040
59750
78052
90455
65695
32554
71916
10276
50396
89461
62195
131
78090
84740
19703
92006
26437
65360
94798
74386
29819
78476
13589
74658
88000
36524
61293
77423
75425
78708
74404
27528
30282
10735
21709
10590
27556
76373
50067
29415
88800
62342
68897
96620
83236
68833
12820
35064
3680
22771
22574
5
87594
64715
69210
7351
9520
93527
18388
71670
64787
45786
7657
53978
50911
42662
62158
31503
77326
24860
6309
5450
9013
35004
61822
63026
78468
72020
1209
86388
69669
91287
6953
86915
99134
9795
33445
31838
9213
61175
87345
38207
18954
57977
83084
12001
63953
11116
52808
45086
95744
74563
27322
17385
89750
37850
65712
25099
326
11599
57309
73553
20475
54554
53104
28716
62091
16941
57091
38012
12412
48742
25460
81605
1013
21725
7892
38514
76806
46607
41092
13388
1258
45841
94518
85936
44660
61522
93484
6346
42238
44597
63262
83590
40892
81994
79045
19470
19741
849
98398
61995
68239
91385
1628
29792
32208
37633
38670
30523
92180
67450
67837
90996
24060
90132
65753
63485
14553
8001
13452
71647
15285
55041
73039
20176
50469
95456
14629
53296
33668
78463
51976
79126
70517
99701
65897
79914
93028
22173
87000
59557
936
99652
31864
41588
90322
29467
23375
2393
60582
81352
73237
47634
16211
95387
60853
85505
88846
32353
58732
43880
86007
18343
95338
78179
63460
35476
74478
53957
89307
57928
88809
56496
6933
70104
71549
60017
48139
65945
87664
84728
79981
96851
32138
22430
39725
68399
26442
29845
72945
26603
41758
41816
75678
36494
50262
37280
33107
51660
32975
44274
4922
68934
1798
56687
72743
94676
76971
91608
52914
28373
28365
40004
58459
24235
38696
33399
85514
23298
64523
32130
24304
69737
87832
27272
77240
57453
94595
12909
93154
52367
39051
24560
49961
36859
5929
14462
61111
60449
30106
39335
40181
18494
15851
16885
53898
38392
9877
10924
30044
89729
78003
32724
6295
87794
14902
85177
16389
92980
26143
56849
28022
38067
1858
50308
75457
98463
38135
58804
31259
21802
91674
55032
47559
54362
20259
60344
51850
94051
9868
3840
68312
58288
3801
62907
92588
44453
95014
40036
1690
60141
41589
80203
10839
47478
94879
80491
52204
41868
20198
97720
73637
97391
12630
44650
74748
58588
14044
12644
19451
60190
64295
69543
36351
33218
29133
71316
47198
48292
20598
59302
19787
77294
75618
70094
43011
60156
70496
87151
60977
95525
75784
872
25421
71239
73883
2966
80003
69487
73118
71430
52141
80389
92556
74008
35226
11256
24188
73439
7829
73465
83279
68860
61387
23133
86042
27165
72329
70449
56066
49398
23789
31336
27728
35976
43586
23963
79599
93853
4418
42477
82479
45925
30889
51769
45269
39341
49366
34248
21571
75637
7673
5670
85722
96210
24711
34626
77572
99936
77784
71438
33846
53467
86592
11124
59641
70054
20404
81826
20783
1648
30532
75894
51470
18923
24989
45054
26121
49708
77231
63069
96020
49011
56961
57813
52288
4259
75448
83219
46346
98865
73508
78408
51637
9997
65323
24869
40325
79075
68682
16565
27819
97823
55357
15721
96822
89047
45925
29223
8957
11470
69778
85671
91527
37625
53794
29432
80433
98057
16638
32646
53998
50320
4323
66407
87315
3109
5694
37816
25270
98917
14254
87531
27373
59597
85451
41219
31697
98836
43690
6459
45735
6332
59805
37099
40269
64172
90474
74373
25751
96719
18125
65438
19335
57500
11742
99866
82223
74228
66657
5347
54573
22582
82260
70365
97371
29587
4230
45525
52263
82715
30648
3045
48169
33806
4308
39975
65738
15575
15933
54707
50069
48958
98864
84679
98363
61759
38409
21370
69165
19091
31175
51283
53959
75462
85948
52876
2609
46746
90332
98718
39193
47183
94753
73334
87688
38771
98420
65624
8507
59467
45420
16939
35308
14302
2078
24034
94111
81528
23396
13454
23147
96080
98060
36506
19035
93861
43371
83137
79113
30850
12286
69972
13363
75033
59427
25900
12145
10249
90690
22442
2499
85646
76253
5515
56771
56051
52160
99956
33369
79220
60665
41007
71810
74452
15647
29149
76575
35559
4711
3287
24498
34178
37714
99028
28676
13961
4554
89688
5004
20313
34920
65036
12496
3374
932
59063
58059
51724
70903
37940
96690
3942
15278
14101
26147
24104
62961
29402
93517
88545
70956
50615
46032
17835
48233
99915
88455
61150
34759
79501
60121
98500
21270
3477
62648
77714
16190
39593
25808
87117
90286
56743
23901
89224
89466
42353
79819
78175
28688
24158
26325
35871
51473
58936
46511
65896
84415
50176
61166
90723
82991
49192
99772
2729
93936
45180
53838
96818
60552
70049
92551
4464
90930
29704
87483
26258
47020
43684
98554
91494
93172
54029
97951
14558
63079
12129
30365
77612
83585
64457
70453
72062
38599
38332
99493
10763
65414
12336
50066
50190
92564
94125
79415
30501
58115
58685
67595
42336
11221
81345
96090
90731
12789
89243
46195
93781
45988
33990
74024
71884
37515
15232
12612
75745
96822
91199
38079
159
13982
4128
29365
16675
48302
58723
83076
84539
21111
60018
49524
83611
57269
18780
49454
71118
12664
32198
91556
50788
82691
83453
1880
99195
60607
83449
2197
44672
3358
98986
76667
6148
98464
48446
77916
51581
36590
99933
28533
16015
91220
81707
6166
88188
88248
79039
6038
63027
16668
70128
39212
19622
34275
59354
31068
13428
43303
59245
59360
50963
26096
85734
70761
66357
70815
29656
82829
16364
12302
49000
27156
45229
45892
75405
3605
82917
61351
48440
48187
9727
23184
9797
47422
13927
48310
44215
34176
35568
82532
27463
72857
11717
70331
88874
97298
96862
26306
52086
29883
2253
20497
2755
15249
83122
53551
27279
19078
97950
20528
32934
46061
56161
67558
30436
1303
48798
66063
89174
21433
76189
26024
16287
9563
89875
29822
48349
78598
82360
53154
81557
85207
94183
74757
12064
9141
90658
79606
77627
59613
97212
51593
90690
33062
80767
42039
22917
37183
30020
73711
87168
85360
6705
44992
61858
10115
1149
51386
8346
19031
99983
80691
86373
63661
11046
61464
52612
13369
14028
22228
36409
97820
76136
52560
98167
65112
81578
72516
61417
46172
8760
30699
68771
31712
68076
82684
47269
2560
2431
49819
3754
66926
73746
73491
11920
58358
16346
50708
80698
28374
43661
70029
82418
81529
94332
60970
44905
27530
72986
36922
63998
13825
28582
17332
83363
91131
67374
63159
91401
21319
22362
28192
48698
42389
37775
35981
35278
80398
46539
3819
40556
12038
82727
60088
49185
79235
73895
28592
32075
72427
34803
44785
75069
66922
38886
9202
37042
92098
54392
73834
85458
75831
96641
24342
36619
23064
50934
95928
93500
17154
3404
22864
79955
21274
84006
25853
4455
64223
44707
28506
90372
55475
17800
26463
81154
63436
79016
32044
52706
1057
94329
48416
61878
60149
11257
48139
80515
6536
3332
29877
37275
15157
66057
59747
79139
15305
39855
90855
49434
23417
27856
77212
94432
43581
95212
68216
93139
52591
67549
8204
24135
85363
60078
4045
46644
34701
94282
36966
51618
35548
39424
56065
90581
8468
97169
58314
75847
1607
73510
89129
25551
18305
70730
23136
72627
39692
90344
93832
69541
10198
70788
72779
18918
40481
63569
60842
80016
88156
69648
41528
80242
91230
58490
80715
41576
17323
23404
92
83547
9986
12713
14610
791
40433
83893
4562
61703
95678
7817
31342
97676
4142
70398
74447
72278
22606
39485
37957
6110
2181
3740
93582
40822
74635
37716
96012
16741
69740
81004
48623
90628
73456
84891
35329
29721
59610
9525
76078
60535
51306
65283
53408
98288
98370
50078
84826
37211
88778
79965
91338
7165
26521
24865
22703
93770
5590
57351
23042
43285
1048
30331
39779
53480
74866
90667
50175
17672
8043
88216
26954
10552
45697
10165
80471
40209
56003
1527
69589
83002
32657
41561
37417
96540
53111
31608
48018
80346
99812
59496
82744
11439
81379
14457
42179
43049
88862
23034
33901
8114
26479
67684
90146
13923
81207
19055
65017
67743
77510
43465
26102
17344
39059
79981
14392
8966
15963
46883
55105
47754
32330
40561
44957
87389
13249
86084
42818
10490
35007
55206
2775
76438
6274
36152
63066
86890
73547
38906
25136
29918
69557
8154
18042
33826
31251
30393
37340
65880
44956
21361
27146
39426
89048
2482
7815
92414
16505
41600
92281
36793
26157
16158
16031
31393
7966
44404
61178
57229
81394
63571
45497
74511
20005
4354
99481
31011
51542
47884
33646
18186
41759
99315
25061
33185
843
9279
35513
30601
34823
85782
90741
90239
61621
79690
56037
66141
30256
59386
23059
41601
23491
47969
35953
87354
35051
72887
17517
47223
46384
82056
65356
70605
13892
9877
73668
59668
41567
33134
16191
7078
85275
39768
24026
43279
31767
53564
29178
49944
3903
87963
6043
23854
72273
40879
50636
73315
21495
60801
15444
92288
74497
18179
78112
52146
72527
77087
98912
39486
97342
56578
34147
95615
532
56154
2334
73694
52317
83373
45803
30126
5593
39773
25059
43352
43157
48478
9137
21096
15259
27993
87614
61553
38186
69346
94868
3325
74216
20940
74227
50405
3211
6135
67442
84340
36845
92576
40487
15237
17365
54392
46014
25097
22953
6438
94709
87343
26748
83989
77651
73902
24955
76215
37263
38650
14798
61938
71339
94263
29484
86108
49509
92124
8258
22161
1508
35698
77436
78221
76285
84490
32394
64489
92971
45899
11304
25730
60317
18028
7734
68532
89265
34607
65805
7541
41568
94186
94264
80407
57917
64604
258
83578
49675
45752
85855
96101
43271
92874
73915
50946
55801
77954
38270
30684
98917
44331
98927
69471
83154
86352
73043
22569
43877
23026
98837
44919
94224
74103
51634
94492
58767
3228
20393
9230
44504
23869
57688
36802
79885
77983
84614
44617
58621
16469
68231
48404
58404
13712
77250
42
95033
55718
36225
25829
67177
88623
60880
91339
32651
73291
98447
72520
97670
39989
23406
62482
47247
33137
98642
3018
41246
35335
99164
7245
53970
60608
4451
50907
63407
27254
98598
35115
22566
40671
98817
11070
5447
13084
76103
36050
98489
94301
66719
77467
53391
96601
18939
85238
62800
9989
96945
5512
13312
73158
89715
63827
75987
48058
99453
14986
34802
96533
79248
33449
96266
32525
69201
35735
53563
52439
38763
71072
1782
42030
61558
26421
34109
76471
13847
39737
4660
46947
56526
50516
19577
61689
90279
75596
4517
41361
33405
33322
70664
42082
60298
80952
61857
87268
7563
69059
36181
72437
5357
35437
24697
53489
81651
75196
13983
78031
24125
12908
88208
19500
78757
25545
66007
22788
97876
17969
34002
25984
71339
20590
55207
55582
36386
43739
7480
62993
95536
41309
6298
52961
64063
19410
37816
72306
22412
97787
66796
2359
53262
70795
59846
52451
75657
95772
16121
58465
39905
20217
41095
9370
4338
14024
24585
69053
13308
34769
20735
87250
37049
82626
69668
59954
38647
58929
87766
61741
872
95367
29591
35697
19790
29391
3153
9798
36842
76653
1298
84227
6622
62990
27601
903
64423
35328
91805
76765
37488
43336
54409
83746
20315
8206
49663
33720
26574
55720
29379
88828
23084
6614
69024
62617
98819
91875
82387
50514
59841
71475
15283
71770
49949
8813
5387
55029
22057
46542
74546
13413
41321
88539
59692
85075
5293
37689
82933
21105
59225
51710
40351
89026
40115
82032
75944
37280
28329
3656
69455
51086
63383
62603
23111
21185
4667
12760
25443
85411
20890
25314
29422
81037
91443
69010
94918
50965
61013
31645
37395
63039
11176
12883
41882
62695
57630
55164
75890
88804
53897
32688
27132
48110
85874
52584
93867
83255
16971
60810
84911
79899
9615
43749
40797
37817
29280
21998
34715
64982
85994
84761
20607
36408
60308
13955
96921
34407
58385
49410
32010
53238
30737
85636
73469
22060
82289
60133
73728
45727
21490
74996
23390
24557
55515
51866
35310
84510
96887
56347
40466
6353
64602
54469
78870
69850
7110
32772
14096
98711
19581
69900
9209
62676
15814
99628
73697
58215
52133
56401
81598
68499
5431
65583
69883
67757
52447
17204
59541
6855
16060
45754
68728
61601
80110
42496
82701
77329
46166
11181
48848
62809
85206
58633
78494
17515
15167
85537
19341
12327
61341
40137
59080
56891
40154
45059
71259
13210
68529
55041
32870
11441
62691
48887
2414
21014
97083
90396
23363
8478
47012
15795
49854
95417
33243
74146
82989
90932
662
78846
72476
59118
79372
64086
19783
3814
64990
57661
39862
44235
51736
40727
8300
93182
67219
49220
1623
28196
81065
81896
73570
85525
9953
11246
74744
9439
46418
68059
57899
69790
28358
59280
23355
22450
91605
86317
88056
66899
33307
89096
73771
3388
30774
2230
71614
33040
8462
524
80770
2650
61412
41701
48603
49480
54423
13725
2491
82197
90954
50321
80506
62765
77250
6213
32830
44848
41116
72518
1094
99323
82108
62395
5016
71327
29207
90570
56229
85158
74563
5300
30244
76670
68438
37024
4552
48091
59753
46145
32551
64520
40282
93564
87539
17171
82393
24496
76723
53319
60624
41602
39014
24525
24938
68058
39632
5999
14322
63326
56396
18
77321
15084
81958
59763
13345
85056
83574
10655
84345
10096
87373
79575
69816
80264
12855
96397
55412
13427
45693
71272
20521
68614
79294
99131
5926
16856
87590
14567
66068
97474
42197
60283
69759
24748
42991
42257
20123
5755
33975
13045
52939
34612
83866
12544
82333
5925
53943
92742
99433
51241
59625
87431
99744
14565
17036
72907
86113
26551
99517
21005
19967
90553
53568
24657
93834
40863
79556
59059
24789
83411
73869
94786
57984
38855
19919
76496
59102
52680
30273
97574
63497
31505
72454
27859
26900
1474
22804
30717
37996
73024
2109
96498
20207
29891
41838
563
8941
50495
29310
72328
66667
93671
22648
23819
10776
2092
37473
7932
65352
52494
34023
76301
90835
91775
63348
13054
90450
2331
59004
17041
84429
72577
89414
29901
55775
87031
28150
10196
42283
32128
24169
2066
51941
27223
1026
69501
31351
65586
3496
52439
30283
85776
78148
16709
24027
44853
42560
5134
69377
98622
68122
66342
12671
79968
7007
82972
11392
149
36197
9378
36911
13950
40129
28270
48032
23774
9952
30356
10529
77728
94925
11234
33500
95806
43024
16626
42298
89701
17819
88198
19186
51357
85145
70105
30573
15688
57365
93360
32046
98804
606
39501
14268
76605
5546
76090
76390
366
25027
42482
28910
31235
57938
27353
8367
77287
48482
70274
15487
37381
79606
96174
55253
72491
10348
75485
30857
34647
95869
73964
65397
8171
64934
52630
34924
39946
91832
89899
99913
60627
69318
97892
33369
68656
78721
39872
11892
19317
76114
35511
40965
42984
30683
83932
74430
7550
56987
98643
20873
12555
82391
95395
45748
72727
21148
31090
46409
35885
79371
45224
32557
66094
68996
10646
27731
3351
69342
98819
60438
48647
97443
10741
33668
85958
71227
34360
18506
65757
15919
76964
1748
6582
61457
54030
7296
12691
80214
64542
22640
59770
68019
76997
11370
47337
17456
43925
40183
23871
23153
9230
96322
96137
10141
53132
27265
5573
9354
19763
66680
91804
44966
28641
97582
46509
3735
83601
69657
97072
99305
11012
49619
95564
36142
63799
9642
88024
49191
99098
94546
67019
95723
18713
33167
76911
46702
93474
5138
66456
86885
98581
4698
24222
29554
81302
47085
14848
74394
84574
59834
78499
41361
53660
56435
76932
73697
89964
36275
19148
28752
15154
50551
29561
51921
98595
13694
56050
43293
69596
25299
10441
70470
94359
92488
98449
29995
13408
8772
17159
13031
57885
43062
55264
3238
87159
23139
51428
71172
56841
37758
78737
15829
32498
11452
12516
31123
34259
76757
19961
61522
58135
14773
67815
53287
87638
14792
39945
5578
31376
72926
33525
21141
53404
41968
32506
4735
81537
69786
39536
41432
50439
63880
85079
59333
54603
59
65900
18844
79505
29848
65792
3784
71666
76332
33733
9993
4822
17227
81022
34491
47985
16348
43198
40871
16367
796
85307
76034
3260
77267
81004
5418
79717
76579
25904
33285
36407
31705
93336
22409
17482
27951
86328
98042
94346
75088
28608
96805
1210
22194
39935
77360
84513
43094
73047
22439
47550
89315
71754
97131
69483
11935
42442
43564
77290
72796
69944
97816
25983
12283
81165
28875
9005
73816
26836
64914
43428
76026
15200
21345
15252
54279
60840
97062
30224
30662
92832
64520
11491
73327
85431
53617
86766
32637
77553
50080
36710
31302
3655
97096
35398
58990
36965
38906
98220
92287
40407
69021
19495
16726
80351
58810
8502
9655
88167
39331
64539
61552
72770
26654
10888
15014
87988
1293
43779
71808
83072
87826
17658
79406
71600
26859
55065
75599
91744
3136
90033
3855
14324
57511
34370
97293
80174
17143
43737
90851
21176
31779
66202
56740
8843
61139
25124
1932
16221
81235
10947
48921
36184
27201
94973
56323
61792
81884
44143
32394
45117
64078
4699
68410
24339
15548
26357
9011
20985
89534
25432
38295
20834
69386
33276
36045
17728
21584
11853
51356
4033
97010
30579
94806
70365
56469
49849
73530
32587
54372
76827
5880
36039
26043
36917
5882
20279
10797
19268
91902
47379
14253
30236
15103
44334
58191
69306
94890
67062
63453
27616
90344
1398
92269
84844
61629
28667
56979
93495
73752
62693
98959
56892
89694
22127
76034
55635
70653
29475
97056
58563
73633
8472
81044
31793
73398
7338
66996
1390
43409
88770
7544
7227
8270
82722
39838
55216
53625
41786
57942
98629
60095
80809
19584
66224
32744
80667
72502
41467
75448
23135
58089
89186
48347
75407
34192
53050
52920
94967
74858
17088
91790
35018
68105
2231
8970
20369
47284
56365
18888
49218
38735
11145
6306
9259
55122
2583
71215
86506
5546
38931
16995
94669
65152
34526
72624
97340
69071
96885
38344
37934
43936
84346
63159
84074
69190
56934
37061
61788
32921
95966
59194
10544
37883
84335
55029
88364
23025
30789
68829
34760
8764
75520
23226
7030
8304
91269
55363
31114
1229
28552
32743
40028
16475
76362
99163
26979
48124
11579
81279
96880
20579
11626
91524
72487
78400
29166
28515
26875
20838
67395
35206
70577
68422
63359
31984
72484
50385
47708
22855
20206
97021
44241
87410
47201
77397
84966
26687
72118
49286
90490
39002
6408
59357
94818
22914
21476
74935
94904
60129
50382
21440
87775
47125
28050
2939
15057
90322
31091
45337
43864
80910
12992
72850
45795
63131
77569
15709
16415
90567
47143
49199
94410
84571
66994
61176
68371
34532
86130
99653
55803
36855
75182
33806
65593
86733
39300
36519
90634
56920
2988
57921
56174
65187
50219
32981
49594
26555
23165
17848
36728
19590
31465
99342
11185
40139
88671
19825
17413
68709
12110
53302
66128
45253
45930
35464
16544
15062
22803
99098
70113
43204
40571
86127
31689
20654
30585
71139
73132
48734
17854
51793
64695
64892
61532
50212
61332
29380
80950
90088
9178
60556
1264
81729
65408
87326
69265
77207
7743
16096
86090
22461
11512
23930
61533
64935
28525
32389
24169
19505
92827
28368
56017
20099
13436
46477
63323
38783
38557
5987
32395
52525
67920
61808
98838
96188
57897
41019
19305
79523
80310
99183
30301
92828
85335
77591
10734
35351
60898
71894
10533
19446
314
12071
54069
9075
6965
44647
35129
72538
36916
52026
62680
2968
90210
8314
52790
74775
72030
17465
25471
16600
81821
6520
19776
96098
18751
64757
61401
75130
66009
44025
32093
89470
25140
69038
13976
70486
1115
68022
61198
89797
22630
77394
83553
53904
48689
40250
81526
58242
85484
60016
46189
38023
30585
75329
63576
14199
57599
59421
88811
42556
49580
56686
23540
16059
80226
13214
32307
73954
6370
40007
60445
72224
40932
46836
54345
15828
32284
20397
74187
29967
6652
95833
80310
69617
89937
65015
76496
99192
44514
7449
30000
65872
15629
5231
8673
13637
38801
16679
14851
25157
80773
5648
99191
19551
56353
92136
20661
17110
88660
97582
83317
79532
78201
10905
42326
20308
38231
73000
3621
16305
98175
55929
34262
88042
87574
53334
28140
26374
33656
38392
85753
83730
22761
36934
59291
8386
2867
34771
85332
45840
3118
3567
2716
52097
94634
67109
56366
86145
2733
38318
27266
68755
20034
50685
87551
5181
20438
44028
6873
17461
27572
5647
83036
7612
21677
93234
65605
87817
76919
50158
95134
91949
21268
37263
59325
60899
82345
79376
68876
2821
77376
33256
33388
29906
93820
39049
68428
13489
97
93660
61653
45341
13919
22634
97286
55869
13652
90939
96220
33945
27610
34102
93419
28382
19145
96104
31178
12697
86388
39269
9906
64980
46573
95611
87388
44688
76328
83069
54349
76390
32286
56693
87860
49196
89017
50423
80865
96857
70525
50090
68580
16569
97626
42266
68758
56431
82217
82509
36845
25589
70924
41672
96666
46147
28176
25398
2064
23709
42010
32784
50655
29995
47140
48609
80507
90926
8119
22762
65999
58174
5929
88822
41989
7900
80806
95756
67106
53336
85211
65650
28665
50379
66895
2978
50956
54690
92257
61078
77212
93392
56046
60807
89033
98348
37064
22513
72408
70600
31926
64605
57176
26507
91845
53934
81052
49605
28854
4197
86457
91718
34844
12564
34599
88651
89584
46314
13458
29596
79124
43906
53286
4972
31488
41382
94028
42422
94345
17862
23674
80473
61721
20871
99983
2347
19335
63364
10804
37184
68256
68084
45575
38860
98185
4663
73458
88957
2851
63082
61487
60789
62913
83647
70319
28876
50370
87515
40743
30710
83191
39625
81810
28112
39888
98358
88611
27939
12722
46812
98069
11484
87408
77830
72323
51939
74175
32300
24132
27601
79264
5315
44880
39094
7636
88061
33749
5413
9997
75234
75836
34916
71685
78110
41611
68983
89704
9343
35925
80918
55920
42089
72164
50843
24582
61017
33742
35000
62817
49762
56961
8570
73121
49955
77564
37972
96492
5171
80190
5907
17730
49751
30232
44389
88994
1473
63352
39104
36850
36786
83379
57676
87108
34727
52084
49894
90110
47334
94588
62371
12537
71380
61000
10845
40387
40055
91682
12806
2350
4643
17369
56753
76554
41819
10482
18749
95525
9120
92724
81949
33841
19164
99440
75912
32607
28155
44442
67499
9470
34293
68416
60527
55010
20236
96686
36833
50971
20716
75253
1842
7257
79972
48541
59855
41071
3856
23958
89117
80742
77263
32407
93104
63257
8846
45231
41161
96136
7791
61354
84100
32390
9873
57214
95213
99910
26291
65392
25039
43987
25675
21384
58728
38907
39387
69102
1908
50391
18132
55395
84765
56766
73003
57700
416
76021
26893
65170
61105
23110
47355
64489
63402
55655
94021
6551
30368
82149
16371
74334
68047
29646
63495
29952
11343
85912
62171
63144
48321
13564
86789
52629
75249
41007
82500
96254
70795
28557
6510
84638
20680
23407
79001
68564
59905
24384
34899
74922
19047
45176
57576
1321
74124
36636
9870
25524
15900
98085
99979
12944
68002
42933
787
87625
57820
35611
83324
48903
62242
53449
9438
70514
15455
82760
39871
40978
69844
42177
16573
64077
22565
11819
95045
4462
89418
20725
36634
45233
24211
19362
32629
52673
99945
32887
59648
87485
95690
76293
16659
92686
28252
25172
79038
59984
6154
17384
594
65970
10577
89012
76338
12350
92151
49976
69628
15989
21205
62095
81172
9556
13366
97775
57315
886
88712
84409
56705
36336
87020
4061
85875
59500
99916
88677
7407
8628
40893
45605
40743
21394
10405
71121
64896
85419
63707
25361
73897
30987
1327
93445
4373
44285
29809
68790
69464
42603
75434
64744
56450
50932
5989
29684
63957
59845
77146
91581
43205
41418
78918
26813
48415
67088
90234
70685
37920
87354
9110
63989
7197
9340
59482
1237
9984
96445
39135
95032
42348
60510
38685
75893
60183
93022
67075
26254
82518
29991
38847
67942
6106
215
52268
96338
75972
2289
46497
86806
57669
20614
48364
55570
38443
91594
78946
26999
73699
5692
73216
58934
48797
25382
74657
12808
47688
46918
56789
62122
61167
17341
11275
97246
7500
50209
6191
49655
54011
62863
49853
90027
9320
62329
7254
51860
98461
20053
97723
7173
1986
80717
56655
4409
18750
19658
76537
80528
8750
15561
84349
9095
30980
82228
5258
47603
7937
92658
71398
19823
60978
70831
32664
42015
94250
22466
81191
27833
56598
75482
98352
47385
60737
4687
21173
35449
27716
47368
10011
70511
3975
35372
24702
17796
72949
80371
15366
96158
69952
35231
42719
60856
28176
77171
75761
45212
71017
8524
29943
12306
72954
65781
41005
41817
50491
1227
72036
16008
8442
7225
87511
42036
28687
55990
66517
53506
37987
16649
47946
36904
91758
57337
22187
9837
83675
58102
11236
12545
84222
90714
97566
41346
18704
80273
36585
96594
15885
92059
89719
8646
14186
61491
33979
36031
88921
78089
42720
64608
83990
5174
27926
7606
42959
1611
87436
35812
5976
89628
26621
82495
20128
83158
41839
7558
44032
35139
14813
1358
32457
94335
34483
709
68756
1276
26922
62757
30875
24507
48748
66349
95555
39682
65156
19396
78913
83393
25098
68996
39363
36832
90876
65049
34418
44755
97915
62255
76855
14514
13038
50217
9527
67881
21169
92042
79712
79116
14807
18309
34822
41148
20197
27406
83492
97696
48977
98915
27269
14247
42328
80903
61236
70710
52655
70178
14660
70132
31886
58102
87144
62461
80123
83634
28398
96840
58343
31432
17507
697
3505
93791
28961
53711
62334
12425
71819
67056
52864
85714
41683
21625
35670
34140
55230
55344
65681
20456
14678
38407
4677
99930
11711
82728
33007
62857
90038
47518
58810
29646
34315
57551
79550
69674
43252
82134
51043
55555
67751
13631
3234
15920
82134
88243
19814
72330
82412
72220
4787
39916
78081
915
33210
58222
10360
7699
11079
61150
70594
89581
3384
69590
42712
81306
41416
62648
53620
32406
77578
37622
3673
32465
55772
29544
53636
28818
87505
10464
12323
38014
14861
93018
81980
797
63165
52678
90337
36683
12677
43507
40176
38209
13639
75585
76620
14323
86498
38111
33265
64168
50035
99147
80359
67450
39905
85723
18286
82298
15579
20748
94200
8971
59981
21351
53887
46219
85595
74491
1025
83294
48322
94363
59339
47119
1116
72679
49682
29234
886
55559
87446
24644
42320
24702
17707
67051
87653
63384
42037
41431
28290
34397
22890
73119
41619
9831
39491
53504
38992
58940
20047
25755
44769
13926
70175
50524
87398
12119
62197
55
54152
83074
37652
63232
59298
89799
4908
25380
37714
57167
67520
57361
45558
34370
48709
44357
21803
99551
7341
46091
1879
32781
46135
35498
61053
81634
22729
50864
13966
30838
85750
15972
22697
32579
71443
32019
11423
46069
64750
18321
47940
31856
60474
9794
58371
18623
29237
40629
933
91450
8653
39247
35948
73461
9911
63031
70953
75695
13340
38491
58955
88949
14923
9409
9730
91219
31705
77964
26873
65756
66543
68788
26678
91169
76945
11231
34770
28413
29196
87435
54196
81714
96285
9974
90686
10874
17469
68908
95899
5030
45817
6088
21590
54829
25956
25722
47310
31106
50503
57188
44960
71539
29162
17338
15568
3095
59373
51028
82847
68751
96393
12082
17462
52517
60890
4681
95807
79718
42628
3840
67259
26765
24891
57786
83204
92587
55638
78955
22414
63042
83158
28402
93357
44184
60881
9494
6619
13394
20566
52441
66781
3835
2832
85323
46255
97411
72518
38031
63563
66139
78628
72230
92572
27498
32845
99235
35348
8187
5359
86595
89854
87980
86127
34085
98617
30630
14078
25403
45099
45607
40671
21213
73425
79857
67882
64841
45593
45745
82581
90357
6082
10645
64847
47876
1284
60564
89932
37774
90125
3690
63441
6769
52553
19930
36713
23503
12945
91271
77201
68999
2486
88718
16802
12198
81076
16352
84904
84397
36257
64745
93164
42358
42794
80845
45757
23241
10265
90004
74571
64408
14450
47043
57340
58917
42634
73749
14798
6416
74311
15869
59200
95458
14731
14375
20309
51165
46394
32137
49908
56021
25107
33877
11724
55137
46834
24385
21251
46896
45336
44391
63163
30796
24184
61557
70369
44100
55872
91535
3438
46077
60829
83090
58814
11005
57169
11982
57763
36250
38093
30017
14820
11774
30565
56155
54623
53352
51467
48215
13660
14588
17422
51237
34813
3004
70045
62908
40793
42507
29520
25151
19052
91601
86445
81729
79197
23695
85405
33076
92697
37287
45058
88690
91769
37780
38093
10997
31646
83561
86483
22375
48269
99229
85635
87186
99584
4333
7508
30855
61521
35181
66713
62229
26610
94906
1849
88499
60224
38321
4845
91297
82832
87767
88949
7808
35675
19566
69000
51364
33133
86550
15526
69903
54062
58800
59152
56936
91970
4152
54104
75528
21677
27138
14604
67885
5702
475
79304
4682
66961
92286
13546
35615
15086
293
31004
41036
6686
75764
41768
51389
24019
40814
96243
57323
40456
38402
84664
92541
62480
62666
50140
28270
56371
77012
24408
33910
36897
75046
58456
752
86852
73523
43987
53096
89177
62474
66061
31474
17442
76183
48755
18482
80357
74664
10200
13639
23999
15489
92221
84064
70194
52357
61974
56733
80482
43272
15002
48018
97318
24567
61364
20535
61941
67978
19844
89715
75882
33330
92037
46612
46962
79621
22895
7892
37579
52539
79865
68014
87308
53468
67672
38015
78172
54115
72770
45966
52322
95336
41996
91301
88320
32248
24923
2224
84743
95132
37371
23228
1220
14530
5796
90696
12737
85816
83395
57238
91147
70326
61044
66568
10010
36066
99817
96108
14266
79847
61258
29532
66648
67252
69074
17709
86581
37823
12107
82509
26240
52584
5878
82057
19904
21677
51115
88601
53172
62422
92414
56760
47686
40580
80470
64985
14148
6169
15380
46636
42699
39635
3448
74122
84152
27801
1590
21171
83904
26542
64669
85846
84653
55522
37601
63291
25606
46258
97025
49621
41387
51814
60719
97001
68838
81076
78210
97389
6174
85385
45374
36907
58712
34803
72844
90551
11330
72389
52868
79534
81264
34592
19617
17486
70622
54830
12029
69460
5723
60369
97952
83520
20794
19349
14725
24509
87921
99964
43161
17856
79626
17881
51463
20401
55902
86045
58793
41436
85451
70170
70099
54688
46568
15254
82161
70222
55173
27444
74274
39418
25064
69811
14220
81423
33565
12667
65902
18229
72612
29282
76418
44391
3169
6126
35978
84581
57349
30303
99422
98532
19984
94938
61816
82313
98810
5811
22009
17103
84395
41572
73157
38961
76265
16234
31764
88794
55682
87634
363
15642
51048
43601
8196
7780
7447
33156
86329
30822
38210
42802
55285
23549
13757
45419
64491
54964
38777
21460
69121
2165
95263
78949
81554
87091
80826
18982
65470
6719
17454
27583
46374
28935
20255
33979
68995
18340
84121
19761
29985
21143
96859
16501
82915
8752
43026
92069
6014
74575
65033
96191
4336
63938
98091
87260
26216
49657
91813
36846
87680
93332
77406
80011
39929
42363
87663
26390
7095
67432
14977
97215
25667
409
37167
71087
67058
76952
14131
65932
76425
14892
12592
77355
44429
6185
4931
10951
48827
11929
22070
97892
78736
60699
66284
19105
56223
49382
64856
97660
27861
31933
21289
7826
10142
35781
3076
18985
54939
96766
20212
10510
63897
6088
77655
88930
31946
76404
95385
33681
76286
74324
35893
54898
91106
99355
43887
44153
89723
32487
63700
40475
25473
52726
62898
86079
87630
23765
39960
51391
38511
86024
61952
65854
47244
14575
84908
83249
40081
9821
55974
72012
73634
72098
12035
94948
83111
72597
26357
84351
64886
40800
99928
1127
47287
98802
24351
51862
14624
94333
88023
45953
30654
50128
6483
90220
84541
45475
60907
111
79258
53185
69908
52636
3755
62386
52622
6068
12659
74801
49292
10969
55675
4158
68306
61084
19378
16153
11898
74283
8501
62352
56267
9521
31135
26132
79652
28813
53031
89199
42861
59124
78281
52078
36733
99074
75823
21497
43032
57635
54666
21123
49258
21527
37427
65625
29027
61662
77913
95420
68094
79207
7945
28264
50219
76059
5382
35790
76301
19260
32553
4250
48936
73685
87887
68127
77608
4221
55332
43042
22074
55694
39788
6301
7125
457
64823
51645
29317
92336
17456
89682
62739
97572
79870
70673
256
4514
93961
28
79572
63535
32249
15150
83501
35753
78485
29810
48035
99225
47046
30522
71849
68361
8070
79756
90807
25071
32649
65249
29615
11938
86902
92518
80917
63123
77219
69048
24539
69981
9664
21952
61880
80299
43317
7102
25407
90130
81298
36290
66624
14216
88866
17582
822
54809
77157
79990
61384
63236
61409
3528
72906
70007
16383
14918
25320
84561
71898
57059
55323
94943
35971
70180
89706
48407
11282
52576
66093
21828
63791
22287
73027
47606
88588
87873
3976
63622
27629
65605
46479
46250
42415
41233
49600
99707
49040
96071
78740
9765
56718
81354
89072
56527
30512
55927
70339
28501
76856
77993
36444
84348
45038
86259
85178
63858
73510
98830
370
25848
46438
94740
10571
53794
7429
83499
99343
5270
79385
20475
89549
59473
57528
69506
8219
76072
68486
36078
75913
36602
8205
76608
47422
84864
22441
63376
33816
42078
99249
88890
30895
57633
4992
1804
37769
3455
46654
47249
67608
30954
49280
15867
36862
95919
52978
13608
38819
85252
47032
30872
73398
57890
88654
95284
25391
1655
13437
91325
12428
19258
70089
35404
69986
96892
68166
20306
26935
45609
38237
70485
17607
35366
71399
78169
38500
42023
3940
83493
46858
94216
84423
64549
27203
7727
19697
3026
69942
15757
79455
39438
69506
62609
90016
4057
36222
12640
93939
1536
72278
13988
15722
25300
77417
56642
78910
22143
54909
85024
3012
36650
61665
4145
1086
83705
60974
14273
27803
32421
3990
26064
18507
19631
39452
68601
2932
97899
7088
61698
87005
35479
93348
65382
51273
42001
32618
36111
2149
36943
19323
69883
37385
97390
41921
63420
7644
63804
990
94982
669
17182
47025
63033
44404
8351
42946
46356
80233
8782
30922
28347
13489
82815
66346
41757
26951
6841
99123
20651
27507
76135
58276
8811
89803
93202
94338
58480
80008
5221
50550
82814
62802
23701
8312
84528
92893
38749
26149
23978
93059
31631
39171
53613
92231
98844
20195
20457
8030
83919
95086
37519
9249
5983
79379
64736
9929
74302
98976
25657
51727
3910
24948
94012
34003
61857
89324
67264
46891
23718
64885
44877
47333
83984
9217
85632
70156
52600
58487
1240
27809
91464
62694
64664
86577
69687
94553
41548
131
27611
79569
78412
19867
31625
56118
39301
59495
67946
90173
95031
57273
45827
14166
33904
15729
28728
33724
64812
66357
14340
8319
80531
64138
22758
46228
8902
96505
23374
29402
52896
83151
79540
81824
51691
64694
2677
23608
6022
46727
65450
56965
5855
66529
33496
64036
15543
43890
85795
97593
80740
71122
30966
86603
63599
61585
15058
80681
27124
91235
50949
63310
87699
70987
55094
42074
1408
10929
48403
87709
74946
36199
3347
47486
46738
63370
17422
29368
85637
69346
59195
37157
72576
56924
98278
93299
93475
33330
75461
40479
44022
99012
92393
14592
71507
39173
95752
38931
75392
34839
23099
67188
69583
68974
5163
2550
70375
85749
14145
64648
27175
40030
31827
13401
7374
91674
23404
50298
32792
68230
34068
2590
62784
55575
4022
73645
65995
46208
67330
81176
52540
84103
71525
71479
62790
84702
82905
38662
48306
63703
25633
85921
80103
50866
68355
70189
30227
83818
50935
11274
23584
82049
72062
96924
67109
76262
39572
75716
90541
89680
59302
97538
16904
79767
9968
82783
27052
40583
79115
62428
55168
78221
11705
83146
44589
48694
77808
35342
18495
47216
21255
11444
97671
260
45270
52841
99112
49536
78353
7452
690
61959
90066
47856
82679
12827
63332
59411
52576
37010
3253
81160
28655
48374
59983
24829
62640
97264
50155
75363
61396
41356
62592
56794
96795
64553
91995
36626
67247
31408
608
57717
14281
91857
50240
84159
52541
51059
3962
56204
1344
86921
51531
89025
45046
11134
53966
55360
88392
89288
78216
13527
84219
24493
14314
73333
91844
96750
83317
84647
86742
34336
48669
69851
64353
14303
18864
95320
42817
35707
44717
21479
81334
67370
21682
59935
7349
30222
49128
48860
87730
10402
7257
11717
37478
27265
82540
73398
28095
22273
40720
52027
41845
64033
68939
49330
64122
24908
14569
62144
44263
88859
21956
93646
33706
31892
29887
45652
22598
51690
43840
33650
56149
11641
11978
87531
82553
91692
24552
8208
31010
2218
28541
30325
22279
28680
59038
16555
67118
73360
88668
18308
4820
33503
96854
70975
46519
52443
58986
1902
62524
62458
48096
29582
94279
5812
11355
84715
7088
95313
33767
10622
17479
22397
87388
85706
29518
66014
21143
78263
8006
78764
29885
81697
28221
30529
23955
78061
50809
26947
49937
93865
35729
81217
53947
82909
63269
23128
65245
71605
49000
11046
31855
18183
46897
28075
70082
68292
96420
57514
32055
28573
89131
24275
45406
13379
18874
18422
30425
77540
76597
63610
58542
2116
64448
68413
37428
34744
90995
72882
19597
98281
65955
53676
56228
75662
33175
42347
30559
36610
60960
31912
11143
34753
52007
48000
15974
4273
25810
31126
42680
27837
32269
72268
89663
67735
72806
89645
55266
36684
187
84910
6026
42566
37239
56446
9101
59835
10892
46359
18729
70029
10310
76950
12579
10069
64946
63377
10434
74688
47126
61253
99320
64184
86655
18198
21597
37910
21221
87712
87874
34189
92774
27480
82433
72089
8087
41091
99254
38822
83130
40013
13233
74158
22241
53444
73954
20254
48867
40987
86080
47933
27247
8308
53863
28363
75845
24291
4072
69598
33647
56704
63366
88245
50336
17423
60809
40651
29584
3476
96298
72059
45326
94891
90329
18854
27730
66963
11915
81335
28611
84675
1119
86221
14097
1751
86983
66742
35042
18268
32737
26426
7655
1471
75135
72806
67359
58603
88258
53271
22879
42934
18048
27300
47984
84263
87998
1912
15257
17249
40333
60598
41690
23820
74289
24366
46436
82537
8096
17003
73067
36935
83348
14890
4672
41494
67340
45147
38344
74252
43530
29959
3929
99757
65406
5279
46409
21134
46266
29250
53398
27398
7068
51047
15193
88987
89950
99540
82680
77595
89830
77064
25365
26570
41833
11057
31317
67049
22080
85239
17499
4848
27164
89002
34845
20258
22874
17160
93752
23488
90344
13038
26278
21583
91137
3697
51039
80245
53550
10310
80373
75483
12950
96706
34323
64103
19234
57710
90135
1660
47596
3538
3043
27388
91495
79841
11666
57486
67704
51869
58277
17944
1271
48871
47937
4229
906
49018
55604
61244
74316
90315
14181
32695
28575
64776
92934
8752
17002
70958
37345
16373
96206
54466
33707
75003
14452
77727
47932
65178
53024
74465
71353
21882
37265
77020
82030
13797
71740
75341
15230
15994
16459
16709
16453
60951
47033
94362
8349
66269
79373
14361
93611
66209
16886
21624
30340
12728
4317
20673
76687
57528
36082
71942
45139
22663
97072
85984
72443
25186
89907
95961
91513
54978
98106
62091
69758
64376
1386
23911
7143
55478
8252
72588
63806
87433
12907
75499
98379
29075
6427
2784
48221
36479
58600
80089
50153
13158
1184
60526
24835
96344
96527
40869
93554
95584
90165
48220
88548
31866
99376
9488
22807
40467
62496
2450
44135
95923
34733
6376
79489
24821
66272
7090
51756
12809
91082
56031
17181
78011
40054
9932
55892
53596
18109
45623
83480
80903
802
2172
51736
82865
93886
42947
77591
53355
71291
20980
86545
57038
84147
85157
25387
41195
51932
74759
18294
18802
46352
57101
65640
7097
47232
21604
9592
73576
76166
19120
51744
17168
86228
57559
58003
77787
38656
15686
91189
32264
15594
71057
49376
42137
66242
81789
81695
23864
43642
4649
39096
6950
56040
9592
9446
1193
8964
69262
49117
58609
11138
17695
35132
70376
45119
67121
66211
67211
28112
84821
59309
18660
57720
75034
34185
65776
28148
92114
55276
11293
53046
2225
66555
45909
36927
42509
44909
99736
80858
26004
49099
6613
33333
20741
96941
66486
59240
55672
8082
38057
86615
42354
86442
21201
56605
29643
1428
50976
19954
70647
62802
20937
71936
58496
44069
98605
99058
12466
53740
36332
26233
97389
20329
94226
2483
70354
97892
21257
90039
40666
81455
37744
29192
75449
69345
97395
49083
61657
13235
41065
33900
80245
21739
1473
834
69784
24615
84795
72713
59170
58344
97797
19093
64207
59796
79601
72619
99525
77165
63393
62481
72687
23225
76889
49937
22020
8199
70422
63197
21426
59835
84676
93687
44443
57179
72774
29781
89786
33388
16553
22962
47946
23223
58031
43033
46919
43564
81567
40831
92160
89711
73532
8863
27602
69859
95798
12354
80284
31838
83550
13295
90068
51914
60075
83173
83480
10201
84396
95549
2332
35709
18278
25550
79200
84762
35400
27917
91103
40193
16428
67274
24785
48797
97549
54920
11614
42481
18637
91310
17623
22011
13819
80000
67544
44852
56258
33119
57414
59513
16028
6320
87979
91917
15351
40987
76072
32032
86289
53358
18872
47701
50144
78099
61526
60357
97682
64118
9026
81736
13000
31244
48917
70519
78881
9293
14052
62265
91909
55116
50277
34737
96116
39280
70383
85497
41831
27400
5213
71561
8047
73281
23859
3123
76855
11657
61508
64724
1272
4481
86314
97152
99605
98601
24360
33954
72071
83046
9690
86175
14639
46071
99760
37345
62355
63229
72015
66048
83377
35176
61312
25103
43239
27823
86305
99048
60758
53984
69795
81476
99980
47194
3326
60371
28714
17822
62993
44328
50616
35022
17002
973
11440
78096
98586
9462
39888
83442
29620
34018
66949
39569
7386
3440
23621
51416
97535
29011
50019
52038
62280
75780
50151
23412
19626
68787
96497
7038
29310
24150
55460
18132
9516
20293
4631
16241
68881
12563
41255
44429
88521
64638
47638
30032
27432
67792
77245
22450
3649
36104
99661
56661
20555
1354
46675
84260
46468
26087
41027
51487
6918
82473
53010
76200
89259
23482
41444
92965
60728
46043
5767
43338
87631
26041
25408
75345
1529
26338
81427
6504
10333
27878
61639
28138
86635
9175
7541
24319
27941
64770
52927
99840
21733
21836
78833
34516
70428
9769
90864
95470
52518
48718
8813
88114
29160
5816
97494
81417
1257
86841
1452
79736
74158
17600
18869
62537
29722
2606
7934
40401
1275
89237
73976
2315
8584
43507
40992
15861
20354
28477
23566
97629
61202
77511
56238
67061
16497
16045
10546
92719
4225
62614
91595
48027
97878
39507
46270
98635
50207
99254
75709
86586
70259
20052
65163
37753
53568
92947
94036
91194
75858
84093
5337
52319
27016
90602
72078
26692
67344
57830
29875
55614
89912
6768
22917
56555
79873
90899
75498
93428
38966
64026
4432
59557
66151
36809
13762
96102
63541
52074
73377
40334
75661
51725
45031
53457
89315
67132
30415
51396
83062
58256
7097
61916
69984
87769
97774
38248
63616
50483
49390
79319
91404
17205
18408
6099
91704
40309
34667
85057
83468
29536
81204
63244
732
65826
47359
59014
19753
67631
17081
52180
29941
2145
23197
52787
47639
92053
31019
62453
33401
29376
5243
79917
37576
58029
82052
98769
77391
77367
8523
8626
71761
19625
52293
86996
87214
66984
23272
44402
16161
10694
83680
96848
23549
65373
4333
42355
9417
50302
29903
60460
91503
86568
67307
3057
69244
62074
7126
99698
37391
24031
90748
43574
23813
50886
27893
6552
87786
80186
29374
6821
53896
43814
83616
33620
80122
31807
74863
79610
55181
40569
92299
75893
80619
10527
94006
6351
58974
29492
9073
77788
43621
34818
98247
54489
53948
13766
90120
27662
78267
946
51766
55739
57758
18336
69499
38951
2091
58936
28895
49624
16070
28517
29327
43159
60651
97176
66228
4898
80159
58650
6765
36675
62619
2196
53918
80324
37350
8808
5830
53085
44189
94688
87736
47317
6610
75431
56185
86909
74849
79421
6499
959
43864
80541
51399
65438
14373
7695
36168
87806
50298
60310
78180
27874
74738
18675
26698
81712
22023
27847
25365
7794
49795
70321
59569
78023
53985
50880
13678
2977
28965
11451
40499
10865
61681
71787
81919
1356
82175
31875
64388
28705
95700
35992
31357
7882
69213
77013
56602
68860
56382
32534
39855
93928
36860
66178
99389
14939
15298
2214
18197
48851
95901
73125
46103
70651
88698
26326
67816
48446
55357
38717
31831
6651
59171
33531
56289
11712
59341
14465
52312
23547
80366
79805
95135
98095
75277
41807
88635
64204
89863
68999
74474
45287
44667
72675
61566
56835
64273
63377
88411
88519
19460
63172
68224
63212
24713
58246
62642
66844
81204
13558
29200
20818
72732
19745
64026
91421
81867
4433
55995
50944
59522
21482
65379
81561
32076
99228
64620
27443
935
14914
73192
78844
87017
30048
56669
59282
96066
60370
9444
4426
74698
43121
49393
46552
2983
29337
22819
54788
45674
63253
21637
65170
99107
94669
33850
53575
59211
28902
91861
75313
76201
11271
32494
25990
76768
31679
21272
61572
68575
77339
76455
93797
62478
84461
27963
75104
93843
65764
50610
59105
28439
75017
14178
45719
54670
99899
83862
20501
49758
86617
58623
62363
8301
322
19902
83189
25980
84263
5500
55501
37730
73477
14668
37454
80193
86670
89787
81946
14577
43704
4316
17054
22811
74928
14143
94420
21381
40130
53762
98255
93214
59943
72776
83430
73534
8636
4934
74624
23763
98158
13425
14306
23915
50764
2345
10201
53290
26006
70875
77936
51088
95494
43169
52155
94697
70930
35553
51850
35369
45300
97089
24382
91707
55482
50798
95283
28125
27099
52311
55582
33481
81456
8117
43506
24524
19103
12357
2543
17878
58864
6933
21576
42680
23647
9536
64125
37571
42202
96431
64148
31528
38952
37698
23739
21214
72486
36041
77478
42592
72837
8778
39962
5229
29005
80585
94597
29847
91981
79455
81625
99486
6906
26099
58288
48677
28886
49403
14032
19981
92451
34736
64868
57019
7133
21093
26703
34440
14802
46314
25853
21335
55287
34948
31286
85826
97830
31255
86254
19040
69605
40482
22478
82272
20944
27373
9830
84172
89814
77159
69189
82638
43408
59687
37607
41282
14719
61350
94098
51173
21334
97663
9227
53354
88180
22402
70653
33405
51961
27091
89821
32830
93863
22982
53693
96410
37115
55840
58332
87267
9636
16544
31303
41712
85173
94241
1299
2893
39612
26614
76198
8906
74848
80815
8559
75096
57717
32187
88440
45599
41840
94284
81213
64348
78859
55510
79353
12101
28367
62966
42053
58236
78500
69527
96984
93023
27758
52497
58463
78599
49528
50761
58502
80164
42721
89569
34382
90495
49241
61552
16825
9513
90528
4008
14550
85063
88791
9829
59540
47696
43978
74818
93150
51823
82097
6682
97124
28139
7232
84612
57632
61956
76640
39119
68929
20382
5655
86069
74451
90728
94264
12766
38465
82798
67623
45257
16051
46032
49364
77504
33852
41815
49660
75025
62782
79599
32226
98602
53487
98793
63115
94560
65023
67915
48729
18935
85195
21842
39932
11553
17922
89338
14169
55475
9758
80543
82108
513
45042
69142
24720
79836
21593
13842
1027
95830
62272
62332
14880
67093
62173
62936
46381
67403
57986
46038
8235
98519
41434
35091
35942
93918
30887
2549
83942
33573
36538
13891
65890
14687
82704
46383
97688
59321
31663
14651
5390
4256
53797
24481
57751
25202
88833
78266
25893
50608
40875
37410
70247
6707
45009
59752
85682
48519
58342
83573
59978
614
91754
59581
6406
61982
8107
5735
1559
34523
10461
35201
2527
18361
77346
12591
75312
71040
68106
20088
14672
65087
21811
38774
84107
98560
7340
37727
37211
23815
95325
81492
35610
42429
5224
79249
8817
1937
95411
1687
52746
89223
25567
38878
32272
9981
16352
81615
9986
80685
74464
63620
72285
71777
27178
68684
17885
64204
25077
6901
43081
96187
13454
44939
84197
17254
92249
64868
3775
79858
78381
9850
12934
55150
50115
48106
73367
79156
84553
42608
15682
21908
58970
89708
58687
9980
11610
35834
84662
94057
52930
81485
59658
49545
28800
46337
85921
18017
26998
48123
47571
21087
51059
2744
47967
91851
94894
19434
33398
70599
15496
31731
63483
11034
4357
8554
77772
49734
5949
15111
50659
72486
64973
21208
3913
42694
22653
27947
20174
50937
38472
9044
89345
15046
79518
52596
97456
8140
56368
57450
82940
40834
33049
79486
33628
73482
37055
86769
58470
93126
5078
19924
21790
78721
76782
42749
30747
10544
10255
63588
52678
76756
77720
95108
48799
21503
23903
87913
54804
86986
67969
27562
21578
51601
78802
3404
24303
94646
13068
96558
5006
58112
29220
97563
12992
87256
10334
18618
55829
70585
42082
79370
59673
14876
97815
79643
57994
57400
70882
76627
41083
64327
64389
51996
19553
94100
2830
7739
12425
23727
35893
2952
17507
22369
4931
73522
31406
10635
7918
81490
62446
3599
17862
86883
75934
67850
71616
95319
54134
792
3568
4198
17993
64134
30623
79894
83410
41834
16000
1796
21436
91417
9662
46109
8395
21735
43334
13767
51740
6098
36346
51057
69627
25271
64112
45647
53148
55921
53352
62449
71935
58757
39608
55903
77230
36194
42547
91487
78660
6524
43938
79922
74206
83920
54144
19382
96070
40374
82968
78087
97777
52394
7233
171
48594
60382
75734
18869
71414
50381
81576
44586
99600
54489
79868
53120
12386
38422
56754
61576
2737
45856
71397
30445
28246
31092
81596
61480
41517
68594
60126
51684
69591
99917
40495
16804
3221
12400
5723
51883
22210
40915
55720
36642
77016
91364
85189
90938
74732
43687
85777
11007
6558
46977
92645
82157
17872
85486
69711
30279
36707
61623
30817
1162
24392
72570
35097
48320
30424
29063
58347
51236
47667
74889
32613
79199
40201
74425
35351
92200
78625
24643
16055
50202
21660
26985
39770
9110
57308
64091
25004
40786
12253
14811
22431
37877
50597
61836
50840
2518
95449
98632
35908
13995
17453
46604
8378
18614
16573
50858
33383
54582
45634
19105
42478
71240
63363
38235
61316
19529
13115
98529
83324
40676
22646
94063
9377
39206
82244
22492
93853
57533
64880
63159
60656
80769
73673
54769
55586
95368
60966
22520
34791
56920
53200
16248
15766
70545
21042
91443
84596
99832
23228
38413
92669
87775
19960
70688
94545
46241
11036
30287
13807
47132
61214
94327
96806
66916
17427
9878
14069
19663
40191
12195
9579
21104
47477
15755
78048
90330
34759
13954
53670
44931
94362
59973
29297
23660
16194
2606
27402
97160
7372
37764
37234
3744
73529
97374
76854
22806
7516
17690
79691
16034
35763
92549
70
24958
97976
90659
89960
65094
64209
51271
44214
28515
60243
46845
73395
70709
12967
55898
88438
2014
94364
61194
34378
69798
35578
97597
9320
83271
16599
93852
47519
10198
28976
37811
74053
44465
28170
41133
32659
73793
25742
89472
75672
73435
74084
24372
59112
90209
71777
90043
89669
51242
60942
28509
92626
16523
60536
96928
10408
41182
32600
22644
41108
6992
74545
11733
97389
40654
99248
15664
70464
3426
95944
9754
20141
28975
19065
16723
86383
25572
6792
4783
45181
29302
13506
14468
10613
92523
38892
51244
43921
41336
79692
26096
91348
20092
44009
19394
60490
12055
32476
96632
30880
34566
80178
55041
46600
85044
29614
4214
63503
8981
45802
44491
80715
20618
18508
52173
54456
87787
59456
30523
72703
28036
27578
79621
61204
11135
15534
61415
59253
68875
58498
57150
6555
58793
53147
15981
59433
29920
52445
42583
92334
85251
45525
10866
9456
72304
50650
87874
8208
42571
95407
73954
38040
26031
27068
58124
73389
59778
40805
52982
80481
77350
61460
82110
59897
49696
71239
80738
67611
44880
79262
48853
70017
37883
55268
27366
41667
34132
36412
18209
6656
56904
30459
71141
74162
23433
56444
64499
71607
92317
2789
29383
8158
89598
43699
92620
24817
11495
3291
86587
39034
61559
17275
86159
69688
89316
98980
85580
3118
97972
60067
66613
18461
25109
44087
28956
58244
84852
86456
46486
33842
99007
44737
64554
32409
84813
47529
95257
67014
76287
49000
20706
12940
85212
50640
75521
23934
26233
81847
79517
5817
27936
8106
36641
79898
83381
24309
67313
81068
20836
59938
17811
83155
14244
24437
971
7504
92649
28339
15218
16312
33564
68791
85592
25384
81683
64019
68396
60658
72060
97174
43997
41402
65464
58888
83358
30486
44717
36345
53863
61141
54315
52254
1444
17877
41641
88324
74043
51415
46918
18538
60725
59641
63281
14215
92430
52256
8843
79109
58443
86198
98173
97511
50077
55996
35513
39588
9599
87035
5022
25180
88744
42366
17907
18680
93871
63483
59525
42514
52508
33752
95073
9214
87213
33708
223
79009
39678
6842
3578
55529
53598
44321
57973
39838
37173
67688
28601
11735
41790
57221
52969
2099
6964
34250
9382
42411
53378
65661
27165
23316
10164
84872
39846
77511
30579
34898
78729
93733
71363
70812
22826
2896
74812
39585
76560
60642
47948
4234
63089
12866
72297
96938
50358
83676
85422
93561
7583
50934
27919
29495
99099
50853
4179
94118
97194
63785
81514
24388
6024
9785
4540
58489
21445
23298
47420
82881
10005
31563
18465
86138
35273
96605
64621
29845
55831
91320
39496
82110
3105
66638
49376
10204
6676
5800
46803
3106
14523
74986
99179
79776
3007
95662
85257
64362
13990
74000
64936
52291
25236
57658
24860
55450
68272
67340
67383
44836
48508
80232
77043
32179
86079
58891
47677
73779
79267
51225
18715
29492
28298
43003
58309
5109
7838
4052
87545
973
91586
53619
55178
45715
15173
30728
9030
76877
69315
51236
99590
94745
56533
18504
72987
69410
31692
38428
97228
39254
27867
41900
56716
11511
31938
72353
73329
2319
97169
70277
95733
47857
72866
21419
69719
97169
22756
64488
96228
14817
46630
75922
86813
78529
37842
59321
11134
46068
44063
42769
51993
74313
44278
97264
5813
8361
95766
48729
27281
17767
86319
88680
51001
88101
65522
64019
54503
96916
13134
61771
29592
41311
40770
34200
71635
41806
25384
58230
5981
50038
53884
24048
33836
70068
56852
47366
25634
99942
77601
51951
44315
57166
88539
58647
11800
49522
98474
71873
68772
38826
62024
35578
47981
49560
68242
12804
54227
76083
79632
49128
66588
10017
72122
81363
39223
27512
22962
25244
64385
92742
25985
15459
58407
35416
9398
60261
25820
57816
59699
96194
85186
99848
44617
8643
38790
86576
82212
72126
81786
78186
67986
1466
56712
47452
18089
9339
23351
1333
42436
9838
30758
41881
65659
36776
23492
99307
76902
54753
9565
27352
2366
4707
98285
23216
53859
75529
50748
16426
82987
74762
942
55782
49939
94556
95717
7164
93437
9414
34426
18869
80030
20285
74448
41655
48651
28444
4980
2014
85545
36585
66899
35971
972
40147
78674
38511
94784
50471
18358
60808
76268
98896
6084
17709
47773
11198
63150
96732
59902
87696
85688
45929
15695
85928
32902
89447
39209
71082
91713
39146
56047
31226
3598
96012
17857
33791
12532
58156
67494
29996
57395
34220
97987
42252
3486
38087
79991
4862
46998
57090
7234
27540
2384
49770
75976
53788
65826
56284
1234
39291
41759
46125
4078
9755
44317
75623
36018
63264
30037
76933
65328
60433
8340
53491
58802
44346
52443
33774
38493
68457
79334
60801
73767
91014
13277
60086
56657
5817
7671
75832
32549
59059
2394
23330
22007
78544
40562
80851
93027
92662
53265
1803
48151
87080
46371
97581
42066
39296
48724
39122
14198
44346
50299
5135
64587
73667
71789
60317
80635
24045
17030
15582
27734
47827
44746
45945
18522
30759
77144
5164
66293
45124
90582
18283
66261
17028
26444
54822
47152
80010
59856
28636
71448
45027
50207
37349
41914
82305
96237
19071
28646
77232
44703
39292
77298
68321
75141
70056
90673
51839
46692
35038
920
85996
95411
72881
55284
90162
89510
97889
86246
5546
53058
24706
2132
58701
21324
76595
97199
93049
32763
50660
77929
27061
39910
4187
91117
64384
60640
94109
53260
27733
99536
73988
10552
82544
581
13864
41265
44218
30416
56453
26480
59851
37770
18620
7346
91626
63438
82766
14679
50301
54497
17396
81600
73573
10472
25064
23203
66644
56502
12612
29632
6100
66372
46365
44936
14613
54951
84379
23593
99359
12975
2380
15532
93663
76042
85767
88421
70472
59933
20652
88684
56785
67004
23
22987
56385
23294
63720
94201
68782
48855
5397
65124
48966
1400
67984
90386
64458
73482
27673
96656
52642
24579
81107
38938
37478
88489
57383
16724
33224
81397
29464
33144
93759
53308
80727
3862
40255
67548
21096
27198
24280
13830
33918
45848
3448
60341
72119
75230
25207
33454
30794
92253
82795
85950
47901
89095
63677
24267
15558
93160
84699
26413
43308
30192
26982
46256
81086
99802
37954
59700
45755
21945
4643
96363
55193
80073
7694
65770
4782
36611
55456
47228
81038
90500
48364
43446
50832
99795
70944
43020
6310
52513
43326
29338
61826
8373
9986
71133
14828
72288
98056
85700
78276
91535
61928