15502
89148
11701
96027
78086
98726
78983
14011
87202
93139
46276
62951
57365
84144
5989
99196
29253
58818
50797
53853
17359
63095
31920
81484
74466
31912
37890
75391
89189
27806
26040
99284
83622
57899
2803
64268
69595
61931
52459
50106
78836
46683
81506
39869
90583
3014
77481
28666
61235
48457
92111
75293
2368
43495
98991
98745
98111
28915
30071
75117
25197
46711
50597
81190
65970
24564
36059
83635
28252
19290
80147
77276
10852
56871
83877
13696
81023
74449
2914
96000
52441
17883
84481
81072
49894
41009
32548
80888
18784
55658
46706
94600
11600
5176
90546
27836
39147
38663
82867
49029
26219
46728
70718
42683
97468
63447
67725
81116
53223
50243
9708
91732
60924
80703
89465
81704
96921
47313
32132
70634
22829
56468
85814
40397
80166
15907
60493
79339
31007
9272
83147
93216
84899
27394
1290
83451
22627
57116
92346
36277
48495
46404
77372
14830
33377
66237
34014
57884
24584
71098
5016
88943
34938
81976
17502
34963
39363
42877
81114
12802
63331
8739
95819
31442
74587
7522
82173
68922
33131
18739
69798
4867
20377
2396
1469
27463
59414
53286
97184
31310
88308
48188
93146
56220
7100
85272
32461
27846
46493
67034
40319
38981
87468
26040
9450
67574
3563
90173
62323
88959
24065
98978
16080
25433
87520
2892
44845
2125
25330
63950
54288
10795
34638
70673
50662
98127
19713
51115
74917
67244
66834
9102
4747
8275
12349
20057
52452
7267
4023
23822
41498
17525
79861
3030
91578
78854
8976
1648
59921
66732
41941
85562
92627
96104
93706
62884
2422
64565
13094
34398
60062
93731
31278
2030
46198
72966
62246
61803
87839
98343
7930
854
85235
95927
83023
48442
41180
8866
45853
97901
87847
59976
71014
99636
42151
62409
94276
20327
50614
68869
8943
3565
73560
40729
68261
14872
77292
39245
83704
20206
19216
51962
42086
10421
43925
46792
29351
34077
37545
8258
80096
75547
86112
45164
27003
38239
9894
35220
46475
83480
41445
74785
56967
7100
96428
86134
21346
3631
59417
23022
91381
85965
46488
87842
99205
20630
86731
12892
20106
63551
87286
73474
25763
36508
9742
30381
21566
87457
7006
72241
75671
37470
40477
63415
19381
44048
90255
30933
45322
73825
80278
74058
5168
58781
10573
23408
45108
50838
85647
15566
85614
86190
87000
935
65234
73617
45031
90716
51541
99041
70438
99013
95128
92426
94976
49392
24302
23717
32859
80146
27573
88120
36638
52286
39060
93711
75265
91250
53513
42766
78841
9050
5918
82935
29864
81532
99988
92420
4021
67771
28367
54869
64835
84690
56006
46753
22129
61076
21994
36406
97473
21302
76049
52690
95924
46399
80062
45295
76705
52945
30725
269
34282
16269
99989
63229
81466
95037
57566
15082
88437
3512
25690
39891
96757
45935
91914
12785
71847
21738
31882
40218
23583
67983
49613
94342
35523
84404
88712
34138
76809
22447
25842
36444
47206
18140
44575
91388
73137
17050
25632
90085
44440
44719
98031
68553
52114
38406
4937
30449
68162
5010
166
66617
53994
61934
60355
41074
59980
73925
66017
44187
89108
20147
82149
54974
84478
62509
9755
95987
90726
49901
90578
37065
66250
11130
20063
363
66319
64422
25922
13450
79065
26235
12373
90817
97713
53324
56796
27594
46034
23152
4400
44400
53795
17356
25194
32077
10231
5896
45907
93490
79221
99834
96389
95716
91098
99477
72769
51336
83099
41505
57845
52467
32818
14644
69748
80085
36666
20900
26560
95311
55487
39788
24138
71909
28131
49775
98085
44986
18568
42925
21232
6934
89928
91328
16418
12714
30515
56045
40320
15790
36808
17300
58139
88589
3662
73120
89680
55113
74885
29113
9214
44000
61519
41310
29658
36675
44004
28339
3599
82970
99455
88360
78920
24385
85246
1893
50923
84067
22527
89206
93270
14324
75542
11221
28636
15694
12012
99045
85003
77122
22085
31270
10021
85141
21786
44619
76091
21381
38353
20163
92386
63794
74003
25777
75250
22817
12265
6672
85666
18820
14497
59275
38059
98931
51672
88109
51691
31433
74469
83549
54396
65358
89015
64000
25204
45345
83944
77154
32043
56505
75080
52946
58026
49845
64473
60893
71823
16342
84158
84135
54001
73476
92864
76164
37801
84153
539
11146
89048
17736
99078
28986
78745
25333
68797
74508
97682
79450
7469
69269
13286
48897
71821
58020
7348
30996
45569
83041
48552
86366
40290
53577
28369
38492
98907
25421
95583
78002
6990
9965
48346
88814
20896
77925
8932
88421
85934
77538
3058
96263
65495
89697
37412
67065
82099
73091
9356
97133
13605
70771
49024
49544
97501
93003
7413
70142
6313
28162
87057
50494
74104
23368
8717
73765
73889
86911
86809
67709
38260
43186
19215
9309
54967
58275
12151
68278
33218
49914
73669
16992
36515
47737
80339
82363
32571
26066
56036
54313
37431
14651
176
79792
96919
37432
73105
62779
49297
37997
93933
15540
55434
9340
60171
59986
3637
66566
85231
91573
69795
34070
82224
9648
7163
18369
82689
92506
18074
31330
92429
23700
76558
89566
93329
17854
80778
99503
78612
63163
17541
18642
30277
16186
64049
9946
8813
19849
46686
80045
15666
52780
96198
82440
65031
94747
35852
62883
51920
99075
15227
6401
36548
63823
70976
86968
58525
45524
67640
19036
81064
86917
30581
39430
61568
69462
11211
61720
40302
15698
17877
80823
55349
820
24117
76925
19384
84042
46048
54988
27069
78981
49853
30163
86189
87216
50632
31558
52051
49354
7377
23122
7011
23207
31421
14317
47276
26955
64701
55459
37341
27962
51971
57706
88462
55864
15843
61905
21542
70900
98483
91947
87638
63968
21915
2428
4003
43212
19956
19299
7582
61004
37459
3674
95996
39226
46169
81356
79179
38412
59183
89787
2125
62267
44884
38393
15698
92161
59173
2827
28544
90850
30369
27357
48574
89525
45452
1858
56396
58799
62296
17719
94091
32798
72069
87420
66330
74401
17973
92122
3316
39677
65973
58999
57023
89270
43619
42092
66328
58141
85641
55167
9380
64794
76662
49829
58958
57942
90849
93479
42401
35006
46234
32973
13970
25152
3258
79408
91750
91935
59049
87786
8412
89855
76712
83804
52410
13559
30607
89023
73210
91826
82369
21705
41051
50620
78609
96848
35689
48
57772
72629
75458
15491
61158
41094
80041
48425
80117
58815
85644
33944
24068
19945
70606
23476
79074
49638
91386
74151
67619
14330
22771
38128
55349
25862
26910
90912
57704
50398
94082
10834
20572
7861
90741
33048
3151
45834
82354
94479
44876
71144
53597
97517
56301
3767
60705
80334
47506
88120
11748
13564
60877
79818
39876
18304
40166
88336
64679
75322
56260
99649
21281
85225
3234
19596
65694
78206
57100
69692
1320
44144
8865
73722
91902
88739
71270
96499
52050
83706
70282
71672
12699
33229
79776
7616
88861
84631
29111
65978
76153
14141
62143
9023
83825
96496
70792
89018
1063
44481
71638
90334
76978
75603
61060
79164
48389
46269
39812
69347
57698
61757
92473
28917
83177
48521
77661
35304
65864
2764
10979
33319
475
2283
13753
50288
63077
5099
889
39978
18279
27322
27516
30471
89205
78039
4974
89860
42902
95308
89831
4131
43754
8972
16192
36812
48620
35588
90127
18365
4066
3713
18486
38864
32893
17268
2771
15219
38132
11214
76888
33380
75702
87157
15361
8724
29927
95753
95197
72118
87759
90290
75039
96197
51847
60278
89475
90263
72981
16265
49503
34100
94449
50408
60676
93023
66564
43760
44093
53859
60280
56791
36461
75932
82072
66697
48824
98716
57725
75809
18590
99814
5440
90084
90767
60677
30809
18482
59550
88714
53128
54940
49282
33623
56112
90781
49667
65678
91019
67361
68229
79207
56729
18696
21217
22961
13595
14006
79364
40402
42326
98844
44422
6236
16137
81429
4201
94952
7160
83632
69101
92448
22253
54354
86147
7414
582
42889
29826
34986
83385
80272
28611
52798
89895
58422
95359
97844
25196
42735
68636
28241
78047
65996
76548
38321
51013
47731
77115
24071
95916
40461
18995
29843
5776
7495
74700
25954
91466
15
20938
4364
99213
8547
8458
29236
24832
3338
39935
70933
34791
1489
46263
45622
6023
9994
5260
2680
5804
38957
57935
55659
83158
77733
12412
3774
3148
66267
77777
255
72574
87724
82231
31028
86835
77251
51004
81227
21309
42047
95997
94292
28514
86205
84931
71775
41796
42038
26097
87645
57591
36519
40419
54930
52115
83304
68801
28534
88145
94184
66499
37154
41182
1471
38139
62293
44972
17961
52778
38680
99372
12552
18111
91011
91379
23567
76150
30867
39164
94694
81951
59827
9943
76262
48734
35242
3879
31385
16929
90392
45669
52777
92251
76908
64415
15984
90409
64485
20086
53950
9602
37564
86090
17321
95081
14609
19265
4057
52068
5984
11527
17992
40106
3548
19897
57956
22802
1892
52125
64981
15408
98899
9358
5139
99532
13986
881
49730
72708
19138
94046
90992
75624
99945
16537
77500
54879
65922
44621
83397
30141
82600
63571
94619
26970
90466
15385
90775
98261
63453
79088
14263
55139
63816
94574
76969
2783
71585
42639
18715
5413
76106
36194
88628
93418
68354
57919
41797
21076
80688
32097
44512
32420
79045
9960
35717
15385
17430
21179
28655
85195
27242
64509
89478
2031
39996
43794
53521
94008
41880
71063
37656
50675
91307
36
67804
51918
5539
43041
42785
33646
61565
36263
31057
95085
92113
92136
93052
59553
72432
95488
39474
14921
52843
88239
21987
33138
40217
690
17766
89952
60943
70799
82642
77395
19062
90755
20027
28779
58517
63342
56459
99089
817
96047
2325
9179
10576
12754
10351
16808
5215
78382
86634
64372
81243
90571
94391
74962
20425
86689
14637
1143
3685
28426
27332
83847
49250
10795
8056
1654
7012
63754
88229
56861
53096
29109
68209
80628
62853
51539
88972
90858
87024
70122
57851
90011
9349
79636
15205
5680
23178
38191
55326
62927
43685
5617
36161
309
40731
9786
10370
53832
94036
90027
19090
95683
57776
60186
79351
21628
88291
42550
16985
95974
59582
2660
5946
37616
97472
66690
10363
19790
58313
63281
53576
15014
38390
7104
55094
67468
22807
41834
84646
86627
5511
36587
6585
67860
75272
23676
69891
59898
67827
21626
99215
53793
76287
78329
66513
43421
10725
95062
5360
53309
56504
79819
59839
44837
87916
92970
57624
95944
76409
46610
63333
76871
28346
28933
55813
86664
79185
69943
94945
23871
89035
43930
69695
76578
80952
14514
41547
78237
6699
57929
63424
17245
50520
42916
38324
82389
19264
26508
74248
40542
34521
82372
66736
68779
78796
82273
42147
5640
36871
28599
28842
84692
13096
30349
66344
84208
47334
31027
45793
85541
16033
16945
7423
33295
2310
4482
57817
59937
57832
52826
3149
40370
26710
39042
94545
94001
78762
50489
30389
72169
66872
48554
77093
24809
73593
94854
95096
26475
8745
92705
26887
87482
65923
36200
93016
67631
31911
91335
53575
46278
97467
97002
32281
68184
82663
94835
14660
18039
53143
14298
10702
13619
5674
9910
68427
79265
33718
77709
72807
3410
69587
10190
34979
16538
99776
13026
20410
53682
10317
34354
71650
12093
29391
95391
7256
46058
56944
93838
49522
88471
27748
97667
98043
7855
50001
11570
26781
31949
84501
5457
17899
9015
85125
60038
36419
67696
23013
27922
88170
87767
8593
17933
12671
32460
15929
38827
1412
52662
76106
29936
13419
58359
70846
64102
67191
89346
16747
46466
26989
24250
90751
14983
60297
22595
68197
438
35821
96720
5934
93353
68707
95737
26571
54933
11599
36584
48612
35435
22450
42179
15770
66254
94951
64073
15179
69327
39515
30393
91615
77496
57398
93583
88492
40820
67121
95010
20945
68496
446
57445
60975
86029
15583
70608
52186
10876
92236
33547
7275
51855
40206
60399
43606
66200
19250
59485
33808
59071
84108
86943
15000
52588
94112
13480
76642
71712
3844
66545
5126
85651
75079
31146
58953
60814
96322
39888
67750
48890
51704
11223
61837
78888
21108
94461
22969
68867
11569
51008
84785
18048
93096
14095
16541
4600
39157
27412
44956
34801
85867
93686
94126
34430
37514
25898
96811
76755
64981
30732
19708
80462
59085
55218
95532
88444
12153
66133
98549
48259
40755
1392
83262
24337
19321
4525
22503
17573
91875
58648
18592
70611
23631
98103
10061
9138
97936
55092
77234
2227
4185
94530
66198
80290
67955
35058
94782
10541
37703
13087
46948
3006
49061
69803
70705
67910
96044
43219
24651
64229
19992
64294
47569
3979
5647
17213
64801
17469
34386
42429
44640
69458
42016
83170
15970
68535
86065
12477
67998
85058
66159
46169
28698
31049
31412
34106
83953
92612
2553
25633
12701
62923
84217
81351
76078
36424
75144
56681
42861
78687
71343
78509
470
5143
28438
67423
6870
59554
2777
96650
8286
121
51154
56815
87142
81306
50328
47336
19956
10232
43758
78996
81341
31470
83999
39628
41936
10394
50369
86455
27160
6652
80720
78792
92271
77655
14955
86962
52423
80908
9351
30221
25668
68498
49255
36458
6413
88544
37930
75582
93644
50627
74355
13842
94786
15991
11644
17404
92964
58308
30130
2940
98058
69560
81929
26182
87646
45484
12168
92576
9404
40063
80191
65200
39977
72435
81686
69600
91703
82410
64368
83669
56189
77798
43555
81570
14579
81308
76647
60764
22892
91023
47767
56732
42986
79457
36073
65432
37860
4898
92969
8834
55664
55090
17455
84557
43779
43063
17627
98026
36701
77650
61494
34925
15892
86208
73758
81670
8044
19771
67401
75540
61847
78862
60047
10533
15153
89829
92566
73964
81504
54645
29122
26178
63007
18720
47667
24477
51289
11843
88770
60311
2383
66075
59040
96837
57937
74301
14120
13741
79953
3737
49034
68768
59142
55133
69925
26849
56190
51237
24983
15969
48669
20792
14822
62444
11207
72596
79247
54654
57507
79914
47256
86124
43403
63699
24834
4951
53858
48578
78672
8279
1110
90236
46305
80536
32802
53321
51143
3925
30718
66336
53926
95008
64083
94505
76969
38757
46229
52112
53698
79208
71293
68797
46351
87591
48220
55327
25736
93162
87808
50334
19476
81535
96857
99393
39127
86119
37660
14096
55279
86592
99178
60439
41271
90440
99311
35369
11899
47721
24523
42097
12037
43389
62614
4909
28786
34952
63634
819
57026
75410
2634
43168
88155
93879
98271
74846
63773
63796
10974
9276
84676
78602
28921
17327
63955
1735
32850
96698
39698
45162
80255
95400
52121
77631
75252
57181
70952
44570
68608
76234
70016
32963
1855
94653
23839
21095
62555
11768
17971
41712
25469
96668
45556
50314
65483
98892
22977
94022
61184
62510
54908
92797
74759
30818
86273
24043
36503
5847
69670
89199
40819
17905
43915
62058
25844
50799
98156
90292
85956
17967
48142
2733
39025
67878
13750
22908
15402
98700
93826
58414
47663
59621
77545
35370
6421
45289
94919
54964
89390
29541
67556
42076
94523
8912
85386
70709
5901
82382
57802
48194
23854
27957
4234
45350
82431
6900
846
37385
75001
3043
11597
88038
2728
40742
68656
92392
9062
19030
6951
87007
3193
6709
45085
83388
56606
80146
85877
20024
27037
62221
60766
54638
96089
78458
8542
74962
42232
62132
48818
76825
44222
93826
14899
4313
63596
67558
65230
42209
46921
20322
12426
43639
75253
79228
35713
38451
24822
13284
64406
74839
14399
15614
90279
46594
35392
697
78679
31894
89353
74947
90393
65476
66417
71395
4727
33485
62481
95947
81316
50510
60059
62253
51894
47883
44175
3210
24194
75162
27623
83589
55759
94955
87024
26174
56423
53540
66644
29507
38170
18416
39794
95556
94946
88730
83579
25905
25303
34411
52693
89131
9613
6217
20257
88817
65947
4125
80606
5382
20095
97733
23035
81447
65526
58758
63600
63311
73954
32804
36143
6379
39971
94084
93462
94020
49788
97392
7967
81972
48412
63327
84327
85214
8348
72312
92704
38191
41492
45033
82410
7332
46267
40268
66130
565
20680
31576
97080
90342
53921
42254
58254
66599
415
45938
35794
17962
83300
48912
69035
10811
24517
64134
32568
41755
7581
53540
87276
78783
77696
96261
59668
60406
63164
54949
51582
24276
52697
23625
50865
90237
68937
20474
28428
66515
42791
75358
67455
83820
35402
49631
61028
38878
51999
92769
45606
15951
41081
12576
39181
52969
79872
98975
29439
17548
56805
64654
81545
43028
54858
19929
18145
32908
30270
78265
64238
70678
20076
6885
23949
38423
77092
72559
12636
27195
4157
34923
88223
67705
11739
85234
59504
74481
49263
68266
19750
91931
64051
66964
97810
52275
95491
32659
45324
11806
9977
33205
10758
39498
13204
98345
38208
59858
9059
83569
19829
54700
35986
58397
24765
60837
93050
50449
81420
12334
82553
71551
24967
7546
34994
28484
17704
21358
81228
26527
12757
8522
86310
65925
73574
28893
34022
88635
23297
62568
8180
80339
30696
94021
3196
16677
91166
12303
28138
48703
29089
62896
83978
3161
14534
98192
91393
15731
67603
67576
82452
96662
91662
96773
70219
61864
81284
30552
69427
4722
33399
73794
33809
34977
11968
22702
58387
26805
85190
15925
60498
45806
72170
94945
2388
25493
70337
88877
86503
60265
76788
95233
17590
38240
99733
1715
85170
71976
70779
38339
53772
54533
47210
90964
58977
88747
60794
91019
17548
60508
77196
96034
34244
70399
30355
1783
56697
45619
76130
19393
49356
63012
76197
20917
75484
55880
17154
84927
60548
39327
54020
32296
45835
80160
65291
67373
62787
84585
97428
44156
19854
89815
39414
70475
36597
43994
50106
27659
54220
66112
87052
7360
91834
43714
21899
53449
93150
38046
47248
56055
92991
9066
70581
30062
21605
55939
6478
3436
14765
21550
46051
622
21599
77859
20151
80540
83254
6995
37525
87265
68716
55733
50640
69465
33035
3639
92719
23544
13782
88089
38470
85090
77476
6843
97570
17968
23999
46559
78626
75018
31035
5378
27845
98239
42323
37949
37685
19312
30481
84643
55911
97554
19490
91044
60619
68760
9729
92206
34577
92221
8556
88117
85266
27458
12828
23694
45604
83986
17744
78609
80515
17541
25420
10196
21940
93539
87740
57195
68127
32810
6730
83976
57001
22473
66423
49254
42621
88702
64117
79198
16648
98967
20056
4261
75872
56005
16941
13588
31899
11309
95282
68881
77803
61352
67376
99716
23645
62397
28228
45155
49227
83696
3891
4638
26639
12672
69442
21538
72027
85169
56388
52126
11238
41002
63353
16215
39702
40836
13726
2673
96221
32546
13864
79632
87817
58715
87777
41937
75550
43192
8757
77826
41733
83863
72892
30623
807
96583
38132
9985
12734
64984
77954
15075
2795
68590
59314
30177
28166
57917
10984
98795
14225
26677
95144
78712
56125
98852
23278
26330
31245
76061
19945
33894
45588
79335
46357
78410
19745
15206
12660
6223
10873
67624
47938
41855
30687
99927
36101
49250
56644
22560
26968
44207
72731
63361
25831
10537
38202
61833
92358
4092
59397
97950
33184
91369
4131
2253
74503
38705
76391
72009
8946
21378
25777
33114
43270
17120
59694
37386
37839
42082
20242
62826
3544
9985
42647
13951
12730
87288
63892
66438
3691
97063
96340
1370
98002
67542
64964
51218
73344
95281
7894
55530
57495
93080
43182
78295
44036
9195
44843
61045
45631
13049
75552
53248
43036
71333
88383
76753
11524
48435
72176
8390
98161
25047
12325
13744
86077
63023
36102
16580
50512
51239
94205
7071
2561
32599
71703
71133
90476
88259
4507
82779
85113
49785
66190
65859
89796
56957
51097
11407
37684
12378
19298
54205
81515
98869
27270
57478
43343
42688
72241
80269
84820
37806
89552
43712
44603
4286
8842
54897
86549
3929
4021
56458
77661
88161
94371
10683
18662
86032
3245
55767
15040
66686
50171
86217
65171
34865
74518
59171
75481
16408
78164
32992
74227
69336
19011
53133
50949
38460
57246
37895
25652
4757
12627
96408
31514
46173
17441
65182
47106
28848
96364
86382
53251
46765
81710
17021
97619
90107
66546
3247
5635
38317
82724
20086
22449
32326
3503
9580
45872
76937
56766
53927
27160
76696
49860
11049
26621
83517
79791
21043
50934
94083
26732
61966
96489
39245
10095
56631
52373
89167
310
79344
48913
4238
17217
50800
53011
95563
36774
44163
28399
47029
40738
8405
29844
89120
24121
67931
82168
49893
41698
62272
60371
36107
62638
56998
26296
54221
29379
10634
31001
81985
98367
61129
71319
49857
51529
54896
48225
84606
39471
28030
27455
78348
79116
42680
11825
18078
39563
28513
71248
16581
89173
94365
24718
73055
65696
20289
84835
98335
59002
65327
57241
36921
55059
25614
88978
50133
45248
67041
26239
38021
46030
28514
18857
97388
22198
93602
4679
89827
91700
81056
13383
64213
46972
12556
96823
94622
20143
47600
13206
78700
27454
93912
12967
34686
61203
94883
58950
6814
6413
13984
32964
25945
25811
61332
4785
7071
64642
32795
75061
81509
17921
20039
16006
6324
84363
20743
40639
11083
28101
55048
73560
6620
65839
4520
89095
53054
29370
61622
36242
88788
57874
88180
48956
58506
31127
51918
73633
89732
67876
93732
38882
18321
28561
46313
10502
87966
8867
21153
78565
17659
10790
98919
86070
18543
56069
83140
86625
99982
5777
63485
89260
77129
21250
43470
21174
21391
67841
27047
47127
58289
32427
5727
87122
67299
15757
29525
89690
44171
6923
68068
25632
9929
84261
37910
37365
64702
33851
13373
54409
27618
72350
72060
65901
64530
1598
45676
89512
75053
6078
3862
16138
81477
57063
94250
96140
38809
90684
66377
3615
61455
14842
31694
53773
59277
30754
45929
11173
97131
89420
84459
69063
95407
57474
73773
59390
83394
34135
47110
7528
73272
64229
63635
45853
84570
79879
39443
72076
83214
45229
76834
66272
5213
58602
70989
19688
84732
90533
36674
44248
99439
45812
13713
63923
65029
48977
78022
64984
8786
21045
74976
34030
22012
1902
57216
36849
7821
63171
73685
98020
13803
50844
32757
20043
62136
20988
7968
31971
36585
29892
4020
91804
6550
56592
42539
51699
64758
5271
74925
68644
93542
43103
40483
59643
92555
11572
16192
15542
33898
42219
9449
55988
73777
49705
10715
33519
48098
76177
33195
14831
82084
2103
94059
97029
79643
76792
74027
41117
13974
32566
832
9838
24603
46304
37428
39604
70153
95868
34813
56635
94427
13847
67092
16288
16448
90971
4843
66229
40478
71166
58425
44349
21553
15166
14225
37018
51913
73376
77941
32308
67663
89890
29690
63279
75791
79119
23234
29141
5835
1272
30628
63242
77005
7055
14132
33669
45958
11410
48467
53158
50998
37015
60996
32688
616
93058
48340
65953
49452
95999
61301
49263
45246
3782
60720
48411
51014
22842
35702
6981
5862
88442
76734
48972
69678
62492
43944
79511
64040
78556
22974
71691
36661
77274
45429
8359
66628
2315
94592
42905
41833
50900
80514
32526
389
92064
71135
2093
23378
48337
55158
57773
28416
49671
10593
48825
80916
34896
83746
48395
15833
4025
22879
47664
98823
24392
6259
71903
74390
21180
29266
15285
36651
50137
58376
64482
88320
32407
13127
93184
55911
94717
59462
10738
37696
51332
48706
59371
2680
42114
65347
72502
39908
97773
32747
47968
31455
22913
68537
83600
50717
88716
98801
63172
5998
48621
23123
43531
31941
97776
9643
33323
95732
8754
25997
14017
56387
51662
41513
26207
23186
14229
78436
98131
74201
49101
40527
99511
48056
66448
62522
66692
29910
55713
20440
41326
51493
38871
85772
17753
85144
55381
12275
32924
63842
20244
98391
30399
98917
93079
92547
28737
28768
68545
24994
12948
72341
84623
68729
39142
46582
86613
848
72997
71633
89179
48890
62705
15159
87468
58873
58096
42945
17535
31347
28617
96480
83528
7006
12979
43611
47490
61320
69435
59751
87413
96383
27471
8171
84840
51072
93887
33771
27692
28232
88356
5549
35354
6903
72325
21955
25406
40719
78582
96407
20490
68429
86693
886
40321
27869
49613
51854
19762
40549
43065
84718
39693
62593
27303
33675
40059
85884
53004
69919
89786
93346
41359
62573
69407
13111
40547
7228
85444
3590
44092
36010
53294
86241
19907
42287
19368
63930
36640
79394
7289
88943
20673
56975
57719
48822
47105
50914
1426
3907
87690
32284
67812
28483
90619
11130
86156
53667
12598
200
48203
1517
82355
50786
72301
11857
42246
1724
18360
99917
13353
68298
7359
79531
87009
50397
39909
96855
38567
9691
57898
29192
51126
66122
32149
35270
10467
72383
79937
73215
92498
28704
8912
38645
7388
87495
42727
67693
78574
55359
87761
81543
44045
10198
42270
90544
95224
51145
23415
28685
25996
5382
63362
28444
66022
35114
97413
25084
58914
28368
48330
91682
16993
82441
26131
3893
66535
29380
90711
75454
718
29344
56342
81828
43850
36039
28086
48825
676
12359
33995
46238
99509
13985
66708
21184
35951
99822
58785
28330
95972
42723
59945
60642
45863
28567
86208
98034
76324
60393
45266
44433
42063
80749
63224
3108
51320
10912
50223
58091
30675
87921
14547
77390
43757
56022
30378
97837
34539
26927
5680
98189
40663
80501
41921
45923
41379
8822
86210
69240
78279
65971
84814
12424
42804
51480
89530
80036
88566
66800
98643
61779
45648
41174
66634
29430
85683
453
27784
51681
56418
84148
78443
92524
83879
26004
40933
10097
44296
75759
7738
90512
61982
23256
88111
67649
27472
43959
12434
57797
45864
25776
62720
39051
90523
4276
65790
80524
42743
46857
11341
81013
68495
13617
32384
76183
80072
69796
52695
25074
43948
33224
42410
84517
39694
98657
20018
38123
50267
73808
19708
24756
34124
5629
22979
69285
31847
58560
15401
43459
4594
23158
36644
32350
27900
72667
9148
68846
26431
48291
3853
7836
5414
9952
95753
10424
262
18436
79874
32119
38327
21926
32095
2674
4774
8616
98425
6325
9968
62893
23294
71989
93400
42614
36892
7724
89867
68763
42677
91494
27429
77463
55696
65453
31832
5248
62407
35731
11322
2648
57837
35605
86399
14315
78688
89555
37816
60227
75916
39669
35111
57104
86499
41667
59175
84880
31543
83882
4768
1924
41068
74487
82936
37574
92017
62061
45915
27764
41896
29667
81403
50098
54223
27774
17765
63800
29343
13185
48575
73933
72503
93142
50309
64021
20811
64602
57979
91016
61516
76316
80148
13572
57301
42186
81687
3049
63393
96427
74394
89591
39963
63537
54713
55947
88343
76919
69333
99414
36743
3421
79245
1384
89043
94421
6001
96108
29065
42824
8991
97890
53119
72379
25391
4963
98699
97326
67211
68674
87852
76832
64629
28687
39045
9084
49878
63361
69081
3893
72813
6649
62058
42799
98704
25584
73344
14357
79303
73062
29261
26995
84350
13826
48525
28271
6066
98845
59723
34740
29895
88535
42364
24176
72465
72855
58712
28487
2038
41113
34334
28272
66450
90868
30212
91004
53650
66729
4535
87553
38587
76214
7785
80416
86546
2299
85333
42374
60724
46141
27651
18566
64886
42966
71068
65778
60915
48638
80058
89639
30119
99384
13666
17490
90375
5262
71052
95328
2261
80225
92881
52495
9143
20787
58037
72294
44030
22232
82983
88859
54738
5884
2687
69862
10249
25874
34486
19098
31373
82120
60874
26081
60605
71893
74471
65992
72148
48429
20570
369
16665
59002
74265
35967
67063
102
92558
85931
93532
15104
5666
97308
12435
62575
3772
58919
56652
1677
42132
60235
8299
69704
86992
50482
32505
38393
97089
50803
22555
60800
51117
4750
59380
55988
34709
73232
14844
68648
82576
89879
91172
94180
22788
99944
29073
61906
84340
45555
17941
22266
60915
68283
18954
1737
73561
13865
87333
7743
50435
75330
12399
49147
50174
22366
65552
5069
56551
44063
93479
53269
36875
43211
43914
10677
36675
19106
71564
26146
62482
62147
45484
83535
21708
21218
41555
28261
99474
75785
55638
22866
50745
35118
60833
30957
69057
28290
50732
67443
23230
27380
40977
96563
82850
18691
95153
32792
24223
99014
6725
3197
73972
68455
82182
84212
28813
36293
82056
85737
17069
87226
51157
28628
71622
70942
1895
8123
62989
20021
25098
38719
14108
14640
91969
54062
12675
26143
87928
9754
80182
56523
69898
60125
29627
63339
41644
90106
72987
10008
78954
22779
75851
63459
98533
44147
80435
56158
35534
71746
56835
61860
59601
42132
58772
69578
64717
83050
57766
3096
29442
3571
14079
50512
28114
91228
49330
85086
36642
45873
53373
54554
76461
11400
46996
1238
47593
23954
75704
4756
62805
38806
76970
28940
25417
38693
49434
44524
85138
8950
7392
32013
53483
45300
38393
30478
84557
38870
15481
92492
86326
61451
29123
13690
58920
8170
34726
94464
98980
10318
30806
92420
2301
42822
35986
62815
68554
29244
27718
77761
64809
9563
23555
29518
19444
690
45835
40275
49286
2771
22556
79220
79202
65430
26001
57271
29550
49039
45405
29731
47521
75420
87686
75900
20495
83449
75378
82559
90862
2759
40894
44889
55899
70072
36243
79085
728
65547
94410
75555
10711
60520
74105
67675
25963
51598
21674
72534
90652
40655
68668
28932
87166
82262
80364
46225
39649
97502
18682
74529
30077
20659
6612
17132
35429
41113
78955
77604
43871
15275
27469
29301
65069
29602
1126
75044
21345
31956
60887
53172
45371
94102
25277
55781
37400
74375
41701
75178
59766
48455
79295
7969
79197
27047
63177
32366
43628
27860
13736
75134
52699
44849
84503
15491
83820
26719
91294
24932
37069
22480
976
53547
99949
61533
32794
3654
41924
60703
10281
29765
41175
6937
82422
25080
97083
76347
77912
61864
67755
83261
83709
64560
77858
55377
61888
52142
3442
55164
46917
35382
48319
99835
61327
91316
64813
58878
92203
44875
16796
48060
29831
48851
20723
23726
31497
5656
90577
78337
20928
32716
38430
2998
59472
88331
54080
73897
40938
60230
21043
50840
37817
68926
3363
70896
15940
70624
98251
69620
48660
42309
99081
29934
87702
3090
73926
53289
81129
61249
51498
55645
523
95563
22540
39705
26392
68019
36460
17759
63332
91166
51194
66962
35266
78962
31553
91478
50886
1562
21468
93136
66472
28752
18585
72132
14001
58598
64963
341
85853
18993
66678
43775
21685
46844
71192
24323
31185
49646
44061
30706
5734
89525
6578
22073
57095
34506
67822
82286
19837
29163
79841
63714
4549
97161
32386
65643
71945
81784
56679
71741
21449
28574
96592
65804
30110
41553
66040
23295
25919
35055
93153
64474
18626
92801
80090
12581
46806
16352
27823
38718
58312
91315
64405
19687
75591
62589
35825
25522
25802
95975
29776
53521
33236
99259
22675
39065
48180
72072
17994
275
17239
89901
9618
85721
98684
15851
92585
71400
90584
90560
19705
53734
75899
46426
32061
34638
49640
85539
9358
13569
65379
38160
288
9190
95336
23841
17055
83352
32004
15486
85765
67783
32692
11537
90544
46882
47724
71561
32070
93718
87226
57144
317
34608
32127
52963
85992
25009
76961
67866
25986
87675
13184
33628
86163
56917
7017
41141
80192
11533
18807
26101
47359
22107
26420
84196
39727
84133
75326
97294
30241
716
3541
16503
71312
10371
55497
84852
48606
8646
19425
13375
18004
21243
27949
28138
96430
38088
28341
42743
48401
66985
2577
49710
61235
42247
33424
12463
69477
55407
66628
51732
67104
86860
48359
94423
75883
41580
34273
9826
62060
68631
80470
49511
29831
43070
57630
81629
53335
12672
85207
82225
26112
85878
37129
6593
35804
9630
77135
77191
55916
22327
83819
98946
18062
4068
47998
95804
58157
19615
43974
67610
97770
75621
10773
6328
57458
5295
12777
73340
4265
2512
7357
75901
50997
52577
41922
14614
4123
29936
96063
12609
18494
52965
86354
65436
90385
83287
87101
56207
49394
69526
93693
48905
50280
87068
11585
64775
24052
85854
66620
28425
13318
28515
71695
41956
91222
54611
69061
25269
90685
78412
30232
98516
79382
39909
13626
81822
87823
63273
97511
72625
74697
302
97616
94860
83745
44841
46295
75151
81324
44906
1934
60024
7685
97673
46248
12243
29255
11050
31763
64390
46310
20599
86577
97125
20950
43657
5844
20494
62648
26775
56689
26320
29134
70264
43729
97825
50477
41490
71231
58640
47080
29019
57089
56422
29810
88550
48020
98162
75097
36948
52081
64086
41411
66779
64005
90182
38096
8577
90898
50330
6382
6755
44025
97763
67666
36671
90574
50414
63922
94965
7925
82472
38989
80003
43251
46282
3808
69025
64370
34033
76327
92978
40096
33721
72112
58460
96907
9477
48892
1115
92062
78111
11646
95411
11520
39739
95249
51201
40882
44192
45959
993
27605
96629
48522
81365
64954
86439
94560
80107
63326
27279
125
6220
50249
79818
87866
48241
89562
58036
26396
95786
34643
87446
59238
22855
3591
85157
13884
90636
65727
44916
79093
85690
57200
43404
57263
97122
47674
48318
4295
54793
38001
72528
67599
35622
19755
94922
31528
86861
91541
29170
72599
72487
24523
2204
71905
78806
33735
33716
36597
1565
77302
18047
61934
92673
34628
20399
41118
1895
41692
18392
88891
23403
63212
87364
37830
96013
66929
62578
57961
71453
79943
84704
72867
25196
89245
92930
77511
89142
89531
16113
91372
63317
17859
19845
47421
89954
92310
42181
50872
37095
23300
29536
69904
84623
24125
93607
3632
81197
58302
72575
96095
61911
63984
19160
7152
63922
36614
88374
63886
69487
42886
55036
76334
48814
92098
29740
68499
58708
270
68101
50320
44510
27758
72086
16072
71074
97956
77154
63676
77134
22543
52264
30986
74537
68093
88243
94673
31918
45587
75989
45890
75091
71473
9206
48448
85874
7688
81092
63327
17314
24829
79886
8562
72039
40321
42843
36304
32729
82805
48169
15481
69689
34172
87534
69
93125
50800
39735
27432
90649
23412
32658
53185
93991
54520
32106
37645
31680
91196
21959
14825
85266
25712
2361
80883
11957
44826
81805
51240
99224
62395
73060
48910
23824
94671
67823
92966
36406
87240
98526
7698
4727
55122
47310
93916
93826
85017
18716
1637
54942
35095
43926
62173
97559
73189
18171
74169
11778
14000
86080
7645
85162
71530
71737
47823
7498
26792
78336
24057
78552
23192
84473
93887
22978
51473
63634
14034
67958
58652
52503
76695
58510
55454
43493
20953
78528
65718
39976
34364
14413
69188
16440
15543
13645
20127
22862
76638
57773
43159
45723
99392
23423
32800
56502
15102
23952
69627
75480
55756
2435
27624
46595
24171
30551
48707
77999
25956
29504
56870
52540
51500
18747
43301
23746
32240
95949
31747
28233
17186
26040
74650
81441
67932
97407
3712
59024
94385
7914
31946
59068
32345
44681
63291
3080
77916
3844
92913
22606
14753
70140
29318
37697
59098
72917
59603
1451
2778
57619
49163
14397
4707
64259
32635
35477
63764
47018
68593
81790
58666
30798
48061
11913
51408
21119
38419
54301
75069
65402
36597
24484
56799
3311
95413
93172
68138
70993
78948
69449
66251
81879
31432
26529
78882
8561
97929
60581
87700
5975
8792
48821
31156
76443
72532
40066
1923
82202
26328
82062
5261
28972
71732
50065
21583
43503
98553
64385
69058
7258
90636
38161
58501
2627
44428
34443
98080
41997
28773
9560
26286
66656
88826
51404
46599
27629
72480
10710
24439
15851
55883
49914
59127
41248
67149
58385
5240
29739
85824
32578
96338
87458
86739
98872
38336
26922
6561
88748
37023
36343
86668
55593
13835
8800
91403
40826
74498
89401
62870
83076
42489
67961
17470
35155
16455
35372
57751
32738
98501
56278
23683
96328
3775
68875
79413
35280
79234
89276
65370
39261
41888
42038
4279
62891
72845
75207
6937
79120
48794
66103
39600
43826
72181
20011
91392
85940
54899
89464
16163
24408
28189
85750
77560
90455
44847
30474
82080
71614
29643
44872
89723
67438
19279
10103
13961
97160
10963
25012
3102
26136
79945
89608
53157
44592
6775
45376
32785
25000
99136
25497
83934
30929
58513
5766
8918
71399
47125
66418
83471
24334
17842
23475
89340
98837
20951
39674
60957
22955
54583
87999
67188
55824
58804
54974
21573
97873
90214
25498
52172
7032
81383
48550
48647
6910
37468
52500
2167
2384
73806
96526
99901
49743
74574
31669
42032
72989
77128
92028
73770
44960
1364
45553
44534
52537
87797
7916
78865
25021
38180
22720
24107
4054
34452
21559
93318
50732
69157
13927
5003
81249
81699
68133
48467
12905
58261
47836
55874
69109
53206
1299
34456
32375
30248
79712
21740
34215
36564
52013
28942
63148
26006
78398
58634
66309
30443
15364
99571
48874
42722
66192
44038
80758
97036
65700
28603
84097
54149
58789
40345
84056
18897
57757
66793
65284
5542
52810
48431
25979
18862
27649
15633
3092
37395
6376
70655
80370
13514
45246
73398
35371
62565
92001
67267
74890
6735
77109
75558
92846
48841
38869
99971
28470
34861
53313
38813
26280
66120
42089
34998
68717
35555
95568
81988
1703
19623
26636
64970
21569
91795
18672
39684
51181
20680
47525
77952
45675
74948
61980
28119
39682
52019
84774
67727
1487
58688
92790
7159
17581
80106
17734
11334
26973
46030
73631
84373
3624
47246
90412
78910
96446
83553
64772
78986
77343
62814
2719
29803
26386
6574
20840
78930
51584
6946
24755
99532
33619
36202
88378
81478
36219
31463
89736
11661
73986
38494
15443
79570
45795
34102
18606
98478
44479
79418
78811
72983
40625
20863
72116
32855
50911
80969
38517
37382
83204
67202
68823
58838
50317
49007
15611
29144
33636
44224
5745
86679
84180
21149
24132
670
2623
69351
14794
13853
81264
2292
92581
83481
45450
55960
33133
92807
84762
99274
36024
11658
4345
9361
58913
17717
2813
99033
96561
98133
27176
26140
37320
15239
63852
58430
26959
25282
53149
50668
55170
26472
42115
69029
30572
87245
97243
88606
51032
56673
84922
8020
77897
45921
27568
65620
94770
71828
63181
54248
33910
79168
23319
33158
42615
52795
63280
5008
58045
39360
51045
65695
14774
41817
84821
12842
15779
71826
73361
33434
14067
6662
546
13724
86353
51191
48920
7385
89988
20640
41372
40335
61688
81691
77832
96646
82169
78948
40089
96586
89235
74890
28685
98914
29593
43513
82913
66589
12054
72405
37203
28429
62101
35069
37273
1292
55493
8914
37449
54710
159
99207
43055
9223
25429
42057
68955
43059
22194
84840
36865
92491
10311
76050
64200
44258
21381
6045
85944
72850
92219
33828
86159
70100
64367
74397
32969
28187
64615
16986
10560
26123
31899
62556
43279
60981
51512
7729
6268
13683
42198
91497
90267
51252
44107
8770
57840
90396
4361
57071
6286
30409
18765
20404
79641
77555
26805
54159
19539
69463
9096
19053
95086
22098
19252
72807
96230
78182
32652
39919
43010
11969
28220
11004
85163
64294
1442
61502
33041
66965
43595
11530
14445
66752
71617
81252
84963
47634
36480
23025
45590
35231
71020
83105
24513
49015
13988
33343
32906
17176
368
32519
9916
57528
98620
36597
39624
52720
96633
36189
34752
32931
56118
8128
99418
71469
37495
11379
16001
72788
61462
60570
95098
20168
14126
82192
41480
36213
5790
81624
59816
92052
93375
24565
93794
16610
67842
3049
30697
18577
52657
8753
49043
64604
61616
55248
98074
11027
95736
55068
69939
98132
94653
25144
83060
92356
52584
36434
72604
13861
31992
86841
29885
33582
10910
4980
59192
53721
49296
39104
61898
31328
24052
37394
47185
64140
45112
36959
78024
54082
41767
21736
88665
61953
88851
41821
48838
11225
16826
11745
35475
96069
38360
64311
19978
69266
24254
77787
91665
56961
59227
28912
61491
87062
5767
70170
32260
56948
18428
87150
47433
89267
148
95582
98292
2819
46299
55111
22334
25791
75200
92086
3165
53110
28428
7891
89090
54160
93927
86626
78140
50997
48406
90035
6827
34001
21897
78130
30646
50329
36810
41395
7526
65230
37449
95742
98767
29481
837
32932
7969
77926
76604
2198
47157
30458
22332
43039
90313
95252
47740
28062
49782
65308
8790
76706
76856
36023
70559
52359
20982
16849
98272
53637
45587
11840
94003
17888
8327
37563
80854
41194
7340
76219
65230
61072
5267
49216
97189
8561
57289
94852
5726
7695
72943
30193
15381
47929
62312
57592
84076
48236
24827
39326
71099
13312
26200
18243
92702
6945
9154
21521
67650
52641
1302
77788
99671
99723
83952
34711
38325
70007
72157
91945
23229
79258
17344
15938
73984
40412
77895
69031
3761
38862
3348
23939
92351
9489
58076
32929
4248
684
60152
76750
5807
32418
45668
61923
87544
72171
16461
17126
86270
37775
18987
35787
29403
49078
93879
12462
45674
16170
22312
43288
72698
5025
99545
54420
23402
34422
40444
80760
24284
58667
82191
64333
60098
90846
53914
12115
97806
65732
73227
60223
73589
47792
20042
3754
38238
75104
32512
18906
91947
5406
45060
7005
50045
66415
50825
76893
67691
58395
45867
22511
31005
59281
56291
40454
19657
70382
15803
34592
53457
83483
6996
25134
95238
48662
64145
36239
28944
27331
58637
64900
57877
13582
21501
60544
69125
594
10536
39204
91192
54201
14126
83116
58358
22097
66752
1387
78239
86718
60757
53167
35863
94188
4703
71578
3107
3366
96052
67172
503
39613
68406
42596
39820
17547
27555
89590
7354
40043
26167
35656
19235
66240
79424
19674
15495
84442
66629
52861
38341
57787
12927
24510
8948
63976
57669
4939
58002
80297
39420
93547
44061
71335
44694
42654
7176
7910
34177
48739
1042
59552
11354
84668
6868
14072
4901
33546
76726
66413
49246
46137
31509
26075
30219
1987
85256
74610
57421
40702
38098
24682
99599
39915
21041
42229
59624
79277
8136
66752
97100
66312
57915
44437
97577
59992
60871
60759
7871
13100
40551
7065
16808
6960
85782
85943
55033
9044
18280
42326
64089
65091
81488
10872
97274
10926
13820
73111
16553
56003
89731
64640
57718
30475
62036
29330
18141
27591
46387
60914
96521
71468
58753
95749
14624
13279
24217
67000
17024
35882
30881
15993
60814
92248
33015
51476
8503
23617
90801
72425
47624
62837
5585
83059
54663
49341
42589
34355
51307
77619
30022
63209
94050
239
62662
72401
21195
369
77511
88525
61082
61350
51858
97296
2603
43123
98425
68242
23829
84886
92646
46532
33929
75815
91941
44258
36481
84134
98031
31071
133
5133
9247
80656
34254
9895
30954
57152
44016
57670
66857
23696
23966
82977
14565
76121
76854
67721
25374
81557
42802
94822
9022
2485
80997
61944
59564
94255
25203
62784
8332
11628
82523
66550
15552
75537
29038
70295
89838
86845
54083
99160
37815
30892
33317
58823
93897
77613
26519
58809
24486
21380
21248
59658
54052
7967
51699
65925
85999
83481
76698
30351
70777
77037
89964
56241
71892
50929
53056
14557
39306
22644
84019
7235
14257
6636
45036
13884
56154
97509
12440
37807
12597
544
613
51720
15000
46481
78465
81839
39800
46393
91135
61975
41544
15597
72320
75428
15481
24349
73161
76227
2526
98099
80353
91872
46404
57326
71981
22410
42962
45529
85659
86943
90361
83352
76765
26373
51417
11929
76563
63747
98544
91758
95895
5491
16305
90854
71196
51390
65853
28253
58942
65521
81115
32880
75911
44055
21350
15092
58818
88624
68967
58109
93043
24662
12448
94280
50963
87189
47079
82660
77421
20287
8574
99800
215
72690
10531
91823
71989
99716
95697
89159
86184
86577
42236
22138
21806
42232
2066
32581
33199
12661
85917
3462
57784
61683
33331
24959
65828
36487
60090
33078
77766
50021
98747
65899
28137
93823
44004
68434
74931
86712
43234
71643
39381
98847
67704
32178
63797
91037
42936
73030
71353
71180
1583
69798
21720
81629
45509
87777
16241
12391
89241
69181
52093
87506
31558
50022
11139
88044
61000
25076
10009
16745
14036
6572
14669
17182
45918
34781
14073
28114
89399
28937
9158
86675
59552
64083
65991
71670
13387
16316
32260
4090
49453
31356
91986
86090
30744
81465
4206
11754
3419
19325
18156
68251
391
72888
67649
74213
8831
9758
28383
62168
21073
72963
66541
6259
817
74366
54795
2413
13375
93677
89371
15699
39244
21723
23586
51273
5540
22287
81794
16269
29113
53375
94497
46900
54456
12620
33763
78100
27945
93367
28205
36604
25043
43670
78309
49750
76102
42574
11317
59015
26925
52504
95271
29050
68645
49723
26819
27671
89685
17721
30043
58075
80885
6984
77651
56397
16522
20321
69659
46879
661
96219
95234
88372
32047
82196
61543
2178
32708
47580
59202
28581
33946
75701
94612
55758
26823
81093
39501
10400
40584
87034
13378
39256
60807
50351
70250
2359
30552
48684
2873
76883
9776
82884
54283
31161
62745
87984
24459
13810
42564
90030
9998
60261
58748
29867
50191
42231
26325
91828
97833
42620
97816
55035
4079
68949
61767
33232
38836
90829
72742
99077
16005
66378
40969
17136
6726
54660
42646
50730
99442
67932
36362
9761
91661
86849
23179
16671
44860
22982
39156
84780
72221
22905
19603
30823
91741
91813
12871
52095
26576
89459
29562
81383
35170
12908
71470
17875
79436
17324
69620
39016
16132
5206
71829
14027
32126
84659
3515
7235
68501
48650
31183
82227
76270
12574
91756
41188
12983
60777
70885
9568
12863
28061
89043
17367
45720
20351
19416
11338
45773
82986
75108
32782
73269
73026
14692
73508
31866
88985
12868
59501
55375
23220
78269
60478
87374
18838
18195
73406
20991
36460
81723
30685
94261
79370
70243
73367
9526
82493
50315
92693
98631
28535
55879
85679
81023
19427
79461
12112
13459
86512
96062
30192
1158
94802
40160
74653
43010
20932
34969
11842
51786
90824
33374
56768
37346
22986
20959
52749
75850
68510
55727
66133
61250
19013
11680
41147
70625
24411
35540
63939
3723
59783
65863
10323
18488
41862
26667
15250
82209
79659
85339
51442
55595
16424
83370
24834
83667
28665
9822
71126
56542
49743
54
49894
24752
90474
93337
10476
40178
21779
71092
94839
50485
37411
15605
22790
86457
62389
67946
38504
80328
11457
64282
50093
40168
1096
82710
4211
26324
53374
12759
99588
31397
22138
33686
9113
75317
49470
48325
52279
11056
22942
68286
55871
68378
62742
51186
25697
23937
10118
17785
3175
90821
41909
85578
80855
71202
32727
38739
9608
92355
70785
57662
28336
52925
4301
16199
40597
96248
14931
24271
54722
19972
48453
73631
58927
66570
1119
76968
89202
41129
42325
14037
40310
22881
19090
33290
44691
81353
20715
10333
35711
36779
82152
71429
92735
19491
25079
95743
15319
36676
24704
65050
64397
48791
95291
59491
28821
33451
38010
96167
55228
34214
78730
73071
86382
48291
55653
83412
66510
67420
7257
5815
66449
34853
74298
97333
74101
78172
24229
13597
25512
9573
9872
69048
36734
91350
7773
27578
6585
28451
71520
30956
85886
95473
84630
4360
79049
95521
95485
87271
79900
17292
20034
74248
35664
25073
44811
48969
79474
36160
75245
47856
5558
81420
13019
65860
49047
61408
70222
85000
31521
3389
85645
87352
38579
17135
84655
93115
95156
95676
99575
60520
83613
8431
63982
7117
79458
89290
80057
36537
76218
97050
48213
73273
90916
77158
31630
94163
87382
35537
10161
42656
80144
68226
23289
69000
17126
21099
7093
26723
61002
49346
52225
6247
44607
85396
41688
51809
89772
22390
44712
5146
73798
87462
63362
95762
45005
75591
26369
51232
92972
66241
1292
17178
55142
12466
41113
62198
91096
77512
62781
79430
25735
95097
91009
87366
12384
96322
5196
89140
35064
20050
43383
11415
10547
59472
4919
63541
1049
85501
69078
51228
81543
78610
59938
29670
73356
34463
40182
15198
66586
32451
26539
82940
49663
21462
34030
55800
22339
97569
30072
56647
37577
83908
82169
69017
38084
18356
23592
41521
2921
58298
89978
30801
52558
66273
28350
12173
49148
77977
5682
68890
23128
77357
52830
81808
99185
22054
10403
13102
60787
56496
87277
60807
3575
41280
89356
11569
18551
81058
80153
82700
79786
73652
39100
86889
80869
5679
14687
8610
52178
24300
14994
33400
65014
35322
52925
82981
93
67321
66721
31441
64481
15406
18423
77941
92549
66731
41170
50775
26541
2697
14202
70990
98293
13273
5656
88237
86562
97361
60702
42582
87232
30149
9607
14286
21192
86080
1125
92302
17688
7772
68547
15516
73737
34921
65885
69790
31109
92069
69688
92138
19029
11374
6213
53995
11108
30152
43403
91484
65019
89166
50125
22841
69714
14791
48652
98467
45154
18495
13
32555
73007
36606
18279
82079
72420
96885
71098
19620
60979
88829
92796
21896
45584
3269
16177
76461
52541
6338
90544
23380
73065
45083
3364
84475
60959
10447
99694
52006
28778
31205
36317
51658
11921
79957
1489
12402
75295
42317
63407
38937
98688
79265
50134
55330
18187
47113
1199
85056
89135
51790
99420
76367
94296
14272
74045
95051
53256
34154
42173
79086
26569
40517
38040
19294
70485
90817
45082
88756
44478
85719
47721
52758
12104
16448
54721
62020
63867
91949
66406
29383
62530
69507
24871
31105
14528
1045
35152
7096
92232
92826
50451
59763
5483
94916
97821
70468
52566
66358
8727
69917
95637
31553
42544
42970
72143
17492
64292
57524
21278
87528
18777
20664
25623
39560
30637
80962
98741
68549
25432
99747
41821
68558
21413
2603
28691
73083
61197
45090
77502
43793
85350
1178
91391
83317
98859
47780
70256
46998
33172
18299
70953
50213
83171
18872
63215
86173
42006
10864
98694
64562
38780
59663
34839
8955
95912
81552
50990
5051
5920
75157
75760
47583
53389
82903
13148
7084
79301
32816
48010
49394
40402
11728
52777
65950
36551
99247
41053
77875
37187
29682
87953
81801
56162
35468
59450
57398
39169
68761
40202
90441
88866
91356
89282
9210
39199
69478
3629
48713
15
72018
92374
86744
92485
57608
19055
93690
90183
50932
35053
67462
12750
26702
99759
93502
19921
40184
9261
90395
59223
89307
68236
87089
52824
34093
32138
47554
1492
43007
62935
43689
74782
41939
85422
5710
81157
5942
84996
46873
16563
12389
36596
24218
15565
92852
71188
75993
19402
87214
31684
70073
58012
70931
15917
35660
97229
75214
5659
65310
22016
59650
67525
25999
186
99616
3446
99403
8830
56868
33095
61394
55389
61720
54654
10546
2414
76784
40376
26601
67313
60412
83465
29075
39537
40551
94015
28087
32904
51959
943
50919
84817
63086
97206
38011
65451
74313
39055
30920
64772
49439
88851
2678
5266
24653
87660
21968
83469
73319
22681
47863
64109
54002
29713
56968
19928
61448
12795
94030
66891
30083
48735
87444
58563
53671
96370
18451
2738
38884
85973
43004
2228
72144
36801
31017
21868
46640
1216
65270
85632
78109
14458
35686
72983
42308
57873
30712
63253
46554
9135
27956
10773
39859
23306
34397
36182
36698
91531
99456
40420
61373
36209
6734
57222
4723
71591
70144
2863
39386
83419
91725
55032
59156
43470
78644
34014
74677
88722
95607
38333
38462
61873
98946
86541
38151
98552
55752
50253
17798
44568
98727
17682
16067
37902
36733
26431
29843
12499
92571
13872
37239
32072
68939
96932
61745
95127
14010
3382
48441
92097
23233
59469
98693
9131
85177
58050
41005
87499
36448
63790
73359
65203
45035
97703
7188
78295
90590
9572
98011
19839
32502
90834
15011
20138
17782
63407
16901
85874
17245
2747
14734
50755
34086
42811
88014
46921
95881
43301
88048
65055
58863
36928
7850
29968
88718
35893
91144
55895
48051
9392
65485
77223
58224
11723
22644
18141
80655
48321
53868
24211
83278
26867
54592
75998
81197
63940
23708
78270
66518
23030
6638
82901
65725
36797
75902
74338
8790
59999
12546
50882
49459
64991
79794
60480
63385
94330
13748
60577
77959
42752
40810
77640
62156
25837
71126
2731
1762
7144
64097
36797
87248
78654
20518
1648
18647
76489
45739
82562
12676
72790
41310
87305
73422
83551
88285
42041
54571
13666
46508
30897
18412
10254
80313
56767
47906
55789
53731
29382
58482
69845
85057
91014
10298
19607
7765
1416
61511
55432
67103
23927
35088
53440
1760
54298
15122
39668
12901
93798
7927
74409
64594
39136
72289
60854
45969
61764
23749
57270
57821
13708
17216
96705
21878
46661
38229
43610
84891
51763
58463
49803
14293
36173
30578
5108
69105
95185
98043
46738
315
44695
41141
23570
10483
21831
55246
65297
41487
33846
50975
87729
555
18705
10865
31047
43352
86470
11714
96378
7372
77573
86690
42981
92025
18665
52505
55824
51454
91119
64004
25772
35456
80436
29698
62271
52801
51212
20204
69042
11943
12498
30827
80146
46441
46553
68740
87555
10862
92846
30556
69348
44364
39342
15942
85865
67467
75233
63995
8282
60853
81283
86593
47560
50577
49512
72943
85965
57687
31012
21987
89440
75705
87711
17164
81878
99561
35055
69935
79970
82165
64527
13224
66322
2483
33773
68722
57607
50932
27405
31395
22322
40243
77442
43424
83256
78749
83265
25683
70066
16253
67974
78476
74594
25495
26206
3936
75705
95604
98223
83075
31128
3593
34552
3500
13966
67690
65798
53259
82899
12171
8149
34179
27624
10338
2228
62166
2927
7284
20454
73213
95530
19804
44382
35447
22248
69837
97181
91034
70974
61016
93022
22406
23243
26788
15807
91663
78092
98067
24389
66361
78991
56881
50716
32059
36008
61033
71140
67304
50491
4070
2025
82396
1666
31472
1025
33333
60593
10395
52262
38351
256
79962
17732
28807
24253
40745
65805
15497
16989
61907
33627
73409
50025
43293
42894
59671
26335
10823
41999
10864
38950
20378
67689
99305
94815
18410
31220
76349
15775
1680
7953
9703
66518
34893
75658
19977
70819
39556
18374
76119
63387
21079
37706
64074
99298
37471
46823
63894
26047
48459
57711
98230
44363
19335
56172
40636
44227
8076
42168
77384
59726
5187
4275
17878
58306
70189
15019
14870
83688
99889
42102
51648
33867
9104
30728
4384
44413
33746
79500
21989
89046
64788
29101
33302
14613
71155
48111
91354
37711
49243
71956
66517
25850
48209
34399
34167
12460
99456
72417
5698
12106
17229
10413
23831
85689
4951
69285
62490
60862
52485
36755
66138
95008
48715
76563
63331
60685
37163
34460
84025
7241
81833
7161
81794
51956
12291
69543
71780
87810
93648
45215
43212
25064
82851
44228
83780
46138
36752
50378
87055
15964
33558
17188
79265
66735
82904
23423
46065
89469
65728
36331
50772
40048
34812
61075
38066
88938
24747
97846
64740
95429
2985
30296
26331
62992
46868
61736
71459
84183
76920
40295
31648
86990
76581
43186
19635
45765
1998
76729
33617
5231
61787
24251
26110
59603
55095
83949
14303
70812
65740
34394
47278
7440
40729
96269
39871
39998
81882
46141
40724
54250
20743
82875
77160
25245
14374
80018
36859
6263
5054
39360
54696
67027
97025
96113
40013
34879
39167
76015
85887
50665
84376
72943
81902
43335
76689
91291
15447
78433
1757
63367
32813
66170
29471
40272
53969
68312
86906
8688
27956
14952
61065
14116
55258
59647
51668
40879
20183
30844
96617
20207
3151
58187
2310
66970
11659
9228
3369
18978
39215
71066
24948
98910
71670
81347
60313
67643
70437
10611
9623
27113
29801
18307
35196
12093
23997
74306
37553
79953
32204
51839
39220
5928
12087
77187
56155
42430
35412
92599
54101
41993
37817
46813
42831
19090
34983
16239
21442
1079
44800
89159
62424
66693
5210
95476
82823
74578
96148
57797
19001
20595
60000
65544
65222
71210
92110
67448
11690
40130
88037
60771
18581
14273
67263
41977
25975
24409
42526
50517
41779
96418
87557
26538
47703
94040
61673
70312
73586
21873
7500
35082
54728
70210
44478
25514
15929
9451
35794
42979
99688
15089
81545
51522
36804
59414
37153
36439
18975
84525
12135
29485
93638
49635
67044
276
6395
83651
33954
90061
48790
26346
59518
84838
99849
81793
8400
17901
45989
45533
41161
12142
3905
94475
6825
20907
82140
52795
7539
57648
95974
52066
54079
10153
51069
76710
61030
58599
38721
36938
17846
66665
30501
2432
36857
67754
93228
34831
11742
31333
94122
44755
32923
81223
79400
28404
93040
57258
15570
45394
52043
87210
17658
64902
40797
27493
39445
19301
12441
4395
72549
97529
64483
9924
69215
91649
251
46287
37246
27923
3398
87157
46197
52885
5209
1686
74792
25601
60113
15410
52475
46129
75583
50955
61714
79816
46376
23259
7729
37868
8578
32115
88219
59853
26145
33236
34043
97093
57320
28964
86475
89353
1402
68007
93891
28790
28365
77020
28133
61238
68985
63222
96613
60492
94412
38130
13607
35352
22547
15624
63844
63318
44282
85908
50702
74489
56400
92921
7008
65375
32744
14016
67656
70591
5066
54867
74193
87198
75303
61414
17198
77537
17449
17931
76184
19981
66128
14265
55024
40793
1812
54
93202
22637
6151
43393
34836
86551
1168
54009
40756
57332
18936
99687
9779
61945
49260
97312
92314
11477
48078
97737
15257
29703
26707
61929
55081
65638
74873
79072
50214
93544
9643
53516
48462
66118
60207
34952
38697
12608
97843
29175
49447
40293
37971
27652
84694
24245
14661
61324
69481
14470
15834
46199
40626
23639
21866
68106
11556
21674
23853
45375
71364
3430
74936
36187
50103
72057
6659
54627
69706
21386
90990
24839
54503
11453
75457
64925
76943
75058
72988
20008
74484
64363
50054
23009
41333
35143
5020
22229
81610
85589
4764
32300
572
75967
95531
45153
71570
45453
84197
96619
23546
88563
45878
68859
3757
38175
95495
15025
5781
66355
17463
12136
57918
76589
22117
27572
7819
78713
8265
54942
62594
36144
39309
5183
6592
11198
6265
40018
77560
60280
78460
28786
69597
55629
91994
36725
85428
98087
25136
59401
49288
37929
65578
97032
26378
36050
77742
28370
67690
81481
91999
53656
2651
76308
83608
17043
57614
70082
34194
14039
89563
33628
80445
38412
17924
70092
58535
27034
88526
72686
51369
15656
67841
25300
33479
36429
84091
84465
47785
17560
77077
35952
75201
10829
76705
18812
9222
82181
5428
2010
9558
56273
168
23358
9009
25012
27691
98932
19135
40725
62986
44516
99396
30300
83626
92231
42104
14786
11377
49020
93247
92083
40855
37625
21215
75132
47591
3509
72733
46763
34921
47367
4532
85075
81796
34017
48442
2276
1960
50962
62497
44034
56689
76697
67025
18801
4395
82378
22770
62489
18783
94752
47861
15586
51751
83587
61842
99090
31041
73200
23838
29696
35838
42593
82228
8679
83832
12060
26932
62032
49455
51204
3573
50347
41976
38287
89600
51267
74546
31476
65248
31544
12845
51616
92976
84980
46716
26437
4097
27709
99113
600
97223
79936
62913
90862
79703
56690
2224
78147
32696
2504
38218
39204
87871
24731
15619
87404
79170
61044
19736
25493
16079
8453
79036
53225
89952
8484
41866
93723
45201
32167
26864
76039
15449
20057
87499
85271
72580
86343
10678
33505
45469
69836
52932
99427
65766
55486
85456
74515
90512
20931
94752
25747
27618
93508
91673
79780
64263
40237
44120
37958
23111
15360
32648
81441
60645
33062
54633
24593
33360
20910
71745
39724
74710
52503
35809
72097
30893
2397
59223
59114
23128
15938
68003
88252
81602
14287
15648
35442
16246
94861
19210
96758
4582
36648
64107
13864
10542
67905
57353
71809
46947
35609
6466
38105
28658
56421
70914
50413
91924
69533
29300
64680
58228
35341
94774
89053
49309
84135
86055
94264
41945
76509
54314
75793
82919
13681
45413
14595
49451
8827
99042
83303
72634
57038
45764
10280
9673
69769
29816
65733
73027
44559
90497
27917
13660
74744
7682
74435
5112
23982
46937
27458
67252
44707
13667
79855
89467
60593
20849
27078
93731
59381
50848
97304
74438
93892
81475
78473
68163
39589
11865
23126
85074
20976
94803
39592
95427
42947
370
75971
16446
80459
69963
50814
58453
1319
57839
81913
8739
39372
97143
91870
29957
93739
79470
81203
69673
74686
36626
19901
64008
54291
86615
7563
12023
5142
23344
26465
13661
82159
3242
64327
50895
23710
44986
54845
18282
14300
95450
66029
13458
90298
8705
80197
71279
31326
17533
26522
58534
37616
41351
71016
1318
2036
19074
41830
15838
46486
58905
43226
16668
97444
88649
17010
66981
86950
76131
7909
94295
18688
1637
34478
16907
46077
95314
43260
71701
99733
57392
75104
17196
69119
71117
50739
36427
74332
97014
26150
96288
69208
35719
17780
24970
88555
56928
57857
7050
33580
97435
61880
23458
90212
20141
4218
7071
14113
9347
73771
32762
29335
30406
14359
19575
98956
54409
56432
63729
34664
97187
52770
86804
4138
8637
19395
99906
11116
82493
9364
44359
68783
4275
87272
59298
62470
76073
67643
35337
89190
31567
3174
78934
36490
72030
13051
64850
60213
73026
71792
62708
87989
82891
45135
5548
12761
35432
58073
72068
61744
89571
47784
49653
83282
45318
94414
68940
66991
23566
80529
614
14888
37542
39599
45495
66540
44876
91839
97874
87507
54185
24977
73185
92745
33728
62310
45187
18018
96854
81316
61341
87982
44134
77292
51151
41025
67052
31086
78663
52759
17784
81177
78306
88178
80581
61335
89816
4598
1494
46038
26343
99646
38414
89543
86423
76398
16611
91397
60828
47307
36243
68580
95971
47868
82079
23743
94921
68606
96648
38699
20756
84573
3899
9024
95536
84513
59319
4469
97646
83034
40799
96223
16002
93585
5994
10423
60296
96434
39643
47870
16172
96543
12965
26371
13485
84554
47152
77470
80570
42312
38427
51196
72917
28260
1096
98896
29030
53482
77936
8039
88044
99725
46180
90709
37224
20043
91427
81247
77869
6001
37842
15487
36588
92650
65115
67390
50561
27111
34032
88666
64296
58575
8191
79824
72234
60053
80632
37169
44968
70346
70889
74680
92104
58685
72861
58511
27276
35006
6035
21411
78093
38409
45413
3311
38630
96834
44209
71471
12396
93768
10940
30769
83339
29411
33989
97956
86436
77657
28130
7345
76261
96247
46043
64166
66546
41847
45341
37946
46620
22108
79825
76179
56185
55002
88916
91120
73325
94400
60470
71719
15707
30584
38353
88152
89500
93079
10336
51264
76754
43351
24210
96462
40087
19145
84056
71391
2408
30961
62374
40769
47385
96387
25552
91205
8951
62789
98319
2294
47472
98386
46195
40084
93236
81058
4992
24019
75809
94382
43086
87517
59636
29079
79242
81289
64835
2527
55264
37591
52555
20006
98452
92214
1378
32248
46802
60500
2162
14149
6583
78906
84254
98363
61346
46830
94200
73833
78564
82617
90969
83293
27147
48489
74847
75045
58927
47507
28347
89005
62377
37172
57231
39666
55451
84827
56285
29951
50061
66097
71982
30058
10128
97326
4256
75543
60189
48632
22130
37927
6016
19618
39771
19977
15746
15871
38355
25202
63372
65440
95581
5180
85531
87555
24502
64340
36622
61628
33248
68223
72073
18950
64495
67741
44025
5527
545
59751
62330
26216
93885
43737
82452
37771
16725
61550
52298
65861
75536
69267
757
78420
88499
1949
98158
40787
40383
32868
95304
75301
8164
47253
78704
91097
12919
5961
6283
17699
94833
16003
84693
94428
89259
14471
35464
55734
67258
24973
67998
2479
11503
52796
69634
17964
46171
89145
66900
12979
80785
94479
38696
17140
11291
16911
55924
90235
14781
2217
98759
25326
61421
52879
68449
89325
61355
61654
61143
53413
18640
39131
80269
76444
29310
91535
87424
68675
42437
17754
67771
48316
55321
74733
2281
64794
92073
27650
64914
54946
71565
71864
32380
18128
61360
63432
38749
67547
22525
24725
91800
26685
27597
69162
7586
92295
84993
30332
39716
90094
85630
72202
3643
7503
32660
43491
49863
59079
97363
30891
9825
72920
60102
63682
98255
34589
75036
85568
5344
96532
28221
36538
37673
57481
40516
40539
73038
87627
99145
39439
48262
59445
79165
84202
57466
7276
92390
27749
27541
13942
15616
4694
50753
53682
56165
45221
63126
46086
66229
48125
93823
91029
72590
77501
8199
50849
91691
8338
49451
62058
82318
11526
44813
67505
77936
99674
76691
86588
71870
49551
93328
34503
70211
73180
58483
81583
47022
68554
34808
40008
69978
51188
11696
75650
35298
66436
81130
24289
22646
92687
57465
39893
42127
62258
42579
54133
12302
21593
99367
36939
77110
76849
11542
43917
69891
91759
71315
15041
4858
40999
62105
79636
63234
98761
78189
71087
90980
92196
3671
24767
17556
2442
50650
18758
32158
42730
50435
66604
65883
55426
12215
40853
11620
30391
46731
90280
25263
97894
41280
81763
2810
8363
35211
73026
82588
63089
6984
89744
2577
59765
85595
40116
58756
92989
24079
28835
68025
88293
83178
45484
24604
57675
74269
68354
18776
17326
41615
6447
26370
535
76482
65252
48001
60511
56844
41729
54001
19338
98060
4985
80891
71204
43416
12381
12766
42063
57085
13662
40900
90263
24657
12165