86174
73929
4521
38463
53119
82596
55685
51772
83732
95808
44518
60550
41456
15971
75760
17239
4707
97319
95075
72277
36169
3650
31556
33548
37707
25177
91292
85239
13192
87426
50759
99327
2279
89754
47100
25687
10672
32179
22830
91012
86893
41143
30862
35811
39341
27639
83623
59396
59911
61616
29638
85891
82051
15625
12772
29532
44772
94662
19432
34136
87100
81500
23302
1580
19712
23847
39803
89924
61130
54395
9216
58086
3348
3574
58447
48149
98254
80610
53975
86241
87917
86161
79473
15849
4219
79083
74756
72008
38629
52463
69714
54218
5110
57703
90774
20419
47488
25087
33102
3977
41665
18711
46093
95034
77973
50257
3253
9735
38234
47503
12474
82738
484
79371
64759
4764
33340
76795
22786
60944
16242
35422
97383
85994
29348
33551
28717
53811
20189
96600
66956
64929
70149
65338
44988
387
53084
52780
89948
12693
74783
27749
16611
68504
98565
41398
81268
34454
90767
51628
62672
95612
94018
45492
82483
3745
80706
86402
22671
49425
64567
72282
58712
32700
31482
97740
71229
75640
89944
29936
15142
55070
89287
7977
50848
1971
33398
48658
52487
21011
18548
66521
10541
14388
9523
92924
85432
40494
8965
31898
33371
1662
24153
25009
27315
6044
45679
57358
13650
65321
77674
95442
17225
65686
6082
29990
40670
1320
32804
58796
10606
96878
11609
7674
89546
39357
6551
40700
29729
37716
84208
19472
1233
57912
22869
11369
34513
87097
85509
10922
22460
86771
15283
88261
10596
48720
2398
91921
91854
28693
82422
54045
85643
20232
33424
48215
36912
30895
97775
97632
29636
2533
15700
38280
82068
87721
30509
15358
6134
43629
83613
47220
49694
32110
18664
80912
7114
3154
72712
82045
39042
72451
41222
54386
78353
8598
58816
75867
72909
90217
1810
90528
60646
6971
68050
79269
2932
53093
59881
95777
90318
21232
77285
6656
8938
23932
84803
71463
40657
22211
74827
64992
58717
53512
30538
3607
85510
84607
9014
99313
31910
41913
58563
23107
7776
69225
62612
31194
53319
98765
30322
85744
60647
38264
98744
69807
14476
87229
97099
82244
23179
15636
51397
31157
86909
94832
2876
99449
17865
27137
3548
12646
88358
30881
81213
31545
74461
32368
25693
3064
34039
71973
34465
77219
91172
10220
20409
17170
81382
30120
30145
90338
25380
68172
5509
84877
89946
7445
63917
31437
69640
87198
69496
52494
36545
83102
8977
49279
68921
42952
73060
54043
70238
6070
91979
89814
25749
39495
92664
44254
27319
73904
36691
20108
61595
2889
879
28366
99978
58795
31224
21829
19120
35500
55492
13805
51141
38534
30329
48123
13533
1040
35905
68798
69350
88262
58219
56978
56746
67376
52589
91565
81399
58013
65470
80818
62098
67018
25358
8655
30702
59720
56348
35740
1958
66661
62003
11522
95933
15324
51596
49024
45222
75544
76188
58367
1047
11612
31825
13916
6442
69658
45658
69309
34612
26559
48783
38438
66308
82601
15802
39150
44031
13316
8687
74973
23845
15724
8620
81082
11285
90001
36185
63723
10893
94384
56107
9418
86552
65912
4824
20844
58466
77550
86567
34463
21724
19171
48808
97683
22283
79654
19012
6659
3877
39362
37554
69459
16188
35355
12598
27575
1392
49048
19505
72749
38365
36552
47021
54356
20589
42476
72873
91318
43044
42196
15410
65083
58703
60134
97612
58755
41765
68553
92144
70555
96444
96914
66052
94865
35664
47388
56709
53518
56749
83331
94152
84996
48197
29384
287
26431
10328
63440
61577
41786
46500
27575
25861
98275
92755
77603
78254
16348
12082
96276
96645
94578
51012
19086
12035
53172
7766
57691
38490
44066
86707
62524
44914
70832
24888
70729
86471
81062
1472
51069
58401
93202
3428
25202
38020
6953
79137
34525
89073
75306
13516
3404
60000
16186
22730
25915
88189
52982
69313
62061
86905
36747
56963
30369
92058
57570
76935
83428
92809
92957
44989
54886
8879
96306
34823
20290
91921
83159
67944
63568
21071
38568
41198
1494
38870
69214
99950
6953
64084
54242
53947
43825
29671
62180
41764
67506
47211
6178
12122
75200
52697
13873
88948
60985
63812
12876
19971
83
14057
37585
79846
97565
83418
68846
69063
73069
17614
79056
65883
17064
87847
83278
79469
86261
81975
72130
98631
39423
32847
26067
75386
80
56969
36815
99597
95350
26950
77877
79364
16099
20255
39082
98362
98686
76239
28995
77902
58512
99306
88162
33377
20444
31062
60698
1531
7717
86897
35956
32310
85318
54054
62925
36162
38551
61445
6959
1136
44202
16499
60792
98642
12884
62269
4301
57615
26329
61741
54602
45511
98298
15652
90489
12554
16207
47201
8652
24833
54365
97509
22484
99909
93694
56031
96587
26156
30128
34361
35702
93013
77513
22140
55118
27339
44600
71083
53728
28926
2247
84895
49371
37040
70311
34384
17285
16044
51316
9808
56310
76341
71835
10457
38711
78172
27271
90080
17425
11887
4776
93863
78287
90856
32005
6723
47830
36298
40457
32704
50313
11255
23754
27362
24976
15294
88876
30257
95030
19692
42062
86291
80303
58328
66015
55402
72948
26888
84287
10043
35746
77073
30852
83194
32790
87465
12639
99958
70451
44586
77608
8923
30541
70748
33988
8959
40313
92368
23077
52781
6866
24728
9823
36554
25818
15686
35941
76075
21157
5766
61681
53157
62211
12818
89520
6256
27231
80460
63173
54277
2051
16027
30540
93172
58011
6359
35714
53555
62600
19367
75090
10309
31296
95116
72515
28477
42367
7670
32589
16361
128
63767
51439
99109
7638
6588
17593
79961
2567
87308
48185
25361
7102
80714
22856
30083
32430
25202
65831
59357
40447
25481
86398
52864
59138
29572
87818
48666
37595
9242
51667
99993
48317
53285
23278
93806
30517
31025
89492
98615
46350
85024
15830
35429
45324
45276
25570
37055
95978
392
66251
97712
50319
55038
320
6158
35075
41870
58436
82297
70935
89918
19788
38723
36720
50349
291
7
40414
8269
81838
49500
73520
32193
17751
76311
43472
813
83554
96577
23068
93170
91250
1368
68173
73401
15077
7683
97630
88387
13311
27647
25942
97951
39648
16205
31752
10510
51310
20147
16643
80836
11170
43985
86525
33178
36761
90840
37648
70038
59138
32789
77547
15877
17298
96207
23615
8898
25551
22428
88435
77668
21986
97092
60882
38189
55745
54425
75252
27193
38042
61548
63691
83196
19457
29077
74088
25591
36533
73117
61214
96445
22741
94550
99963
67866
18980
59193
38132
78041
97551
93327
35039
9593
82716
92691
48064
80271
70429
90474
96181
5059
14415
97581
61185
27700
41962
22485
50368
17384
28768
4703
20358
36401
39022
58319
16772
10269
99322
53837
142
245
17524
20067
74463
69448
80907
57740
41876
8426
5041
63088
16804
19491
5644
70845
42023
61461
9359
88969
52541
13147
62073
73362
43983
49002
55641
86443
33711
3028
53116
53110
78888
89023
54800
14882
32012
59201
1690
3824
10613
57057
63133
93736
52887
32078
61407
13254
23751
30880
25604
19064
1647
75259
60838
32735
48283
89571
39441
9385
46913
71005
22304
20665
6978
74956
15270
84190
46419
38316
18148
61986
3990
10225
84669
68632
65224
84468
76706
94213
76041
35628
93316
45861
6168
6580
49662
39857
97188
55832
86339
24845
94305
67616
13169
33238
57609
29359
12314
38009
26957
10084
83779
44558
41420
92123
85037
18512
90438
47037
38519
72437
30475
68495
23479
41753
63740
49441
5206
85466
85637
84800
66220
36398
80462
8756
71134
38948
3109
92203
63875
14367
30822
75337
45323
57582
43741
521
28445
22089
99809
7397
58383
79007
32840
53545
2375
16002
57949
29601
47498
91205
56056
55823
92804
65992
73110
45451
57594
89799
24016
48639
63776
48573
54222
81387
62536
54149
38595
533
78891
90895
29189
99281
54934
53694
28112
26106
21480
38185
38028
35426
12253
86751
85499
36657
85623
82948
57186
69193
24727
49090
6745
13109
61737
63165
16399
64963
80148
80396
44657
93282
35212
62753
4551
19849
76714
98843
22406
64524
83918
85567
87145
13198
59319
21701
94740
11837
75805
17856
31708
44830
63847
79676
29245
34244
10138
3463
27720
4370
90463
6042
4763
36877
14595
11023
61026
59844
31548
45084
13266
94562
18710
6319
61187
31941
93691
79164
19976
98702
12440
24000
73147
51002
74822
61058
43040
57336
70350
4422
7544
99739
43152
3913
63854
88199
3011
50004
44938
35477
59175
77818
92958
56736
45290
62485
37959
93678
40284
16008
80276
22735
97187
95557
51680
75493
89626
94469
74561
83829
32374
78730
99137
61576
4273
96895
82349
48255
67059
99489
93515
22155
49655
46081
89685
11338
20053
47721
88561
44933
42551
55289
97890
51334
65341
97929
95096
55532
59746
88497
18792
90109
36584
20575
35343
73193
73142
41495
55919
23938
25656
16149
75073
1083
8894
32914
46304
37026
24071
23015
58072
81837
57703
52369
28464
34977
19256
69439
16376
89727
35116
86871
35367
87750
76059
88385
29708
25093
36193
59230
41403
91706
89790
31776
81904
81429
94364
34493
23783
69972
96996
80705
40816
43781
85135
60154
35162
51192
17994
14103
88983
56109
23683
45336
1342
10691
98613
65883
36852
19949
80236
40605
72571
55887
84262
1344
51502
74035
74369
61913
77345
34946
68154
90293
67001
17534
97023
55821
4803
22872
3047
40811
21820
65369
48157
72405
51418
42684
80467
88926
28602
48225
14295
43347
41546
34788
3472
69423
3363
96423
79326
25550
69217
50089
40907
72019
14339
19735
42157
41291
68389
60078
87985
42070
16683
40364
55657
17093
91114
52324
2167
75803
51446
54004
58788
88205
85656
86999
79586
69244
90222
21739
23588
30808
39093
97244
56365
24898
63855
4393
16882
83183
19847
13005
55462
20702
83297
39253
60150
62559
68546
93143
9073
32444
53095
22232
11211
70691
30800
46260
59256
10684
74566
55189
48880
45131
15142
99936
51389
92136
83072
56099
47469
71996
31375
92068
34505
52108
92187
90272
53807
44931
95909
661
4620
94752
31982
79266
39277
82320
55056
43473
89401
88659
88766
83195
20057
42713
1122
69170
76439
50587
32538
88579
27566
51570
33411
68358
9299
81598
81883
95245
62658
93697
46618
27781
39323
66341
28766
61405
68236
85412
55678
84618
11019
40957
53345
92378
51738
98454
76070
51446
56336
24422
71734
76452
55842
27814
60080
15102
98941
91460
29453
83307
92625
90207
91390
59568
96628
64873
23702
7724
12215
55287
80530
66549
30401
9884
45751
91150
44146
93955
69438
27732
73333
74818
23142
74186
99527
18726
54023
86527
94609
40406
85024
88011
64797
13939
11189
3821
13054
68211
2736
91263
89502
91605
31429
75225
93998
47771
75298
38369
94389
76721
87507
62087
76545
76742
38441
3580
68024
8800
39730
66599
67672
74179
56288
74265
82116
72949
58464
11629
4193
8098
71396
92047
76937
66306
49071
25223
71272
61137
93219
29688
95856
10152
25651
37326
62625
9901
31727
71980
95962
84858
243
30172
71744
33987
89410
50356
77523
19092
63582
79393
6119
37574
41368
29953
57779
22599
42169
28892
42404
490
2449
97063
57029
78215
7690
28694
48065
36854
94349
53612
35213
55438
87369
15164
18716
28420
89278
77934
97506
14163
75906
8233
62803
43407
96965
1107
16382
58346
82781
99709
26044
60276
16040
60694
31176
84703
42161
90128
29378
5038
5458
75293
22298
19196
38704
8870
69926
82669
59999
90706
24803
74619
26596
65850
45435
77544
60835
44119
58564
40757
56283
33174
17164
35411
87445
23141
25357
92672
876
68383
14589
54206
38186
88799
50138
66596
64610
7734
81623
45573
69286
91956
3503
19643
84815
77383
74495
52348
87174
50440
94019
11323
82027
42058
19559
46700
54661
27507
46885
79062
68950
24089
72245
2853
42946
69698
42697
41505
46556
87669
45989
41819
56257
82475
50473
19224
74082
35796
92628
91461
81285
92564
98152
87327
36809
37795
90858
20538
59115
49514
89756
17125
71241
52144
43036
17531
54635
86430
75013
47624
16430
35794
58725
81312
23286
4821
28566
2066
93255
35368
70553
23478
80111
18214
91661
87723
846
72401
72706
58022
40296
64351
93281
34775
7136
90786
37045
9870
16280
46397
33419
81426
99551
40459
41574
14672
798
43534
53436
51664
6298
1004
96392
76587
76317
20393
23242
84180
25553
26117
41452
9166
9268
56571
9733
19282
7374
94090
56584
39660
3815
40906
63676
96089
64101
34916
86313
9655
68569
30242
78942
53444
28241
15905
33083
29055
42428
67900
52087
91351
13421
98292
55204
7485
33912
41386
71405
76077
20081
27182
96226
88250
83592
98728
29953
54541
3511
35027
27554
91846
12057
75362
7377
56085
31645
94277
6417
70994
4532
31619
83348
78138
31167
26856
8555
91078
60601
60987
3345
1721
34950
5653
34495
36058
87909
8170
59746
66079
37928
94163
77368
57666
96454
88009
14999
28806
98289
72148
64342
6100
34112
59156
29343
18582
56332
91475
6892
30658
29917
12961
50890
87935
53817
36661
79871
89538
76851
14519
34719
65772
41703
63945
21874
94659
61969
6262
17846
46347
4661
97906
62162
88378
90862
80699
4425
984
26384
13644
11184
92156
81624
11178
8666
11231
26900
52221
86560
54722
92966
46949
45627
69398
1380
94878
41684
63302
55459
83480
61346
42360
7858
99651
85431
9263
11568
9287
3698
60531
94652
98338
29378
53439
26957
8980
94091
56514
77660
70412
52147
44021
2229
93234
36070
68783
1193
84291
64054
97168
4760
41192
25798
93804
12612
69505
46475
83425
910
94052
44653
95788
56144
10306
1384
78702
66458
96567
88918
2745
76523
52322
66542
35337
81729
86821
91068
85386
3328
70846
30638
79473
54193
91178
48404
85665
6725
42040
83052
51388
63149
48606
99627
43677
75583
49111
11355
22795
6583
37637
54265
17030
47993
64666
81437
77380
12075
28461
30067
872
86528
54787
86660
1702
48086
32829
7443
93579
22862
99376
29097
85945
41208
2054
26931
21819
2726
84802
62264
25385
32790
46174
73125
61535
24647
85539
32368
74745
3370
78793
85644
47706
97782
29957
3243
17568
72867
35193
86718
10973
94957
63466
1155
53838
35668
60036
50947
35388
10355
82867
99250
70324
1182
23925
53129
32163
25077
82547
67044
9744
11488
12332
98924
12732
11340
53566
52619
50475
9428
96966
91056
98536
80130
62638
67684
32373
14080
79638
69767
75883
35065
73098
93729
92754
15134
99305
74146
92225
76172
63252
85380
33601
45636
43216
50734
16437
17152
41477
68140
72679
2225
63510
49611
68895
15877
98211
56681
16035
30100
50025
49102
21051
64788
56931
7078
38326
38691
20268
86760
60306
47521
91370
66133
18363
46650
12499
30321
10490
79957
46754
83404
73921
7454
40989
51093
14961
89395
88225
8339
51240
32082
17546
88867
61956
59895
34224
37832
39814
93383
20827
57933
90219
5170
81035
66758
33496
48689
82197
61814
45506
75762
34465
43563
60984
7490
51880
7598
18610
7116
58405
11318
14166
99026
20438
92449
58295
43109
6680
30849
39606
39025
61915
76993
47378
27623
40886
97861
35177
99787
11427
61628
11750
27884
52827
68044
75713
45610
5685
29345
7065
17676
11299
48046
17846
84900
42715
97521
19204
80481
2067
27524
41448
48010
66953
81460
83045
22565
68400
3765
13504
88569
35341
914
94883
28444
88271
5863
11520
93682
18747
44571
89729
7896
11140
17800
31134
60519
12105
99363
53431
55774
9360
67614
4696
83166
38393
46650
2330
68503
4322
1541
70105
30307
51508
6427
16989
25043
84743
15401
67430
15418
79858
73764
91851
70483
13945
61444
21588
39889
36378
89006
29355
73250
66040
20774
31822
55997
18780
49512
26409
19002
44137
13868
8860
13719
12519
92090
98644
92740
75539
327
49333
60622
48424
84311
1990
79728
75649
86894
72565
77448
33352
12880
19753
69192
99811
71448
23725
94827
70703
93437
23433
52306
66109
51888
58267
30491
67215
74799
29878
53375
93278
97436
69388
11794
46621
48038
96001
22246
41065
74758
17191
7698
62536
44372
95882
74921
37489
47290
65428
42738
6411
5794
29908
41568
60496
69975
27854
13684
90785
49351
71260
14363
20949
60979
87117
19842
14402
41645
12978
78227
3481
84407
89552
31604
92974
46073
24152
38825
7438
36573
56663
1011
83113
9501
9545
97804
37962
86221
50421
85743
21552
51
87373
281
6227
20508
89134
59624
62836
5192
33701
21938
21930
66962
84699
34035
69169
77537
58949
29159
1437
46827
2423
58276
79489
34093
55805
20299
93040
57244
23194
74120
3440
42667
45291
40030
18597
44424
49569
62085
13437
22205
91208
86517
39523
54136
13467
70058
91125
8832
51308
71682
32588
48300
26085
81369
15099
9991
75375
18791
98346
14190
96598
16754
90890
21883
93030
57830
76545
16574
67573
19420
76029
70519
36167
64266
60828
79308
33693
15359
84375
97713
51417
72198
54654
98225
16734
6695
36800
45094
72478
62006
50700
73822
85065
81440
28430
10965
18621
16276
84697
20944
32169
81249
74401
80119
25440
75813
26994
57453
75756
54179
34779
41167
32365
43250
75275
92322
73424
40883
12773
3083
89117
93627
14256
44958
21930
37105
47035
67055
96660
33446
60560
64742
54795
35262
17390
2168
23074
9681
21671
36786
71893
97939
47948
30263
16410
41035
35657
42657
98681
86990
78093
70905
75084
9194
19575
93694
5145
60322
35080
32762
9822
6568
27212
58055
97224
35373
60266
7548
44993
82752
28678
23736
10690
34641
91822
55849
76396
68659
76556
74090
16453
76879
88308
16098
24656
51203
49088
50421
43440
5211
26176
44037
3420
6310
16742
85812
11359
43421
77972
272
26806
84958
61995
13469
77687
97780
40285
41191
53758
69017
26061
82417
45058
41467
95473
20111
9435
48161
67007
48359
50895
23103
10851
29988
51791
64637
60632
36212
10062
98717
92322
32364
62032
34622
30996
38734
83553
50877
66678
59445
25375
12134
88090
66233
78173
18980
15797
96539
9371
80590
31463
20905
66674
77387
50092
4536
88701
59938
66599
7357
85462
4982
66936
24581
4752
42011
68937
80105
70640
55241
43084
33645
53975
55187
34723
37956
19173
93965
32994
62069
52985
77174
97529
99861
24156
83264
24027
7206
98612
1120
99088
94519
10435
54000
68823
2138
64586
31468
13170
38889
93491
52366
39027
28840
18659
38866
71661
95517
93151
65496
59872
81662
92663
70761
98020
97037
70729
86498
43146
7470
58114
15028
17023
70066
3467
45587
9456
19977
47692
12078
53888
98041
39531
68744
84184
43724
76093
34434
97751
76128
56234
30998
66769
30686
76596
88299
64359
58909
87785
2091
27746
39293
67332
75692
19413
23367
23544
92212
90748
45031
18732
56454
72612
71881
25017
60688
3693
50642
45972
86821
5216
55199
23240
18436
24211
16954
31798
24400
27581
18388
1685
50394
85347
28879
97751
98187
39084
42527
10495
18378
48514
70111
96849
77464
79313
42196
69725
47999
16877
6
14928
21771
3683
36900
99180
8293
3034
53266
72622
22318
46593
53425
64348
48694
63184
12126
70262
30852
39518
78645
68672
68075
33763
70900
34203
56707
69321
86936
95303
52277
65253
48970
91208
18901
86670
98801
51563
94886
32587
38669
25254
85269
44328
48163
43248
48611
33919
96693
63264
92280
94549
91415
70564
88631
14911
60430
93394
9246
12181
30893
85140
14710
5225
61540
60705
61769
97141
6186
33246
52228
3377
25722
68068
19465
48444
96929
20314
31784
39636
1559
67342
26253
53751
96019
15309
3414
86856
2025
58915
58713
16968
84395
74072
36894
91571
8461
77391
17594
74909
3943
1763
94110
7679
25370
16906
28205
53252
93435
15300
1198
27469
45499
17516
73903
57027
80467
20512
66595
9349
1946
18213
62136
44050
42681
34164
90985
94212
8506
70000
30640
88481
19659
29667
58089
35747
35321
87534
71569
9664
69521
87356
71283
59676
2407
2683
10779
10570
9641
87544
99435
85946
91827
29563
19438
23694
90533
37530
99643
38605
6507
93109
60013
71284
76643
37377
29761
91573
15885
47282
3580
99183
24076
69502
53175
34380
54177
30926
1763
94235
25911
11586
9935
22937
35235
61007
43072
7259
5643
46645
10439
50560
76125
9223
7621
34123
6799
49219
76863
67949
79164
71949
81259
51323
28851
97038
76891
28171
5442
2088
61226
34030
75651
15418
8968
36301
79491
9243
71493
75924
70953
86795
65150
34085
30428
93381
42883
75176
37285
8306
69227
17923
17213
58605
78911
89276
71951
22216
36004
91514
24304
8738
73597
8164
50110
52936
84773
90401
32187
97180
28290
81771
57256
3810
77471
54164
69365
70001
23177
25459
26467
89332
36048
96801
37377
96957
14454
73733
86160
67868
7527
53225
60721
51249
96642
27540
98687
91677
25314
98540
86764
38778
5208
12944
38296
60718
46949
76352
27618
23027
99154
28149
26385
78197
81315
40810
22579
91153
3618
46707
82595
67348
83425
95662
43375
36809
76922
51657
80678
69931
31732
16645
3457
87808
15211
71046
57163
26853
24002
55745
45181
40996
7399
8099
85275
13017
17079
5193
89751
81445
72128
86033
72799
62534
57563
70010
41980
3151
95714
47156
65541
87927
76671
4278
9164
15270
88700
61767
7857
9093
26482
53321
40022
92457
22809
84156
5427
20493
81379
65387
5563
54335
46427
22894
95829
11218
21921
28924
31460
40992
23004
8697
91215
83755
1618
91841
88466
15317
94485
99602
4429
93898
91062
13761
83597
71000
87415
54970
24439
95176
81620
88661
66691
14765
96125
35189
34667
42492
54945
11968
26601
75448
6718
67859
98732
54132
76463
8912
86471
36187
59520
39408
90026
31874
85586
22435
43243
56382
23815
75988
6981
84205
59396
87205
11530
80899
88809
91727
67540
36017
83145
21538
55692
18649
32422
71335
1991
98803
3315
91926
60098
38354
21424
40518
72274
75861
86106
43713
36942
12176
87971
88212
63447
74929
95062
90686
84581
87921
95283
83414
72575
13058
24933
68227
44681
17264
79555
63941
95233
17980
12958
19155
79056
83956
49742
97690
42260
14588
65115
52534
55994
13221
62385
18121
39438
40030
2831
96144
39611
83021
58855
50208
18024
10978
34221
9404
8384
52357
21013
84052
68175
26610
47331
82230
50392
73270
79293
7199
31659
14845
32384
83807
97019
11897
9729
64197
62907
96124
94510
43151
53923
62350
91612
9189
844
6588
39156
25300
77212
737
77469
55391
83360
44660
82063
66921
94310
47441
5168
70375
46069
40725
61229
59517
85646
97363
40987
36255
88079
53076
16994
62585
30748
70407
86035
3816
46730
81272
18343
54513
68347
39888
90831
84791
84239
57488
20243
14171
43366
47020
67016
31422
31431
73730
81707
91415
9067
86542
3034
30462
33965
96809
57860
54301
79213
12882
18475
89331
27191
83710
43893
54605
24456
2848
35204
50476
86329
95809
14503
99095
20453
10057
47007
68631
56767
80805
15482
79169
98199
95971
50545
67095
71857
57477
59504
20983
32718
46914
97940
95691
57441
66539
44038
98796
30387
93000
74258
75879
94299
96385
38773
35069
34654
77566
17383
9333
80947
32412
35792
54774
23488
85384
49266
69876
9108
60170
90920
86905
65870
34391
31904
73197
25403
56051
46081
74921
55842
13476
75052
6839
36530
53653
25216
73091
49548
90754
20800
48961
30146
72418
43256
32182
38373
8127
57087
65416
80323
47480
92367
94409
57454
34129
52497
89182
61853
38105
79624
31234
85484
91006
29687
51242
79242
15720
57046
8811
27543
87400
69504
86086
37679
95959
94221
47751
48338
94148
27398
5055
6259
72551
57012
75124
61194
82439
88806
62582
25344
99662
75175
89262
99152
60950
84815
16163
41988
5738
20157
29763
8741
76709
94785
76833
37341
51433
28475
7442
73038
34985
13558
44490
2665
86742
76389
9736
38011
20537
10486
97178
31856
83801
66033
75130
92874
26410
59806
84738
70197
79049
3708
22023
23752
66750
80956
7947
26167
29139
60127
26920
83713
96590
83362
25356
91106
74244
49561
13595
97146
43056
85605
74829
28473
20098
42313
43871
79605
4794
99297
85537
99099
80582
5226
51359
54340
76301
52379
32570
52262
40327
13512
26888
66318
98153
39283
15789
57902
72436
16037
31145
48933
25336
89237
85471
5049
97070
62771
18007
76183
44286
4164
94285
82216
24310
44385
1367
51394
12433
25989
96527
12823
93465
56263
96433
66427
2750
30711
25830
53879
76991
81227
12189
32638
20013
51118
85152
97518
78990
94632
1931
40940
88919
19895
59346
89588
21712
92398
82751
40820
2597
30686
5241
25546
38137
26851
3937
46549
19954
23024
75195
39650
44902
38849
66034
75244
3992
26478
91781
77155
62158
75395
75596
37292
56859
59329
6568
35306
44708
75768
31377
66711
16932
81684
21687
56670
40974
76972
34962
9131
80705
77387
96510
40707
14627
53089
38915
83162
13986
78295
52800
65313
64277
50197
62274
70043
47074
41574
37958
11656
23868
44586
94427
71286
7371
21546
61223
30421
16187
48592
69994
45789
54467
55071
68190
53883
15895
93141
34236
22350
88741
21146
5316
90010
86335
64646
62583
8629
50288
61821
12851
75027
98133
3478
829
63931
16441
62024
96126
70358
27355
86444
82237
82812
72435
15485
77832
56239
51595
3017
75257
3092
34406
96351
53514
87754
42345
69270
28054
32620
39077
59240
34215
84286
46420
30731
91696
84506
76263
26374
92024
31397
36748
94933
23884
13491
54368
93880
58449
95707
35521
63678
53350
19666
18086
69947
62821
4741
10231
95294
36310
6889
98148
28690
28101
76826
71691
74032
4536
66169
7778
33651
46326
28015
74861
36552
20157
98096
42022
49929
25104
41846
50374
88518
11778
38546
15603
90810
56991
48864
81501
24723
85972
45964
86537
82557
46061
62206
17262
83139
44299
84934
18310
32766
70627
78806
29398
84640
12993
24214
98513
13903
72489
7254
91696
5594
99902
42871
30193
73105
34371
90372
21922
67226
80373
83029
53427
7650
13734
87749
48852
35100
31315
51442
10311
39402
26672
40952
84396
99188
11609
54820
5381
3038
90229
41905
87582
31714
42443
969
35954
4716
57008
85240
80256
26400
79792
74261
26952
20657
95009
14924
2480
52569
38899
55602
53001
88348
9850
10552
95139
568
45694
64100
81714
41940
17703
19277
91385
82183
61492
86956
49543
15226
70484
48369
89622
59160
12910
25840
9325
74680
14176
56204
74537
44025
91155
32544
41890
17649
43918
57846
15940
86096
38242
80316
72466
38249
40057
92751
46759
38818
47821
27286
95721
44302
98095
33182
93975
64460
99285
36783
61654
84760
9938
63667
32305
24202
15953
24992
80387
19683
71793
83026
12006
18157
27207
55639
69907
9947
54808
47269
87321
64330
68202
38009
38206
76076
5753
1973
61029
96359
92673
62803
15096
96271
89887
23301
25276
76160
57437
25762
83322
31101
90536
67554
73725
55839
95025
63434
65751
56848
53357
98943
30960
77514
76393
35730
11027
99380
28550
29803
56350
85564
58735
73057
4907
41211
83151
82899
53894
61223
83747
68900
98981
17903
19547
51831
93599
48446
88454
7602
83476
39939
64030
85023
52020
40613
26138
90864
18495
38209
68351
44811
94756
2141
24557
75090
56570
90588
63051
33251
12926
44926
75593
33416
66665
19571
67840
22369
45343
14622
5687
90401
24502
97606
56249
73115
35830
3952
48389
87538
51911
54878
48763
18474
13518
51351
86793
58784
33210
43200
58209
72898
81863
62789
28053
58006
64546
71635
40375
25965
50547
30635
36887
80262
88323
19378
33076
87806
12860
24980
70694
18400
72800
14919
31041
28625
32324
97345
19272
39949
66556
40677
94101
16081
35903
44781
15353
84063
5886
89164
96721
35002
8014
56949
73210
28945
50481
82283
71976
53902
46019
62528
66649
3134
3466
5691
25004
52621
58820
25996
80594
94142
93664
84139
5944
92597
73177
56463
94453
21405
11288
27522
63560
79941
34689
12903
40751
77204
17641
99101
90284
97674
96240
71334
92343
17961
21961
87897
7307
99913
82986
43090
62388
34386
33848
62576
85012
37264
79118
23314
97961
74243
61928
88755
35358
59140
18382
7256
2209
8063
84588
48643
12620
28828
92704
37073
65318
24887
20223
58730
58699
75233
25812
64547
83104
90656
365
86059
89350
67741
47898
90836
61984
88748
26124
95938
81034
81442
60744
75600
29640
9897
1557
11235
55558
46669
57406
45987
59775
17741
54288
35345
19129
78085
37825
13132
44446
64273
5138
77756
51846
1718
46686
93140
13982
61212
94016
420
24436
44325
25520
19995
14710
47658
19689
73127
19590
95739
36882
18457
39767
81362
97603
56575
7968
69290
9378
30923
75876
55809
35500
88751
15694
74071
45573
21206
36026
6687
43075
4111
15238
38467
36276
24944
25003
38999
18534
9355
27425
6070
61722
10551
33920
34282
71148
36801
20318
47403
9655
48617
37348
20676
79514
66530
50616
78318
62495
35898
58095
59397
29950
96617
69905
7663
7609
42479
52735
947
73165
95665
98505
36892
64096
11539
60445
76137
82920
50273
91452
61185
59399
76394
57538
44655
40087
97671
1897
4240
46035
54541
97636
75110
90087
57672
19139
81170
95038
85815
32144
71654
44584
84010
24857
90542
67097
41015
74541
32365
67734
79000
7000
71385
26630
19728
28101
9420
20256
679
99198
10921
56918
66116
43573
33855
95876
1125
91961
56152
27120
43692
83458
63636
42522
48660
26044
34678
71654
49048
59198
81922
70288
84263
83460
23855
88256
50453
43510
60811
18819
79517
78474
94597
40353
89442
83473
92257
96220
51248
5907
47184
87154
87357
69827
48209
35354
84513
22923
1036
1759
26151
92269
99330
43718
96320
50978
98344
92851
57485
11013
59280
23354
84046
16126
55071
97626
43927
23260
8114
66195
55174
93756
54325
3877
38857
63652
43765
65265
80785
2834
65408
87363
62722
47377
77708
38509
92111
74308
54109
97334
38998
58899
50457
82362
38848
1758
32912
13416
20877
64916
39496
54339
87249
48983
94104
80084
19837
75064
73625
32298
30783
23439
82836
40015
50271
86628
31371
69890
86044
6855
92714
25055
42839
48543
66407
91187
51872
76993
73530
64547
1163
83861
62489
78471
60756
72760
55144
39706
90553
87132
72881
32683
85699
15829
57494
3304
81071
33304
79255
14816
66889
20119
30683
30823
37561
2912
67331
77325
83621
89981
73565
50070
99523
35705
80020
31764
98042
82208
49799
92289
90403
22772
93431
40335
32599
105
16843
72556
55747
16087
94299
28507
826
28890
82771
43037
99902
76544
3091
97035
23068
56180
31263
94407
53649
19882
85661
42848
67700
10433
864
51842
44656
36329
14023
76662
25106
66731
78114
88233
57504
77790
426
36484
87402
34261
45420
2316
20906
25386
86715
34398
46609
47816
95506
22400
40915
64303
27814
1215
77952
14700
80862
75314
93990
98428
42457
97092
16265
8098
50824
39517
51345
32286
32254
34074
20071
91583
14231
10093
48248
57651
57456
11449
61043
90754
29490
42605
53885
28808
72263
54216
1449
54823
2396
727
8130
78567
37729
85789
38941
44412
23549
51833
322
74362
68966
49218
14572
60542
56266
41787
14182
58163
5952
16680
31668
38431
9621
42190
59430
57795
68089
61499
81084
32231
42546
19689
73925
93727
6742
76330
16812
27939
30706
16158
96813
57929
15208
42660
20910
95668
75101
29322
23336
53205
54647
60465
60671
11215
92043
1756
58268
30554
56458
71468
86961
34312
89890
20020
8748
92952
43847
36882
73250
3652
75763
32930
7648
32949
9089
97609
78788
36043
91415
49308
34649
63544
31987
20429
1509
97332
61911
68749
73830
26075
49232
94819
67159
83821
97378
48713
61174
872
81108
52264
54443
84852
59455
91233
86477
15639
61442
58719
78359
97903
17379
86896
74870
77538
23540
14235
25780
32654
59326
29287
48745
28010
99688
63572
2286
44108
55906
92002
6758
32066
28023
73930
5095
43835
96173
26564
78054
83424
30185
12269
35530
92848
89179
52061
27625
56395
95165
57200
93822
539
75763
68203
72213
18114
36080
21180
81067
51808
1825
94701
65039
39987
6435
42342
91935
76812
42779
52991
49376
46554
62963
70658
93983
30532
63318
63242
96849
68896
52941
70507
80335
124
2623
88289
35750
62864
6656
47263
35127
81920
23095
304
35891
9209
23540
15423
53169
29195
98133
46644
93342
93294
51001
14101
94020
96286
33997
28269
8439
99360
16907
42515
88996
79798
52407
26134
88967
99280
43036
84599
35074
91562
51459
45928
41255
27391
96208
82500
17943
25132
545
35003
62320
20017
30137
69377
70796
61662
105
63858
37079
28677
28422
36142
17761
81512
62441
54553
70423
87946
2917
64094
54069
89055
36604
36866
62447
16853
78049
89697
13657
65924
99299
58230
63507
47366
16685
43031
90710
59344
45317
81751
29439
53698
40710
91132
10152
5483
87238
1578
3879
13356
58709
1853
36363
23788
5212
1379
72554
34938
47398
94154
65936
40019
49549
561
27749
11150
36356
5334
17959
50292
58083
69818
75092
56958
16979
37156
48407
47618
58532
86636
46508
96747
34572
75130
51011
7797
57092
52680
61770
98435
48923
62401
37746
12203
78144
16998
79894
69000
5120
85230
34270
65337
89264
25981
29293
20217
45224
80677
81389
79511
27377
21390
53441
58168
27991
70828
30237
61124
49891
47872
23064
32911
7958
15186
50400
68735
9926
64882
31698
35153
24297
57550
12958
67964
50055
88685
59177
7657
51953
52395
91235
15310
41261
85116
22645
99299
98206
72513
6423
30540
76861
58854
30028
45972
94190
45359
55822
75719
2275
17154
53269
89143
81346
95190
70286
90229
20078
14763
54568
14428
34784
24395
21326
36504
20807
95722
11136
15531
81171
41408
51877
19466
22119
12954
66087
98182
41157
34000
90739
91209
73353
21498
74469
59860
41285
44761
30186
12391
60079
58514
46369
26616
64491
45720
40971
48047
71551
77059
6068
56804
50712
81735
70443
35550
29286
28414
96863
10100
51437
28874
94085
2648
30710
65918
36596
56127
59962
39014
99069
59981
71752
69598
12244
31399
61458
89838
4306
74740
16277
84692
44048
73703
58668
95502
12980
63793
98916
1821
7920
70142
54397
94656
94640
80925
30683
90597
2492
25248
99900
31430
63386
51012
37849
71161
61729
89264
85851
2117
42307
35734
67676
61151
58037
55864
21382
19083
16368
52197
49242
63439
40793
51121
14087
72803
7578
39457
4014
19448
26674
98254
23257
37642
93104
98308
9541
55352
50099
66964
51094
70995
75833
6430
69379
32766
61569
19814
66229
79827
67842
4335
60033
57961
12396
89470
20651
95355
26851
65445
76732
6370
27247
53400
99500
72701
18537
63412
6183
10973
59866
86902
9394
70340
39493
87250
25420
21482
49978
83156
4125
87351
70236
9098
69086
85254
30257
30436
54821
98720
91947
7504
82918
91859
86803
76182
12084
8441
56819
47277
84163
89872
82797
37827
46014
11118
69036
74872
75445
75319
52347
70776
50560
2770
76265
5058
46560
56458
83296
43455
24734
95299
67706
64020
69289
47872
85813
9482
5518
94583
58877
99035
7507
20952
13886
32179
10643
99739
80409
38305
34394
15712
28402
49649
89837
42151
8998
97925
70536
93515
72325
35764
50395
28780
53059
79577
66174
45912
62295
52353
73733
78273
68318
44791
13818
38884
87357
11740
38467
28509
54222
10202
84112
52866
8800
24864
60370
88805
52522
55293
63514
32619
90981
16045
91032
28835
55678
26986
88732
25842
10470
38714
72907
26087
50926
42424
8904
12804
39128
88722
86291
27759
52623
48825
28399
55129
36935
41987
27324
32770
26783
88311
98139
14501
19088
33212
39034
38020
65025
32314
76870
51139
94907
29081
25880
45513
72507
88560
86501
10257
83011
40743
34447
50470
6986
80667
59908
64515
53062
69511
21730
35287
21251
33977
36926
6767
44628
79249
94235
11221
25190
61492
16347
62394
9624
6710
9843
63469
49755
29080
50488
92587
92339
26478
61368
79651
79257
39161
9742
76756
22077
48916
22278
38391
61735
90508
22974
880
62918
62152
22638
163
909
57410
61401
80907
82420
21007
1845
99355
74877
51143
64927
38195
33281
15244
75110
70236
31967
24603
29228
11124
40271
25681
45312
87282
18246
81087
96407
64252
93222
72052
82265
36164
11868
33464
7026
24045
89525
61137
72499
98415
39681
71569
91385
8891
10078
53637
54233
37107
52765
65672
75271
26398
65335
86985
49163
51524
39459
69981
87973
97658
69755
26264
48653
92030
99363
11520
13248
535
54483
36969
90490
6924
96235
10351
82549
67055
42907
4301
7850
17570
57347
70635
89168
94243
77141
12515
85683
8878
27659
22519
94975
14003
15068
87215
8150
37840
27804
70808
95550
81046
22801
48663
47653
17940
44651
3248
80494
51700
36847
85862
75792
41188
89414
66949
35534
20844
60835
99123
2776
88414
76152
83896
70867
26599
39138
24804
90544
76010
32708
82752
42571
99821
43640
73280
45179
97845
20476
18377
65612
54791
46234
25856
90916
22753
2981
87536
60879
91651
8640
58502
38035
30029
41251
27472
6050
3018
11070
85546
20609
18974
22703
58756
75630
33984
70366
32270
44906
47534
63691
13152
11385
38093
732
62582
51616
1174
75679
56060
5717
95574
87507
79525
95112
3898
7272
42863
46265
75984
76601
57466
53318
90694
88159
44731
51395
8434
89267
64606
96384
36385
32614
49949
5524
76657
28539
9040
85471
36221
81661
242
15973
57243
17589
40831
89013
15075
14765
65184
75700
85031
3254
13461
10390
4877
61532
18803
75918
38293
52202
90660
20451
10144
98522
573
74581
32146
58617
77788
94283
59916
9749
64999
6741
84000
35143
16972
31979
42504
42278
50104
43594
14326
61779
5842
86427
13425
82697
41991
80222
37383
20097
33572
31542
23170
44028
55329
42937
89671
36094
27954
52718
54727
14814
67240
84371
40421
36952
28302
87877
43322
49645
5047
94275
31655
90826
32154
71072
50988
12428
24520
2521
52851
57312
24390
87239
76721
3376
77664
25792
60904
83712
94297
39351
95951
13956
50290
69807
78965
10917
94864
35042
21276
71553
59266
42600
40116
79081
84173
74586
98216
32574
80895
6350
89505
27245
93191
26312
65542
90308
17902
36983
7519
15284
74551
62722
60741
95314
67673
7223
96526
64165
7576
1886
91789
83481
44575
3074
20919
51346
69990
28824
3273
78787
53183
55517
44267
46556
29758
77343
23931
50830
25955
35095
30072
43807
61754
26903
85508
6025
23643
91517
39527
17485
10863
70128
81517
26659
48608
88322
13755
22548
56065
13070
60431
22310
67078
71736
67257
15171
87658
78285
69266
72922
93201
94860
50876
14288
83609
38138
72960
38386
98355
61070
85858
73267
68485
28437
93204
38903
38366
79480
70458
25010
95558
71974
17539
48489
24459
99824
82536
2434
27712
72651
33019
70054
6611
23886
7692
14096
19425
12307
6720
18643
17657
91937
39821
32896
11218
62342
41097
39863
14985
11797
33703
56034
95325
46064
27975
52480
57409
77867
74210
35477
78415
49257
89822
66958
18618
3183
5907
726
46082
32605
87652
94487
51871
25302
55451
99116
36620
16821
30058
96626
80375
70514
57236
17479
91890
90728
33408
88860
88936
41576
71340
183
3508
32442
19599
98397
27905
22849
25613
53170
26740
19882
80951
77650
83628
60063
48954
25251
88513
39059
90485
24131
55724
32365
98039
37395
84226
51935
11176
43860
3078
32602
56691
31729
52799
38501
73274
86287
666
73018
89640
8660
45532
73234
96226
72783
70719
57687
45081
62944
95047
28018
36024
80295
45988
53515
20081
1509
36066
79282
51070
58000
85515
54084
51924
93598
14174
72660
67037
73455
61121
46549
31165
58061
37364
50980
91383
13326
25194
46925
68002
96535
24624
42499
18663
82314
87233
15281
52261
39780
43346
16018
1575
65110
25715
9271
55227
99517
90141
68277
8033
25611
22826
86940
28698
47003
84253
87256
88796
67580
50284
3138
57333
26279
304
89059
4843
15674
55759
78443
98154
62439
24271
27522
49195
53120
67533
88824
27982
61293
75720
34700
1293
90471
98388
69414
66484
34332
38425
63670
32016
93486
17358
68294
43547
39539
90513
67416
60506
96880
52995
493
77828
30222
63413
27513
57127
91935
46461
21788
4980
18786
36164
33100
40146
8837
6703
34687
42979
82347
2981
18678
6168
2451
30607
3055
92550
58861
29053
98341
62394
47479
63670
38437
27847
80469
16388
670
26628
14841
89257
76486
81098
31257
13715
74986
93357
52597
16488
30815
6292
41489
63239
28719
84454
62781
34308
98222
71658
59577
2214
37436
86984
88170
82098
99809
7474
61274
44609
71658
38672
26237
48975
56113
29296
8292
19248
11580
13398
31433
14074
13166
88984
56106
99936
78466
772
37618
39930
2283
40200
92019
82117
13527
34420
71123
54419
36330
59282
85525
64928
80549
27311
32272
95307
76502
56200
50516
41410
28285
53035
41083
19290
68365
97375
34014
41842
28837
87460
79020
15863
96933
94177
33714
82811
20349
50100
69625
30034
41129
28909
14489
34379
57332
82549
92329
27200
15899
1811
64201
42706
74559
59502
62801
48452
33090
2078
86024
28449
12851
61303
14147
962
75521
28095
6454
9175
72013
46832
61335
24768
91659
70947
51249
49831
4657
18678
89812
42949
80552
43400
81477
19267
26671
79701
49977
80101
95178
23253
35142
12423
35793
19813
23583
76054
72042
44540
19926
82062
60690
54567
17270
78797
50098
18954
80979
5824
10856
46153
72072
45412
1233
71359
39171
59740
55107
4708
49982
16700
45288
18335
15556
23916
89537
87328
96042
80164
70360
87402
21024
83107
86769
88950
72388
83578
99994
80987
82656
23966
52766
70708
18420
23356
74487
23595
11397
15802
95625
32804
98480
86619
22903
99424
95298
84233
6535
29776
94225
87119
43363
43332
39583
47343
35701
89547
61885
65996
72505
57920
9096
33541
92909
16811
40955
89258
30071
53663
47226
82341
85549
9678
76704
92214
54349
281
13199
3523
95561
7122
58009
99959
85837
67060
91734
60903
64084
35565
89145
79511
51064
9564
74902
69701
36690
63943
86895
52423
2745
45503
53266
95417
87057
2701
43345
52411
86814
67907
58478
43173
21500
99007
83661
57655
18057
63040
26577
48025
76117
68914
67537
52109
79905
17726
34566
14276
57393
24645
4823
56037
87402
514
18496
19484
70520
34249
4387
71791
294
37633
26096
15020
20821
81313
88369
57442
1545
3626
48217
2727
60856
71830
89075
93289
30237
94002
90161
4268
67483
6301
36734
78798
26479
19073
12250
15665
94341
33392
22399
58657
443
63543
79110
57351
84566
63416
8454
29150
93423
98224
74772
61242
534
5310
38437
56005
62614
37703
31328
7328
52479
6834
26502
26615
74626
52640
67212
87364
69853
23193
91272
34130
44665
34129
35686
80737
53021
49269
58399
18888
50875
59088
54830
61470
40520
46844
84896
2461
31916
28484
10893
36815
85932
13573
13617
40773
52675
82688
2244
46481
69076
61686
50886
11798
98543
45483
67982
6070
95801
63862
26712
97946
41737
81266
43145
88595
21757
64307
29011
28746
57122
93732
81680
62256
18291
28734
67846
5206
53107
80291
98010
55389
44913
49879
16150
81050
16066
81454
88736
67046
29439
40621
32831
48054
75949
55908
45059
41043
57789
29580
93376
95669
6792
82006
80255
89969
48050
99140
61053
51146
25377
28347
87368
92031
50912
63108
33095
7160
51835
8360
43161
44550
78007
23918
41698
42706
40039
2853
81561
73744
40657
87797
32929
37274
77420
55762
63653
91274
97159
1395
59081
43043
89915
84105
68092
26414
73047
63277
13022
92204
52179
57144
83653
92637
36615
62211
3801
46553
98985
70782
19039
67095
19665
49302
41637
64208
9913
22532
11956
6085
47129
30024
14057
31203
35100
19597
94161
53186
59538
55127
47719
23843
76417
96939
18777
98363
49572
30483
40238
18349
98119
68100
31874
80521
18210
95510
69675
84205
73800
83163
14304
75870
3377
56222
43457
39507
61660
97832
67379
2221
13522
74675
65338
17293
77515
21236
21150
98459
92995
86310
9232
78848
82212
25810
18617
85337
23233
18681
57092
50733
23704
98364
55347
50888
53997
56504
24183
30876
47075
35328
94871
63990
91864
57880
45839
97962
82725
2735
38927
83915
84987
42122
25137
8386
75299
69708
22273
57937
10708
24854
15400
70527
79208
2088
72831
93150
46704
22778
38319
19
23398
94170
11322
60654
30956
85488
3455
20819
75414
86736
10641
48757
64752
87934
57962
75258
52024
82538
80563
23724
45645
62926
5477
84712
91553
29601
38580
93960
49112
25074
80240
94025
57028
2014
51558
20453
67120
50818
68625
27474
28582
77522
27157
34035
91411
1941
2598
76037
67896
14836
60198
3048
37733
16391
7029
33440
74922
68147
36555
66306
35789
38151
479
30185
38933
54342
7166
51988
38511
92065
9697
68844
68857
71276
6366
16059
7108
4774
6617
72314
32379
71211
94339
74182
11696
60231
47217
20944
33119
75654
15597
15611
1983
71944
95639
18578
82531
61259
2172
72077
67028
3252
47772
67750
15069
81215
57026
32665
51716
4365
42299
34257
31943
83630
19755
90589
65645
35355
90030
84675
57815
60509
50414
16492
38630
19770
35633
44432
34136
56352
80028
67217
22471
59434
4216
94684
63451
83030
97346
98321
85252
57427
73721
73349
95240
54464
92311
92064
12376
60414
50127
35375
99089
46994
14365
61263
43401
31465
81269
25394
97921
12592
70630
7117
3430
55302
55459
21087
15735
63234
75643
11186
89274
34069
47973
67544
60551
97025
15560
89818
99487
8280
49591
665
46236
66110
86610
59808
33
39978
17799
17232
55339
77206
59405
77967
49813
25502
92630
58171
56307
86580
97739
36019
35478
36514
91010
3020
18061
15339
96887
4687
67782
14964
89091
84681
3790
30233
410
5525
28873
90350
25963
67342
81574
87413
68670
87668
1745
24459
41868
22661
49686
88552
4930
88738
95063
1335
69365
10677
18240
88876
84426
97581
54661
6074
19744
79609
62792
34337
45627
37946
54001
33243
26123
21213
79363
68223
22656
29946
32475
73192
53489
10898
42742
32218
34055
861
40304
34843
43616
32155
54931
95536
13898
8117
65384
97161
43726
6740
35546
31149
28848
39289
25457
42795
60610
56946
31308
9547
75793
86896
86600
9882
42336
15106
80853
84036
90132
76296
11212
94107
54772
81508
69778
85533
93270
26070
32617
73859
68890
71377
53601
36418
93811
72265
47208
37080
47666
64431
96120
86632
10247
44803
37285
627
44398
37192
90936
24768
39479
70838
10516
80997
90689
30029
97793
97691
28038
4878
12699
44040
65212
8625
61574
3151
76300
26067
87025
61419
90947
9638
97903
82247
5845
87110
50592
44266
32990
19542
29601
70361
38371
71281
2925
10868
88299
98810
97642
31254
96883
7778
77538
50637
30041
25453
56657
55330
86785
69601
61740
93292
13594
95676
75359
168
31711
45674
40817
48940
75528
64747
22824
44606
57162
82769
29107
128
89829
30246
7903
91865
82491
42194
19619
22972
16207
70572
4639
76605
58480
6052
46896
77935
34612
60139
37527
31897
17013
83760
69787
13068
32964
73424
5519
4409
30303
44611
24539
74850
46534
73641
26327
14269
26711
51670
18041
18851
78449
26346
66608
82227
88816
57502
68053
89623
28173
49281
93720
46537
66031
8948
20856
37543
28443
1452
21327
41366
84291
32644
30628
21642
68910
34381
82978
8933
97536
59216
32588
69359
95781
22933
63940
46672
67561
53223
32989
86212
7006
14641
77194
56636
91127
26967
92475
61442
22837
40967
48306
77011
62823
81773
85869
65764
74924
39514
49071
89112
75154
52813
72516
64667
81130
76334
65931
46832
69778
36296
14780
55342
58332
97640
10600
13454
50014
65443
49324
40976
99688
88104
38527
78461
92763
36473
42840
7123
89912
23207
12283
96536
30508
19325
54777
5776
53981
49225
64157
59492
3663
74210
57741
93534
36316
5804
93451
96238
26031
29907
11047
78288
41239
33723
77276
76067
36865
6076
76278
61087
977
49429
78471
46130
75511
77851
46732
46881
44005
93713
53326
68931
63970
89498
58530
82269
61908
7405
58905
96432
23566
67994
28430
56688
52475
89643
11663
22997
2382
11148
44732
57354
16470
47658
23346
97952
64476
13651
12618
2922
58414
99320
61928
29586
73543
47785
51786
70458
60515
52546
80007
24354
47719
77362
10535
52739
37172
79893
81532
90753
64664
94620
8690
68509
60024
58513
12713
85046
67797
23443
94896
9575
20486
39460
39210
69414
32234
22147
92594
27919
2249
79431
93324
13536
19787
55131
77628
83688
24730
83270
94891
33968
97597
92993
73963
4833
30239
49027
9485
7160
70995
62554
68267
70077
31083
61905
72265
31828
49936
91067
28294
86002
78576
50588
55184
96382
54768
76646
1214
46567
83804
59812
10904
49868
31388
76222
83694
47254
58917
86799
98307
40211
47520
35243
53928
16003
4063
6170
55514
14336
78053
55340
59384
51164
70948
63719
448
91011
64739
24990
24168
81257
78917
36966
40206
87852
6092
31374
51811
36194
73442
50303
19828
31096
61452
26664
43311
14623
69728
79973
90337
49109
16347
65979
38471
8106
28320
80846
39358
44088
20126
60129
63445
34280
39783
97594
60530
57056
13132
60689
94717
45484
22594
33202
92784
3868
69112
39015
3991
40122
40981
45049
19333
97760
46712
52566
81572
48737
47631
30256
13993
88255
54059
88750
63385
19320
64909
5340
65780
83695
55791
9708
39105
1973
74426
17597
22221
29273
67007
71230
25621
50392
73876
40816
27466
58281
87989
56992
18398
45743
80651
44933
97494
14196
83767
6344
70122
20541
93621
88979
17534
22539
25909
4646
51568
48162
5721
35459
31064
84234
88307
49443
14136
56458
94752
40213
89381
79376
74885
60070
55683
58587
13892
40382
16977
43684
2445
24425
99800
59290
20949
8037
47853
27512
72909
84800
35696
55287
24974
56446
14562
57879
87233
18800
2747
12448
77894
54085
14186
28049
90398
36606
41728
67162
95086
48610
68742
76145
95013
78601
17548
82424
23850
88849
69695
47937
27337
40869
44447
26196
25399
43696
21277
82262
22235
7960
61545
99556
43524
2142
37284
70607
27405
64712
11646
82368
59903
59360
46202
95633
54490
91333
67160
83384
20140
1699
67076
29179
35274
46097
60757
72417
81178
17410
85118
121
24284
12599
99986
24467
48462
44653
17142
3086
43167
40760
84383
80945
33061
44473
12509
54713
29041
79735
6883
90644
57543
27054
94016
36435
33565
65613
35738
16479
57223
11456
95898
47066
27185
44836
12869
77378
40883
54892
52144
54385
6152
13407
31244
12293
86062
98876
29302
4428
87949
54611
25357
83941
4621
92111
10531
77591
7755
77500
36932
29931
85198
13132
62056
32204
4041
70271
74311
97024
84238
51216
41672
35296
90652
63469
9513
63300
55508
58613
86572
37679
75025
98532
21001
93741
36572
59749
90883
24486
74172
14622
64094
78590
9820
90026
55549
11062
14259
31427
65342
42407
26249
59700
49339
811
68375
50080
54171
42280
22102
89945
31844
54707
86347
61586
52700
57128
39114
40753
4695
42812
20138
29341
71755
75663
85348
95761
50025
67559
91410
56364
58594
4243
80702
19756
95611
55538
28827
2059
74800
71897
70652
2000
46778
69068
13654
68623
17857
78913
96198
14506
16674
95388
5419
90516
17478
65499
19303
64256
69518
54638
40657
52498
16624
40911
69282
27860
45633
19185
60381
51583
76826
74496
39535
6592
92329
49708
89446
56753
66630
88744
10277
78312
7638
97566
49023
22860
85683
84628
22389
76515
32933
27815
47395
53328
23772
26786
38438
42367
42455
5434
39814
6537
57356
95039
56076
72912
40682
42677
52158
60701
15778
96951
39730
11963
90395
88234
33745
66561
96662
44826
60681
24732
95937
18361
33800
55594
14400
97576
18489
10302
6896
20011
88055
65241
82271
51791
20576
9981
60624
86260
42779
98116
61651
40264
29394
24305
18585
15470
55150
14884
84634
43482
10923
84184
81675
71776
88326
56093
27627
65560
4232
34136
86491
56773
78106
39177
81199
71399
65588
91158
28424
44136
79962
59014
15794
15935
21394
34136
67703
54316
52523
77279
57011
67213
60437
37386
90724
85832
54170
79386
58719
52690
1980
11994
14125
64630
45508
67670
7792
53993
83802
78808
79044
31338
1648
19541
54773
37300
47051
99527
45920
42027
10414
37509
13220
69009
33131
20631
59985
88791
98999
62080
44958
88448
9115
61363
73120
62812
93633
59236
31401
79216
62989
32612
87645
8175
88800
68884
54081
14254
41411
6822
77035
6581
83771
93898
43524
75403
60832
97516
58333
72120
92894
86301
81774
16040
99020
23748
73109
16691
12202
43484
68252
52471
89818
41886
18056
31084
16033
16277
22094
24398
62341
52477
74362
6419
89523
98981
28203
64118
89908
65326
55694
28433
58870
39778
89830
43743
5358
10862
52942
71150
3869
56106
15301
12765
37251
1993
52741
89625
2223
65197
46216
66324
19389
88492
19090
43192
43131
11650
35635
84139
82720
97602
43704
23821
72484
44090
99453
40554
2125
9540
9338
9033
69041
1437
41154
72101
49923
9155
55436
73885
13493
41583
7938
4864
13051
41257
9426
84489
95578
6615
66484
49265
97034
78404
83336
10381
60898
96581
20340
91990
73907
10656
83748
50728
53745
90085
27607
20084
55499
42709
1525
47709
5514
29602
96074
17843
72656
19599
62631
76192
44837
11196
86780
48388
92823
5091
24550
3599
10625
2942
80617
80260
6812
38892
38596
98628
92467
84865
74685
23144
2345
29580
82430
76969
86326
1464
74830
27051
20033
83530
69552
91997
97657
76968
27539
37044
42107
40113
15866
68686
20490
15889
7446
46795
50123
27013
4850
45045
43827
61761
31779
55300
30567
72165
38239
69681
20332
27940
18692
19917
85128
67548
37432
15905
62939
34677
23122
19020
17438
37618
43794
44676
23446
44844
96191
3511
6644
27034
93679
13766
40312
10413
63716
39506
89400
48764
34866
13734
80115
86967
99394
70477
99299
80838
41175
44204
51262
8574
90003
12767
7027
76681
31884
29624
74561
75316
65856
36690
76494
80677
5372
47581
39196
28930
94597
6227
17041
92556
27312
45896
79259
13662
96317
40619
77321
87317
72385
95371
12835
40827
54076
99024
16252
13283
43953
11251
73497
19823
44149
99795
24498
76398
87050
61006
67744
83735
85467
52342
4778
22905
84490
10042
11465
33744
48484
65533
44571
56388
56659
80957
59702
39535
47274
68062
75459
22751
20702
59743
84486
86659
45775
40739
84247
37679
52658
73689
59740
78586
52380
66620
8498
88211
5150
97168
45408
22456
18930
23642
96291
15210
16088
93698
5148
62014
28011
4984
8012
63359
39114
80793
37162
18974
29097
88845
18681
49858
85862
80163
35406
61
78084
3158
58343
6262
14193
25560
51277
27710
50837
5325
46917
80813
34759
8310
64300
85168
6472
94557
97897
77710
38681
48305
56101
6909
90465
88524
66507
30110
41472
27300
61946
50791
49639
56386
28344
7766
84567
35526
3727
60817
4173
83441
39358
89461
13619
14255
80702
12563
66328
39588
44634
71341
36988
23317
44791
68484
56475
93312
57986
47326
99376
55718
31380
1895
36440
79434
63385
2504
78732
1254
37719
86758
69568
64532
31582
77002
24989
73882
72985
22527
77476
73991
7862
56442
55725
31132
5552
96475
59038
85353
71583
1512
29515
17773
97422
12594
48241
31593
62102
85959
16233
87750
31492
81814
76451
6036
70328
12495
64199
5932
20449
95263
11743
75426
14755
93170
37646
89441
73406
28946
47738
51876
95657
55436
44926
60580
39655
62308
2431
98558
70223
28903
89622
74462
37351
34964
66080
38631
14804
58321
54501
33498
84865
36135
69496
76718
69194
42491
92337
64240
59573
76796
7740
34520
72355
64365
90085
56112
7957
21368
98265
33994
92615
931
55635
8279
22595
37083
93280
72098
11186
37724
50790
31330
31829
8818
23612
83163
26721
76082
66170
9577
60826
15584
68252
85488
60870
26736
39409
41620
21160
30527
35258
89089
34068
15202
53048
45352
91532
79372
84374
51200
80968
37974
49668
97830
58905
28853
17169
21154
34153
48510
70154
57522
98475
41828
51153
41818
92214
61405
25474
47082
57447
12381
27972
70324
89673
85183
99237
99058
90760
68089
26708
27010
26307
34088
26531
18256
42356
38496
71486
43808
81733
77965
80271
37429
73214
19253
30363
98425
76651
30653
10229
5450
71571
60094
50158
11103
84797
38356
3139
87269
42473
38771
22273
10178
25814
68632
86804
99588
57266
78409
62839
12235
2359
75909
89388
48409
44165
4868
18610
12753
96002
74017
42064
42938
82115
64062
55622
30204
32433
71430
35127
95171
86952
61671
12179
40154
94104
87653
36512
8310
63615
56246
3788
27934
9518
46117
6525
70313
86405
36807
79805
91926
48053
52024
82031
5240
28104
76733
20384
15563
62265
95122
87814
86832
38920
34656
3120
79628
39572
28340
58048
11948
61150
52543
48478
31640
30893
87299
23340
11287
7451
63062
58628
1585
21028
12896
8578
24354
46261
32745
98543
12863
11447
97851
14476
79204
37216
85534
66360
13907
31840
32431
57998
8361
51149
77714
96839
14209
4924
28819
36204
72203
94123
76175
93890
83631
17160
18707
55959
23416
24856
48638
9800
58239
88024
94382
56121
90941
83362
11427
26864
25844
46204
93639
49816
50669
38259
74751
39205
3789
16792
3536
44526
36344
48153
62859
47938
83443
90433
11374
5659
90309
42084
80691
46727
88518
61498
19873
39544
67531
81069
99468
30829
22573
13146
1299
62876
55820
33734
96418
44429
12707
65725
76165
63530
49685
93730
96558
70478
92686
39742
31567
79173
37752
35384
18314
22799
53279
56749
65687
34664
3499
87265
17032
92329
46497
83928
25629
95365
69095
95172
42407
65112
50935
97807
65348
61940
96613
11002
90362
39788
57569
2517
59224
7204
23854
50504
52504
24402
72590
36558
82171
41930
43162
60613
77776
63256
81002
66750
45301
5765
61860
12058
3818
1379
4440
40970
9187
45646
36792
4464
83879
90286
48897
12346
99975
18585
71686
77990
74453
76408
32295
54416
79777
86892
79788
51713
96703
97728
893
92091
19855
76808
36021
25201
45960
3037
46354
56815
43322
34395
89119
6400
86331
86099
31665
45908
21863
49794
76547
60359
85192
388
44542
43674
15151
94682
77932
60364
61664
92146
65043
15200
14685
34185
15634
17026
89419
31560
32572
11764
14358
73125
64938
40302
17335
67836
88346
98428
91243
18552
12443
35241
48126
45903
20191
36637
98954
21889
52075
12073
81045
10921
3942
29223
60152
67386
5596
40497
86410
15505
22127
89825
39972
59982
38248
77881
36170
68091
62437
14268
94625
65461
93831
72911
33192
85989
6939
26857
12536
61416
45486
80902
8121
89873
83235
32995
20221
90860
90912
35628
99498
72477
38027
1143
366
93312
1202
19233
74310
63362
80467
59022
38234
31915
94155
3838
58037
49519
8781
5805
40160
86403
73953
21510
96507
25154
13210
44393
52509
67748
34269
30523
38340
65075
41426
31013
48577
20628
20770
38483
27245
28145
40596
84327
92028
40221
79979
31867
16377
12306
31129
29754
58556
68287
97458
94959
92664
56087
62884
1552
38164
1613
87626
48924
72351
41489
91360
1228
60275
18557
71625
67193
70525
90099
71721
33756
55871
77701
12794
36531
63916
59043
57279
69779
74046
74634
33346
36501
72808
65464
22741
41585
2116
51441
9499
84541
50372
25051
44304
77058
82645
70849
41153
74978
24633
69981
69798
58583
16091
50030
96745
53773
86109
58329
46126
68355
85756
34256
23263
39677
77009
84918
9685
36795
20417
30937
87337
17654
90184
16925
29357
77365
48993
91111
37343
78129
3503
4710
63473
69090
51805
13589
3758
97066
66066
83297
1279
18656
6476
25989
86200
42495
81493
65188
23220
41578
34802
3485
71540
56211
4402
39872
61197
50584
53802
49255
1825
99845
73054
25978
41797
78167
66104
41213
57432
91566
56977
23603
4006
51531
66918
31971
44721
19672
52774
61974
90997
85955
71941
37354
30594
44635
39032
63871
49946
75524
49868
335
20849
26378
29148
35842
71178
14060
91995
52118
79729
41517
52814
82488
61618
66046
69709
32139
76868
85206
73598
86411
63006
25127
76622
1189
27652
24259
47501
45290
65625
64219
24813
56591
27434
27861
27578
37801
90879
23796
94742
31844
57580
60309
83332
41638
53101
66768
20073
72504
2979
21625
79712
91819
3535
18585
54903
31417
74740
46407
51585
78878
39015
47309
85638
67907
2356
63960
45270
51065
25056
89605
64090
72925
67528
84989
8124
1691
98012
7476
65937
65985
99212
21383
67695
40609
67722
64557
560
40620
9628
47321
45065
59776
54381
72274
98427
94041
84314
9306
45096
55627
53549
36006
47657
31667
89314
35212
65584
53052
31278
84259
49650
50007
12331
60500
75020
41342
22268
78954
8896
25693
44349
21405
89775
46723
98727
35728
73410
50349
43690
98627
53241
86557
841
35382
98602
1601
55101
48380
62995
99273
16791
52759
20220
91586
95185
70517
32331
10539
38127
89010
64454
58277
98466
30767
33269
14982
19977
53633
78868
23672
66272
36699
62149
68561
88268
94096
47050
49265
62405
1985
86417
18555
44440
68480
67136
19931
42929
11902
47873
44783
3425
25647
34489
28728
22081
84093
93638
38009
5776
50190
5852
84639
34559
73761
28578
51742
89976
66890
16110
2493
82612
22153
10411
77126
98798
48994
31018
67027
54787
67384
64618
11509
86473
47861
63281
60898
52151
62534
55362
59642
74369
8638
95843
35199
81577
30920
87528
2728
12758
28432
52983
31704
70418
54006
34561
95194
84453
2644
52050
7037
86915
64525
68527
70949
59877
15775
70651
63507
22718
96529
84280
13486
28430
94434
72930
37098
48991
35071
24488
77977
76009
48983
4653
83165
3350
34622
367
68751
49483
63437
50095
74278
66007
6931
5570
54053
43698
30431
8329
96348
7650
53259
4403
4729
9428
4601
800
9374
29473
97346
45590
5106
24183
96659
92105
33532
66494
71244
54591
44583
68231
17705
16
55045
94325
86053
60014
22904
10619
65941
22884
71890
21328
16893
50282
31295
39546
64900
49350
14747
74167
82079
8772
36991
46762
21831
71341
22749
41373
25353
52475
44157
40309
32900
76824
60053
60188
44486
64964
52471
65640
96445
78047
99377
56004
52966
16159
26351
76120
37421
26730
98804
74387
48460
78715
19225
28482
45020
3541
2953
70422
46699
79372
41384
96799
29904
40874
4429
71538
10187
15907
15611
87622
39555
72509
58305
94716
98467
23365
23972
24506
35259
77683
86696
1266
20414
18291
28384
54425
11266
67920
59674
80759
66646
12063
4231
9168
37627
7747
4682
11419
12282
10465
39930
88354
67807
82916
58517
75063
72887
80205
33119
76989
65245
68230
15661
27526
87438
65677
13853
20901
37926
19585
4190
53953
14589
30231
31784
57440
4888
60934
18983
49855
17367
59783
45198
94758
25683
4796
83580
94259
64560
12051
34645
43600
18035
77504
25133
22931
66884
93651
12498
63031
15900
13707
34021
53429
81861
92079
47499
90149
71604
1533
14991
73411
95744
50562
38071
91670
80296
90345
83173
36236
21233
48748
10191
26254
12009
61273
24866
43277
80640
8344
17169
49712
28650
48151
76846
71477
95121
459
59550
81452
69991
63582
23789
58479
86389
19622
31919
60925
77068
35222
94463
35097
55655
38164
35005
67505
28167
2859
54892
73999
5217
86758
63049
16989
18339
34680
89583
97826
25303
15869
59539
23281
969
65209
69888
1761
44449
47521
82325
71856
32793
73421
73493
32882
10031
41076
68885
48329
36566
91920
5523
20567
53176
31343
49538
4421
61879
63255
47053
76250
50632
10402
88677
26707
86167
24348
50176
7387
88200
18721
36849
14152
35556
29989
1516
93253
39971
16380
59807
42987
44798
89184
61467
83849
92859
21046
67145
97678
60735
61612
34611
71359
7792
7686
93444
61344
37538
43147
80164
78774
90229
69437
29599
92151
39284
19500
18635
10567
67414
8256
54808
29568
97219
49145
61874
88066
59864
82400
24007
34500
9774
79512
91709
34980
40340
24029
6651
69349
92791
98989
7676
52308
50718
96088
24892
52948
93020
18766
95371
8367
28871
15761
70453
45122
68803
43524
4848
34055
47184
32885
79085
17687
5306
10917
58699
21343
84274
97382
98246
65610
77556
56029
40170
87694
50768
64791
74793
73537
51029
10095
81455
85000
79993
88778
12174
1999
80796
42611
14975
86011
83097
92351
69156
47749
7558
91795
29675
90162
15149
57952
2479
11272
66013
30915
79287
17762
24880
71325
49145
31877
90852
6162
33532
32614
23108
24372
98337
16955
80969
25489
46996
66932
48800
45991
34052
93068
50390
98857
12444
48929
42279
69141
74044
4751
60994
81876
65435
22122
86871
25160
98705
5664
84556
82976
43393
50819
59908
91737
82865
36057
35696
384
95165
32823
51216
26118
17447
98112
89968
18128
1865
92438
10954
82402
94260