86728
41812
94771
31758
59558
36839
59785
40832
24096
40005
1042
75155
40435
82415
79920
26432
35984
73560
29983
8030
6045
72479
95286
54318
15882
41462
73259
35709
12091
28969
5797
85438
1156
5653
98577
42886
59510
90022
19541
61707
95304
17685
91939
6779
40169
65360
73665
74371
4139
9190
51130
70220
29883
24655
21864
13927
84096
12801
89378
40185
44446
35602
62646
62982
63487
58074
97731
60702
94571
37905
92454
18008
36946
55028
41797
5988
38041
18397
67546
16838
20638
86099
14481
40168
93525
44668
76247
90749
54071
6394
48475
17573
47050
34683
32507
58784
57266
6183
9492
20793
38915
67597
54891
70505
55951
81189
42443
49577
54077
35823
93059
55979
20345
20968
36109
57873
63003
82101
82925
45007
85712
1078
59967
2848
94677
58833
96697
18437
57725
28810
8644
57186
94485
63472
64641
4789
22828
71370
82882
97803
14870
83078
36632
81677
6878
18561
14301
22914
90160
30961
55797
84781
10535
70422
51552
37924
42703
32401
45416
55704
77922
59772
76098
97005
66012
28884
81705
70243
68379
77710
14159
42949
91850
9025
18641
55429
47399
50677
4945
79078
15801
59846
54777
35722
6291
19538
25671
28373
5088
9201
35174
26005
57603
34539
29755
30399
70535
1033
65739
77747
50558
2205
77585
63903
29791
57957
87593
54733
70085
88412
47977
90396
7123
88398
92663
39873
34615
96748
87814
96085
42793
79561
89076
66164
69234
82217
97740
32503
98661
75466
42394
6568
41460
52267
25068
18490
53518
44083
21
31106
42182
24649
32059
91415
80156
65659
94258
76742
32416
24638
1081
51833
20480
20474
97326
45677
20866
25701
90727
62752
77026
20452
42105
45841
86235
57224
19229
30649
69705
43119
56893
31995
26676
33698
42374
84248
42036
44875
22500
47566
91760
58782
3596
542
36982
75075
80586
5142
69689
68370
43021
73012
49633
1084
2209
23821
40065
34610
87306
63836
88340
51174
69949
93395
94010
76125
41610
84016
18543
6809
21611
19191
19931
20814
7919
69533
30562
64471
44714
28541
27156
68682
24009
79480
31527
98429
79654
13648
36920
64892
79615
927
84667
29580
50237
43268
98825
62467
92684
46716
64819
81715
86230
71950
27607
66811
87378
76710
43513
7522
78356
70878
31538
33729
29248
47068
1852
79562
32679
87923
88137
17228
30991
74707
50370
33845
22962
67569
46432
98230
24421
7968
39535
32266
65920
97572
44960
33159
36920
88710
43701
9623
79546
31735
80034
75378
42061
49145
8242
4395
15091
98511
42170
8788
61756
6497
89114
58209
80263
17271
49403
28571
56531
31906
47520
39059
20851
85754
96781
71318
30697
51016
8164
70396
3709
82524
19692
59465
24900
64660
72464
77502
33984
2168
95850
20301
54643
30281
84496
49787
14752
83970
1233
78938
97959
38020
88487
35034
92153
89790
54252
63230
59636
16702
35632
34127
54866
88253
19786
88937
58447
97077
62524
19535
81882
67871
66456
75898
73827
53578
8532
3208
14837
242
92605
39677
63116
99596
49157
58839
42053
16001
52987
6472
47482
90771
23262
7447
15842
43424
59323
1291
547
19991
99409
16472
40619
28019
43321
9091
97517
40889
39998
43130
56065
60440
12593
55687
52469
90717
33517
55875
36986
48094
69891
94472
52726
2767
73369
60362
83647
45196
21523
82230
64322
62744
69547
40943
40932
28836
73127
88485
35786
22710
90146
98420
85173
27168
24091
30043
18416
73329
23464
5086
79035
51331
29098
28752
15714
6581
55292
89504
4173
79410
95150
82599
74235
26345
73585
16805
88679
95840
60762
11584
33724
67851
2668
99250
4331
64212
26833
86212
36704
47352
65618
5168
34718
83928
47217
83897
83169
81221
42011
40019
74527
2631
60928
59962
47141
50361
30755
70576
40540
67557
45660
58912
93782
28743
17410
51417
34861
10664
78914
11172
74412
42002
38584
98922
12649
92677
36921
76403
47802
90827
78942
69927
34566
87331
36752
83151
51351
57766
57848
57391
35200
55447
71518
54879
32714
84180
10088
19577
27952
64307
70262
53209
90163
18345
40626
98539
84185
34660
6708
11592
52830
93486
13909
98348
42797
21010
51942
35249
44069
556
5072
75617
13250
49445
87827
8720
92623
57484
58388
93088
3914
33886
7959
3035
44989
34880
25300
39302
14565
44364
46774
31948
6128
54871
13296
82602
19045
95292
36979
36508
68026
87861
46640
42307
93205
43599
64619
92981
94923
63806
53248
42877
65916
70194
99801
42637
50487
14477
32574
72017
67053
10136
23328
74398
38786
95851
34321
10279
42500
60415
4494
86500
94184
56972
86210
25057
94758
67549
96604
36485
1837
92886
17445
58453
78697
70202
92996
4597
56332
5930
9143
24833
25710
19410
50758
46049
26050
94726
77045
52547
12784
6960
88162
64186
60270
26396
75253
89353
42774
58395
12872
43232
37318
50952
3886
68658
38120
62010
83620
2031
93468
77441
97351
22348
20603
94740
75436
58392
8540
14607
28124
26218
40158
44560
80814
92575
62584
41175
34916
10597
21609
92774
40111
74292
33582
95025
79390
33394
23205
98034
94547
12503
89370
39620
58054
24751
56930
49663
22937
89040
72387
37318
18886
47531
92984
19510
20946
97809
53870
96090
29406
68641
91822
77331
10404
36277
78357
90519
17147
8939
50083
60483
62997
97634
69496
26712
35837
15223
47066
27421
42709
39211
90227
62978
83902
33502
55679
17130
77078
88828
19718
26867
13799
63241
22787
3863
96413
77569
25071
39240
14477
25705
64856
80770
69467
84354
73700
22024
19853
22284
30509
10604
96830
26989
18550
50729
3692
62157
74511
87881
77812
94173
47151
78645
19774
55435
50981
73275
86163
2563
49987
92559
79982
21979
577
38433
33336
34392
63212
64859
97482
26679
87526
23790
992
1156
4786
41087
80367
5082
851
89232
11289
131
9999
46811
69312
63504
19404
37589
34221
20854
55352
38301
35078
35193
36223
91628
87813
84110
41112
81179
45582
13206
59305
93187
86602
82930
35398
20722
12099
64693
80257
55664
36827
99113
85670
32831
16746
90823
39233
1880
95470
72420
90805
86764
74781
91882
83115
3084
27316
17824
71007
88270
97030
2165
91051
32729
88089
73628
75933
35579
92731
53436
52892
32737
64961
89540
65962
74805
53684
2317
98121
87403
83803
47940
67394
66020
1330
86084
50815
789
70542
92454
6613
69133
36782
75433
67133
65295
39928
56584
89362
97456
92552
88074
4323
65097
54718
58688
94774
5880
49411
28785
66928
96507
28341
1820
32029
13747
99140
68125
93759
5101
81489
65388
79216
404
26395
13798
45320
99150
74335
21931
51130
21635
96005
14009
80209
5610
57055
64593
56268
80389
49421
81972
80833
3568
1349
6727
89960
40945
99730
90928
60923
54693
95641
68408
84036
28464
44735
22486
83555
79652
49488
24225
27099
45931
52287
75626
60112
63046
92028
9946
14824
46829
71672
68667
53113
76995
97364
5374
44581
77593
21867
69090
57974
52688
49561
85894
38950
64254
38018
18518
19989
82227
37653
9283
3360
63940
67479
28163
87663
9281
71710
78567
42506
35392
83658
99816
48975
85449
5252
60997
2715
30913
92611
15141
89842
89416
10970
63008
75867
70930
69610
10605
45779
73305
88550
19738
5556
85167
65204
33684
96474
7249
91037
32230
89290
33935
96491
43176
20444
8141
32723
98757
69138
56954
65137
31412
1545
12664
31659
10384
97924
94166
3993
49069
665
31184
37271
30709
10453
45150
48783
37791
26192
35029
58250
40697
85877
50316
15460
97284
67499
72330
81061
47569
50212
56318
97380
24732
35677
31491
64507
40012
271
21016
72944
32873
50155
70278
14938
6753
80780
30912
47975
99361
40496
34228
15350
36053
39335
75967
14930
27627
5318
15608
69176
88296
15789
52524
30861
52363
75093
23726
62658
37455
30958
92836
81254
64289
57601
39
62367
51468
57733
34670
79241
45773
84827
8751
62492
95377
44467
47305
81092
61680
43689
81632
62603
82032
98935
37814
26951
89905
11630
11458
75089
62030
76073
17421
88813
68257
74963
58209
33259
91284
20511
1052
92858
21068
60198
14715
88867
98659
7430
85411
8609
45192
84204
62200
80948
21219
50745
30042
68384
88645
69553
69463
28808
94821
6981
33699
76958
13499
64833
48250
26002
68692
22574
93879
31532
64258
95368
7078
35585
50596
31208
21801
81571
72294
18335
99761
13156
42976
41701
98477
3266
56687
24757
58177
71100
43996
34674
85477
72942
51172
96848
2629
89147
55222
25133
32753
92241
41860
78825
66466
17744
21844
22795
64028
68154
46411
3534
12410
17124
36701
19773
95040
98732
30364
94447
93923
55448
17413
6804
14341
65796
32830
20283
65325
17318
34433
23690
93710
46052
47654
9590
85698
8406
4810
43086
61993
15183
29816
44345
76371
59547
3469
19419
36224
90686
13338
53926
86327
60325
84617
98519
56846
90768
3065
67444
20837
50068
92876
97852
32395
59533
49545
84558
28674
10754
29521
6419
76094
71868
77442
76332
53336
70157
42135
52934
72852
22125
21729
68033
17956
60787
71831
37331
84656
85382
37778
18374
52440
33788
63707
30512
76150
61915
77345
88933
98425
52798
65142
6532
73315
15429
53538
24396
47256
41886
52754
73904
40815
4931
17833
43842
90945
50149
13003
84326
29538
9563
72767
45848
62006
18127
63386
13462
22367
86289
42270
15954
68042
50461
62796
51297
9118
14393
62214
44179
59828
12325
10178
91731
51507
66517
34404
85677
48041
43694
47535
63584
53654
95981
43570
94405
95471
57188
84869
37446
72981
44372
47468
7428
99401
9430
76704
21586
7003
39204
94089
69794
38170
22908
47134
85165
3155
48939
15888
99554
73786
62074
80059
23485
81208
40444
14122
33594
92777
88613
94877
40779
57602
22640
13555
61793
36373
33130
73401
34185
86544
70127
7481
53219
2308
35398
49680
8964
84009
91666
52613
19352
13119
56382
99943
40033
32777
42863
10848
51184
28836
33457
27425
2590
22277
64878
26157
93931
28314
55643
92827
61590
18360
24164
20410
39395
11596
21820
73469
4638
82217
54038
18847
17409
41809
92642
20840
40304
77382
55454
62877
69247
55428
41798
91504
15936
20682
36327
48084
9924
23074
8973
53607
61980
95868
31976
51357
9598
64207
40669
62028
3009
86720
79405
72725
18837
1305
76891
71010
37046
55549
8085
61682
21472
71513
26553
92689
16189
18947
47303
89602
24497
84621
73673
28073
61757
2479
68457
15681
95571
825
4978
65059
72241
2725
70693
33086
15843
34228
80477
83620
20042
90072
95669
96277
27981
9688
31050
37912
8626
65633
6964
5347
95542
24292
29382
81098
33633
19738
12593
47803
71855
50116
48469
11782
1318
18057
66931
12083
53970
75495
52656
18287
66028
93622
95521
43783
22907
60652
80969
14396
29723
10992
70352
74995
18593
81457
87044
84236
5041
79912
50806
89226
5344
5285
78177
12708
93760
80003
72810
40142
59892
95588
69804
90933
43789
97521
25490
45717
38488
49501
481
88654
4094
75193
77273
31594
76570
50644
81853
70223
25680
9476
14873
35530
6556
56772
36648
59966
26435
13889
14093
12757
19083
88810
91514
37737
79684
86692
14467
10224
14039
68711
62360
58729
34329
20893
6296
44654
71172
36543
37598
878
91198
99180
37145
23425
52413
17897
49707
56070
84326
64508
99141
15527
61304
59480
96931
15320
44033
89141
40681
73789
84139
48101
94194
73087
63374
90971
51675
14852
9840
88789
69261
76119
37099
32728
17113
68312
40004
24063
217
26769
85964
84915
27782
96495
14635
91753
3047
46541
48745
99623
68964
50954
28983
28538
13618
51247
79173
36869
58205
24474
97379
42117
43638
6685
97539
60773
39835
8266
26589
63256
86837
89320
47324
88607
32546
47536
31614
91508
3892
61397
25450
96065
4167
65597
27729
14832
63053
92728
92348
80055
12600
11805
31968
63604
52633
75222
78148
71740
8539
96246
17835
12413
46996
38400
57932
47474
62848
12411
88994
2377
2238
74699
87952
88739
98056
48041
19691
4785
91173
96448
69882
52680
36620
2719
92979
13918
53862
91370
97787
15469
72765
67445
35776
10046
94036
20753
54023
20425
81743
72375
32873
43372
38203
3188
20626
7372
78602
20119
15652
70182
80188
67562
39894
21747
26033
29274
41366
11934
6429
8733
73769
49641
33567
71812
51238
40756
51247
88422
50241
10741
97549
4707
42399
71029
76087
20829
95213
42130
81848
61031
13600
17876
57016
1721
40087
55862
30194
7865
70836
7419
19002
18949
43464
93595
76540
13949
56295
88680
53788
23049
44943
99369
60273
71171
77209
21691
17254
85730
34461
39713
46610
36442
15289
10622
99148
33268
34289
3079
86445
17448
52935
43250
93076
77354
12892
29942
84560
29769
19066
37259
72581
27072
92044
12700
6103
64229
21857
35138
61489
88584
43701
79275
35646
80976
83154
67725
80027
6869
46743
9891
95752
29462
95447
89199
74982
2205
79316
42552
59789
50600
7201
26874
62491
39412
84501
98534
30352
78604
18069
46183
27971
92809
73043
29462
64426
28538
32911
71617
13461
10426
52481
1261
79635
41516
76086
49958
8779
94033
98376
84421
79963
80907
84753
68717
51983
36772
22212
44347
46401
34879
43797
37980
90208
72742
88762
74376
42208
39364
59525
21630
68266
45816
942
87018
32806
45682
51990
69171
81542
45808
77441
37717
84319
51389
80566
38416
75408
57815
16387
12639
7507
53238
67473
86095
6837
48251
1801
21005
8013
55854
18773
328
68020
78070
13991
18991
43137
56916
91926
23211
89924
44760
69474
48524
60947
8644
95687
99511
98720
66574
61828
66549
44838
30083
75751
64194
35559
60744
23587
42193
58209
55019
90026
23049
96719
93759
28559
93173
30212
1816
70284
82201
34705
66341
17143
81685
9951
5124
68233
71055
1799
52408
50635
41429
57313
81249
51519
45693
65648
54975
87392
16216
54732
82344
79586
50163
3380
51991
22407
11134
19100
7707
33146
34686
19035
95687
74720
45467
89350
50957
98651
31049
40045
72252
52398
55783
33329
43750
61720
50397
3183
8065
62248
79485
66153
23965
48946
23608
61726
36867
46641
34289
23258
39184
8514
72557
55299
10917
90867
41129
30406
72229
32977
61376
75024
35226
71865
57418
83512
15695
42335
66347
89414
32268
23772
77972
69556
20556
83945
16769
92068
47584
7718
5112
93641
72936
89404
96309
14964
64566
10543
77397
9298
50885
67004
87866
73552
68569
83939
84345
76663
1505
76688
75321
59106
61340
23725
10916
76658
69866
66510
53361
10705
49242
17503
51956
89163
43503
18744
49115
45672
88195
37143
81237
14672
62377
11769
74743
6737
15727
9746
24431
78563
56683
48153
45299
97662
69047
29621
679
55292
65798
11617
26488
28419
15718
23491
28325
15505
12818
66306
72499
1884
28731
16688
4945
59001
99230
73217
55472
83260
33935
85857
27810
30726
45410
36843
9414
43055
29614
22385
96297
99365
97950
4557
85857
87195
3834
8975
97103
73532
92468
24242
89086
45822
21674
165
19125
3333
28760
70347
39909
35703
12355
7571
60918
30035
11873
594
12156
60599
88511
93919
68794
85921
65693
42553
23619
23130
82956
19682
46083
76456
88377
59219
17597
49172
16135
65519
67669
71432
69575
15612
7447
37045
13679
378
41713
52449
23778
47664
50551
39551
99484
78522
57393
34241
91485
62816
63473
31011
56467
31765
21752
77779
29959
56302
32161
83662
87427
53800
23979
86831
95884
29809
40136
51422
15977
57314
12289
89786
54051
23846
89129
28061
78903
37302
74492
27688
26839
53163
61096
28308
70991
91836
13947
90003
73168
42175
13080
1249
23348
31808
72151
37172
38218
48421
37998
16385
6554
54866
62140
26171
97216
49137
34916
71395
77728
76713
29401
89304
99586
23059
76481
59171
78520
20163
68227
85042
89992
32106
78955
12701
75554
53761
28921
67330
15948
42743
49721
37725
18286
94711
11122
623
69533
23209
32856
33816
75581
23286
76291
84327
86747
95770
94132
77821
24742
35308
8165
8146
90466
17031
23005
75923
5367
76609
20337
12583
72371
59727
19517
76246
65890
61860
82421
75705
36785
98295
42317
14279
51228
38436
34298
43962
38358
3031
91784
74864
25158
65786
31411
86589
67184
25373
9468
80051
84393
74180
49013
88802
2652
29998
93149
9034
83642
32069
76917
92749
3288
61937
16026
53639
26596
45427
1151
99649
62251
56953
3866
86587
44510
91794
48666
83257
15707
61184
60502
90716
61633
97405
25302
48933
61284
99076
81513
20981
42327
84483
12476
23442
62871
98953
66013
56785
44094
27542
44820
13710
33511
71659
8975
89269
41323
63668
29084
34286
35791
91322
36073
7648
95150
75322
5545
83468
80860
51273
89308
21355
9123
15709
60349
82290
86441
50929
91735
10238
3320
46725
11791
41204
65204
81784
92441
90111
56317
11742
46524
48625
83212
63930
72634
59205
44094
35426
94494
81615
8879
58587
7780
35444
4219
91745
84422
7308
34405
34936
37300
48737
59642
57335
77498
19893
34387
16380
6872
32537
30621
84322
20259
56219
54652
19238
7663
71375
8504
49016
59954
61749
76914
74161
77897
88918
29901
55581
44280
78274
84376
43271
56611
52002
32718
70939
92976
72557
66914
45960
45190
64395
97769
5799
32469
91996
68452
98856
43193
14926
34590
29076
85277
5652
53205
79544
36605
91096
16572
67765
1915
69117
89116
95058
67675
12894
99447
65194
42440
3362
71915
28199
56011
80356
6293
66749
98876
19317
53314
75112
106
13804
96103
33341
1203
37716
54116
68269
71052
45712
19253
2875
59311
67060
46700
80000
36457
76986
59859
60166
80053
96369
97347
3891
33935
5779
26336
40668
58396
21081
89232
61025
65238
97626
63984
28707
57871
15298
54253
73887
53490
88106
9950
98743
32467
19493
98240
1527
65693
84308
34951
10797
83695
68801
87328
87286
59827
26992
46313
19239
45726
13814
60562
67771
47628
73843
1482
61676
79023
36106
74492
8569
53658
70232
75532
18434
67587
15360
80004
18095
21494
83037
67392
40168
96495
50388
93851
95902
45261
95494
62892
75658
13217
14093
74384
65258
34957
31193
8173
55137
47043
60120
12788
92978
92551
54438
6326
83252
90113
76520
49715
36822
14364
21217
59636
76154
89298
60798
76778
7412
58741
31895
77488
51654
37177
73584
53196
54940
44125
70923
89548
81599
73939
18364
61324
86898
49096
23077
15201
66524
11559
14218
33961
8378
68015
85003
43116
63170
15562
69791
20307
49136
39219
14138
50152
81631
24726
11463
45431
80970
78781
6891
40688
15100
10662
35186
71724
30118
19760
35851
75851
92230
42038
4720
73580
87687
30516
47958
78048
16768
2879
37837
8268
13596
55037
11594
40797
1535
53998
29367
16752
75004
58537
15045
92551
22241
98073
39027
83086
36285
19749
71232
48819
28874
32705
60643
30826
96447
76560
59887
51980
58091
40548
91970
28567
31208
75364
3160
7715
86763
5419
55808
52035
76529
59252
99007
16264
19056
73561
18229
11800
77066
2220
49288
31329
61011
15697
5797
53824
31800
79456
5910
67761
56693
61565
44437
26892
53135
68004
62670
60214
25395
12862
55606
82623
52427
65249
11748
56986
12006
96220
74502
19191
73180
60365
44940
65409
68688
98511
20728
39160
91166
36199
95325
15250
31177
90569
8292
4784
79107
66258
39057
7690
20297
66915
62727
32146
72256
59076
53646
80686
33283
38330
93120
12313
14569
40360
69767
5245
55143
49651
92859
79114
2947
48882
31524
7831
39567
50800
63717
55466
58102
39678
87393
52043
42541
51577
8190
40168
25829
41900
9314
60978
29852
27291
93895
74137
22697
36009
77205
65566
50182
1360
60950
60088
24246
10547
31439
72635
60477
45014
76581
70061
47336
72681
52124
54151
86068
96905
74169
60180
61462
55618
91305
11496
15386
86626
46728
7974
50329
18620
88227
77555
80425
93886
27423
86893
13973
33713
86447
75360
5714
63416
3860
96601
9670
52485
23488
89351
4760
64572
64444
36529
80799
67996
87239
51893
68144
99327
10466
75061
50823
27038
12012
49466
73702
83761
40349
33870
95782
71917
10741
19204
51482
98783
22306
71414
97156
76223
65678
27313
23921
98897
92977
85144
28400
43960
89749
96232
60558
30591
83506
4261
39895
20718
58165
60118
83805
32388
5233
20518
90127
47042
7653
64363
58557
210
6379
32406
54564
86733
549
60582
10564
18953
46266
25959
55071
57665
87966
54459
76519
62420
42192
33257
21193
98007
11411
68966
85974
38086
7052
80627
39360
49178
18975
43682
95733
57685
4311
26085
5284
90477
35667
94242
44597
56909
54523
74723
70493
42102
6550
27591
92455
56404
59864
68526
50686
73309
80505
59232
92641
470
87045
52030
91976
99623
36507
79958
28763
6420
3285
13949
17395
81559
40884
45836
98102
93444
30479
9163
17581
66306
82684
35636
89879
23575
12949
36588
41050
85059
40157
88739
1586
69420
32000
74461
79631
71097
94539
54721
77773
26191
96614
30037
38652
89090
22160
39256
99245
21892
56504
50010
10645
99454
54110
44343
91562
64939
46211
550
41005
1868
86929
61799
72184
94250
15634
96472
35535
9488
59872
65216
84276
69145
31874
78595
62222
18146
14841
55661
68511
71828
34963
75425
76422
4736
34436
5091
99158
77870
67421
42093
2637
52649
71889
2360
70728
4760
37244
44460
8348
95847
47937
76097
13283
827
81260
7924
99864
24446
49020
11727
50891
20463
64992
93805
86010
1843
36453
7546
23216
8359
14414
7760
19381
63303
76305
28078
45868
65100
2123
69309
14465
59191
86215
34561
58123
37420
35430
32433
92006
58284
11304
78446
45779
28950
15273
15959
66763
52615
65808
14690
58659
10841
29356
84611
42490
13703
80297
58526
41452
50794
61783
22865
62044
36267
83866
94958
43440
86415
36047
46772
73599
76794
22412
59244
17763
99587
79631
40924
49655
90734
34735
70265
81195
73609
16890
75743
80473
65108
22228
70179
6891
20117
25800
71472
17625
58088
93817
67789
58469
38592
33503
17924
47323
95700
7171
9275
4457
63539
4218
6262
10608
10919
5964
20214
96150
38219
53534
13170
4526
2938
72800
25525
89734
95413
13659
51568
20729
91562
3860
16274
67587
44271
55651
99833
74389
1653
82674
42506
2497
5240
96990
1108
79556
44004
44690
47288
42818
18728
26462
44122
98036
11672
55858
97346
30044
97561
95616
88139
27874
54560
12471
18624
15443
7357
74351
26602
7029
73584
53147
12301
50419
88422
55611
82671
42577
33864
81832
72217
1279
84908
49942
99669
42246
26398
21366
737
27344
97662
2587
41692
89041
85248
82285
75794
8954
10550
96401
59714
96798
8734
28365
70234
5845
31202
85867
31219
52075
1801
84633
97408
84453
35960
93585
72513
27850
64237
80540
84424
2660
44224
42647
87498
97990
97187
82159
55943
61090
69235
6914
6933
96922
11475
73250
37457
40765
42527
96244
62730
69082
46325
32204
63441
24830
49878
80811
65209
21293
71572
22252
3260
20081
66022
47745
24119
42585
17458
77862
92174
8889
33713
19993
74625
57792
88331
58712
76380
38003
22163
7413
36721
49884
21973
29735
69877
19133
82447
55746
80121
99395
51541
79388
91287
35162
88066
64576
27804
44618
9100
12204
65318
88122
45957
15649
97139
96298
72280
62528
89830
72818
88473
42930
53292
82239
30992
15839
76445
72762
33661
88316
77952
59141
62268
54594
87399
81175
51231
66047
11955
87497
14906
32549
1086
81144
66810
28899
93498
35163
50012
21102
17266
58262
11327
98229
83895
62584
58909
65794
92054
28945
4053
45408
55077
71175
14997
75246
35356
66739
50411
36312
41189
42135
73683
9730
15112
6156
32083
20760
9154
33976
51671
18822
78399
20876
28905
37079
40699
16854
47898
54775
18557
1508
6533
67089
19377
64998
93212
94335
33477
89448
15957
14220
69109
96119
67311
12829
63822
50706
24946
7099
97037
4096
55464
60540
79580
25391
31549
80265
1225
41492
86076
83947
80549
25473
70846
17912
19817
2670
90760
68204
23040
53591
72211
58260
894
99492
82248
9431
60567
45850
97497
12470
67060
3354
54607
70345
53697
88080
79901
56431
48674
53118
54535
8148
71106
94909
5899
40887
93167
10041
67112
4620
88725
77215
61890
79078
58544
97878
6495
7938
28478
92358
57728
59790
82517
28375
54865
53874
14584
28342
42611
76937
98695
26014
58236
14129
88263
90711
73513
58362
2007
65801
13059
25517
90524
21918
68750
1018
40246
92882
13645
26874
22246
71500
14131
16644
74458
63107
30897
69342
85282
95162
81729
7390
68373
12187
73335
23554
22067
98646
13345
54564
74361
58548
27439
72876
95069
7791
55119
73843
24085
51547
13435
65468
37742
43813
52996
38601
37368
35453
53638
20827
96925
1221
47663
7010
23175
57492
73255
43704
47225
91019
7219
50626
72990
4805
15835
29171
93679
7211
54258
50306
23538
31483
83880
13020
79087
45234
64315
10125
21369
74840
63794
31051
67332
22260
83258
71271
45446
5586
58270
23991
37600
66142
3588
48455
83553
19577
52253
21053
81415
64859
40578
64407
45533
80442
95270
38453
79185
37063
43760
17226
36281
78895
40684
95034
58736
37078
52263
42884
1457
31252
97287
38301
87516
94447
68428
73009
6897
54492
89642
46812
79788
47918
61007
49251
86901
25405
92923
41800
73086
26097
84985
20400
34544
35954
39911
21337
22821
25593
23666
98124
39781
39263
53009
66208
1607
96747
11040
74509
63862
38479
53854
66066
10831
11422
57770
51970
11396
63130
63978
57031
99726
79571
69833
59415
21728
27641
21379
48884
76684
73844
55973
84965
58317
638
19585
94326
15833
98181
81699
37521
5721
2299
21469
19745
35211
29345
66591
25767
76545
95492
83771
31846
50415
56730
26220
5141
85667
10998
30887
22245
50317
31786
50351
36542
4225
27301
57093
32212
38650
95331
80280
30611
55286
8870
77244
11844
39686
36290
20163
79425
26348
82868
21122
90926
15204
95547
14822
43660
43402
59443
94393
90511
66679
75694
64900
69458
50825
82816
22369
33378
7142
75402
62873
12187
5693
2992
22783
44140
73981
14602
84902
41641
85356
59702
67165
77172
78196
25315
14826
47116
53506
53345
69547
30666
52276
10290
40532
22943
2093
51667
75111
76799
41576
84736
15286
87597
94610
48628
27678
20684
90427
32289
28867
73636
7795
83588
77480
68069
89483
25365
79356
1551
37993
77454
29015
78753
96905
85659
78996
31530
38625
20496
90028
71057
5637
5437
19835
85178
3070
62182
74047
21463
21675
62869
35839
6907
94274
27264
4236
41647
48283
2861
67687
33138
35194
18426
27689
97518
55190
21670
21558
69431
10153
64883
4576
5440
10690
11169
15912
4119
75173
620
26376
76354
47095
76018
40204
53173
79279
81902
72869
6404
43113
10294
65638
89160
11374
18131
61082
9238
5945
82251
40695
78593
19297
18867
2776
33650
73141
16693
41324
13001
51681
27727
21658
88203
96590
83621
70800
60433
89689
70643
36435
25166
46632
93467
63829
59553
93524
44661
79896
62113
46036
15356
84026
92364
43689
51769
77218
37487
67381
98445
36475
27087
75459
2085
19320
48810
47376
6366
59414
81898
55499
76889
8534
83105
83825
84871
48129
19794
627
9122
17597
6422
57088
1754
63403
96975
58254
91286
71079
90324
90659
39244
77331
6932
66784
30279
89087
75223
42301
14681
47003
67460
35501
87273
76180
5781
34495
39999
14672
57362
33179
13469
54252
23709
80905
9788
84190
18523
4807
48560
92111
25916
63097
49275
24973
64725
12667
41381
62779
20028
82528
28197
6545
72154
76724
94294
3102
40392
20772
48915
28828
80644
84171
48474
10495
31630
91069
33210
98717
22363
76960
51346
45922
15797
36987
91764
75780
88399
41750
15910
96436
40763
48214
73186
30518
14525
25219
43564
34331
626
7694
82203
49753
76103
92587
36121
300
26287
21623
1486
18999
6070
51838
47472
60571
80144
4256
41999
72544
63445
61589
15197
62789
24698
71120
9251
23357
35117
68003
22899
46996
83457
13664
64940
14
15216
1830
41373
80283
27886
38657
59460
22971
73993
34022
66513
40549
25572
44025
13638
74830
48181
32145
9587
96799
15239
93626
30449
7911
82016
32141
94811
93207
31005
68652
76172
70196
58081
96148
8948
46269
51233
65628
74878
79491
46399
10555
55078
97878
15476
34244
58335
63861
75869
90915
29912
13283
70510
85609
52021
95112
63438
15075
17391
16318
95339
41123
94830
32820
9953
89538
18701
15535
29768
6222
64726
42300
80450
28098
51057
75884
74522
49659
46992
296
81026
85251
25917
49965
65097
17483
32121
66251
81474
83685
98871
89755
86890
92213
19311
90935
21819
43629
87433
18063
43665
89955
54496
34842
81452
87262
86665
86233
48202
45007
25115
13619
32088
24280
94455
53672
22027
5389
83239
23294
54964
75948
36271
95407
20463
5920
95390
71012
6187
9396
36005
31910
85253
1777
24174
87965
78104
63319
41937
86839
59145
2167
50386
48907
14640
47812
3538
14497
76717
94788
14674
99928
91029
49766
70837
50362
58163
21793
56155
92548
6915
84564
88740
37531
55839
22429
10561
4844
42019
7627
547
87746
6721
27575
37731
33750
47767
77426
5927
99062
314
62690
87099
36780
17232
83611
45754
86109
74524
31792
75858
13620
24503
94931
23476
92896
21404
90786
85137
24372
68487
37307
48020
16101
95986
63786
79798
43685
14726
6112
75816
53709
75848
34143
30176
11375
35461
39832
48167
3611
9362
49245
22650
26584
63342
85586
45847
90663
75727
9621
87718
21248
12046
17767
47220
77200
127
74349
58022
87511
73964
12358
4674
86426
49389
51126
95369
43740
30590
75492
37071
74552
69512
63393
85627
90574
98162
6366
44949
80595
28576
48497
82700
6465
84420
5540
62535
64267
94977
49095
94021
38232
74028
71495
10718
97886
60237
78174
62825
57720
57604
26495
99187
41705
80963
26539
78339
38211
3707
28405
44431
38987
75232
35238
70149
95809
1351
88005
47775
73767
29603
69210
94939
14737
69418
10424
34047
81325
85839
58646
18882
9590
73505
68286
95620
87306
5106
70197
86741
78954
12412
89808
80070
96148
9162
30185
64992
45831
19965
31135
40419
55370
81506
84362
78475
72708
25314
73768
71649
47144
25274
59037
60495
67746
39719
86252
52346
28060
60353
9760
20378
54084
2535
92207
64047
32456
85615
8500
89032
40671
11591
17942
28508
60028
26726
64155
10597
20748
76372
21501
31554
6496
96848
2548
47402
77880
42188
92708
24303
75092
39699
66349
43727
98578
57435
80711
64693
66638
52512
25968
92035
30091
7302
10048
53846
24843
87171
78212
97535
43205
76196
63154
11896
7518
66806
65299
80421
69747
36590
91593
41837
84268
7544
74930
12304
48145
53018
18062
2006
52728
77392
66913
4751
512
88239
54359
89303
37117
5667
7889
27985
18208
90566
67433
9872
11911
22482
58487
24356
70237
64523
65778
67983
3241
61988
89571
13555
96497
59989
97622
24069
63877
24432
97546
5590
42125
87594
9583
93914
45887
54861
29014
82294
64716
99375
86966
14249
81618
76607
66603
20084
51057
17632
79435
3609
84382
99567
73918
10615
16761
70533
87434
36396
26651
98236
6809
29292
18467
48275
4027
24712
22631
45994
85353
51719
47018
20375
77001
48392
81032
390
91204
88704
58842
21289
17385
98942
55032
87441
66811
20001
1544
32318
33155
55953
14743
96604
22340
26422
96065
80240
17553
44325
74800
41161
319
21948
36552
5895
61494
45502
14507
59227
25211
80349
20967
11133
53726
12034
54153
50106
51152
42725
28497
3509
77406
79741
11901
65415
57513
34682
81228
17953
6745
95699
67222
42950
53053
21908
83499
86332
44090
3120
23304
44332
13470
6623
13565
876
5205
88765
19170
93190
48653
12201
75747
87706
93615
80459
38235
35949
1712
97625
56559
12632
42204
1601
91162
87195
18837
32353
14227
10937
5155
92836
46939
91192
37670
37928
67460
34934
88972
98310
73178
31397
7296
28210
98169
55737
51916
96117
19146
88423
12120
93597
80969
87832
68391
18706
49456
65153
767
53256
47287
15091
38297
96106
43563
47182
24375
20084
4189
12553
92898
25944
79435
24033
41829
44198
32450
79335
75117
87212
10566
33322
46805
97129
5200
12628
30463
2325
92281
14718
38644
5677
64144
23135
67929
56065
6013
224
46000
64960
34680
27980
63118
49654
43849
51245
9686
99896
16720
55473
88190
96016
8337
80018
87529
4077
55902
55110
15589
34175
41043
90533
80708
58229
74688
24771
93235
89586
9357
49722
36454
77138
64313
16922
48295
38584
83770
93117
27870
98568
65037
4051
37062
70486
16742
61796
44434
20636
86431
57611
19430
83052
13884
19189
71579
37429
5557
17483
6707
16472
13856
65779
75154
99790
85836
64166
42329
16709
10312
65548
80945
81114
19497
62420
88664
95303
73678
27662
93654
60089
88975
51950
88844
62688
71348
48040
78529
3260
33852
75719
8862
64067
80603
69525
19265
52383
69980
12614
29379
8553
71287
74126
55467
23596
24221
22457
32869
35680
3768
17996
72109
1599
96691
74627
78708
77962
20565
52890
48106
27981
27946
17772
31095
60354
58015
8728
38928
31135
24435
82933
98277
90911
40744
14707
50773
46069
46057
88755
22997
18073
64662
57164
54118
4633
92801
33123
92158
16369
74257
31826
30599
94779
32968
35162
80525
5571
13729
35786
14941
26563
49456
55265
42711
61804
90094
87009
60218
80564
1310
50599
8412
82385
96021
67649
73708
47732
17997
91383
59433
76564
58062
33914
97199
6127
79582
63886
97593
51794
37492
79732
65520
7637
9805
52481
4100
43152
88839
9928
33173
68609
76875
63314
82387
56691
85185
48365
9770
61627
80401
88107
91228
40325
54261
99700
27527
97740
28047
56254
56732
68163
3865
65046
4176
70435
75760
87579
29575
77099
23331
89236
84022
34075
16940
10799
26418
37816
77438
18250
41466
39644
29024
61153
78493
78186
83702
14171
88547
44790
1447
4685
81835
64595
93101
8895
31553
76481
86772
56213
26826
4614
91521
99476
84505
13979
53870
87653
9540
89752
69254
42191
76173
20717
71944
40769
22514
9726
42574
4319
11655
63209
55167
74329
27633
28250
80759
6953
38530
43672
74869
89002
77693
42651
92087
80012
17464
33759
76890
97435
12774
69222
69234
72073
32678
90859
9962
14090
84279
95649
12532
76042
57235
80070
97420
23462
56839
41418
12270
19740
91509
82520
26327
48834
62779
60088
67358
50288
20028
65248
13263
4891
29245
1685
41731
29398
17978
99255
64860
46732
93241
95745
59489
95104
59424
78611
65479
20623
75408
87123
40354
54106
82359
77304
78174
14924
98348
73977
11075
14407
17187
73588
85277
16314
87968
33024
67238
48614
45523
51931
95086
67769
66815
41713
42101
92949
89465
38411
76787
39954
16929
73643
51277
99087
38717
77858
23104
89645
50984
43409
1468
85835
41401
59663
7684
92248
44330
18387
40560
44873
64466
59658
4924
30819
63774
33616
83080
49659
45655
17405
70949
4658
80585
23732
97324
1959
24075
82355
57106
72819
45297
43954
68121
17239
65054
94239
61273
59056
63564
6105
75364
43094
22893
28707
47817
28979
72406
6444
94594
48694
36299
27152
74968
90197
47926
61213
97275
44745
57580
31737
86505
76124
25656
57730
31449
98788
20542
18044
64843
42739
69550
65726
6491
8302
44836
88823
96044
39513
59459
82270
46276
41376
55313
6081
62868
18032
91437
32021
1106
59157
49320
89593
37056
61239
61603
62640
69019
15918
85688
67897
11622
21822
74591
38870
97375
45318
76239
89674
27736
77598
91512
42360
36967
98040
51884
44518
72118
17043
50265
25691
87421
35651
66558
4040
59893
68789
34483
48512
14623
82059
91088
82707
64333
52042
75382
68212
97342
4030
63254
1719
15157
74674
47623
7255
94379
73266
47028
70642
19462
27603
15408
71199
33734
10866
16478
75834
17024
97841
894
76649
31264
60155
72330
90755
37915
23209
99015
3346
4105
16854
84243
46105
92494
35005
13286
10493
7775
40728
54571
68946
36499
18772
78076
20638
71556
5921
84908
10849
28109
75432
67935
64720
93444
28521
40805
34188
21998
46208
22762
46802
7942
14903
8925
80560
41666
60081
80973
11274
61111
64681
47400
3360
79302
69965
22852
1724
61928
6464
20026
64405
10925
65906
7560
52258
26148
40002
64914
61806
58656
76834
84160
62191
66509
50633
54388
62596
56927
55855
69237
13237
79702
2536
64573
30389
2093
99720
5214
19124
92229
52349
82758
53901
65952
12336
35675
51079
83375
60456
7962
87133
32387
89515
68494
30552
90780
35324
94392
90036
79549
9444
56536
47041
72939
96168
62445
8970
33446
28600
9318
31265
89236
99404
98081
45893
52318
67787
54086
44018
20218
26811
83221
79951
46780
22151
97174
86093
93237
44289
21666
99306
65789
22823
58427
97565
18053
33818
12108
30522
11069
74358
66527
76125
86157
72389
60464
85477
35802
6696
29120
61437
3398
39349
40219
97823
34168
66767
68433
61364
28998
18860
45039
52264
24108
58141
42349
68742
31562
22966
68462
70929
64727
1572
23014
89763
54386
27032
93063
38447
54038
78
92751
870
58770
61713
88524
3663
97736
67907
83678
48804
58899
14546
35064
53278
43745
19259
64072
65020
81254
27030
350
15981
10491
86685
13881
22474
58371
98629
72818
52862
22804
54777
33621
6414
88741
60146
55495
26054
59057
9543
18327
45667
49685
60173
35743
25741
60988
16492
37014
89396
35312
46462
34581
87413
28296
48691
26632
35882
7263
83727
2130
49426
66767
14977
17431
72229
23862
60668
81677
29546
35184
10174
19016
54941
40854
72011
45925
91174
14610
65186
37858
64674
14101
87499
77175
79250
76726
39915
7097
10535
70507
82741
56516
18154
77285
28121
52287
56054
26309
3866
23343
10357
37611
49741
30587
52353
65738
86993
99283
65376
55979
68841
93180
2673
6109
13639
55482
33005
79049
19804
14853
52885
43848
28483
47259
6634
85681
9219
85755
93396
70230
31096
13861
14376
22017
13536
16052
93470
18001
91036
93928
94112
2713
20727
71909
41233
97496
86380
15554
81020
38218
40717
61504
53539
31644
67181
9502
7741
39981
4266
19109
26629
98791
19908
68045
18986
79865
42316
24385
95257
41344
8475
45850
42077
11529
49598
95788
10067
16091
90607
76889
70790
252
72065
184
36382
52572
77468
26959
64823
27264
85722
59283
5214
27545
29379
41255
64259
94961
50873
22833
6525
27089
15485
15193
45174
18096
68058
71743
33733
54377
56511
32281
41048
79046
34967
11862
34437
8384
92416
10008
25128
63659
63523
85306
38056
15832
92724
53402
98021
52789
99795
81320
34981
31441
2783
97626
11199
88436
13952
10251
88062
93721
95214
94333
12165
35040
10290
41057
49043
51103
81426
53644
71106
96943
75662
49190
1355
35712
34461
29191
84349
24511
75374
40512
57877
65433
79527
56723
45820
66732
41196
43597
6851
51899
3663
61346
24362
87821
49315
54590
93116
22677
34619
47409
71618
87304
25738
63681
99587
38670
43830
84597
9528
54308
3238
23455
21796
21528
89327
69472
36005
13605
5899
99486
95305
64693
6023
70542
38207
23310
14395
65971
53310
70821
95663
77472
98563
47180
29549
66490
62953
48620
73102
85311
49568
61846
15330
70785
36734
18804
24590
31772
78629
27724
39766
52246
64975
39415
46377
93016
30282
3947
82305
46539
78339
51363
34674
25887
87881
15106
28402
7059
26886
94643
96050
46307
36697
38001
55345
58261
70204
48222
20935
55812
14194
56669
15381
42726
82045
72815
67453
90994
36859
10510
40956
99420
82386
78335
4824
18030
1769
9763
86056
93348
965
39100
47108
76671
36627
9436
31511
38695
47015
72355
51535
49811
11854
59629
10937
63435
67006
7506
65087
84612
76124
78859
16422
52546
14044
55527
40304
49271
21297
37609
55870
87179
79973
81380
14813
76817
11562
80242
42974
10827
92942
71507
6346
96330
79593
86751
84809
41271
78613
76879
65545
32984
5387
41811
83533
51715
34471
83538
29235
97820
72506
35009
3028
38326
77561
8905
5313
63722
92064
56492
87523
41008
49631
5356
51082
63064
27526
20072
16400
83136
20126
23069
2918
87314
20233
94901
19567
88224
1282
97286
33586
86227
13044
82678
67314
41249
89254
82343
49753
20203
61290
5644
71852
77074
53277
46789
38258
98795
27980
44311
42565
38958
5279
90801
73677
97511
18064
99941
34177
89998
67733
93966
89208
45496
74910
31161
16971
36898
1231
88332
103
31207
24845
26671
24609
75518
17609
7709
58809
28651
63955
34253
51743
34965
9623
49177
94449
1679
98203
2363
1904
53637
61369
34600
99430
6751
94954
45418
38154
66062
65279
29445
45718
45379
29320
7140
98162
31161
16082
72249
56459
81658
22466
42148
72295
3894
48943
54181
10582
24172
99513
62279
30195
88378
91515
12863
214
49707
8835
60681
35935
72898
16434
99551
99605
88873
25086
5775
62165
24376
22528
25061
63525
92536
40777
73378
5876
41321
3257
28154
79
44520
19448
9554
88885
89532
3776
69249
23018
54216
74601
20125
22243
40091
23550
58196
74960
49252
49915
43201
1892
86784
55510
25988
80635
21970
61186
94109
93932
86097
58665
75066
33776
99021
45831
41843
79223
39766
49893
42445
23684
15183
79906
84904
60630
78009
28100
16325
8100
93342
45159
31813
73093
85917
88995
91724
10655
88926
50424
40881
67185
62477
53410
55306
28316
20194
265
76037
76466
38041
32533
83792
69858
31832
46020
62000
36688
88128
77647
54115
15233
64151
29161
12328
77391
27128
65636
10807
65615
90443
94413
24549
74704
48963
46518
66037
16634
94104
78863
68071
52559
41504
36150
1445
663
60299
39619
63169
50570
44390
88573
82114
98918
38575
74988
2692
55112
56880
84444
97574
77773
2904
80156
64341
12527
85520
73727
70320
80521
35350
99944
12105
52916
88421
86046
42022
15982
55743
1930
58605
65132
46532
81788
60215
95696
81896
72897
80006
78098
28539
88714
76575
39679
58503
51682
85975
67575
31421
79139
41602
66026
52580
21280
34344
82463
2024
64443
26157
90674
71237
65958
32267
91412
65046
263
59843
4239
92474
13595
53980
84528
89735
52694
27646
70158
85997
77233
92711
81277
80609
47594
22062
77
92557
25916
74592
96468
92719
31411
94627
38640
27351
78682
1867
86219
72464
32467
73650
53128
84381
6723
2255
48549
58857
42632
94744
56626
820
7052
29968
94936
63509
28769
6662
56650
65
80579
16881
81261
83768
20312
78789
45754
40776
64071
77289
811
62685
26588
65463
3374
14134
27642
80843
50836
49767
34625
29712
17758
87609
36999
60938
41641
50440
73773
50195
49237
26081
50948
18562
86820
71430
97497
61546
63749
48817
64336
1947
86943
28838
24274
37597
95327
23723
47944
50616
76867
92310
84093
28941
61375
15425
84509
91103
51515
6375
12413
51248
6955
71853
1759
51821
28502
56089
27422
95341
48368
61994
60370
39388
23452
8920
66769
19222
77204
60714
25971
82054
60364
11814
65273
38823
29112
64063
98837
23557
72556
36110
80813
10419
8674
82620
28883
24919
6585
65052
13799
30188
81175
84766
60360
30689
59504
62834
55963
10472
79313
4114
95639
33044
43479
77937
84264
10592
8114
70219
27007
72013
56213
63030
67756
45675
73509
95072
56652
43510
41819
77109
31696
21808
72432
30245
87472
92006
81279
41256
75977
94446
65134
66324
37776
82514
3122
42687
46321
80949
1770
70672
75969
11826
63515
66136
60685
32950
84248
15922
61419
25270
72649
68345
31722
71567
53010
91262
33119
87401
41779
73505
89098
13246
27839
31875
62371
40120
72352
74158
53864
63038
17009
63434
20837
22775
96836
82295
32382
48880
94707
75446
5736
63269
63483
66165
72102
43886
8571
99738
99211
1641
56761
45249
21825
29005
89692
33401
11517
97508
11859
64420
42982
94249
39344
96091
56827
2938
63978
6876
94581
50587
18621
5584
23428
46985
38190
71990
41531
11835
5882
82957
85261
75194
56016
33110
73532
73660
37430
43745
63019
81411
97518
45017
16174
72947
18499
15035
75700
46167
885
89580
12356
97100
48521
51650
17149
54530
63142
62972
91870
31962
92190
10799
52020
64485
91619
28991
10975
52682
31444
51707
40491
98937
84984
86398
68477
26256
31321
75088
52375
74085
20050
99182
87357
35251
5165
45749
9016
62399
4823
65616
37679
27299
46648
28790
17348
47568
35076
73508
63659
74522
68063
14633
17685
62599
19592
20124
32767
98187
99273
10838
90379
9122
16267
2513
98577
17381
9256
69766
5258
60702
58089
82334
33312
2549
15537
31648
16089
25052
37982
91141
99858
42109
95364
62728
76876
82209
43963
15308
99446
64677
22500
32512
42905
57295
35152
4795
92325
25476
4640
49594
72377
41810
61886
57507
56069
15864
46378
50562
74167
88399
6772
242
13498
78884
8627
72771
84004
18854
14051
52192
10765
60713
41559
61234
98774
31032
84187
770
82903
55512
7
3940
25763
1536
10969
85788
61170
28046
78544
74966
3544
81806
82868
99580
49516
77807
32019
42492
76548
55522
39704
15173
10544
13896
36212
70122
54524
93352
19113
82353
51667
41754
9175
15954
55885
40532
31517
97689
96263
4741
44240
86868
50533
88672
95445
4178
6586
76480
59586
83935
93502
5325
4784
42111
80117
19545
22840
43743
12804
26780
51272
7824
15653
47900
18882
29401
15037
80906
83078
10934
36139
6675
51264
55681
31059
36177
50620
13402
51476
82394
89582
37649
96189
53682
99755
45945
32813
70775
43260
94055
16036
96469
90354
40764
59822
88080
1888
73862
5029
83333
31763
24972
80737
57534
66042
82655
46370
93206
90518
20510
28543
51629
35911
60066
65398
28688
48785
78120
36478
97834
6374
15210
51522
56174
48305
45675
26698
32012
38880
73593
86245
28838
15019
29402
18551
24468
54763
66291
74178
30898
64343
55123
56341
33925
33893
16575
86293
7031
32744
21557
79803
46557
23871
21564
14446
84164
3804
78232
47675
8229
61714
25750
2047
72459
42415
72768
91237
26504
21255
28835
21504
45984
71437
23584
3379
53656
71374
30023
9771
65928
54218
46954
8523
92988
94756
11887
80274
63786
25339
5775
46378
2532
7385
22769
61431
89999
20920
35566
61462
3765
46009
28641
71715
59600
4501
90857
61846
85647
40433
23286
64557
37030
24873
26475
35931
77369
30660
50908
23705
34643
70499
21313
22398
22755
31103
80436
81633
63641
25590
24362
94454
30661
35808
98180
23305
71543
70340
91622
43034
95820
26219
90057
61672
7120
52573
20866
73606
89000
33698
33017
38173
44047
78007
87601
95711
84316
31800
2322
45103
676
35546
53673
46091
86068
89192
11716
20740
21776
39866
9047
15366
74176
43876
81514
63222
16875
58584
24423
93029
38212
23895
8606
39784
7193
89361
58161
59008
22816
23785
92545
10148
44167
29175
5136
10483
73909
12788
27518
39457
62934
21995
95002
54118
7457
14887
7112
80506
77603
54326
81460
96982
70915
47289
3417
88939
90109
93097
32642
42254
42076
18496
20072
52115
67232
55875
69053
60750
95416
75450
95241
80054
10604
78166
72936
11829
93403
94954
36391
76713
32420
82640
81667
97336
61866
41346
50118
73556
37350
10955
31860
42727
76429
21884
80822
64952
48809
24639
31289
31735
32467
34020
64227
94893
52513
8149
88244
23665
35182
25624
97404
55611
80969
74078
17802
24370
47218
28505
24189
80160
81281
43587
90069
13096
8363
37898
89513
82789
95591
34154
17829
53522
21946
61768
89762
48269
31496
82963
31955
31578
43930
64099
64123
4156
17013
53113
80251
85987
87707
25427
77044
47865
75812
83334
6762
78458
15653
24137
42515
81124
79210
73635
1057
2375
99865
16384
14067
17049
15948
44814
30824
22640
86822
83488
41402
78575
54568
71939
53471
75488
22462
57627
17866
45570
2363
11014
27122
91703
31898
35173
85522
7589
84673
64788
97890
11452
40925
17921
70990
13158
32037
17947
86043
16673
7122
12389
95495
87225
80743
76326
53613
85402
202
75329
37038
10601
32287
96661
90571
76444
42843
28872
21515
49492
18774
89404
91555
51562
97166
29490
1540
19940
69874
32801
44120
81096
44244
36652
41542
40344
33943
37534
88415
84739
99884
74435
37721
39222
59770
56603
69887
33048
86557
12214
20906
48183
37519
8284
2875
85308
19967
89965
88167
79424
98095
69516
26774
18354
80176
40282
22972
71256
30978
88027
78747
95475
56053
76414
98334
22335
26459
90801
97198
60501
2468
64193
72966
69980
50244
70107
59926
810
3892
20708
35740
880
74716
60518
79617
78585
87176
55932
91557
71876
54573
36805
88383
58627
4104
8382
84989
18844
64802
33646
55719
41998
83111
6901
38884
42391
80811
68032
74506
11950
8326
88421
2642
95892
82668
80672
67743
71325
58123
36394
78457
45972
87110
16572
37748
77476
28229
36858
63326
23160
86239
86508
41083
76694
13511
40836
6009
1879
11718
52410
34649
34028
8263
67055
17071
33776
96316
66942
58199
95336
83932
38981
64658
62202
77602
21591
12349
97578
67212
10777
23094
59553
73074
83500
57751
51363
66245
89956
49691
74017
95980
38885
56793
34047
50819
2044
3106
32920
23469
63043
42074
54932
11328
87517
18855
64870
88732
91703
66521
31098
15085
95219
81173
45613
19499
49685
87757
24746
20519
45436
80740
42515
31030
40300
82913
3565
57325
19679
55572
9071
10440
26972
91607
91431
38859
34844
68856
84979
47432
70083
88515
40676
39588
37386
63245
18259
26171
69924
96839
88814
58834
61124
83880
7376
6092
33662
35207
84075
34023
85064
57727
5014
61661
26357
34157
29910
32868
1683
9245
99169
43287
93285
22162
82034
29089
67036
73723
41702
39367
98502
3556
93122
18996
31498
58864
84565
73138
39848
5017
74537
29024
54379
70136
85845
652
80029
97112
30743
96264
35617
13173
35368
4952
56546
53407
75971
43161
74089
63202
14690
364
25924
4757
30948
18302
84294
73126
19580
49667
755
5105
73531
42413
92299
68277
85231
29891
38109
14982
87823
77372
60762
53334
30176
77883
69927
21700
26422
689
78087
44365
21910
83819
27184
58886
65345
96398
98974
36319
93742
13700
677
49856
12455
6783
12261
27920
84160
19870
89761
8780
12172
67306
68266
79738
75519
1289
47067
11185
46437
5046
50665
63317
41600
33778
71489
34114
83943
47592
71460
1034
28034
97345
84508
92788
41723
39595
62203
16216
14746
91181
22526
97167
93977
4944
27463
4693
47022
85812
5016
69487
10779
65882
84733
64802
40762
32572
77944
34548
81292
46127
20679
99443
17659
31589
76006
41971
82452
72024
82847
87010
48249
28823
34026
68608
47284
8918
76287
87810
1506
85091
92556
62088
26049
87884
12714
44195
95753
28490
26187
36705
23405
17994
91919
21976
65508
40759
77080
99673
41174
84087
50956
23607
28601
11945
5595
89334
72279
61640
57155
27501
50764
84363
63933
64391
48372
76278
41567
17580
51112
3149
24945
92182
47889
38622
34779
24776
18561
30026
3586
60582
31259
12384
7924
54407
15183
21466
57051
96104
22921
36356
35223
30550
17689
15690
96130
31180
6174
58081
62034
84973
61843
88857
78617
85940
12493
63045
71673
13898
3766
76086
5058
36541
82856
58897
43285
35319
42140
72010
90402
67401
44900
51589
45041
61956
68135
57797
46158
38790
39071
88200
92790
21210
78168
18103
30133
90550
77096
47761
7983
19439
31720
73444
73997
37390
77852
55916
6783
24567
26612
60823
94554
77027
25627
42805
71806
39075
48685
76969
15114
66806
56385
96779
33783
79965
13066
98418
37492
16977
95822
41557
76972
86390
96645
3621
65876
56345
65167
22450
25069
65331
6657
32214
43489
29968
96345
93894
90979
69493
84776
43460
99308
23721
52550
43824
74070
16662
18522
22382
39771
37255
91962
24257
83476
45641
83391
65676
3129
59098
45372
2960
35388
81542
56569
52831
70284
83540
81927
8498
390
82930
21687
86964
29012
32482
14282
58201
36274
79500
64408
20380
46140
57729
34902
71598
87257
51145
36377
74401
84575
60762
49278
92457
7378
34417
49791
18607
50600
10132
24545
24401
45559
84462
71401
11008
82219
77941
28482
19235
63309
35506
79554
45203
18419
81208
15762
45714
23558
46288
30869
30171
86475
62063
61479
14056
27037
11036
73270
86414
67015
26077
82455
50455
8332
65954
98026
16544
30460
69029
52914
49667
24174
16047
77391
94463
95486
25888
21945
83795
95768
59072
8474
45482
66911
39747
19625
62178
40527
4917
86520
15560
51738
61030
18976
80429
80410
34543
30803
9756
34806
85636
50400
76262
52127
7976
95653
39724
38684
47125
95030
60602
8674
5264
91674
42036
68006
33191
24076
9726
30299
72201
24529
73093
99105
81701
18157
24364
80937
88102
82121
52546
99745
41539
78919
38269
30349
52432
72641
57137
51186
24636
21415
90840
20568
11085
37418
15243
11871
86579
96620
9949
2891
68292
47321
94980
17369
47811
32351
57901
8243
74283
78438
86000
13748
28243
41886
1817
19403
46789
76109
71107
813
66166
38424
12322
72647
29716
92732
32461
92494
2722
83957
15052
91686
98371
38714
71205
69170
7608
67878
48873
46761
64751
78935
37448
28980
74019
96812
46597
42853
81757
32255
83778
174
30713
73580
50292
31397
77975
77391
5653
70032
13870
21576
99063
17351
3669
22880
5317
90262
1471
70601
40487
81703
73943
46914
55258
74612
35749
34524
9375
76364
69532
48422
93930
77700
10619
90712
46443
37602
50397
92727
65570
49501
22769
55657
79118
93307
45368
76674
94916
94126
27866
61317
11863
58588
14296
50590
51761
99658
25286
50844
54865
27244
97862
87781
80135
33032
63093
90135
253
82276
62625
54162
20877
59215
21908
57760
43301
38642
28021
33296
37788
40388
46043
68704
96402
19539
30237
74656
1037
93922
30451
68519
64618
41974
28717
66476
500
70767
54988
76595
92450
89841
16959
64114
33112
13106
15907
59532
69175
25882
61717
14869
57436
55390
40447
64732
63636
16585
8400
61766
16394
8898
26803
60004
9978
35079
55558
90359
26187
73191
64309
50261
24345
29278
58625
99665
3243
88230
29628
95300
72275
34095
42461
36730
96994
23398
93931
82929
57953
59416
47334
79691
68844
45040
52044
40229
67229
1918
84679
32636
74321
11399
15988
38618
63859
2845
32010
27375
20334
79229
28532
90525
77352
44373
15861
6262
95990
12153
75559
65592
10711
40258
90984
59677
88833
55588
38125
30233
45734
62095
91404
96504
13496
3908
1538
36384
50046
46822
62610
6419
56801
46439
43125
49636
48391
97857
2485
3134
7653
3494
98699
67337
20967
91259
81023
57541
41907
46396
50692
67260
66851
74707
39130
23256
97243
44435
44243
83273
20123
57614
71901
40912
8597
2442
33217
62645
81734
68262
81782
53542
39469
97046
83003
71715
48466
40538
50404
92538
64759
85316
96565
5588
57452
79672
16480
30495
83069
83345
27843
66641
65819
86082
49353
37908
30854
57092
80792
68125
94364
89479
27000
5374
93604
22504
46971
26454
76573
95691
94201
55368
20119
24413
16880
65005
47367
54967
62243
29634
4976
55326
81590
52049
80826
95803
53317
43443
1842
87316
46569
59402
23901
2905
51154
97452
5981
71745
21341
55378
3541
63054
47954
14203
29272
23804
38829
13545
92433
61050
35352
26718
18941
82715
63667
41339
49485
94085
74202
7003
82706
53051
73532
8471
1558
37465
51427
29001
49006
90068
76963
65051
94094
77656
17456
97235
65541
7142
60523
35033
41942
30670
46524
42556
97155
21035
15068
99986
48148
23679
78878
73768
87655
98129
59078
72616
93001
38725
10455
48233
76154
71815
4165
94437
89330
11603
52641
57355
5201
51351
84839
93963
63804
28082
52141
42802
98123
68059
30392
29027
34302
45194
9474
72534
85448
69202
91345
925
74103
66686
20949
20313
72324
34674
42348
47117
73183
29368
61007
26024
26217
68796
15362
59991
6676
22157
45177
40018
7628
37302
27987
58197
6669
38019
96774
63914
63023
14903
89285
97702
69269
48581
47270
84687
39013
42934
10027
52847
11966
52593
33335
55938
16721
58244
48430
21323
39694
78859
68843
85619
54411
58198
37668
41264
35928
652
98911
92447
25518
45079
70172
13492
90840
73942
59871
11714
160
82135
91504
80658
89282
34872
64050
71220
6977
52747
80470
51174
96086
32204
82019
41006
80594
86624
36773
66477
78930
55231
43914
28659
35848
49491
99747
7795
64412
32472
40678
77775
49175
14016
8965
81874
7871
25692
75354
86642
39883
43679
26006
40881
26987
70221
71185
27290
52927
82758
29183
50840
89322
24280
93838
37630
6777
10300
20657
76670
65898
32540
52142
4680
18260
33405
41611
66512
37133
80867
4747
2816
75106
56930
53449
7868
96946
92456
23585
46156
95038
2892
71265
79020
91759
2561
16926
63721
15892
11975
67070
55225
16145
76089
31328
43409
14525
93988
78467
68252
84128
53669
54443
41765
13938
85334
43473
99735
18795
82648
34926
52109
50206
96237
48660
85761
99071
29848
71818
76666
50851
46914
71672
15022
36351
73785
4657
24590
48957
25403
18115
96240
81951
7767
22191
49796
93173
21244
61613
7230
10860
29914
93941
21661
39139
45968
27238
78594
38947
47486
17865
81129
9732
27020
46799
50135
87956
98112
35208
53654
29086
48600
90084
92887
10509
97638
84274
90437
79404
24066
72396
61576
90514
52272
87480
62248
39576
33303
69466
25683
16977
46603
96031
39949
67811
76990
37011
40357
30213
77337
39011
96600
8710
36539
13710
26592
96956
82600
85999
27731
501
91326
92418
86242
85478
59685
32526
67792
71504
93822
9158
43573
63073
56194
13205
36759
61252
50339
11416
67383
37472
82646
45428
73624
20825
39619
13926
59289
62763
96561
88406
96528
87548
94574
37301
38610
63789
44213
57859
59822
53958
30151
41676
98082
73687
88404
88836
66112
31047
76663
34239
77130
95753
87648
25627
12657
70340
727
25303
51703
17969
6483
54548
18490
18420
97913
80657
7052
63385
2892
7105
36041
50901
62718
94184
24272
45800
4024
57191
96722
48113
74336
80198
66578
64557
51954
39090
54423
82649
43387
53392
17733
24481
60848
10251
23066
53132
6694
52056
91717
70096
13118
67416
70466
24630
96873
85977
72026
69015
1246
2947
52694
20483
60984
70069
18557
22041
10534
32045
12000
69982
88954
79785
19614
7660
53432
69335
24420
68806
89680
34619
1762
43422
87917
95260
91171
92074
80109
46105
92934
76447
74870
60762
41755
8035
37248
47398
3155
14434
31980
16215
11865
92886
45863
79443
39011
83133
46232
44655
37792
84367
351
11059
43053
91840
96761
19369
1905
24435
55578
25874
62785
49425
45003
50154
61574
96224
61495
34723
47537
15678
68925
72318
75048
71933
32015
13412
33425
6998
4363
68022
60108
46125
65977
55947
41772
42465
77783
15962
57310
93473
15993
96327
77922
89861
9679
43058
1938
96370
80853
37186
71047
30928
73326
67391
64219
63445
31407
5688
78085
79979
434
89334
66583
8864
83822
59151
63526
65141
45344
96191
86498
2907
52335
64529
63748
26370
20862
83866
57720
3247
24470
49397
20279
73326
15183
17044
89139
67723
77257
67196
62046
57282
49760
98225
11149
10928
70947
12460
88480
1791
53907
1226
21525
91489
27922
13887
58207
89545
58302
40875
73775
35022
87932
41642
85427
39356
32584
78599
42286
26480
16439
25196
63241
72197
39736
46043
71666
12758
3256
15263
68138
12372
64488
72148
32368
33516
20308
18247
73073
58719
12774
15521
37207
12650
5543
524
31514
66853
25950
4310
63947
92840
30630
57150
14506
18308
43626
53016
142
84715
80573
95370
46563
57357
8577
43504
26098
33695
15139
625
84960
86312
47329
97310
94663
84753
1937
72446
95357
40325
33541
6646
69262
12905
31586
35938
41840
65856
79925
95032
56200
40202
94897
53827
37836
484
14321
21489
24534
62188
15098
55862
62700
32698
79665
75637
28958
7063
47420
94513
44172
24000
84725
37263
79691
84984
15426
42266
31379
39204
16323
18948
82766
93512
31604
8765
61840
89721
4931
45888
54362
58140
57387
8842
44140
83781
3201
93304
24667
31097
84088
96311
61916
6317
2237
61329
723
35021
52348
59834
66862
65676
19341
8364
73457
58557
65842
12434
39106
99052
52630
56643
12919
48521
70638
79444
41587
14752
41626
61502
83345
37025
55737
97152
32854
2148
89715
1917
10563
13011
48292
41352
56787
45138
37591
10276
85847
52531
25540
61312
68228
14987
98274
85602
54136
76152
75340
71642
96170
62801
36559
94303
37241
83035
18210
75531
59812
87059
13729
30300
53450
37736
60765
22123
12979
80459
1027
40905
19739
77567
43386
66884
47065
5843
73787
86585
24000
18493
10928
27
68337
17797
10292
70605
80465
4617
62669
28297
18849
36535
12491
85613
39557
80057
67285
18903
77738
46752
22118
16924
60860
71808
61925
25129
48548
27840
90928
25918
21502
6173
8727
89515
73889
55996
82644
28381
9598
53479
21791
45425
88497
6694
55694
10927
31120
63807
55594
38631
20540
77493
48551
21710
97934
41473
23349
83272
37486
9620
36989
30222
28427
12625
21662
86121
81064
15321
88775
22161
29678
50368
96119
68662
58441
31556
92743
9258
59935
69156
74651
92227
19203
8229
12652
40664
5534
68899
74913
39171
65219
1577
48177
42765
96639
30196
1045
1558
42137
55876
59536
72061
86773
36051
79585
35817
96691
47816
57755
49375
34194
42922
67229
35319
25085
18392
19499
30536
13096
78850
27502
75385
51406
58251
40969
58824
43681
80293
5690
96845
10902
91308
33959
42936
99974
1968
62096
78051
57230
94701
27816
7569
42721
193
44048
85577
10238
88281
52333
94801
35040
29051
74004
51343
59457
80669
32707
62455
8389
41934
24570
16745
87360
69555
77470
48177
41268
93092
10411
91071
75366
84582
18669
47371
80743
32537
86918
70810
63164
98811
65941
97454
18016
33815
27517
26066
45545
69431
7805
66405
74066
24224
13596
31698
47394
64397
85146
27973
18494
25069
71450
84095
78846
9909
29050
32739
55769
97160
68124
16879
52949
86486
34051
1576
69119
62236
22615
44310
17815
23171
96524
20278
12321
99860
12497
82342
72590
13499
72328
43564
26858
69223
44141
89839
5494
81899
18551
47427
95983
52119
97869
14355
86812
51198
5231
23213
62283
66567
89750
56786
51504
86406
86307
69679
72508
78304
26483
38339
24749
54927
96350
3623
39132
12657
10827
75459
1882
68698
20930
46395
72663
4279
782
77559
9109
5100
1817
3688
9304
27944
48572
60980
30736
58024
89312
75921
46155
18643
65834
59932
16882
87504
29945
39928
79013
55076
72892
90041
50146
99298
16344
27450
21441
8205
83680
8646
2234
82651
13789
91054
49811
49925
44726
761
33173
84235
19347
54260
33076
16498
49128
98987
11402
11430
6844
74976
62617
78764
17270
3625
13566
72973
15304
30858
38253
10331
2672
46756
22943
19487
3540
53231
64075
28286
36929
84295
13867
15947
55408
69699
3513
36787
21126
89094
89199
58874
91368
18911
12496
89061
25597
20406
15272
92210
55899
20880
22918
1772
1531
30386
41316
79999
11667
72761
9664
63277
36219
84210
3399
65491
20029
59275
82068
82328
54570
55251
24669
91600
31275
18121
15631
88367
43046
76374
21841
361
99203
41038
8499
94057
72521
79044
81753
26078
27878
19888
52029
43429
62962
11137
46721
1965
33137
91508
25383
5258
63069
45266
38320
43837
45228
22923
40201
25235
6131
68923
56569
88041
44415
47141
75507
53865
37837
18096
87085
39016
65290
14407
9454
45841
57460
95051
75283
68389
66222
41171
16673
30012
16055
82912
6042
38101
7580
25291
67556
54192
63341
84943
4406
65407
22956
44496
9697
93206
22387
11535
12359
88604
31649
16636
98928
21644
73768
59226
21351
78379
3418
63901
44071
79297
849
62798
34374
36318
33695
9537
92441
51806
8299
36171
53612
52914
7249
73738
1772
47170
22546
75566
51440
89286
52217
39498
74896
70775
41601
39390
31165
80464
87933
93896
29804
16511
26232
76197
81856
310
31434
37642
28918
81207
5282
99673
26910
79083
28770
40897
63278
81234
94773
90190
5128
17835
41193
64482
51468
8689
46095
58051
88618
83097
58232
70331
16261
26283
92433
14977
6992
7916
89943
16254
44601
28248
62864
80467
69368
62617
54282
41810
70634
40602
46401
69435
67296
85206
92348
59170
55539
19889
14397
47046
69156
47490
58807
83524
45486
14218
33368
92477
71732
38158
41394
62803
52467
95438
80128
79426
7337
65813
24695
17913
82872
1529
45186
88871
19567
59613
28415
60491
19844
2829
44246
28902
27923
65042
95102
40517
73184
85270
90422
25251
70632
72231
36372
51762
55105
89702
12091
5107
50619
13861
53002
80802
27120
3756
17919
86645
42466
88352
13184
53862
72636
18651
52451
57045
85327
89274
66117
58778
52190
51182
22571
50004
66462
37989
62702
99609
20433
20995
87441
5547
99868
92498
35188
47093
92688
43436
353
74517
18446
74248