94862
9050
19149
47710
10205
64738
54832
68865
61013
79164
68116
24636
93517
57316
95025
20431
15487
28355
78865
8240
38290
10841
95971
5604
41755
7939
25772
40265
16386
87102
23592
77553
9718
49643
28434
69303
5173
26748
65225
53885
17855
61793
55071
4200
99250
64239
53819
74564
61719
25805
29887
93839
41948
28804
16102
29702
48123
6058
19994
61746
77857
2095
3468
21307
84138
8707
97785
55372
72366
57347
63370
45065
33588
45993
84830
41484
44249
10601
89023
61648
66626
12033
28042
55656
18846
4533
1421
44997
97785
73091
67291
52901
16007
66652
99526
32364
64094
90233
71731
61939
15953
84515
56313
16711
53220
31463
73688
16601
12838
14533
92485
20730
43395
40688
36821
64674
80740
50350
10997
34435
47498
42607
29561
34439
88821
75290
74706
8117
35548
88543
89096
74438
18431
16626
56705
44354
39073
94196
44389
89607
79168
29761
36137
15065
99446
34700
75831
89127
77442
16178
39995
54211
33541
36837
73395
21358
40434
586
22864
94192
12018
76805
66912
30688
49966
43839
24537
81342
97521
60710
3323
71001
5634
18612
90517
36426
86898
87262
71759
55078
25488
45900
51234
12164
43648
20334
26816
97143
95059
99983
9804
16678
46823
95351
20402
96651
42785
99479
63204
6030
45835
94845
28490
77404
47415
42617
85988
89937
56004
27528
89351
94872
96320
93248
7837
51114
78068
12539
93164
14466
76809
44377
88676
6791
98236
34707
94188
88942
37024
96350
65640
33366
61108
20773
69782
65662
2114
99031
37652
34658
88604
10377
71403
80763
67320
89236
47376
94452
96835
39475
13862
75073
48424
34391
47574
44170
59167
52452
9671
33314
93943
18569
96097
373
71655
89564
21540
40545
27924
41941
10507
64209
68099
84992
89777
74557
85759
88789
3383
6087
32427
50663
77693
80498
89386
62409
5996
22380
70214
5158
77268
17047
50487
70408
86081
56641
78593
73924
25169
14400
51138
16524
16585
11276
32278
46870
49475
35981
85997
22030
10504
59941
79977
92954
60708
77317
60061
44702
35293
85944
40518
88187
70106
70695
28736
60651
1268
53736
17850
48477
80509
82925
43986
76580
15152
1177
8992
95057
83963
63871
22169
72122
45451
43197
42337
52154
58534
7677
7885
93609
63142
21612
69468
60022
12354
30928
34947
48720
17879
3574
19772
41270
62953
46918
38905
39437
52663
86242
19876
95956
3822
52702
91616
70395
25364
89388
64926
17739
11498
92676
24632
14397
84678
8720
3574
12549
30651
23759
3112
87479
80249
23894
31238
40599
12818
43290
49536
82519
76783
40998
73554
48017
54687
61689
77349
249
97817
20369
46596
74089
95720
20768
78993
48512
17224
28124
45454
60852
37354
88101
17163
61618
58777
34254
32927
1747
37143
19800
17476
64767
10484
30887
93278
34823
77747
24748
71776
10953
12359
61998
44061
50572
81970
99051
9917
11670
55208
44721
29819
12255
98893
45073
29708
35727
19491
80746
93467
27492
79
35775
9176
38670
27609
77749
86142
38535
15036
9932
44160
64218
58000
39082
99827
37812
42128
32343
34958
69648
21322
1358
77537
40198
14167
13697
68010
62281
26352
10770
84500
9876
15338
38431
92984
49826
58068
48438
91939
10880
11262
206
29193
83966
20368
83245
42967
20703
77365
94149
82816
77270
43121
75610
61561
92681
53841
37827
68903
72403
84701
71520
25237
13515
30751
58949
49518
1082
15007
84250
67386
46767
74220
88386
30608
16749
83579
42037
47330
76383
89530
58165
42679
2975
71259
4829
90196
67787
56767
36691
31642
47286
75011
67026
42675
93805
35468
58639
79745
38844
22867
71200
64470
14469
93146
38985
75313
42235
10143
82303
31276
72813
2337
62503
78227
21392
60012
74225
47595
38665
66627
60203
89626
55946
44906
69837
78747
95660
91493
31130
83127
40563
26013
75490
87467
40297
42727
15376
58980
1615
90096
55158
67962
41399
3316
91033
79471
17223
71799
91767
67706
75375
37451
91129
23350
50037
98042
69025
45057
14404
99122
77214
83312
13529
7683
18606
48182
63613
33554
47852
73015
65533
68648
25702
80731
11680
95008
44873
11725
80316
65877
75386
71525
18020
21353
34523
99636
5297
74992
31785
93731
30335
33851
23790
22064
5210
14583
24312
25498
19593
72641
56311
50845
88384
98003
88709
47761
19928
37349
2997
89767
4765
17308
59928
71447
65469
36381
96113
3578
72997
96675
28801
259
19507
83784
24072
14252
85962
31346
28949
12070
1925
77971
78945
48045
54056
72
13121
48308
63361
36118
52422
98374
46867
64625
84047
53830
66284
15538
20773
22183
20994
84204
13910
34416
6598
78364
68928
25453
43972
10343
21035
39066
85281
64827
69900
97953
53939
4079
90989
84598
76718
83923
11569
18324
63010
64821
65278
79554
76650
13120
98932
25900
8560
56117
67231
48841
58953
36432
10106
36278
71484
86690
94280
8807
20748
43320
69971
12602
28973
82152
53328
35568
19232
72862
17628
20983
97498
18804
27894
4355
32926
7610
73630
44534
52354
60050
18801
1911
3763
79048
33445
88702
39999
74984
76733
74541
66336
35953
68574
68048
91573
53769
83398
25769
50526
20539
50156
79248
9285
61094
92597
76171
68080
43873
57343
76796
78629
11591
96367
23666
75272
66645
32872
3895
63599
61260
42316
78265
73606
62811
61677
5641
25822
61238
89107
29720
58861
81759
5590
25092
55789
28527
13359
99788
84357
3159
45513
42185
35669
92850
97502
69790
41628
200
73605
41835
70665
96424
77756
48063
9915
26515
66220
25280
15325
52775
19278
27772
70862
41167
90564
37421
42900
33324
93146
10999
33651
38110
17034
3833
13483
56633
82494
99400
19238
78357
66227
1617
13844
32317
37266
48926
78824
12627
37988
35008
10697
32927
33258
6021
85601
66314
58468
79981
36272
73237
47593
30166
96168
3447
30435
22053
87797
57418
87810
99342
77879
78470
82832
97419
206
40532
74216
22069
86310
34990
37011
84424
7272
50211
29132
87585
91674
34540
44410
9667
31880
24577
56213
1405
53967
42090
7108
15609
12665
7709
69361
47129
20482
4670
61317
97003
24707
41715
27178
96908
13704
37261
66699
76502
40263
56107
13808
62546
93645
61299
52824
9491
24210
67180
23102
68996
16657
75023
12962
85662
69212
91451
19319
93383
28183
18166
28059
19489
78701
58038
83460
13832
20132
13084
8993
91376
47452
53865
37404
7557
71929
86159
23911
26763
65132
53422
43760
46105
47320
51761
75077
4723
23987
44408
52690
99728
93859
80817
27992
2647
59285
90373
96101
73401
42230
46619
76562
41036
73233
96437
29993
77763
27981
53695
65437
17497
68854
85441
94550
52551
83535
26664
7341
75689
46887
37569
75827
81295
56268
35309
96360
66601
33109
67523
50604
67509
7131
53944
75043
1265
15006
96482
21918
87437
31118
39780
6303
55542
2803
14244
40247
25380
29642
24225
7898
38405
48472
23196
21317
828
85105
72911
82206
20100
95380
68027
32207
2067
22773
33051
48470
82268
19962
92543
53488
84641
21520
30010
50924
75109
40094
33668
66231
10431
55210
70061
29374
94650
3208
81538
24653
24288
42474
4993
67967
4842
51033
65509
43383
52170
2679
66139
42457
12434
74716
82886
60900
92943
42510
38146
52230
80737
8881
63073
98405
31190
70370
4221
36540
59129
35464
97692
83107
39307
96584
68525
72138
61795
87393
17321
37481
49791
32290
42775
56426
33338
6676
10427
48580
43407
20003
18201
71246
26183
61855
63229
11334
96668
63999
13176
21711
42175
68376
97307
39761
90437
66269
5713
85200
22664
58616
44903
16716
7936
94907
29672
24612
22292
79438
51876
36146
59512
28027
64866
64732
79085
71187
66118
37645
77338
62929
95569
29619
54937
66314
42720
32690
65564
84257
86143
33670
28491
92986
99329
99362
16675
10463
24718
80524
48326
24065
94174
33494
29976
80903
23694
2659
76098
62336
35713
83465
38552
21683
49941
60008
79423
42128
92711
5595
39799
19672
18548
19008
77689
35554
87719
15629
67107
12813
45221
3195
43809
20492
14294
6788
49976
25991
67103
52279
12188
94308
94231
72220
87304
92856
45112
75225
61721
20767
50988
99519
52083
86211
16348
59458
86856
45035
53608
21264
14605
28840
29835
41571
58888
69281
94520
1641
99127
30388
34748
75675
62047
25861
688
49982
5242
66581
4079
63600
10288
60269
23607
15094
15655
56159
26699
46058
32332
10013
26869
45407
89486
80726
56459
25327
5286
38134
36263
79653
70741
97844
3308
85677
24943
31709
5125
25865
49786
99567
2438
97422
81556
32911
94825
90428
14820
15092
39098
63361
16651
23896
81762
94926
57143
14307
52297
9949
83496
37080
64389
68488
81728
56288
59614
70532
15749
83806
40360
12627
54603
86676
63089
59059
99599
80537
66353
49543
43550
88830
7609
73854
79336
66847
36235
88158
98626
51551
96371
9709
90201
96972
8301
74000
85807
70764
76166
55122
73391
8170
46148
56601
23922
51980
26737
78700
57732
99635
5560
36072
40066
17737
13046
3668
21567
35479
81962
16567
27849
25793
99502
58645
75591
66951
35750
78871
53958
78427
5650
51992
52873
34000
22729
52866
65275
98895
74900
59376
83174
94575
83391
72496
42438
12490
8626
46436
93092
77113
75523
74592
60361
17423
138
87053
9700
1948
67062
83965
75487
92259
64191
10305
68114
51358
60846
85826
52574
29791
89077
17188
7221
89542
86163
45646
77585
25295
91915
80253
12418
59381
91473
10940
65661
38317
20243
26387
14370
15540
37533
12550
81062
90787
24141
10098
89394
39053
16026
52293
64536
40027
1119
42966
50479
64948
73841
20228
30598
87401
47168
65249
11513
5645
82093
47714
88406
56723
7854
81522
46447
40023
37534
88749
34868
39486
70158
64475
34163
80043
29133
13759
11192
66601
5344
64130
65613
58438
40074
37018
98855
88941
68069
20369
90635
56691
25169
91212
32155
31424
88771
35042
6772
57996
69894
7275
64432
3911
12774
57291
8200
67447
58257
41021
31074
66028
41599
69524
89242
81986
51262
93739
37816
9280
31532
89198
48509
48663
54670
31031
61951
9144
46827
24392
1321
58914
94430
72101
37133
81461
6951
37054
95036
56381
78110
80185
66656
52498
2941
78993
75372
19831
23217
47977
44658
89999
73794
48741
40081
51459
14387
46758
66219
73796
29844
39956
8574
72378
75223
18030
30659
85371
98211
61396
25491
62300
16721
4341
66323
96393
58619
90970
13930
81815
12526
14787
31219
89492
13675
38497
93454
40777
84488
41333
94058
97542
41636
34084
88184
47457
45004
88250
25933
95485
85570
78275
98468
64639
42380
45970
24239
60334
6746
31644
49535
91235
92128
66098
7889
31306
40450
54803
63663
23996
36477
99965
44796
5241
59626
84387
68178
62099
92569
59444
68129
73348
67021
9911
65904
1142
19627
69882
15058
40270
97445
64989
31784
45688
22295
44806
97030
74255
96515
77700
84220
73004
3862
79632
47041
9511
18675
11179
68079
22839
30082
9258
10409
17111
67685
72168
11567
49197
71358
79686
97193
70339
10431
69371
76420
79957
27639
3590
51449
59308
46492
3203
28300
95072
25209
48409
48549
82286
89841
74431
62596
34514
64313
65717
35070
57345
30802
98284
40213
79680
45391
38515
47887
47629
38264
37244
66404
49197
76876
41065
64642
54124
55676
40121
53220
67895
6231
2537
72417
20955
2674
44555
88961
94289
22663
65156
99575
32236
46131
95966
72448
76202
17915
86123
43239
39800
45811
63553
59934
86584
11623
72655
53286
75728
43435
39149
21386
96890
17534
61945
9388
79113
15153
14411
36825
19652
88631
53975
49637
8263
90057
7570
97271
20077
15857
70710
88989
81503
94787
5074
76181
53879
28730
78936
49912
12357
17573
88516
42595
34601
62451
26028
90433
601
45700
10709
68280
56679
7318
76060
66793
8549
3897
5188
89586
49748
88736
74145
7301
41784
7060
99065
36353
32924
86768
27814
83510
65051
75388
46984
64411
94707
69146
23530
69666
24459
71904
85544
66320
24758
6028
38094
73515
57201
6705
16398
66295
12311
50502
73047
43222
92597
71924
51285
22094
9921
91509
91485
41779
2564
99356
95982
70902
47595
26919
6432
43281
41420
61167
14959
98706
33457
53617
7578
81745
40551
63657
52371
40875
68262
58838
94809
72624
81988
13189
12166
16131
55946
71625
54627
51205
47191
90501
42700
37683
72006
19160
26150
74381
51994
15422
20077
87515
11487
70392
6940
4229
9495
36666
24555
48884
49082
97186
30185
56230
4096
10962
36654
91882
19628
34395
23696
6405
4463
37193
1883
27182
78192
25938
88745
28030
81038
79157
85607
87037
19842
79001
63707
60861
65734
82711
86831
99772
35781
31030
62056
3339
20291
66340
86034
27265
13483
90943
11587
24815
72041
52892
60269
45776
34297
76672
82009
92221
39159
55955
32067
94817
33056
52074
50030
45871
2011
38764
93611
56882
10122
68727
66950
38555
97456
97161
17222
90193
30490
8703
18774
42311
15098
78229
43941
42718
15708
46074
60594
71468
63137
74953
25333
28950
46656
78846
242
72970
90195
18130
60487
28248
79528
34097
62649
65388
5206
12834
6047
86578
57539
77107
8759
13769
34494
582
99579
76840
28241
27602
13527
7226
7885
79544
41151
35492
35608
68992
54274
63476
64705
36620
8279
75374
75700
67750
12892
6869
5858
58574
5903
26580
85847
42663
12938
24153
23333
54060
91473
66541
84007
78915
11372
61708
56683
19007
1862
36235
38386
29479
53102
75789
44741
68628
2001
67136
79116
84701
29979
36365
93125
51518
39255
66983
52807
37081
14700
39463
30873
53230
56059
96734
67539
87891
79304
24600
67113
25013
81373
21737
5311
61885
49631
2599
31782
82694
1823
88101
95394
31003
72493
43740
13001
78358
66523
42663
77980
22096
63973
38429
98611
74259
43506
20412
88992
83544
21501
87319
44496
15489
92686
27245
96978
4090
72164
20120
82902
53345
79283
94220
45377
52693
56192
60047
25994
29143
23081
90642
69353
99698
708
70001
16823
57793
23863
47367
70126
41290
84010
14494
66713
14219
2085
66724
18550
97713
35169
63710
66160
42175
77457
8987
59917
1711
45714
84637
11584
73174
58459
50400
9423
38272
53179
42327
40876
86087
59579
49900
73644
19974
945
50160
49432
98770
41869
86348
18849
66515
5435
64514
13873
36532
25335
80258
14003
95801
67456
13801
81949
97803
76192
57504
73022
81930
9699
97909
43012
17245
50915
70376
1042
53726
99233
13987
85048
70771
94150
39460
1679
83699
50252
22599
59997
18507
35266
84222
11431
73098
16601
30964
77788
1003
74150
34400
46949
84493
16621
15279
78928
37574
95167
99161
52478
62352
91426
68142
83147
86002
40109
88599
7026
91206
15034
83477
55891
27135
13775
91021
57322
53610
15519
12664
9416
53422
43546
80425
452
21840
58929
25007
97319
48211
18528
89711
75365
5811
10687
22470
63581
8428
10536
71084
77732
63200
91574
53936
22502
10666
88812
64394
30272
56220
98969
23131
58573
80631
68821
37703
46697
97699
47923
27769
836
47105
53906
71847
87552
80730
333
79728
581
79014
66710
25580
80360
86152
40006
84609
21877
96358
57838
91810
58618
63804
47173
42067
21607
73699
60292
6247
58310
50285
97438
86488
63151
9919
70635
39186
9240
18055
69976
46340
32689
89454
69345
88383
51740
18096
14458
39858
29579
3300
87976
29237
32023
65250
59040
8806
37522
26693
80584
32993
80805
35205
88421
39936
26757
80567
5623
2637
85889
75592
31862
65672
22401
42942
39967
10495
13654
20253
40052
74985
73598
91884
42493
96637
85792
98503
95207
62579
80205
21917
82417
45275
81209
60010
81485
72181
81486
53000
87670
30263
4968
2673
73628
76502
33133
42502
1568
60442
34034
78098
15821
94525
37525
50095
66698
58486
15017
39330
9115
7021
75379
65603
30004
10050
32303
58127
11842
60510
5155
4855
78142
32520
85442
50083
72474
93484
1991
1938
19745
35504
69857
91580
67381
2371
77644
52644
51731
66792
76105
71149
44345
59728
9084
37720
2259
32476
29466
58170
45341
10408
91809
86253
9028
63897
85834
8641
21397
53338
34553
4750
42709
53499
97345
42998
59393
55019
35418
11282
24175
96200
85718
85756
97192
89064
25056
3809
65697
45036
43750
65052
17182
51230
61761
33771
96204
8480
86888
54314
76637
41894
26786
93865
52491
68766
42342
2498
33330
69907
90617
73955
97623
10879
43468
37049
49750
95918
10075
29216
25183
35446
6260
160
3393
51534
90425
30474
73539
54554
47691
87690
21824
1893
67054
59417
61693
90387
67540
39524
2740
28703
32053
35155
63686
5340
74821
64591
77253
88023
96213
47807
30285
95767
96069
45865
98294
65648
99485
87057
45873
45878
84939
90561
37290
22871
77236
48363
39226
44163
58919
91515
76093
2589
18311
26623
78977
61417
54536
6226
3753
35138
36147
23140
52947
73546
28007
20804
4564
51966
44120
31264
50955
76794
73965
10106
67803
46908
56906
20502
39622
87635
43470
93754
78239
87716
544
96428
53646
87203
39915
64285
62320
72950
45336
3856
24796
78324
7427
10692
28574
1357
40636
62659
91711
89742
86406
43923
26635
71610
97182
53163
54744
20832
27213
68872
69405
85577
14075
3690
82675
15989
42567
23242
69082
78121
28548
92187
64053
60749
85091
71742
1328
3342
18810
87194
31595
5567
84179
87663
85288
80277
93497
56030
26803
54264
87883
41819
96075
52084
97885
32047
21965
60396
95153
88952
30039
58914
30765
29976
82079
49641
83458
82788
17136
91502
13028
94853
12249
73888
28950
68876
60008
75682
88039
92745
63237
86590
37589
77607
48770
67657
53382
73970
55944
96882
73237
69643
35665
35464
65757
39944
54728
92050
63733
80748
63228
66825
61560
43334
15398
660
96061
18120
34042
93803
18634
64311
25798
88916
77449
51073
14657
12673
48976
8916
33038
33540
57817
54525
48244
86947
40295
14132
35990
74749
39541
94711
42065
80142
99092
87649
21089
38683
84519
78663
64896
54714
58461
58873
98910
70951
28818
96382
12750
42523
94734
38143
52358
92226
50434
42715
88551
73758
1221
75814
66297
95932
10577
52813
95690
93119
35332
11010
44640
74496
4537
52891
92007
91344
97217
98239
59609
50946
38840
11989
35629
72384
66663
29204
42515
9555
44116
66218
82334
26719
35258
70420
68174
42301
94959
21380
84497
50238
43334
79998
9902
83213
11996
89955
12221
90617
87958
12173
48566
11913
32935
64430
76048
77155
8520
30969
44209
16309
34213
25891
17247
4564
15601
19981
22570
62125
20102
76174
55566
31256
84971
3181
69727
75275
45698
89262
81266
75838
28464
2415
70304
39230
43791
96616
10021
78658
24383
7823
45048
88113
10269
33473
12359
24088
54091
7903
993
89474
65333
9501
55140
50745
74609
18717
98689
98774
42672
83701
90174
6987
67011
67260
79539
87373
60432
3412
64862
56118
75919
13227
71972
78988
16784
12128
49331
34333
42898
72496
79427
79202
98825
56106
72434
65454
21004
67076
93296
98807
25499
25529
19256
21921
50273
13696
44754
33151
20690
84336
89001
34920
94877
66151
75530
75591
7080
69393
60046
2268
72142
1929
81649
94191
62254
39284
96007
24687
7332
86678
74474
75804
48746
98663
94205
87835
98330
56960
66995
49839
1513
98793
22306
20407
3921
79030
43325
61956
75089
3431
13876
3466
96843
46020
67367
86872
29066
38669
39067
10164
17902
22855
60496
7469
98394
9296
29820
14298
84375
23210
38267
20725
14365
37220
70862
32143
10828
87989
54706
79479
78789
51674
80314
42823
64600
58836
67930
76815
83382
43295
53783
46281
31251
48619
70866
65885
24213
76744
59815
74186
51333
52529
77578
26961
54001
45557
10220
65326
5040
61760
16249
82775
43146
5536
55958
27887
15177
49008
45576
10096
79359
49100
48836
29335
55362
98448
51626
96404
52695
83139
10600
63114
46725
57312
95709
8196
60605
2049
53991
32369
85744
88421
71237
38532
24319
50034
23720
57340
28418
76354
71903
51600
11342
1345
92722
34607
92891
79650
88168
83035
51207
32513
18337
36315
13191
77340
74893
13277
46977
73797
87388
33914
86114
49864
21679
50055
95965
3759
53900
37646
29767
66808
76174
68805
89324
45689
23834
8497
26176
81220
49380
35673
54405
38957
3462
7756
89195
96705
53495
44232
51689
5051
21417
94574
32645
71135
1930
39474
22219
95539
20380
1300
63029
75840
74138
41303
30425
88562
43191
31425
15790
86837
1235
74066
92094
72984
84139
4011
75310
13977
50303
48616
82411
88675
58139
46287
69625
14219
92219
33441
18909
68457
16780
32941
31874
53396
5222
22947
29998
16120
69303
70939
32597
84607
1058
89068
9988
93695
49219
67283
70052
96751
20275
69012
7949
44589
61887
85723
3946
38986
63193
81382
53292
78677
95560
40921
93221
22480
53015
99864
5719
61855
33774
32543
45850
74420
24744
86057
20367
70342
81713
47953
34944
34986
25109
82386
74553
30139
45994
74773
8176
34975
39285
7994
35820
36630
24343
675
65250
15759
18178
31448
18801
1813
62942
36222
27004
69761
24205
87773
16633
56088
4067
79553
62570
88668
28157
19641
26194
92926
80447
92604
82683
6367
48009
88964
41943
857
63774
9981
83840
5730
37919
85488
19597
3038
62753
80302
8626
4694
1459
57807
22178
25690
92167
48314
23488
78396
65546
17496
24742
27647
1559
73712
57096
65487
94183
63920
16755
83793
66753
26499
50923
46438
6856
67970
59906
81641
85098
81597
27899
10413
35477
10097
4847
29095
24013
91731
86782
73867
21094
28124
32895
71077
47967
31841
29029
36137
9470
89168
56828
10795
66512
84215
4938
26479
26320
39260
65159
69721
65130
39948
54109
38843
91607
27876
88430
41412
58196
45276
2986
48316
53153
89366
87825
70289
99657
97259
3743
5893
54104
50394
68581
71103
77438
37390
47387
72992
87191
2965
76902
42902
30881
4000
35435
22545
46476
74423
20779
63807
35176
71413
84313
61738
14844
88950
61018
30224
60928
18856
32787
52775
91261
12793
7438
72227
82828
7117
4657
88695
64517
15792
7462
16558
85472
45035
40381
57573
38859
6682
63294
82128
99481
96140
84453
72183
96031
10524
14049
81635
1115
78551
9633
86291
92400
70937
54457
83260
9016
44900
21274
8881
3869
11445
46100
4239
70476
21663
72744
87539
10265
28994
33748
51352
62039
98966
45793
74069
8594
74957
80602
10860
13729
11874
7144
62410
65084
84397
21893
62396
21736
58505
39556
72137
615
17329
96867
8496
32156
83117
8670
17484
25288
31183
54700
48373
68813
47333
15836
42411
42616
82646
71270
53302
71
75785
46850
53543
20443
63518
20725
41392
98477
69635
1177
54976
36252
77105
3697
11829
39013
28499
78657
60942
70973
33345
23120
17679
34552
10939
72425
40588
92581
97634
69013
28458
98516
92273
74837
9802
84139
23453
15374
28836
85553
55169
62278
52576
5953
81331
15559
8080
58243
31440
92578
29668
38096
62248
58776
94093
70997
71684
15316
4747
7836
95762
2148
26576
56451
89087
71199
71967
80881
79305
37619
10800
11075
28644
75164
14863
93268
53273
36987
9835
56224
97886
92940
2421
64092
25920
18804
31453
70331
67258
88377
91186
38526
166
26437
67245
63331
56125
70089
1141
15918
77249
21631
84181
50088
2236
15305
61492
30672
82830
59176
26556
77493
78199
80066
21233
73399
89228
46392
97096
74829
2996
22970
87144
11975
75670
12962
31383
38280
1572
73501
27381
84008
58880
92359
51072
54482
53612
31642
2560
33530
92543
98945
35366
52386
36612
94943
46864
27609
27263
94845
1420
90139
58722
28344
88450
9539
58404
51197
11390
75020
26721
99424
22616
14602
31670
92855
79866
31324
80275
41134
51318
86448
24325
44822
21092
81485
62288
51932
57446
8118
88736
11176
44705
64995
89826
29506
97816
64196
78807
65571
29005
10456
50427
4906
80270
77046
61945
35847
68351
75269
3471
42944
32652
27680
30935
87410
91037
31591
20426
96726
85358
53668
66506
90282
2487
64548
63645
12726
3088
7835
66006
90222
56744
23534
93113
96842
94400
39489
43586
73365
26847
65609
90024
86897
53370
1806
59462
50275
2517
97154
39429
78477
62259
77448
21723
12445
90962
22325
42767
77885
24016
89459
98491
35495
3382
27082
46560
68421
72933
85574
95034
64635
35573
65037
20291
62997
28054
82182
38389
34231
26954
17931
13772
60604
69014
41728
90670
72125
3087
32348
55883
49655
98434
7834
13982
89071
53937
38494
56398
19401
62549
97745
34518
48292
19221
591
4210
33410
29105
35171
59893
89812
72205
15471
44809
89667
28367
55828
16949
63501
9634
42167
42631
46889
32777
13342
48276
1451
29230
41923
21150
20988
55582
43555
99597
81117
62855
29320
32365
63884
35442
26829
99286
20685
44187
8035
38229
10313
60640
62976
8880
45740
79434
57157
5466
15136
49743
67133
98941
70780
90541
93134
26113
32266
11509
9932
72065
41558
43579
52735
34844
79456
95919
79943
28836
86291
10658
2738
6345
53305
95860
40295
44407
15106
93386
68332
75007
48958
64950
38243
45427
453
17152
89343
34795
1714
42862
63449
24096
39936
88065
40176
13459
65565
12883
21059
93298
27675
76052
80581
45290
57798
60219
2514
51179
56838
778
60850
41412
69454
59176
9741
2026
28366
91895
3665
86358
75945
65805
90397
95484
33641
85749
83862
39523
14702
4283
60917
75944
81209
53138
89956
54369
28141
60870
52558
20437
28187
34942
79456
39411
99726
97816
60843
984
48082
20882
25605
38222
87771
97963
25373
70615
12631
76212
34998
21927
82261
55355
53552
72159
87197
56402
67933
60411
55180
19028
7135
69035
51371
79803
30896
51356
89753
88116
15770
47582
36295
4206
94853
48689
592
1547
96811
10409
52246
39010
61468
72108
20648
82919
16368
52672
84355
79807
65915
87656
56356
50141
13199
48760
85256
5439
70330
30174
98148
1688
19877
58587
622
4361
94810
61891
35703
57126
65276
18355
37290
66844
46240
10806
1988
156
51920
32740
11848
77851
64391
71200
93564
24452
16784
25059
24140
12303
51327
1711
5643
63677
42754
95362
30933
52264
96976
76211
78462
81142
5415
94325
54867
18146
91603
12394
84843
69571
97138
60373
88574
10732
39467
60743
58614
86532
76405
69315
51749
95429
36529
95704
58930
37096
45219
64140
82661
43014
77196
31939
24999
65896
12693
32250
29890
30755
24805
39243
9297
53116
31080
90460
26503
86258
23154
82260
34193
1309
39498
34124
81363
78178
14020
59186
35355
8088
63464
39040
20149
54027
31704
1134
47163
99487
33504
57504
62726
12091
8456
69937
58357
43906
51280
22769
33265
47336
42638
53790
81344
45324
21828
74933
34230
63939
77560
92461
82593
33313
84124
39669
80123
34918
44068
44170
92148
1448
1365
88107
94594
43178
95245
85906
78368
67104
90838
76580
8212
36521
63170
57482
10426
76033
69634
10519
24664
96032
41161
49151
37390
26671
37477
15147
66239
27648
4949
50381
24069
19983
51703
938
76253
56527
44561
54360
82460
16067
24359
19306
63098
63012
53438
40527
86554
80871
42906
63440
52965
43984
97667
54918
5268
95363
94918
34743
67394
36615
16944
24708
45601
50658
17984
77424
48150
84862
78090
89335
42316
80082
30689
46975
71190
77858
58907
68269
69730
39248
66946
27837
4506
58329
95469
86766
23439
21036
2648
16805
33334
36168
7370
8504
61749
31149
14093
83723
90386
55779
87966
57969
41125
36312
37152
98068
20083
6689
49548
59167
17115
42296
14421
89999
72868
76466
41087
73675
17392
88277
43530
90665
57576
15986
21528
65114
38298
65305
62900
30205
60405
64710
63032
36896
42273
96373
38299
47076
77495
38814
27582
42980
53236
34226
22717
56016
41935
37474
85186
9529
65804
23543
68267
76769
72251
28993
31703
77895
22294
95715
61393
40445
989
19939
87971
45626
95847
39678
42132
87208
33554
63015
75216
59706
60340
76320
21882
20662
63832
14794
25692
73213
44065
79174
34164
12018
44166
52898
27434
29591
59214
85709
48534
68069
20916
82866
9427
11844
23221
20088
26931
6684
14209
75902
62850
91085
73421
20653
28274
77189
58632
12064
95787
38880
80704
71582
12014
23979
49025
92748
82905
1732
44440
71846
12397
19694
48782
23851
61617
16159
55078
12460
5161
6421
27551
72847
86142
4264
49183
72584
68187
77531
53492
23433
40858
56568
93685
17933
91819
76634
7796
35817
99305
29162
78589
97306
68081
68104
67407
95206
74283
72225
29194
98939
30945
6455
98032
56586
14530
54027
78285
58926
42129
47706
91319
66351
54532
2791
33116
37517
55125
17334
76371
99020
77329
25221
34285
69516
99688
49349
58189
86024
92994
38558
97386
60625
99182
9629
19283
61919
75434
33410
59597
55919
14825
3832
56920
25275
34358
65019
91676
81671
96513
21980
87545
96108
53415
30164
87452
10411
16314
37473
32544
90001
12153
76658
39110
87559
49075
16860
40498
73454
11466
13956
39403
25416
7302
76706
19864
35478
19043
50476
67301
71635
62035
39633
84275
54522
83158
95167
463
26369
84423
74059
86072
48039
27532
30070
88990
73689
28415
41810
49360
56655
88513
29013
36603
33673
53167
15511
8332
51900
40505
1500
49801
88742
55803
46278
54745
11298
60466
48551
46742
19306
47347
89111
69508
15753
78242
90328
8875
2584
3450
43404
8345
87848
49764
21488
51033
71671
59168
2821
18959
85523
21454
32414
35792
82775
45769
25425
92285
82864
6273
58275
25847
14148
29119
61099
73985
81443
80125
69442
13213
86596
54812
56264
62780
42804
42659
60613
79065
53187
72335
81899
37285
5397
95139
55810
66314
36541
61791
85432
51724
97968
23239
59096
54810
64769
34846
74559
94775
56240
65510
38355
80205
50326
20665
8440
17484
23184
43282
11343
55358
57630
76862
46075
1914
15462
88969
39409
79476
79648
6954
88183
69127
36321
96760
53347
75285
2407
18228
78270
42706
51514
28477
89241
59312
72991
68214
70832
79515
2938
56027
62386
91205
45606
37194
38459
362
95878
71237
63260
66291
71968
24379
81093
4199
46182
40077
95574
24424
48432
39464
57173
67684
92936
72701
91292
27873
66637
2647
2391
88135
15158
21999
68507
73960
24508
89089
82093
29955
67081
72102
88129
5492
83340
83216
99220
88361
98586
78327
85564
75140
24203
29166
29338
19553
27862
20286
12277
45420
13805
30241
55144
83229
94064
62996
86550
33520
13917
805
6995
49964
542
86598
47548
34803
66960
6391
23680
68964
60264
42077
32825
98411
37306
37320
66573
58702
82612
56747
43732
98049
7433
74275
60877
65635
10415
67667
3673
11168
18421
66939
87469
73046
6090
90199
58991
83817
69196
45247
55411
95411
4736
70216
72516
73004
93226
19641
71732
55047
23939
11239
3403
26216
29041
80409
50735
75704
21426
83826
13321
24009
32139
81109
87929
79377
75906
55345
10922
18119
37004
27882
95708
94883
14839
34815
9975
84423
89304
29735
94720
7973
52255
18817
17680
98151
49469
59821
14092
70940
98388
90804
84598
594
2990
33614
16476
48085
5575
14319
7784
21948
32150
95067
92351
97235
8068
57283
33426
28255
46197
98016
61760
69726
77985
64170
4916
66835
98359
63909
47031
23736
75073
17036
29517
32051
27925
52013
8271
25591
72528
17305
15021
10652
3265
36794
55399
27970
60839
7255
39163
70273
86211
59889
52181
67414
70972
99715
76106
39882
40501
65191
84376
88426
81049
4890
60956
62858
16329
74108
48922
20655
58991
32709
19999
13843
31235
67699
70585
40375
3621
33285
1917
10122
22923
59868
46625
64348
91215
71505
65821
59409
12943
18028
27589
34323
46236
11333
22912
49332
30560
86657
33931
4621
60386
71854
44807
19601
23246
56011
73043
97488
54822
16013
16492
82502
11389
57746
58531
5032
65448
10696
5149
34744
53394
56607
80715
42267
64609
34016
21720
5498
64627
96290
10975
13321
50597
59871
50909
93377
26170
77211
34517
69605
25142
4997
98519
35464
85777
30074
57951
58085
90713
75773
27617
66103
51140
89131
65684
44795
39898
40941
71321
94448
59003
63451
65856
42764
93138
94409
67479
73705
25271
73699
37363
86469
28674
433
88440
50655
40218
1329
900
8705
48419
73616
23707
58435
8590
10246
14935
46836
86675
975
4052
43822
4359
11944
25782
4670
48684
9541
12849
15243
49545
84902
55028
47967
96475
97868
57506
65013
72555
36151
59180
40819
67153
37000
79990
9516
69457
8836
35782
44399
27152
73300
29278
92750
5572
22886
5498
68924
31001
30674
35316
66759
61328
60195
62016
52246
41944
92122
25520
83149
46108
32248
71773
79935
2891
30670
4230
98646
49116
20559
29644
49636
43218
69272
58032
26330
20803
4431
65885
17225
96234
61313
79741
82987
62232
19551
80499
4628
76400
12605
5370
85494
50655
3112
4621
52404
62011
74418
14025
85370
98664
8500
26674
71565
58733
95857
17723
33752
38915
22206
68896
52567
30982
53833
79693
94422
13744
31599
14353
19468
43371
62430
56505
4065
70511
57811
43262
79834
23841
16644
67568
23835
64908
43048
43901
87079
14716
41801
49775
40134
43786
21465
90538
18525
43963
20762
20787
78999
97123
73430
70820
45750
70775
86461
72737
62134
52113
79916
87848
82883
67977
17163
32556
15546
23151
25595
68209
9782
18212
20222
59777
19627
81063
90075
3792
75555
51194
22697
36688
36302
70822
30076
95966
82257
12923
10830
93496
61346
22134
55815
91357
75867
27359
53197
59594
82470
23404
20432
27974
29027
27837
42895
76925
74959
79811
34570
16241
24080
35364
67882
95472
42059
15463
61173
13905
80109
81499
27863
95573
81254
51750
37611
5197
21698
38242
38466
12032
32462
97128
11057
79310
95242
19223
37959
79225
69324
23746
69257
90239
91681
66552
55134
83016
74705
20165
35487
99730
7454
11207
46586
90722
47693
63332
11277
69629
21389
29599
30075
25528
29124
80175
69539
88580
87864
52524
85159
74916
10293
63447
36601
48170
1581
64909
52290
33599
20811
125
26249
33172
5689
6231
99407
72728
75897
78854
44300
82043
69441
1393
1838
78066
54799
90255
52597
6111
32797
20420
5240
19145
28507
33006
14405
29401
11839
86725
73248
34093
31554
9843
35206
72037
54117
55128
77258
92887
13679
48327
62443
16050
26871
64572
14304
80977
50308
14149
87318
62955
31314
83870
73767
32862
97823
73447
16673
19427
78508
34473
27131
6569
15345
30604
16741
86699
60822
54535
86698
30399
25689
64946
58032
81531
82590
6012
45843
6656
35567
47158
99261
91737
78945
18405
91444
89934
47454
86074
86819
21895
8581
93961
70947
77957
62810
77057
81347
34133
15862
58561
59612
67589
24748
99869
72590
83909
51802
5089
16278
26195
17211
23311
47141
86837
63021
44591
16955
66021
6483
22584
52410
86644
51846
48936
53592
86171
86796
55908
45968
5386
80109
49930
85590
78701
86335
71584
42260
96531
44488
82279
87413
30203
68122
55489
61893
17910
57578
61443
57319
46897
91460
20831
35404
12784
13945
65919
17466
7790
71462
98750
14039
93576
60160
60386
60584
54122
93803
31292
37453
92843
84815
89507
55596
35697
63760
36800
19072
58432
51089
9379
49620
27136
87751
97393
60799
78409
62025
94926
55771
66871
64176
60438
20194
12946
85250
75004
10797
96304
84177
78411
93128
30698
80088
51913
98345
30586
76888
48446
78936
31698
80609
98721
96910
63191
40616
35822
39404
37826
41394
16971
64369
67159
39775
40359
5589
91885
12629
85436
48818
30755
67366
63005
58673
3378
11556
60858
78045
4882
87199
73558
47118
91123
40288
42020
59805
39454
85116
12403
86167
8944
46547
77434
252
3330
69199
41689
8248
74623
22581
8416
29940
92346
36749
86926
36909
20718
24102
50762
76638
16095
90198
52621
14741
16393
34438
24299
78283
54483
24366
12252
58911
67977
96706
63451
87482
63091
16073
66433
13676
62209
63379
90135
60772
12883
31881
53067
34608
7040
89340
86749
74733
55227
22121
68280
87236
14580
86219
51515
76457
89202
76298
42768
53761
62982
90147
79605
19619
14885
91369
92784
96315
46711
51972
54519
97899
9978
30721
58315
89230
91857
10278
67680
44591
55553
72030
42556
55409
94460
37075
35643
46181
74457
44066
66010
89946
61022
70324
74655
60512
79927
60520
74200
49418
6303
93619
10962
30946
93953
73928
30570
61839
50916
71070
67810
9505
5599
57350
5477
83608
71012
78484
3977
17561
13733
10670
42055
53262
98093
21638
89019
1844
43454
68070
37351
21434
56891
91810
9909
20840
91959
56131
44929
19315
17952
15251
6044
74444
59299
13878
93356
9422
78237
54656
37358
51022
46340
95368
62942
23867
43448
11879
41396
25413
22120
25848
18926
56144
20656
85498
81467
5165
34291
23226
51330
70877
3250
27955
18438
60651
66527
147
26573
32572
96002
99815
48065
61216
42252
32183
25600
87770
49222
13070
24186
96461
25186
53370
14081
90401
74808
17024
81426
13591
41388
27476
68931
63312
37380
35
69336
96578
70274
2859
69819
11796
63886
70345
57680
18904
11331
49051
42046
83390
20742
79011
94877
78357
95037
61113
25458
33087
98461
55923
9012
46342
80963
95817
53569
34157
70917
40350
58957
63973
18223
95747
40833
54566
87752
88054
81785
39782
53693
547
39873
96786
6462
56339
85567
90119
43634
70388
86221
33727
99328
80020
26157
89091
41312
19959
34465
15664
94002
94928
69901
82168
90423
76690
4607
39955
45851
99722
52284
55823
2336
13864
32543
13590
91811
51757
70592
83247
74678
7591
94032
89018
38929
44411
83815
37210
28700
69006
15512
76125
95006
14991
30913
66936
10814
13122
86395
26318
51426
66600
10043
67510
30066
39598
21240
43866
46077
95443
27021
94008
10167
81891
23241
2381
6201
58329
34126
70382
94774
13347
82977
45458
91973
30123
16468
50976
85939
72162
5963
13223
58959
64966
67197
64782
59650
73032
8457
43077
28949
70996
24776
94740
9999
33241
5739
24849
98785
95282
67355
41992
75943
96276
61561
25772
73732
15993
94749
85724
33895
44062
90932
81773
56792
18816
50810
11272
50656
89000
48462
74983
31439
11433
58194
38065
53536
15146
18950
71544
52916
35522
75740
29118
29170
83439
56632
71257
39888
16883
7836
93210
5327
68412
32189
37052
99535
45249
19100
57160
75954
64434
11500
76284
35113
66274
46400
2208
90476
63503
16989
77037
94048
79664
20511
95889
99703
38541
3922
9366
73874
35049
45937
42549
8394
72854
86240
93430
50837
64100
76118
63651
61510
78387
59850
26709
65511
6024
54653
84104
15131
22875
6649
78607
7884
69692
9765
20958
46485
43590
78822
8459
55987
38825
6504
37503
20346
59636
11397
71242
91111
43984
52444
52750
59084
68220
87741
46190
75928
65728
92461
48598
3032
11643
48016
41653
71119
42265
59260
12787
58870
33959
87306
64072
4339
90922
95807
73669
68934
84764
48675
29009
47142
32521
21975
79025
23222
34219
42073
43415
60103
58665
1638
38473
87836
29196
76762
52040
35441
42115
15265
97047
87853
51430
90016
49617
66368
30807
99803
52303
96995
75074
22408
89048
4835
52664
37366
75302
2938
76594
32473
28147
64135
6628
72013
30212
14113
53869
35751
27507
14978
68301
41570
8312
55993
42473
13933
12936
26259
89729
21547
61550
2402
22800
35512
42365
89581
55748
10070
88417
12208
19176
44286
74128
79675
44702
62920
70750
35883
24632
21380
94453
41614
27395
28525
59484
51643
64632
36341
82945
53197
78077
78560
49114
52320
66257
3876
43311
59147
63306
44856
94361
55202
48379
9753
92656
78529
64891
56422
64543
84797
7324
30332
58105
21437
72638
5450
28114
73347
58295
69586
88289
71543
16332
35265
71763
87296
23436
39228
29393
20884
441
5839
36049
93367
83007
81611
17814
43586
85787
12742
58182
41624
40842
95822
47619
68584
79749
68129
69979
7123
96259
71212
38355
3952
67293
22890
1741
98148
68738
34629
17488
78170
57583
99727
26620
48616
75828
49509
87455
17873
95797
43068
62527
6183
65944
57135
21224
7695
5257
90286
89096
96425
93476
47874
1926
25775
35743
20262
36401
51805
62246
32497
43323
75013
41845
8963
12101
50671
18457
33174
34543
85515
22493
48574
20149
39947
2676
76363
30281
12537
65512
51435
97707
23953
70002
39000
33365
85366
3480
68077
67917
90917
82222
94629
59374
58236
92393
38099
88869
15824
29898
95335
76058
38671
69981
29410
3089
43138
54094
66301
29297
62629
45044
970
93793
69336
89984
95444
51458
93564
75114
34551
39441
39842
68410
67726
13439
21679
91836
16364
91366
35239
43841
69211
39006
1375
16350
19439
70308
81727
4925
508
46091
67520
98267
53807
30717
98898
35283
73197
33271
94388
59419
3072
54756
67775
39216
27755
27759
33201
26734
87861
34742
32625
69874
63832
36699
31651
6769
92910
18388
35195
85284
55454
62315
98360
71609
74471
60482
28935
30504
40355
40998
77676
60073
43472
45821
70058
49700
87647
55178
22201
70317
71882
33097
62322
96398
7973
83600
6869
75871
69313
88309
70534
68030
8164
93954
82106
18958
11040
39100
5327
69590
31886
75359
9411
21350
70714
93497
47970
73383
21659
1907
36841
9158
42843
94435
45265
8301
47504
28024
95823
76657
23178
70450
20517
81130
58094
54400
7085
83937
47583
55743
64102
26679
35064
74946
15185
12502
91259
11022
37401
61262
16358
29756
38252
68749
8855
19604
30698
11002
74081
69511
42906
37988
61671
16174
66086
67570
89492
6711
71389
42048
68098
10956
18811
9909
37053
95325
71077
8616
7366
8980
82932
29909
44035
4553
67631
61952
84428
67150
32816
9902
89930
88912
56824
76095
70423
40773
30339
33948
49230
90918
27529
51811
11009
10293
7617
52074
55298
97852
93384
7535
84715
81331
19170
71434
22157
76145
3084
57617
77348
52964
49783
99141
3673
10634
59084
32904
18658
82543
46254
1763
97721
85131
10073
91052
18041
78187
73130
91235
74801
31890
6106
86614
18070
94486
10762
52950
34257
86802
73248
37048
25560
61578
65324
87969
62916
93373
56578
75249
95640
6239
59328
41743
18284
49118
87792
79146
29951
8405
27928
51621
60875
37890
59971
63940
63780
49671
91975
69733
7294
39209
94157
34939
66395
47798
25552
57245
14289
34276
49119
8926
64482
53100
99532
72945
92586
32870
8103
81603
83007
69662
86928
2525
75925
39838
38750
79827
68791
18997
93811
95874
90701
9775
9528
55558
52201
62867
73850
8258
38750
85788
49594
14274
72304
71747
85206
33478
31019
546
2123
33917
58856
97353
92340
69996
66017
99226
9677
98086
78455
49154
80782
71955
10579
58523
38791
4105
966
6647
58689
94500
93092
18548
74951
25145
16931
68087
30193
48757
8244
97343
43580
88115
66930
40732
81760
33322
82474
66961
3858
66263
63865
51170
24938
61416
36781
48290
24063
92183
59492
92550
76709
546
3638
39740
3858
25033
28425
39623
6289
7885
34152
16665
56118
85381
46359
46280
40401
84816
12997
59474
43630
55955
63264
92636
7882
80140
17066
66443
45206
62474
22787
52195
70478
79411
7465
37225
82529
67773
18041
64778
3753
54652
24831
49640
28250
82532
30150
79594
27985
21161
53746
74426
65980
46354
65724
3387
14327
93065
95896
32595
37987
56404
53114
55262
28275
95001
91205
92723
65033
1962
72278
94823
40267
8722
79805
86155
28629
7064
38172
4376
50420
20050
90774
88531
68925
43150
38970
96498
38973
97933
10457
18212
87246
33909
31693
98465
62031
3828
77297
82401
43184
835
58280
75511
95978
25100
59438
81848
30264
89913
36624
81067
27289
19981
328
40792
8748
46623
62506
95722
46879
99656
54314
73605
20946
79423
37324
96556
79252
56062
73465
30121
33143
54694
17030
65302
99270
36944
12963
71698
46139
34099
91523
93514
16210
51740
98571
24520
34845
88568
47993
40464
33322
71121
99343
13408
75439
52839
31898
86795
65319
50968
83126
1106
89720
1592
97410
58735
47737
41145
71600
20648
90034
79649
30922
7333
97940
89084
1148
54069
19003
83246
92507
93883
66104
91740
93792
70496
27942
27487
46240
32085
8522
11285
93764
3108
81077
95552
54733
46223
72013
25486
59435
53496
12057
44281
4301
86
92238
17258
41640
3907
85504
7986
81511
80679
23659
34923
93596
63657
52834
37501
22515
38347
19143
56988
9286
24868
63812
46068
53461
85392
56745
90544
45753
1088
34209
50232
77359
85253
76994
5183
57375
87930
34849
75825
49873
70561
70471
61842
3328
20349
9570
45681
94975
56108
78211
35293
68108
37754
98850
95233
18126
60700
3418
64750
32374
26804
10560
42187
10720
64874
50118
17457
59526
49499
58703
78080
92988
60873
65370
68475
3798
75961
36
78045
92512
82387
64122
11942
79890
42464
52038
4598
81243
16056
63493
94186
2996
83651
54315
96642
29104
29812
6132
75853
42184
91375
52483
15879
48522
68344
55566
54436
99212
83040
82108
32607
50625
24980
49137
23370
96253
4338
29284
92377
10487
77233
22123
87266
90448
20006
86830
75118
92487
47869
66193
27107
87116
59494
10114
52776
49200
51962
35459
28873
55142
74108
25423
11346
42488
77980
65149
47723
10451
57765
83473
92876
69499
29924
83034
28250
3305
1284
88112
49350
48003
13709
87576
6630
91303
31081
95371
85423
25853
97738
90379
37488
68708
46836
3411
51568
83362
79827
94460
37027
65739
25347
60813
95294
44549
67317
51580
721
61074
20755
48788
13559
69443
4357
89221
89649
61284
15646
37465
37971
69463
12035
87145
38049
98714
91730
30474
95053
21355
52350
5247
42435
41160
3994
72733
29667
58480
83476
30061
50875
30015
49788
97412
72665
70592
5837
1588
31236
42641
10976
50639
91679
46725
26812
28327
5920
67670
282
53128
49092
81774
61679
66814
74389
68370
40953
11818
63509
49387
73390
3150
96718
37837
45323
61981
27204
75395
90223
64855
86364
14709
23541
33250
35684
9106
87530
65925
16725
82482
28695
73558
59393
34723
32226
90507
55154
42334
46598
70106
6628
16802
24306
50160
51617
5952
15222
95347
99438
14709
6950
11856
70985
25791
13350
74111
85376
39008
92474
77510
90859
73634
45784
15134
76619
68968
80527
71681
34344
24953
66620
46004
79448
99527
88016
51981
11883
88770
93842
9130
64762
94242
24915
39780
61950
47202
90115
99666
44657
90543
70196
51229
65336
15130
53781
43275
50866
40059
66527
44664
6604
81290
21159
4995
82672
85822
46433
14981
26518
6338
17271
76849
97743
61045
51151
23719
25483
56591
11938
90895
60970
37070
38454
45749
36891
41795
36502
58460
7888
99661
11905
30834
37598
69465
60256
90340
98140
90243
32375
49994
97908
46456
74669
24599
3036
70190
82500
17800
72771
88039
8570
74699
67914
86010
60201
16840
32856
70347
41129
25164
43942
53891
52589
69031
65062
75224
58022
1507
45234
15996
21260
72443
93504
48939
55907
88127
85338
61764
8478
53553
39668
88020
89183
8437
72036
70632
94772
38600
89493
5483
42288
19147
22130
22326
67659
54856
57957
64798
52331
5817
53828
47532
62982
84408
44767
14855
43934
57765
71057
20269
98110
13249
34712
21081
34728
33093
3488
10905
33927
671
32857
92464
68813
47188
27231
26297
76567
22705
39194
92531
75701
48907
7118
40704
44069
91329
83453
12390
53075
23773
36713
13169
2075
6698
38750
26468
24719
57019
36152
66227
33130
10804
65967
38615
8064
37394
43821
76380
65810
31628
37242
5973
64459
57126
31672
41791
42209
38441
32728
76452
12724
18705
7652
79932
10612
13251
32208
52382
14273
85060
36575
39528
82499
37778
2005
19800
97905
25109
624
10598
99497
96357
83729
85379
93781
34530
31473
79437
11122
40822
7506
24738
22821
43607
20559
16004
70818
20484
74195
19391
55133
31258
76575
7375
45402
23467
8184
6584
70333
52437
50030
53625
46051
95843
54980
94473
60935
91824
28178
76501
70261
21017
48717
91396
35801
31982
55460
2966
31727
51722
74668
75382
47814
4777
68861
39908
62611
31176
1906
4715
66970
42881
99873
72394
86556
24865
82449
79365
37272
66493
1093
38947
68705
75502
19164
15792
5749
79417
6653
84978
93248
61496
57678
60512
27760
21212
91501
31970
50194
72099
28094
1479
24099
86763
84204
55804
13106
57259
34243
30557
24432
81096
71062
42301
81376
59685
76730
53830
98629
65127
23988
87110
19338
16234
64928
3649
93866
22404
22895
77413
22864
6208
79316
36357
17127
25971
18352
93827
97020
41214
45270
83842
41947
73010
83876
77397
94758
10694
41035
66181
8147
71007
52336
11264
73509
63859
45876
1659
93953
96124
61585
91894
11879
92390
64108
47782
23920
11366
93029
52245
80048
18898
94429
51792
16395
28089
34808
21108
54269
67881
83455
59761
98749
54496
45131
5011
41347
11660
87849
35356
98198
17568
99134
18412
20511
68835
16233
99597
73510
10574
59137
8684
37687
72774
77806
90686
15006
26913
43841
85561
2563
29957
69182
28262
54810
30863
44366
49996
9375
40984
92914
79908
79274
57372
21385
50571
65630
68816
65828
27197
52652
8633
13709
94715
26023
90031
94662
30474
62730
68028
59109
40751
88820
60665
77768
35051
17892
16005
5039
62005
1011
60167
17561
52390
72064
68180
4366
55233
93615
41198
1992
93050
27049
98002
33493
55610
67596
9484
93620
49669
7271
2564
82062
7094
83735
74389
34873
41622
83324
18846
3698
36737
77787
31287
56394
5320
9688
19356
4956
58056
44806
77002
86905
34315
32638
51700
5715
66016
12774
2154
91834
85846
24963
88637
92395
63615
87129
14555
25135
11148
69970
23759
81802
60873
73935
92657
85725
2591
16799
8127
56336
11023
50022
61646
71661
10002
48783
17561
14085
53289
23566
17967
40163
64620
96609
19399
23937
89962
40492
61792
74061
7329
11907
31236
13168
41
26234
94202
69183
83252
77681
51567
69467
55645
49644
25577
47950
51361
34706
41870
1798
55471
16984
34256
92791
31201
34688
35178
37859
48657
46387
71375
17579
43946
78312
18706
15223
50317
49002
17501
24152
5728
69166
11618
33872
2874
6065
51540
704
86456
22633
11845
84163
97088
97303
2013
11462
37035
6307
84295
41461
70957
60798
60658
35483
17566
95192
9170
97541
48779
26099
60865
74823
25590
45285
26329
38654
75743
83037
24296
51452
70957
45763
70006
60817
32012
23324
12222
21101
79788
87465
48686
18814
4929
72641
24298
66806
82171
39401
90628
8135
67189
4762
6495
8876
34475
51728
38613
17617
13686
28014
35346
59474
42952
18002
47807
73327
91271
68141
65814
49459
65288
26503
32228
74180
28395
65196
51430
35560
59228
77941
81572
11077
94922
40392
36145
73668
9440
31263
8329
64454
52805
82823
5335
61676
55903
28230
84854
15466
6378
466
50889
12592
28346
4162
11698
33575
21673
98004
55013
25720
88550
82238
3379
39668
66561
71407
83055
56939
49768
50563
78577
58251
5188
40255
78714
15667
2909
85645
22044
82605
47501
41357
68913
20816
62898
20769
12057
64620
36105
23235
9902
61717
43828
51432
41836
6683
12646
53157
42545
82748
29212
91518
30223
45820
36098
20320
60129
43127
5586
59883
17826
69806
8891
39050
67142
42614
45332
58969
57564
66599
72309
16303
89708
83023
84776
5771
72208
42645
58130
43766
74603
40431
54513
24122
23759
47490
94454
37888
93101
50792
81955
33654
9190
25182
13873
98464
14277
72778
666
87963
19524
37622
20793
51838
6738
59778
36629
33924
28586
47113
33041
67320
53210
31583
49461
71251
46853
28397
15928
2536
28596
10921
33158
49940
17114
12124
31670
77853
50031
44363
21174
30990
63640
92421
96960
39497
63038
10446
11980
53106
95869
26370
27307
19268
61142
63248
87604
54190
7492
90718
18191
44942
78636
18095
99467
95718
3727
11833
64705
62243
64946
12553
57363
47252
49774
31729
10728
10887
91593
23306
47356
37001
19283
10212
74406
28089
63017
80488
44229
41661
66540
52179
20774
48506
65448
85079
14916
37172
90228
32379
69129
17789
19411
1377
43495
36850
66927
15250
10436
52609
31580
24121
21557
91822
23920
45563
60287
32622
40491
58648
67624
53142
12651
81620
96373
50249
69074
3617
46748
93082
47457
20307
37488
53645
55535
66466
91683
10785
36422
56761
75598
50854
98353
63678
80592
35261
9868
80956
46610
54783
83484
70518
9683
56169
98928
46014
7779
99756
56736
7641
12593
28947
69427
27843
37233
20127
28825
76673
50109
80178
96206
41332
7288
50780
63456
3433
83123
30012
3705
2046
28889
8824
87247
76167
86936
70760
66302
59247
3103
24693
63541
9775
99235
85515
59460
80028
62537
96137
47660
14263
56439
91044
47779
45264
97503
80448
97203
85644
22886
12025
35874
79090
74265
51048
39739
2949
29366
21444
69369
68362
38992
88131
83176
16124
46929
85918
57140
42477
9563
27397
77076
26766
74734
75372
93708
81512
22843
7751
21469
7421
65515
42214
59061
66157
85905
11012
99037
84927
86255
8810
40820
29898
41634
30321
54964
15429
35353
47389
2212
70806
3283
52553
87769
6542
4941
1027
43200
97680
70137
14723
29486
42844
60949
1565
62794
42134
43232
96927
7258
65284
34934
22254
24581
91343
92054
82878
39725
50874
52536
2754
7508
73049
66215
11786
64679
88913
67471
69777
82393
32378
72614
40006
94010
64476
97502
54106
16080
85914
6886
37944
27366
4130
19579
9911
77089
78680
84398
47597
49160
21945
46366
90209
77134
49433
21098
51455
46663
33752
54065
78446
57464
64767
6246
45625
93231
65650
25862
6994
57313
36415
59037
32844
36132
62736
62829
50838
99104
22090
30902
70491
3
81704
22420
81396
65883
67211
69466
1670
59237
34987
35580
47067
70478
49355
38490
56452
49507
30183
67270
28362
29079
12832
26786
74823
81120
96390
52072
71674
33562
59338
18194
21020
6333
6821
75896
50210
93917
56403
82486
15168
88708
6497
56296
73045
87607
80179
65005
91808
41076
13641
70181
89484
30474
23780
61762
85161
41027
19292
92378
80547
36994
7378
63842
10606
83988
63581
60135
66020
14446
82786
40690
14323
62145
78506
61766
67888
84511
50009
41453
30268
93628
64867
98023
58092
44106
78820
72074
65273
27863
58922
25055
51935
97721
93599
65951
47433
55989
25345
52835
65250
58106
83970
87124
9686
90246
31129
21132
23902
77717
43866
85489
65465
1682
28198
86490
68171
89405
30726
24792
9805
90293
44407
1453
24198
22660
92569
56628
59626
10992
98325
66281
43335
51878
30909
47637
61719
21921
71211
45350
62037
5349
83896
32422
97897
84793
81882
93605
38614
66739
22938
44360
94759
12032
83103
67963
13042
31406
59545
5498
23337
36206
27362
35826
12572
37139
42611
52810
71615
28541
79850
94254
34686
34035
74685
74057
60141
57675
77960
38623
20860
23282
37895
64960
81126
27264
84727
89024
22236
57277
61399
78782
73687
77727
39289
83404
59148
33777
40131
67131
97271
52310
44582
68456
2950
68587
56911
41559
40690
51893
78764
26831
30129
25369
65660
59614
78267
83127
43824
8816
36010
45581
77502
27178
63958
90213
69065
54029
93143
56188
62639
70139
70447
25014
12741
8818
25141
86639
27867
73551
27726
51054
17347
81333
96287
9861
88262
47729
78203
7289
87689
13644
72482
39868
18177
22309
71843
89677
42158
28860
22694
25445
69691
35517
47103
76524
65900
97532
33062
45600
65803
52864
46259
2039
76234
86740
92881
88063
6503
36536
61398
24726
82661
66583
56429
85442
51784
75539
42757
18153
63448
90553
87468
71771
34776
14211
72633
61845
63305
81530
23107
21423
62100
31909
66160
39834
52543
67812
88539
49084
49464
31848
90834
63600
4969
97183
66062
81264
82923
31635
99978
12987
79586
76868
72392
72811
58368
49660
97441
1258
64827
829
5927
47388
39009
93435
4503
92026
97505
93063
60750
19288
99843
46915
62290
81778
40232
20648
73129
34612
40634
20231
41979
44167
13874
29746
28491
8999
13398
28808
81002
76942
6321
76854
16491
75034
87478
14759
57656
36379
77953
92161
53960
38957
53981
79699
77226
42183
71009
800
33362
20284
20980
70199
65025
97934
84451
15086
34660
68397
27191
9528
33175
39165
14503
81531
1543
15596
55634
25462
58001
8076
19937
38072
63685
75896
6618
41274
90946
22721
99029
58225
29403
97899
22863
55451
49609
82385
81221
57792
64990
13589
68567
24669
72121
2436
88452
53254
38382
62943
33821
58823
89748
22568
80912
10942
77051
87285
34417
36123
37952
53007
31221
84504
42554
27831
96441
51782
93248
56313
50554
84737
17025
68338
12189
82362
10217
58233
77182
31701
51742
5362
73905
16599
68057
86344
47948
85282
1481
75505
19402
71931
49490
42094
76171
96544
1243
21352
89816
74134
8028
42451
89438
95413
98826
73693
73331
63006
81333
25201
37838
86938
7940
24361
76407
50429
58083
10038
85701
34790
65860
99363
65587
56730
2355
95689
83940
20403
66263
78485
76322
50762
1731
70134
11315
81868
23301
35951
50311
3232
46193
51221
58328
56580
11810
57425
62365
78246
30066
61745
80827
73365
63129
65616
31004
41178
93023
18975
47480
48496
61058
76015
73857
62192
43786
32581
67330
8634
23507
9042
34418
74090
97947
9199
52000
14667
85462
73425
94424
60623
57108
41245
78
90299
49097
78405
50869
5237
93091
53908
34315
58268
86767
48806
14887
16541
90055
25206
36331
47236
39837
29785
88617
24452
25196
24599
28223
72201
62206
20749
35298
9955
90279
55139
9269
45855
71415
96872
66298
53176
62866
26306
88777
76884
84859
39552
67933
36791
84675
99713
3756
3588
31348
52280
39035
84932
64292
21707
51349
99635
11732
16670
17069
62189
83700
18423
36543
17589
76943
70184
35972
29869
7650
73958
91173
19577
65412
88066
50025
60987
84734
43260
92031
77504
60262
58001
89972
94086
4662
20494
50247
62046
2893
57484
86634
41730
74248
76405
57712
90676
30103
5608
76006
4334
73892
78407
56511
70767
76346
25535
33025
706
57236
55886
87653
61076
94371
99921
85770
32835
12791
68919
8624
38021
94577
74689
31260
11898
75862
17151
72738
47045
25764
47875
98043
88359
3262
93301
53641
88103
78204
73892
93625
75194
44069
45090
3139
56053
18119
76353
54849
65917
6860
38242
28548
51532
73716
97655
72981
79178
157
50246
67272
57002
41325
1102
48423
18003
69308
34532
22760
26376
15677
30789
54832
24857
76377
58058
28476
95975
84575
41649
58137
24315
2467
67465
73412
35785
18185
68404
32094
98855
67253
71365
68247
58861
82236
78524
37136
31926
23762
84781
4905
68310
65292
4124
42595
18357
28361
94214
77209
10646
9230
86047
97753
96947
96991
35841
19489
65266
25335
7424
85910
36750
66231
73941
11604
94910
43901
45377
80599
75506
24568
27087
99853
58020
51300
49132
58814
85231
59613
77376
13266
38215
99805
39788
78066
22597
15219
1500
44558
58583
61286
66316
23524
46628
71817
38685
43636
2592
96191
28820
20375
83463
35139
4964
95361
38374
19288
30791
177
77028
20345
7552
84597
27037
13474
38959
29702
64476
28991
79809
65120
31640
94751
45507
73835
88643
76840
94695
78538
50279
68337
24566
51470
74613
15836
27493
73215
8606
8653
76560
77457
39217
20576
18399
50291
28496
58563
11232
26324
43322
87486
21629
95552
44166
18354
47104
50070
2795
88905
61215
12926
19310
59609
40
37678
41498
63840
79144
44613
35682
19386
64914
26740
73646
49177
60926
2423
91893
84526
26434
58827
82435
94676
6349
46866
15701
95967
82989
88493
66821
23202
73635
76829
96193
95759
68060
73037
18579
19101
64048
38750
76181
55877
19334
7374
78768
85552
8220
17399
6385
52546
82883
85523
76218
59279
51319
37695
6143
70087
23343
7060
14037
54649
46242
28595
9334
26621
85066
69164
70826
48182
48893
60482
28456
57177
88887
16225
93429
66673
33002
9025
39713
57176
16496
52995
66277
73772
8078
85260
6862
47365
91925
94496
99360
58422
55469
84114
85685
87081
81322
77103
2872
23578
90483
59311
14529
35904
15945
75131
46120
31111
23063
7336
16154
49681
14494
53622
9643
55208
41199
54769
33222
37735
24320
86413
91545
47262
58190
51401
65184
61232
22932
83351
18141
56907
90493
33422
28132
86115
30873
49837
28714
58049
90937
72309
70428
39879
50822
39922
99206
66685
92909
17034
94302
53171
30363
84669
78120
9128
17752
39739
91978
63850
57776
53002
74774
55166
42866
7807
65806
31023
79861
40972
11880
61092
97263
50244
50787
23867
42359
20779
40726
24084
8645
69250
42716
84513
38545
65217
98421
46370
13036
32046
50911
71201
77357
6892
56528
95517
58442
96126
39116
90637
43119
24748
73258
56280
68545
34374
69399
44669
74468
98982
80050
77702
73121
51247
20770
44695
25815
6481
79852
97464
51496
90154
37262
1163
14295
41081
60746
66905
93969
62296
76851
45753
29153
97422
73617
3520
76142
28812
20316
92873
86685
88406
77473
91259
78522
2805
35963
89879
16831
74922
68335
59062
32917
37426
20892
22304
46778
92136
12699
98570
9369
60730
17764
67429
60032
69392
44085
39572
92473
56037
36961
21192
30060
98459
69225
28248
74705
64411
35954
99895
24898
4775
88239
87316
16153
6116
53999
63663
90088
19308
33282
11629
10926
12468
15413
59337
38601
98012
46420
3413
86455
74622
23908
78962
74368
76415
1183
53873
99070
47581
31432
31975
42041
30675
59039
15123
34432
35514
28331
59249
32115
54836
52179
22589
80929
88486
74564
14048
68051
99609
22259
70456
32329
59036
24740
18429
94609
62813
86173
98960
95951
62874
91604
87439
6639
40989
73898
94244
21987
19723
20635
5115
47625
37771
39992
19791
13407
63356
29998
85481
99432
28461
37429
23748
21262
13950
25994
24596
41714
10877
64486
58011
75119
81627
56830
64314
77845
46935
68594
65357
86356
28261
25265
32938
15843
87819
50521
88600
73313
85090
51897
22379
25149
56290
66193
12572
55561
32673
6941
44558
64401
7875
17129
23365
90516
13916
85184
68643
43780
47156
81630
70060
99448
72712
72509
60347
90227
57456
86679
99718
1207
78800
49971
59621
5990
49675
56275
97687
55854
33452
25305
30630
72196
92450
59734
83259
9977
27454
60729
19851
56667
54406
75819
28139
71700
27592
41420
47540
18557
86391
6292
45124
27902
96050
19319
8402
19516
56148
46306
2887
24514
60033
69023
65771
14071
82844
75797
7706
71374
4998
73491
22312
866
47952
55131
81966
24064
97319
35029
45516
26437
82871
75676
78411
3639
46310
90879
84146
77602
40426
29688
71990
58748
93334
81910
85323
71933
53873
79003
85269
50602
40340
50864
25442
91898
4060
82393
95858
53038
58735
74470
96832
63335
61574
35354
8197
92392
33053
58284
62210
32563
35451
97398
79722
4499
29805
29558
62731
27267
70738
11703
90566
52250
15165
14722
73722
92788
99147
54384
56114
52120
4546
76322
35050
15877
95697
13132
28227
39976
87342
47960
82187
36390
22396
50621
37302
49203
81943
41161
84360
88041
92199
27895
25140
5528
72047
42975
96379
79390
19769
10344
69781
95403
81077
39140
7149
53114
59546
70283
83862
82028
59757
29725
49003
49814
23488
70389
73147
34624
9202
86398
23753
11578
82417
4854
78160
58165
66295
54169
49973
34491
74163
83337
60010
38662
99935
41563
2195
67850
13962
54363
83745
86652
59162
72283
73651
91887
71856
6618
50872
57133
19301
27120
54319
66002
39532
44594
78697
41083
89240
9460
39159
9120
42514
53148
21421
77767
28390
61155
6571
33922
74126
59832
36174
30955
69835
49985
35549
62200
7067
11066
16564
27916
81492
86959
57871
33862
62963
81608
45716
43161
57626
72452
77687
70526
67749
58450
23351
51649
15064
55652
68123
63477
63735
13106
57046
12527
26944
81947
11767
90060
99085
90552
66336
97920
19677
6144
65685
3466
74717
6827
7797
59173
44149
29366
35262
64465
73722
63419
69950
38082
9653
50889
66455
16981
50167
6138
47791
7201
68276
58925
43757
83239
40935
71809
33990
64210
90167
77984
33029
46110
66833
24371
45786
12303
98632
54363
83117
15501
68603
70973
13640
82478
74024
72435
54171
44476
38898
61799
34244
1807
99733
47280
33121
39890
12825
95668
26039
10474
54244
38105
30229
19926
3740
56857
46295
88874
23713
39160
42337
10401
20811
34874
77914
53237
79816
49938
4994
31628
12506
82857
36689
88205
472
43112
26112
60622
69115
13142
82756
61470
39265
76516
61920
3555
25453
4414
52294
76779
39108
52049
27460
61837
48525
50522
88070
67629
1694
11282
36949
82690
14014
47433
44667
59786
20495
49962
95836
47931
35308
15704
18838
66270
64339
74361
73090
15568
31027
53120
94923
68847
49960
31009
62775
5798
98414
79692
96738
82505
23696
53589
65111
44003
79847
40829
39502
99072
83987
12644
74275
23386
35217
38255
84159
59779
78630
96350
11412
19609
49201
86948
53352
99510
50023
72092
24226
94582
57492
73509
53280