7803
68099
54667
8575
14565
33323
84972
85272
60862
58265
53121
27602
17900
74079
90229
88360
53787
36798
51969
27664
99564
30708
2893
15721
27293
38566
77628
75211
37245
89415
32013
60076
6014
96397
27241
44879
56654
48243
47450
6844
63180
50672
16508
42821
82079
60818
82260
64134
37629
96242
27814
97963
7602
23833
56878
42947
29749
88397
40311
80176
20318
99969
50452
21530
25782
89640
75230
12952
52214
68667
86516
83939
85964
93292
36193
22597
21672
77763
60890
13551
60715
6339
78065
36667
80962
88939
31718
46331
81914
14614
87529
82274
70089
3337
28513
1794
97019
85891
90001
88143
64537
30160
19677
78716
44668
72383
33683
48871
35360
90028
81602
91111
11995
14092
97493
11701
61577
51008
22323
21339
21048
14608
83801
58450
17844
15035
54578
21765
40678
51328
33731
47966
55755
76770
17588
7689
59348
89039
22971
99486
58707
15625
4221
87508
89616
33876
92337
25096
9018
77499
87668
44713
57457
27243
39220
40515
3431
48716
75399
4144
70465
63030
33074
94416
59131
31999
80894
390
52135
14048
461
36893
24883
20939
23718
21495
57259
20213
32111
72478
95842
14015
54435
87415
85386
69394
97320
49147
15019
83111
54890
47659
82483
58183
98023
1724
97746
27995
38175
3241
10991
96589
2460
48402
62999
56463
11054
77689
48690
80638
14864
3957
85644
60851
71751
79217
50878
72435
91797
2330
86297
58150
79009
43754
90034
51577
7377
6092
85803
71328
24716
64590
12926
36590
27672
69011
56060
18799
159
35189
63719
39576
55452
21972
39553
99750
71597
21073
96588
49055
87624
18348
42735
55440
53621
55380
41488
62114
59315
18172
60419
99416
57355
60143
72709
23424
88579
8275
45886
65635
4369
96763
78093
41693
63012
36320
62321
1627
62530
8940
96381
62891
39789
60622
11151
53434
15010
82378
75442
18188
17262
41686
56841
31347
43439
23595
65684
27738
54092
2715
75364
90207
32589
11945
16341
78290
3442
79575
1530
20508
69428
47787
34979
5869
30193
14102
39268
77224
38164
71737
92766
26207
42301
79893
32998
9297
65005
27453
30326
13647
89899
55595
92829
50552
88864
60534
46240
37743
4257
28961
1351
74245
76031
7510
85968
32336
9238
30230
33480
44735
85144
45079
89812
93999
45273
564
94344
19610
56770
38330
89998
82642
3893
46262
98894
43437
61416
94195
62542
34470
97703
46923
73802
62851
33883
15596
55614
15523
93104
7229
49873
15904
59773
45249
81480
95221
52466
849
36910
85404
36248
35322
34162
72689
12435
46273
89620
53853
68972
51419
78305
63348
53526
12055
43236
14781
72265
19510
2692
10476
51726
64024
12826
94689
28633
65482
40739
61008
45136
8745
16346
19935
49267
26020
39019
93962
19912
21447
6244
13642
97361
28603
20245
47023
25319
17711
26330
41623
83994
31886
68435
17700
89439
57213
64624
70032
83038
9393
46290
18837
27904
39961
7157
89187
20915
48976
25795
25091
73509
78191
1748
89272
44367
8273
58848
222
54025
53932
68023
22778
43427
5581
73938
2239
55604
19276
31704
19588
75449
99455
90781
27202
74178
9767
48557
48181
46095
29171
50480
52489
88548
29453
46564
8364
12323
1147
60465
93140
3119
61532
81886
62665
71444
74507
37406
70612
57943
25480
98465
94810
26508
50922
45991
49734
41176
6028
56350
76331
2360
90943
64175
5424
65824
85672
89758
88125
30365
45042
35505
47101
37414
68642
625
29334
91350
71614
71491
10888
81695
56360
94750
61292
25349
30014
43810
53572
39469
53558
45740
23797
22759
89929
65283
19267
27862
49582
6952
18180
19894
61569
6167
7839
93568
43131
74126
42498
23507
87890
8556
84036
91213
10332
9010
18482
63670
65483
25569
34658
8064
80226
67529
84638
46813
68260
72572
77410
28245
84620
11262
35016
4018
13013
35537
73837
53743
7852
43901
48913
10386
53595
45166
73619
88262
71414
2006
75325
95848
10804
7156
62078
95772
3115
62491
58762
39023
98634
2898
42963
50887
20248
23518
27015
76817
22511
57433
5613
63784
81321
52747
99247
74511
67695
85071
36509
75909
19474
32836
73846
82203
94941
76770
64092
28170
75434
73998
70381
55832
7711
91607
73945
66034
32276
72967
40300
97494
59943
98376
25093
88466
26556
62304
49451
73415
57549
34058
65269
66400
53057
65944
84797
52881
52744
45630
82465
52177
65918
67091
59483
48629
27557
37482
68174
14124
19909
37168
87003
40379
5615
18603
40865
90913
68487
25119
52510
6298
19546
50759
35699
53771
94468
84990
83956
97235
23627
58568
76160
51079
87494
55424
49610
19027
73358
80882
8826
19291
48573
97258
52884
15418
38351
62760
52594
58962
70270
17437
38943
95525
47437
45873
81834
63901
26051
3190
51263
60964
87130
80117
41399
27890
98858
23873
23867
92696
83213
11270
16369
1962
38721
87957
77805
83540
22372
79181
97616
42426
66251
67472
85676
774
14168
13067
42180
32331
9837
23654
95359
71791
44458
136
27394
94961
45663
87510
78832
83350
11442
52536
32512
65660
43160
15818
5711
98871
1362
40167
76264
24217
93083
24908
63833
13900
25713
55794
76454
14962
33708
5318
37393
33158
93773
41536
40830
76696
61987
28893
62137
9466
63425
83422
19827
66488
89664
86145
89655
2571
29569
92001
83400
8951
66683
54067
30855
60949
35046
1638
79151
2945
43649
30909
7357
52629
42832
21604
10053
49448
72872
2994
45136
8852
35076
23677
7244
56087
92885
21312
89775
38865
96161
26971
67015
87742
27515
12304
86753
83286
21874
3458
7707
70648
66668
28569
17552
18583
12699
60551
11009
18291
20952
50738
93756
15451
22327
86874
85653
41314
11751
83384
81988
57864
24906
33782
36704
39938
50744
31088
12219
48435
83929
37430
92713
16990
8791
33266
318
10556
4898
73900
7455
42943
85186
86776
22186
27464
89849
52890
27106
66597
40697
60941
42729
58781
57539
57201
49014
79808
80105
58228
9875
6369
94759
27259
88218
33627
67657
63756
31254
79256
69527
64445
32519
67059
99435
19545
99920
1613
78891
35617
76277
39083
83517
41968
96535
77120
21742
11607
37600
56453
29850
70364
62943
13393
65197
14631
33330
22806
71030
80250
215
17878
89186
80004
55100
55065
9952
22030
34727
70404
59207
95382
92593
60497
78895
9547
44581
91588
16814
85186
21278
80760
64926
39923
54185
77731
84145
45865
12443
81791
24034
62311
46410
7631
59545
25101
40219
47532
40897
96782
75065
17286
22449
73386
92592
39086
25847
37362
44703
79917
46876
40665
43806
59455
27444
54759
99357
3856
30210
95427
30531
8874
82339
65673
5502
92179
63802
36365
66015
55535
90073
64079
17776
67664
46786
4687
86280
98060
21777
25857
80272
53090
50732
93009
17339
3215
95661
30818
8818
23808
97973
43071
89152
35690
39471
25894
44339
27108
98850
64117
70603
80326
89690
89895
94464
83699
89808
66673
47577
7703
53824
88314
96713
22752
12161
44357
70253
22016
52125
26922
10046
86871
93987
45691
64725
58487
80624
13340
97950
16801
59414
83596
33719
42758
89465
47627
74496
72436
22816
98540
37322
16725
86886
5247
56569
73186
84071
27007
53028
3386
21345
27063
36
97696
40849
94931
88541
28006
5976
15184
93525
91998
13497
26785
15281
27191
65753
61653
48507
41587
38092
78974
40348
41566
10154
93865
90520
93981
78990
68192
70857
81096
1793
14537
6056
71103
87251
56161
25195
89179
7384
64218
94844
95801
91877
95117
55967
25615
17176
50143
13916
1418
30984
46949
60772
67150
15278
12854
3064
50220
27722
69865
45213
65929
75903
17066
81013
50437
53841
76063
91976
56334
33661
2197
60815
53504
79649
1792
14362
73386
55905
32431
18054
22066
70852
177
77091
21543
48662
18380
76902
94087
3072
28462
53697
74803
88004
80953
57597
62794
29830
14781
62182
76228
46605
94114
56884
16363
9497
85404
59009
2087
10491
55378
91510
3928
64815
50915
984
74522
55214
73216
34116
43182
2890
27408
27893
55733
49434
45993
29580
21345
77101
96350
41506
68243
38111
16684
18334
33004
69860
53406
40699
56077
4666
38811
81817
43854
98698
89932
59192
55587
4387
8586
97770
39360
6428
61903
43563
28386
88478
93468
87645
75938
39081
81012
10063
68332
3202
21374
19035
27856
39720
74466
22704
53584
46595
48524
77497
64864
99059
87341
96694
85936
54726
71990
4335
55825
56926
45178
10446
8051
18715
3919
13658
84742
3921
59560
91839
58663
46763
68629
64633
40252
58827
78149
30888
75352
65434
76165
91807
51929
45678
62340
93575
22317
45251
46430
29723
82797
13193
15474
28234
25056
68309
75353
13685
45670
82891
86497
63796
9284
95510
75910
28957
3271
5680
40656
60180
65979
95451
51475
1944
88471
42805
18497
57407
99914
8912
48545
22757
5126
81439
15992
76489
43374
63696
16541
25939
46938
88001
33954
28890
93082
41297
93169
26635
92090
42778
64876
35005
92997
3764
4534
37990
83017
10385
64765
23225
58928
20343
41800
65752
83890
17861
23622
53497
31641
67789
55749
10592
20248
21388
59685
32685
96338
24230
74720
90560
38157
7615
67868
32973
77008
38621
51905
27482
12880
45634
74230
45238
19896
56036
37254
9597
23935
63409
90992
87193
22088
23629
57207
97500
19121
50627
86772
72224
77669
79872
30314
95651
69136
61337
35672
4357
78730
32131
14010
66842
6024
95549
82112
37587
41424
23926
17190
15682
17905
95266
45093
79182
8179
61677
57176
24478
75887
69023
92227
86584
69143
89602
55506
84842
47153
25398
87853
4013
53743
70084
26417
76712
53897
44254
50342
26775
44564
54379
57033
66523
82923
3052
52754
8552
86084
18906
12945
21797
71835
91140
61618
99922
14496
31859
31600
9011
62201
35931
40167
14972
75456
42208
26236
84985
50702
86272
25546
19883
10813
48751
619
4120
96866
44897
72419
3084
12553
96759
9305
17216
53143
81486
79051
75197
66519
92688
34624
42063
25139
86064
50964
79589
61099
50384
41444
12399
33946
83255
19312
12834
53832
23679
16779
46955
9020
14135
29260
52943
11065
78730
50064
47390
47475
30670
88912
30368
42029
87586
74099
34779
43890
61682
35619
34576
47011
22607
27753
254
75673
21954
25511
54639
54484
13844
66615
74062
96909
59139
64098
83203
25520
1382
40218
48538
115
59361
10737
62420
75582
64770
33072
33255
60076
51699
20884
93507
12256
44306
15125
16764
48368
97595
46114
39187
58517
88950
39653
82328
22121
84089
76014
89540
622
38448
97740
13674
56608
49578
73588
26274
84282
30239
57017
86676
97996
73005
24691
85668
69916
76567
89363
38745
51955
82909
12718
70186
29141
56543
96238
33414
92253
47307
88645
11179
89682
46355
63638
24013
32701
88938
77127
84143
97624
97140
27815
19595
81871
55318
15460
72913
79621
43705
56533
96272
10740
26468
62416
72073
35286
41238
9142
76420
12404
58023
2462
16059
71494
94136
74703
8456
17290
63214
95959
98140
42741
38292
39053
38876
85330
12203
74906
55301
61174
77926
8729
26368
4334
17810
49541
21203
22631
92953
98209
7572
25882
82921
25023
92593
18522
52122
95653
95238
58073
79019
4629
45925
93493
44243
51137
10186
26174
40381
3672
48195
40297
3102
16870
22743
6485
99620
80666
61462
6400
37680
67256
72699
13238
64411
45769
35488
34612
8696
12553
77852
21749
37393
29369
42029
16627
30663
49182
18279
32547
29414
68048
5670
88467
16000
25118
47907
34185
48812
74671
11708
3406
60116
6590
27783
20177
14655
17647
75393
61182
17196
61838
24886
81236
63044
56222
87688
28337
15640
35179
47903
65486
70167
17987
16949
42801
521
53346
1873
75790
88422
45025
66692
26016
82518
10574
72059
51487
3826
22093
63947
55789
19714
14254
36232
29939
926
22762
53879
67372
66952
76869
78532
70829
38800
37284
71474
94183
72663
74162
45760
37259
18958
71228
50591
94259
81181
31307
94494
52043
97988
62376
40165
67564
54425
64471
39455
67927
19742
47765
23183
39315
60580
38455
24179
49453
93136
32634
2591
78082
73591
62483
57497
6725
46256
90267
3949
29332
52953
74877
87759
81293
71932
9535
17497
21115
92328
13353
98279
43569
51816
59105
15859
85534
38299
59718
35237
58762
29423
97251
43173
80611
93902
58423
43687
19638
930
68399
84295
72429
31068
65786
17946
31737
54104
68481
6251
25821
45260
64704
53195
33904
12297
90075
76102
45923
60255
43801
21409
43985
70429
29985
34265
68140
63001
29098
9414
30774
24270
72768
46405
49065
91139
17906
89425
14439
8156
95285
73177
30622
8266
51038
11137
81035
5894
37196
78057
60598
81101
12519
35180
8780
86299
90281
29523
63974
30794
32209
58819
47680
81627
5230
16042
76658
65469
59762
75437
59491
80284
87538
95650
96506
24348
26211
17805
49767
30153
47611
23694
39334
65046
28310
19322
25410
65989
45873
21206
81076
48124
96033
88325
40355
81909
46375
29133
80326
96320
92771
14576
76946
99337
58569
8580
98730
24829
31936
16174
97593
38694
70052
18744
30900
54633
14979
9266
89617
80152
34914
89593
66104
81164
97030
68226
34022
47796
55601
89046
14653
53391
55643
19260
69282
33137
47516
78510
72355
10075
22937
3001
31530
75126
28459
77961
81900
87483
84668
65527
2223
8560
53864
5243
56004
21348
93881
77195
55113
81975
89425
55401
49863
34274
37831
59446
8380
81441
60118
66044
73601
21092
92617
11469
74134
47584
91073
36129
39096
81894
78322
9421
25489
45914
57364
5979
33608
7522
45302
22637
8458
78530
80411
34485
97761
21354
61592
11241
26532
83740
35858
85147
74913
94018
12707
16686
29278
92690
50483
2564
55203
70700
90406
846
38025
45011
70993
14154
80445
45267
58013
48223
67589
85205
3963
76899
95686
19234
80675
93876
39821
43871
68776
37320
25712
51601
5105
97634
45184
48587
85582
8982
79034
70170
93209
14636
18080
15802
45925
28002
14812
61911
70366
22825
52798
28390
5338
48537
60440
46726
75487
97108
49592
944
69093
89149
32922
22350
70211
61106
51602
78748
64911
71179
20598
12084
79935
92361
72395
64599
29011
89863
25968
55371
21336
28686
1323
26318
34097
87223
41814
50114
64877
64331
46901
80381
47148
34066
64792
61521
4303
92758
9830
97757
96578
37213
96538
23052
82623
70310
77852
62394
92722
57543
96464
56246
20434
66622
74324
95862
40839
39503
2853
73928
92213
42736
71988
40472
73413
14968
36704
92142
91896
42353
75442
23478
50581
48902
74234
59615
92299
55340
6400
2176
64036
48742
27188
78077
7299
77020
72260
22430
60616
31712
87469
71703
52395
85889
32160
48537
40497
58342
27508
36603
79954
43540
36457
1850
51434
53137
8578
33357
79834
5466
80336
20430
21398
89340
20589
56758
37988
93869
77810
71409
36351
98143
57525
21416
66250
36845
32385
94138
12749
61855
31242
95327
15599
11684
69951
24792
68639
52532
45126
37887
28204
12465
79087
38908
4463
63854
96554
10032
67635
37779
79311
51289
52645
6878
78114
50622
18321
85125
14211
26760
32555
53851
43924
12442
70584
96251
10256
20566
9085
30606
42164
51583
4289
45551
96278
25552
63048
69482
43204
65951
5444
13674
43196
11164
19210
84497
53427
48403
6226
58598
40224
22528
94453
46420
63817
48403
31306
2699
35012
89396
73590
15589
17553
70844
5288
58329
59579
1502
95298
4857
40368
47114
65441
78132
81434
75609
58619
39877
54158
81386
22842
32841
89838
89219
47864
98130
56170
32099
79291
81241
98967
24876
72789
82093
45907
71891
55904
20832
61529
42379
32679
30691
9476
60026
25479
3453
56170
69375
86959
93039
73961
2325
921
97075
88948
39300
90202
96964
98265
40183
60168
18968
58685
4855
55421
79077
20011
15558
61663
35745
33564
55347
86553
30167
95854
20778
87727
54431
13780
17513
84898
86265
7229
69213
96263
64829
8694
98870
43568
77541
57464
28352
21071
31896
40509
23587
64740
79108
5202
70959
23479
72455
3842
99068
61604
40338
24767
62132
2675
92920
31762
51007
94947
23390
27073
54625
22655
1791
98326
59935
26394
46497
66365
86545
3917
57551
67907
44660
62827
35680
35144
12005
82150
17662
92303
83009
99713
27624
7769
30587
93280
52000
43572
73218
65244
48780
7856
54612
13939
29328
32463
61810
9795
27144
67945
98957
68509
67859
14946
84700
33953
81918
68055
62433
49237
85396
92615
82911
27993
62633
95593
27235
91829
89048
20535
30292
61555
54876
76124
89405
59709
22805
6592
3426
81294
80830
60144
23819
63796
36129
91898
43383
69556
16571
37733
33173
12846
38266
79408
11655
54803
83528
21355
91975
14299
1563
23696
20245
32101
7989
99682
99575
13236
81159
55257
49518
30653
298
78498
75467
71837
89544
21596
17814
13784
75017
8826
30932
79189
7546
45475
10713
30831
76322
45151
87830
42845
35427
54523
11449
5800
47945
6446
61672
97892
70
40048
35118
71586
43587
97474
22934
67662
68838
93312
95764
54860
86583
45210
15776
87309
11182
71627
76641
1019
44168
82699
53326
7681
75887
29490
61190
7961
32122
64544
18597
55144
91181
33430
62057
86450
97084
76191
15225
25990
7546
20638
92814
70474
63551
87216
99099
87504
26028
18202
56544
84824
66747
1197
27265
49618
79497
75190
90526
68566
91894
89374
27696
48908
95213
47866
45219
47978
70301
97803
81828
8561
92206
84584
49408
98154
17152
57143
55211
94761
79735
26347
92676
76118
76418
52811
43298
77916
29865
98024
7904
2091
50390
80086
96734
93239
60188
46403
17351
95717
44319
39471
54695
83227
70396
39996
87130
32090
51593
42053
67058
24812
86329
95122
45941
26888
46073
8935
35940
76212
67309
85401
73071
5732
61966
52808
10181
91919
98765
89457
23093
19909
52317
13764
89746
31967
18885
95372
59378
26128
3095
93095
91635
96958
25786
6651
65350
58812
5734
25805
72088
171
78046
55010
42951
65742
4523
49293
76110
59071
97276
59776
58147
60997
96334
92151
66447
59090
21596
35117
73996
15375
52022
83173
73323
4753
17306
11135
70079
89420
66615
46282
4747
66487
69837
74543
20134
86277
71892
21813
55
67000
64729
27292
30254
43944
52108
852
45462
67495
58258
73790
50430
87718
96752
42037
80975
82576
1728
83906
28696
12003
15226
18637
29459
23416
44066
89706
15236
66612
37689
5828
87384
72281
12313
76467
98829
1409
36928
1196
38720
42354
60920
39252
3327
35149
78317
44383
91544
23823
18040
69109
75771
51434
65962
4869
15758
2450
61386
4053
73315
40764
10405
65557
92247
75574
50300
2427
99063
71026
31316
39274
30877
25415
76699
65842
6217
26124
31357
5061
74976
85306
85882
92974
26576
62270
38967
71444
62844
29092
2964
73131
78757
43151
47010
73747
30886
35157
43795
37080
78137
38629
57642
66986
29651
8973
18328
58323
10261
85507
82544
88166
95763
61094
49165
72335
65569
46568
22791
52977
93569
29812
9128
69203
8863
7129
69088
57595
34157
42200
81150
8935
81945
2586
91558
6075
20259
29778
73826
23629
29970
20079
42386
41901
74487
19091
12978
12729
40190
14377
76867
1451
30850
57924
70747
4743
60071
24378
78888
73094
71802
46904
78594
30833
70951
32014
91924
6034
84778
35664
11447
19524
41843
19124
17691
29332
17561
23166
51941
94254
63998
55960
91435
76602
42023
1218
79367
17309
7841
91461
84173
75814
76402
93594
26406
59439
39202
60317
71192
50138
57867
29459
22873
26810
92152
61216
30840
73480
28541
9734
94251
23013
83139
36988
79963
46241
71928
69349
67925
92693
13661
88925
52507
84963
37726
86327
73781
60854
96920
74173
46122
7831
99777
92539
85493
73134
98073
49578
77402
12166
74068
3838
28024
91407
12642
71506
38623
46831
69653
38324
19670
69184
21876
86695
64725
43912
81707
43674
90578
90425
56584
16587
42942
10827
40260
13604
42650
95991
86164
75941
79537
5982
54438
69969
71182
9682
16064
7320
85862
77221
46979
80417
43840
24187
10760
47495
98459
2207
93733
6190
69430
18972
20797
95101
76268
51025
32176
56681
85882
39411
87509
39239
83766
33057
60576
67393
26089
16167
95229
47490
16870
68102
36144
85119
99671
5876
30542
16533
19254
56354
84417
8204
59668
9165
3443
63913
15143
23099
16977
68811
61586
25041
27526
96735
57954
19306
69749
38758
99439
31999
3648
62747
62220
6516
20683
93661
31945
21044
72417
68777
72956
46039
50030
46191
26654
71186
67925
99194
88271
95119
46923
35994
69220
94297
66384
64253
63971
36509
89099
29293
58510
19518
73277
22184
57957
33759
4546
79639
82525
78320
36665
5638
62207
64568
97654
97914
96411
33773
33401
49713
43114
3746
95363
5319
54275
22994
85292
86210
86619
53105
829
63667
50027
21990
70455
19127
75706
39952
75307
32615
2808
19051
79846
62285
54986
51018
64824
51907
80889
33042
69869
59468
4297
65131
91911
72022
26228
79289
37149
17082
36233
11437
57183
65503
39849
78697
48801
22169
21425
30687
57911
36803
61739
53183
57962
43231
24443
15991
64749
21090
45353
14390
14392
80797
14090
70821
19232
1749
8907
92489
34009
59603
85808
92495
8469
66558
27864
52813
93885
9706
92823
75955
91690
58322
79775
38393
49466
62324
46645
38282
56630
77020
75247
28582
86568
81293
38033
99124
67188
1522
24786
65046
29006
96503
96444
28340
59824
98108
37699
62333
42935
50859
47861
41970
70834
43766
30160
51779
57719
51599
4615
38156
28465
39173
24570
64053
8407
58446
31692
60715
15538
93665
13842
36472
69428
22722
98599
95286
99846
87154
59901
40761
9220
83396
66161
81281
9262
83344
26451
49744
61378
62657
18728
35001
26727
6422
66058
8342
41529
3840
27821
89556
57142
83710
28721
60606
94234
67958
56307
95314
83898
65179
36451
28016
85113
26135
72749
32343
62740
88000
87043
36494
19999
17281
74004
22189
98113
68040
33027
69208
92348
43251
33890
55314
37355
92411
53960
94532
66570
30555
17822
95888
4843
57517
20977
64584
76441
63842
17253
94244
71047
9561
74023
69103
53928
17528
50095
58973
15323
12617
29908
22117
68653
46581
38289
36910
53842
24710
37831
72541
83926
59294
39379
36197
4668
47141
14286
53428
59049
75194
72215
44614
24277
2921
85950
62413
10483
96269
58450
1693
19754
89858
25245
44514
63665
15197
2578
31172
12039
62507
5375
49880
62217
87052
13199
41704
97424
53194
61429
23037
72387
92407
72890
43436
19976
12650
67289
41
35605
56676
91264
42742
20066
68171
19118
65132
74906
43251
30849
66354
94711
25539
67140
18024
38117
18701
67639
35524
71281
2745
2082
12609
91302
76113
23846
79837
498
75101
11889
50968
75061
96671
69673
82059
39290
50868
63143
4311
17891
28306
34171
90711
29295
28039
79187
62558
95456
77943
11992
41695
99608
97483
67491
39284
30060
24134
93803
36437
47456
16835
41571
73231
29602
19001
98520
47906
25874
81675
79374
36980
27686
6162
99942
62248
57002
76263
94302
57460
64564
70950
80874
46079
32712
47571
66298
85450
72585
6056
19633
30572
63238
71922
52471
40327
52696
47289
20518
27450
3298
97510
75963
25576
67615
27481
96801
1580
43838
23013
79919
61829
34566
26033
75231
66581
15265
1860
47823
99209
94097
14216
46146
10630
67132
68081
13831
24286
81248
12984
12602
14648
58584
43572
83288
3519
15347
90567
38763
43003
44888
46607
13031
97198
33015
47100
39364
93713
68693
18372
500
82293
76617
22893
51620
61773
17192
40274
39844
71718
2138
74810
78848
25034
3285
56246
15981
95965
19740
11551
86481
46396
70674
94210
38030
90405
51190
67454
95441
18291
10079
51385
74484
45443
62327
50423
95685
31484
12356
91673
25595
96887
69015
90974
33646
45405
3727
27280
78494
28907
1490
4355
12669
12171
98185
13824
30820
61881
70525
13499
30587
82065
83725
74457
3877
51342
94916
18964
82243
96604
74180
8644
16658
12989
15702
58996
92487
24394
91023
3273
88758
46813
94970
55936
86910
10888
60489
10617
97060
63342
78552
89074
65698
64764
99508
76471
47196
13907
74679
59239
59954
69606
53064
31485
83284
9181
59137
55093
29875
77017
82619
98790
53280
45455
20330
88997
25221
64187
68967
43075
61154
3404
77539
83721
741
36892
21416
23002
87274
6263
61987
86533
8165
19976
16067
17248
11642
13488
45568
70662
35485
85664
96352
99242
36591
82794
11490
34391
20707
13082
71244
34416
25755
32770
17562
59419
50632
60851
2690
57825
53417
86912
54581
54793
10674
14204
87093
11290
43894
57563
81218
21520
50922
47218
90779
41791
23249
73197
89010
71913
91064
70111
49394
28038
68321
22825
16335
88951
23233
78781
13009
18740
65092
47174
77509
90775
45045
35400
64092
36151
33593
22298
72830
34951
72213
83730
93039
79447
48140
65959
63071
90960
37484
78331
11139
30597
65838
94740
52701
46195
58663
92707
40102
13553
38490
47066
84018
42122
53552
11009
52993
42458
72547
24287
78777
79029
9256
9248
45076
66783
95716
51274
20837
27319
79325
37519
96596
83945
10642
48432
78607
63300
81974
16496
38077
21447
89266
25403
97600
42718
9864
78888
85304
22368
33788
23862
97360
36410
80380
70469
11838
27147
12151
7393
45373
76695
39021
89239
9340
39405
86080
99207
4652
29608
38191
11693
8155
2101
78040
58598
37365
66328
61640
42787
11703
11592
92508
66450
11821
65228
57855
17717
58825
7858
63565
40915
20620
6970
59480
89413
82460
58958
10843
4449
22794
74386
13964
37568
17031
82767
8406
51629
32797
29451
44999
8351
64074
32862
23711
15109
27487
26573
60874
15572
34485
58820
61544
35509
87384
13605
29098
20876
20537
58154
12254
97402
72732
62092
18331
26416
70338
97823
28807
81698
51183
37591
24222
46862
3645
90165
37240
69016
72281
95037
14275
34636
91142
84825
52537
16958
86132
76172
75253
13718
22194
46029
84561
40510
57971
46113
33122
75870
12621
13391
35981
74996
467
79277
61090
46222
35764
37307
73041
67355
46125
86635
58016
6187
42185
23321
68448
73444
96241
87282
6843
40286
3924
72812
13148
40126
24432
58047
85160
24686
6904
55543
72987
8470
59135
14510
21520
52167
13991
81798
56466
52552
69708
13952
68601
44207
23535
71638
35527
78943
47537
50816
84874
92890
22740
30321
83591
43067
57180
55403
87368
49852
68501
47498
660
46220
15901
33912
63463
47221
61246
88908
58973
10990
82143
25873
51669
60661
32918
32081
22185
62022
31667
37259
51780
5034
80730
84430
2643
3434
32295
7835
6650
89601
63995
42357
61273
6092
64061
68840
67645
15159
52437
65791
8398
92110
83371
99821
51915
27517
56112
18267
65758
44099
61927
57394
46582
59836
97001
52936
3225
62354
51425
47548
93343
98390
64506
28679
66264
77972
20520
34741
93776
54616
22251
2009
6435
35952
71397
16093
51137
48477
52690
42691
50618
47679
78975
8287
89987
15529
61345
54545
14009
78083
84584
79119
46310
5234
96553
89119
37044
20263
5638
15575
18535
85134
79185
84509
68951
26524
95905
56596
96999
64745
16178
9759
4874
94269
37021
23593
36538
37679
36105
12284
67044
32748
43420
34112
19032
40632
86102
61752
48145
71855
73644
58923
4954
37518
66957
46066
30659
40778
99031
77346
45434
45152
11803
46157
76190
14656
33317
5829
22973
49476
49781
57076
91886
80700
33186
98672
15819
67625
88845
5123
2775
45120
4917
74226
77768
93234
34155
57444
83613
80727
45842
16726
70168
33470
86974
57898
44298
67866
15596
96767
21959
82119
85925
82420
92137
93702
22120
29119
6083
90155
7873
75118
12536
79289
13685
72639
57270
38926
17411
58864
19855
26513
6761
17962
49095
30722
61881
85758
27830
73807
21128
64015
49221
29705
37635
68629
18816
93580
30971
71376
22458
99400
31040
61383
50353
98425
15323
22214
47087
54388
68591
7552
71014
14328
59665
14332
97592
9713
62088
3305
50683
18992
81797
54815
81759
91931
98846
81385
80655
85448
19044
17002
50801
24843
60327
99332
14624
85950
36673
98953
28280
7604
39423
92669
72709
24584
53422
87149
97513
76284
49849
65138
28208
33975
23164
47749
55708
69527
17719
21700
50207
81655
61587
73971
24043
81390
45422
75553
98093
73027
45456
19607
40038
93096
17626
21791
24430
13918
85241
629
76141
1293
28398
32976
92751
25023
48566
29853
63339
53963
76923
94394
32191
68996
19245
26387
98934
20169
99057
97583
7178
269
91652
62071
107
97360
23246
32519
57610
66638
57822
11284
48708
9383
11522
91296
68410
82052
94679
73223
56853
55206
4415
88615
7970
75141
48757
13800
75902
46324
30669
17384
62112
99510
52269
19654
65527
58276
33601
29097
51661
83813
71396
18948
86692
62999
86352
54434
66874
25422
95921
18122
24835
58310
24850
32481
59536
56470
74051
6683
58530
6426
91191
14125
65368
53990
55200
77949
50066
38774
1252
66044
15162
60149
32595
2950
46397
26577
3401
94950
21033
34624
57128
45698
71574
39848
46156
54828
35481
48978
68691
72947
57416
68665
8311
27010
85306
41834
98703
59201
85409
96085
11950
34465
36158
8803
30765
7257
95336
62151
30841
22386
59497
50946
11228
77899
97091
24761
27443
43824
94010
63444
87048
10500
16198
67959
84706
76116
41679
5562
24112
3898
63055
76404
23495
42857
48936
16045
71121
83560
97439
11646
14223
59465
99506
43939
71283
28493
49807
23623
52646
75039
78044
62692
24592
50445
79838
49021
60224
5313
99290
40043
28881
13111
27650
71301
39875
16839
81682
73344
55454
43306
16569
86102
82415
84243
10381
92956
95413
66045
36937
95182
98895
90743
19919
97780
46328
64378
84971
24572
25746
7517
4161
61282
68021
39784
86206
71969
79792
32718
18380
2737
66948
67371
22182
66774
72245
72709
58935
39834
299
68474
94966
833
57603
3371
4186
98179
64412
54081
47176
84651
34082
35358
32543
5774
19199
49724
12605
2541
9805
46640
55823
21143
61297
8540
63656
38956
74312
7048
3536
4559
52349
61389
54924
76739
95405
95855
27585
49474
95804
61758
52356
19792
73846
95231
16320
84664
26464
29006
41803
69010
12715
4127
62842
81562
8448
54821
7388
56631
78589
62452
82581
39726
74693
16904
70289
54002
53694
42614
22775
2350
72779
89276
47821
78646
97244
54800
6530
16266
42934
41278
55573
39346
30066
67224
89955
48404
45997
41485
25227
86682
23455
86588
20893
64347
51191
38636
85306
49469
75990
97844
86496
79396
32507
58269
73525
32359
85295
59872
93315
40974
92235
66950
28208
68980
37403
61721
30981
79952
91373
43101
24490
14978
27472
49420
42337
36458
98437
39585
45510
33108
27783
65265
49488
97729
36911
22071
97196
35462
74229
81190
13173
34114
45289
85640
759
68577
21709
53831
89374
72476
53324
32466
1710
33957
71287
74441
19746
95575
58720
79891
71981
50057
20653
75868
68350
43624
23026
85444
99649
18757
37129
95840
61684
70553
67050
86809
56488
87929
34448
35693
94925
91609
41677
2966
91828
54152
48193
81827
69990
30655
24736
63703
45004
20127
42381
43842
68181
46600
82316
5571
10394
59171
18223
93481
96670
5642
36377
94932
20518
48392
82737
63418
39290
71727
48524
34090
23305
37776
54005
95629
64769
48980
26945
6057
48310
57325
23283
93526
10976
63826
25461
76697
70136
58488
7291
33910
12964
72951
98371
18777
80017
86440
28187
11112
83198
49100
43828
77585
71341
30162
59499
49849
13003
62763
44326
75560
58333
91221
85429
5840
32304
43966
74851
44848
63059
48626
81876
70885
28317
95628
14980
13737
85364
63028
20703
29737
93448
45280
93860
26598
90369
34873
34546
64052
6613
41179
13531
98419
78587
20831
5257
40372
64079
42484
29663
40149
74159
64707
19685
27577
53873
14359
38071
70926
90265
30969
75215
1081
40859
46743
50744
8273
81121
40208
59318
47975
72472
45163
45783
37579
98056
15911
68173
22612
7339
33738
84629
14064
79407
88436
58471
20592
76015
52500
84178
12573
88103
63923
73273
57162
13125
77169
66167
23588
33303
56530
52157
80750
13771
54070
89603
2828
41020
69388
786
25881
83931
91192
40768
32693
50407
94652
90059
76542
95330
69375
62587
11406
97537
22417
42666
72560
45582
90413
36055
21148
97392
81165
36754
74047
98403
40119
39433
70053
75729
70751
92910
43139
21686
19327
64974
34251
50996
20965
45167
22366
69201
14027
54493
60532
29673
18326
3188
28268
82754
50579
99499
16152
69542
32699
62217
99612
37282
51142
200
80460
67641
52485
82709
96613
25112
85389
88208
69953
99022
13796
97189
65701
55573
42748
16561
96689
23353
82000
9523
73096
61005
6930
84908
59046
13357
9701
16662
94950
34624
94729
10119
29307
75943
76400
22447
79634
40045
6403
18444
56570
68556
23459
78520
45676
95956
68499
32378
14092
40103
24533
75293
83321
10830
35876
89032
56978
46638
69057
72832
22556
88763
68735
7278
89545
95754
26285
14762
81420
4399
65895
42868
27638
48521
58928
83124
7120
32851
43190
52059
45435
57351
88859
2973
962
35822
91479
67697
60456
74319
66594
24597
39489
91711
5558
30824
8944
22843
611
40558
58663
29085
13263
37138
28588
47138
95143
96673
17183
88031
99787
44146
54870
46962
45586
17286
27484
32993
99509
54214
86044
76421
50329
74306
14473
68452
91734
4361
2474
433
191
62184
98541
9917
7988
3766
37203
16532
44043
86084
40050
15417
92920
69964
29733
72039
68748
1757
35876
80183
95284
71124
53808
17035
52773
4564
33258
51042
20712
24815
64261
3865
52946
3206
66896
14922
13008
31188
70627
92873
34455
33415
32158
2377
47003
39214
61053
62924
35739
4277
97582
88614
48233
96787
40786
13257
50605
13461
34763
90333
59781
62076
6693
5171
41979
23240
167
84612
68519
76029
15126
74182
26685
28101
84350
36051
97707
2746
93277
89101
46422
85001
67665
31921
6509
79803
1113
91566
75607
7874
6171
83091
86880
33334
53015
48708
78160
49751
81012
43378
53998
95334
67866
32614
73283
23120
81666
79960
34211
80907
62157
20146
52320
10683
92681
12766
3555
76403
21992
36996
50353
42147
91754
43908
24073
1241
24590
80805
33248
72201
37052
89483
44060
28582
97404
50550
43236
89304
501
42830
93643
96484
85254
99146
48451
15755
34451
17080
39179
70908
66818
44737
46805
54972
56890
55879
58723
17599
27637
44271
1956
81864
96617
59186
2437
85623
83064
28925
59239
86460
54278
38649
24062
66405
98382
78488
5751
48747
28408
31794
80422
23926
26007
55042
33593
43785
47638
82917
39776
72907
8708
90853
37411
63764
21619
72093
31605
59358
12193
16875
14556
92046
49562
6082
62103
88444
18877
63874
30784
6600
11120
61750
1733
66312
34031
27306
81454
26205
70599
76154
84477
59499
59399
79652
3976
41252
423
27858
92536
6577
13494
30549
60132
23827
38476
81725
58271
39561
6298
62401
91065
1053
30404
26614
48910
26478
73430
69765
63632
19155
49106
31037
99361
9025
54089
23580
56140
48029
19861
31206
91968
89405
46835
73006
99946
71939
45339
64366
53687
13955
60983
44433
76415
54452
17042
79253
77396
77308
52202
9911
43707
44679
87955
53244
39132
68654
35893
24991
73340
91865
26613
14443
86221
49609
58257
88557
29309
93637
68219
50635
956
99860
8240
31227
10983
78396
47490
86
78066
60888
84778
66191
90797
74743
73358
76803
8787
47810
23007
73310
27256
65393
59405
33973
77949
77965
50851
73900
89898
13057
90467
14938
38971
1439
69830
34352
16546
79076
72179
91922
93002
83124
53921
50609
28519
97941
29386
81857
85897
41740
19570
5633
81318
94842
84390
98540
38148
91481
34721
80623
38171
55054
11732
5248
65285
80352
17119
96534
89902
68511
4957
7445
61183
7484
70489
14645
92202
61419
31733
57604
80917
93512
9877
22069
79548
80944
25257
18928
77321
48842
97945
15644
66752
44205
52724
28697
10660
68368
68309
11931
61901
75603
40688
12860
45608
48359
30748
17698
7756
28212
55618
40403
57499
48435
64105
70118
77819
97935
4230
21680
76345
12042
87848
16779
62349
29057
97656
47849
61654
58120
22809
98000
26038
96471
43951
9007
39908
4668
85150
57719
65919
54377
6569
40026
22101
91153
22001
38505
22071
39432
6546
85587
5076
36274
11405
29669
67195
82856
42461
12707
45075
4240
73710
20955
2353
91798
31314
85788
10281
62965
30968
7315
34606
76344
58905
56745
77774
44088
82190
52756
30909
39023
71446
77219
49465
58128
82315
10697
11480
5795
93119
39207
24805
93369
30253
37122
69361
72417
81920
90624
12803
43367
97659
4677
96851
26630
89958
40044
50284
1222
49249
41349
58534
35924
16914
34370
38801
33938
68721
45293
78388
41215
56187
18402
34613
61154
49252
52334
24868
36179
43188
10218
12130
53045
54211
70709
99667
11403
43239
8405
49765
56406
56662
63681
53912
86425
58143
76764
12929
25566
51781
56446
18940
52827
38646
78421
4783
24476
57643
35292
96582
14784
25877
74186
70538
59445
78447
77649
33629
65746
54407
93434
35578
92375
30339
80080
28398
56970
21236
32890
41780
98365
10807
83205
71753
53762
24345
34536
4189
22278
67731
76889
71085
89101
80926
48777
42960
1707
94497
70182
31303
69792
50309
32315
10233
7804
55881
11373
31746
69142
72287
34519
38386
66310
69997
39425
43214
84486
83101
80831
69391
47505
45446
3543
89255
17884
41910
69619
21830
2343
22404
37036
25928
53508
30230
65478
85709
2257
16583
83654
90066
57080
18895
14442
57244
11654
43405
87901
74297
65080
42831
91695
56958
82574
49642
17631
30194
18948
45062
14007
11042
87550
71492
74628
50660
85083
92734
63359
19135
56306
15063
53362
15039
15152
96486
9692
52832
75021
17613
71172
61754
73800
80125
12371
22299
7111
65282
94142
80489
78770
72249
19466
10566
195
13681
63564
879
61629
70240
65683
73750
21526
45292
45470
98125
92205
20640
63456
41261
10868
59619
5056
48339
22138
26961
34886
865
66246
4938
75213
28423
62486
24346
33406
32789
36661
43128
99839
6293
96852
16019
5486
53787
87773
8583
67656
20121
54678
20105
2758
34371
43043
5369
60917
39248
16164
46365
85573
65989
52348
30401
92883
76369
84688
50177
26626
1593
99228
12046
45574
82404
68854
95079
25912
53206
88313
78950
92516
97451
44127
43
76708
60234
47113
54239
45650
36490
69425
21193
3320
79285
63386
92277
77093
80650
83114
59536
27891
94160
30663
31245
5839
46647
93980
53338
43461
52599
26668
9940
28260
82137
73547
57433
9388
37781
23512
16751
79745
18213
94173
96378
90470
26806
7932
35694
45257
88974
48479
74444
98978
81411
62780
3660
90136
59473
20956
51080
19291
14024
58713
55074
59871
90077
99122
76894
78578
26018
12494
56587
22058
21775
40896
84024
64185
52444
71259
61379
6581
86133
79837
56239
52463
90896
427
61786
19730
43289
29044
89362
16230
63524
10903
11211
29265
54161
61931
46061
76244
70719
50978
88168
47985
45304
65921
65679
93965
4971
38929
95184
7972
60924
16492
8294
35690
85092
24314
82746
76594
78043
31060
87940
53179
63435
3079
99754
6416
64398
85570
85409
15719
91600
84551
16127
70318
70227
82107
14910
86087
46108
94251
18951
99831
13423
93713
38159
9027
59154
92956
94785
49039
56288
2532
17016
56437
17872
73491
55354
9801
40093
79496
52763
37230
60165
78246
37913
43397
88375
65825
50893
37932
70829
17629
78413
35424
60592
41296
9303
52446
52908
1269
63355
27732
42013
98090
70653
80741
24173
27546
76223
79807
58496
92224
15457
75910
79207
35632
79510
55818
67314
16746
64839
28144
2640
51151
61847
4155
84907
54208
86634
52114
26855
40726
33556
61660
2339
35674
76319
886
2979
59671
41176
94799
34348
8560
9853
53239
19398
18858
27110
95505
29085
33589
39685
46085
77901
83343
40105
33514
83287
24862
89141
94448
76331
89794
5737
37228
37045
18969
11722
91410
14290
60938
87864
93674
53649
32188
54560
36638
16726
54471
92773
66779
58848
69428
21182
28358
4827
16693
71228
53046
74881
17766
41372
14919
95108
16826
46695
123
48984
17986
1207
58276
42446
59305
14986
21613
416
99506
37779
89281
23156
80212
42708
99414
18909
18315
18435
58675
22799
62650
19746
63411
93153
25787
82029
95867
56327
67085
47659
30572
57951
51999
92302
75161
76390
45536
600
72128
29644
90816
1097
74785
18389
96508
20577
47762
96958
58576
99466
10097
98252
53898
96380
42632
24755
29052
16484
95319
51849
49723
73049
67180
637
14517
65461
21489
87418
26148
61828
21583
52951
53470
99500
55237
44700
51086
80959
37744
32378
13379
36639
4922
19412
70498
62289
42676
52764
74053
67660
14542
197
20900
71625
87938
22732
4443
25871
45795
5926
84544
4838
56870
49069
92597
65232
6441
73376
90681
98245
54064
48902
12095
21161
37905
66444
41193
14255
95803
89409
18555
33585
32875
67856
35998
29584
84167
97936
71854
34684
12820
81747
72822
23121
65512
64117
133
79861
98841
54056
53836
91528
54563
87461
87964
81059
3076
29369
84893
88938
76464
25397
43823
29600
86439
53636
55139
23645
73371
68554
3096
49172
24757
88155
12569
20619
52718
22856
95564
39237
81359
47373
52512
71427
80936
61222
9215
40538
69709
26408
94322
66618
45751
65585
80516
47843
94470
71828
34377
98473
31312
46238
99478
91255
7115
8546
69340
98546
7852
35749
73974
19064
88544
7882
55118
87418
49947
5467
90435
26802
21715
31786
26853
73607
28230
11458
9362
45425
3925
10902
13899
31862
88220
34515
13262
80695
93723
34524
22235
99565
86509
48469
12704
70596
56733
2505
89037
66662
53285
35687
97937
37696
10220
43538
30970
99156
35070
40775
90359
51060
24272
77845
48176
79886
444
24513
81974
53777
66938
44224
62043
62509
65153
53125
47377
25503
59098
9339
34588
26720
33755
16503
74424
68041
22914
90513
15387
4247
28378
38080
16365
70372
38700
60223
4060
40172
66111
70653
20698
57351
90712
26805
54590
78416
46460
26897
49670
74108
10735
24735
52263
2526
40312
76176
90878
45828
96045
96198
21235
66013
71637
50518
99084
33376
56330
24213
51113
223
8945
2818
51816
59941
76507
73028
89729
49864
64045
12111
36209
14579
24417
39086
20621
44729
54868
88106
52770
11075
23037
25159
72236
8777
97361
52660
88079
67973
28972
76886
17990
32689
54793
92239
25978
27673
96652
87228
89526
2155
7946
77685
6037
59465
79505
65152
76646
59589
96897
76701
41670
18285
16515
75182
77515
86226
39663
73436
48760
1394
15991
25405
85050
61710
69928
71938
71084
93736
33751
16741
77834
40650
83038
22394
87922
34557
42051
2720
89203
39115
76292
74967
55747
35249
66376
78157
18731
78701
49066
73464
83140
53158
69737
3885
34948
85700
42219
55234
25522
48720
43398
32526
5993
58098
29202
94666
52426
13527
60486
90624
68727
775
37197
52222
14992
11150
63789
18991
26951
30587
63888
90646
39731
55552
8674
99530
91341
33115
81549
47988
78621
62130
96409
57067
35208
89150
74111
13224
19909
39043
7754
96347
7382
15934
16037
12007
14557
86517
91813
36287
22139
21223
20442
23767
97691
93821
29525
22266
98292
82532
90596
58041
66803
83352
63767
48092
69046
63351
93207
36521
56669
78924
36951
92472
1280
42475
60510
34555
41211
98413
75539
57829
35799
7337
97010
87820
9782
38391
87225
30340
93301
99888
84698
37643
80331
72687
51591
9742
19021
97974
41312
36675
77563
60901
90687
4058
92138
16828
68749
85631
80844
89081
47658
93464
50286
26288
88895
76534
59072
37345
46419
87033
40165
63645
83630
67380
58697
37395
85858
91848
84649
52302
21284
55726
37301
41004
7246
23765
95077
97163
60712
94624
12500
62777
57359
73329
63218
63730
73052
1609
92424
5772
70796
93791
85531
87675
45462
52509
8808
4472
55457
79541
85470
82438
32477
79646
15626
2601
82617
94368
59130
95501
98424
2398
59180
42434
9021
64796
80352
86978
31197
73834
69430
41722
79065
76278
82147
17851
22028
1739
89413
67255
61791
8106
81717
39895
9200
28515
67895
76911
43030
29432
88110
23449
77644
10232
49875
58122
89666
66198
93938
26802
89071
85452
7047
4459
929
96411
68016
33864
90760
99351
29492
6901
86169
69411
78703
92135
23617
46613
94764
19369
50171
78972
27165
80888
89012
54359
31485
85443
56455
40317
77473
71672
65492
81655
43351
19902
64920
5368
25369
83968
83356
21983
4199
57906
66546
80585
87581
95079
51846
85121
37796
12509
88153
16817
11238
60590
99983
69299
64353
8197
56629
91162
43186
96031
68962
75343
32878
19572
93210
79984
7339
44141
7613
31010
17560
39488
28509
94066
16592
51958
55766
65460
14989
36491
41016
32817
32624
92543
81120
3904
51510
79287
27703
64067
34576
18573
43640
80355
996
48838
2907
1206
56957
37101
26354
56317
13949
26813
23464
3267
55132
17456
65335
57860
56736
12857
99700
62948
97106
30656
48938
51076
70807
42511
51863
38790
77950
35496
5077
54224
30709
72877
45255
84536
44154
33967
62147
38979
54
5406
51358
37008
39254
48161
7577
72530
63785
97403
6667
75054
9889
10182
45724
53257
82049
68212
3570
67681
14557
66253
72590
21872
43521
17559
19675
23063
43318
809
21471
22337
41903
39220
45788
25299
5771
70627
75155
93497
5418
29127
49272
22031
22263
43320
24338
33145
97125
5059
50611
73389
55683
65938
32454
67952
5706
37640
99641
85111
62182
31791
80657
85412
61234
53323
41539
89582
35103
60129
47780
6530
96110
86784
43173
92938
99650
47858
34287
24181
68591
92687
8312
29865
17275
35177
11821
15402
1933
57543
47036
1169
45992
61590
73072
32473
48905
26476
92092
6702
26199
28187
96940
28948
20313
80495
2908
95531
45123
34364
13529
91140
82229
45038
98187
54308
28709
58864
74866
90665
41485
3392
60560
6235
90310
77314
16740
15506
82159
20401
78153
79024
32451
45367
21144
94823
75885
77568
59635
75963
96191
62502
82375
74712
69623
95599
99252
60193
66150
48346
61359
41006
12517
86267
88942
22654
88325
54330
88453
98175
20495
93639
93106
91353
83997
52709
72395
75082
81104
13554
3532
38804
68207
62537
68981
46203
41330
95150
86396
50544
68141
49735
87452
16340
84678
5993
90165
47293
9829
28813
26839
48129
79890
27787
55255
80839
29955
34782
81021
26983
59346
26605
23728
57260
50407
12228
5768
30766
46959
53694
15147
5461
77048
19379
38126
36555
66371
83128
79488
68414
63075
84856
13571
4786
5881
5818
84902
34604
65900
63042
52408
45055
51858
53790
69496
36897
14478
31335
91123
92967
47222
45581
81871
22012
2515
57643
82238
68736
6537
99597
72354
56455
69663
27645
48562
10891
82547
11591
70473
63166
38893
61288
4872
61251
34309
85690
49933
79999
35915
61762
91445
4685
85143
89621
71119
64854
96962
70191
47155
46728
92069
52635
90945
10267
48587
42806
20857
19466
58698
30253
60487
50871
8998
92628
60714
22066
69169
58665
52965
66601
69992
32603
99335
11207
67239
87339
39770
35350
97807
85469
67471
97598
9127
41925
193
65125
58534
81385
9726
88193
13323
5872
90105
96025
99291
90556
12992
86169
28127
39902
6622
62737
69088
64722
67016
67952
72420
64301
91009
19768
39372
95688
5409
17787
47634
62921
70353
90454
44287
10031
67732
24043
19094
10295
20789
27155
54490
93277
90158
25414
90170
76553
22168
33606
44647
56934
20984
3166
68422
55519
87124
8900
24681
2194
83131
39424
16075
51174
78225
11360
95621
85686
54626
33010
73606
13986
74004
1626
17117
62863
44506
24746
12376
85109
20925
18658
34643
307
73786
63429
76449
45950
9672
88518
1550
13591
31564
20523
18672
54632
44578
75312
55798
60478
44020
26217
19925
52517
98452
61061
36007
58377
59495
61182
48001
74883
77185
96587
97892
57670
94583
97054
29900
12553
30316
29922
27724
10060
32896
95995
58928
63644
54969
84032
40691
6412
40118
86551
58389
25210
68597
3244
25561
19057
97048
59844
26787
40116
2416
67313
54483
63270
60282
79879
71217
10724
63440
41754
36246
40866
38874
20953
60614
82498
76250
89205
56427
4027
46436
99126
91272
78693
60379
51774
88030
16810
65734
66560
61654
34005
98474
41916
84027
99482
98058
15261
50514
65076
26873
91673
18228
39009
64021
89459
97139
6939
28129
16682
56343
95993
56910
63109
56055
19622
75198
72194
73281
48671
62578
45573
96292
37529
49536
91838
32208
29106
60848
90382
18562
85273
69348
86516
90999
39690
15945
21315
60852
30779
75551
35618
46724
66524
16990
23884
24886
49688
954
99318
30241
99289
81476
8146
83713
46074
64386
52109
1732
28890
53504
37126
75957
89577
2148
30693
75969
63090
50326
79468
15790
88293
77945
5102
80984
85048
44494
99967
70797
47356
17770
70652
88477
80263
54920
22421
12418
4177
90763
46591
46858
78967
37775
41094
83406
10365
71844
63396
68463
51681
20206
1946
20381
6264
63343
46041
31516
48996
51374
79137
38617
62743
8919
33416
19622
96781
39110
79063
26616
47229
21953
46936
48127
79940
96806
13055
35645
18680
23857
47963
11684
84608
48915
40415
59813
4006
236
27212
70534
88785
46609
83581
9180
64510
24408
70640
81118
73558
42739
55865
62281
94364
83165
72334
58062
10020
79918
14585
75826
62565
55322
24029
33656
64997
68394
46901
66088
85425
24373
31884
87050
7686
68928
70148
60202
52233
76061
69801
34589
73229
39942
34408
5307
64081
90721
31977
58737
36347
51249
48118
25627
72913
34190
42654
89530
66189
2742
81905
35454
64512
51994
8413
4567
19933
7774
7755
14946
54072
3299
67466
58159
65478
41880
23491
20101
56823
96223
51022
41967
79893
70855
14074
64660
8406
50153
96650
5214
98514
26291
71560
15028
90552
83716
76903
30447
27510
60959
36152
82334
1462
92149
19739
43206
2743
86616
23402
26349
77070
55063
19047
46049
48045
12607
43298
89995
81025
33676
83585
40250
72614
74640
71527
32044
76502
22731
8246
33166
33241
1428
68497
25974
4526
50871
149
15555
67485
6563
96438
29986
67451
21787
76227
95236
13532
38157
46804
13935
94183
85945
57688
55812
83865
64552
57571
83868
53906
44788
12957
51911
33542
29919
93738
75223
90573
73781
93811
74351
87052
28772
50811
74258
22149
28914
74198
25421
96994
27729
3617
33100
4204
47254
90938
5234
86410
18882
18022
61536
10119
92324
94417
98886
76598
92153
5273
91696
34019
33267
27366
77085
60435
52500
70924
82512
78624
82556
17506
50449
7987
99462
19777
32471
5676
58596
87138
891
72942
43439
18382
82063
63049
30966
99119
33466
45152
34468
73795
51125
28582
40030
74679
70499
11795
91749
60295
58641
90978
20354
33254
67498
63085
72593
75003
24168
43344
32904
19720
24924
34291
49617
69924
6235
42468
31539
46262
96708
60963
29546
77551
75717
99249
56426
70034
91298
69456
92822
67705
4498
47662
39833
20477
67483
18008
93251
26302
76821
49917
22399
74676
62755
73271
16015
33786
94287
66484
49899
10449
82646
59600
20378
13110
79890
13384
3520
87358
17027
90883
37362
83307
13143
49389
32961
81051
88045
84818
88469
33542
23964
7244
46939
67542
35643
44923
54543
97807
69698
79954
90970
87787
74615
15377
91907
34850
86071
61152
96986
84778
39396
77875
39112
72598
13393
62501
71287
83231
18684
28575
47231
80327
79338
6131
20471
75083
41962
48769
95353
46054
10479
59532
19738
25533
18598
77738
69490
98161
62141
56651
10770
91048
37890
15594
97884
91337
45301
99524
65506
56156
11884
39911
90313
93851
66902
84622
85338
57908
17134
62295
29854
6747
27816
65193
71062
12715
19409
98132
36372
85281
9389
59205
62815
79530
16622
45047
53320
62071
33539
68152
22523
35912
67384
71411
10658
35469
26486
9928
61592
32388
55956
20399
73390
81253
4098
37074
63946
67066
72108
27621
17479
24086
8795
21810
34465
55935
82022
37777
88247
31691
813
5403
46777
20428
38147
72272
34444
95371
43375
18428
73963
88635
77754
69780
45765
87135
68394
11926
22044
4642
47080
30198
51492
4122
50227
65864
51667
93311
2247
2505
8673
62482
95465
32817
28496
94941
86296
57676
36124
98475
13794
87231
68199
10295
32744
77521
26961
17870
93398
18114
69534
25114
6039
28731
69827
10689
56283
35581
39470
25207
53154
23811
94553
3641
23762
82120
7193
68719
10391
59073
47724
555
99982
63926
63591
29998
20878
43976
91283
99871
4434
16877
11404
18563
9796
85857
4922
19609
26696
44708
30763
96656
54988
48028
9259
15743
89918
49288
58729
53568
71787
25688
38519
17604
83739
43110
55599
852
28643
79652
69785
6233
27984
61595
16283
37707
71858
80706
75611
94664
24964
61460
34859
18992
77521
72539
69636
66676
99781
6319
65517
18675
33161
31557
86739
87621
20990
3558
95525
68656
32953
24320
71858
36908
21174
1254
82023
6378
87820
11588
84603
229
6146
31370
3278
93106
52469
36103
70623
51623
61988
9666
96358
37421
80695
3361
68172
19430
32490
34214
36263
38802
46441
92087
20396
62353
31623
50027
65499
3108
32892
30459
58719
3952
76018
22149
84918
31712
32083
93139
85107
94125
12015
41205
76342
72749
19377
65650
13572
71536
28429
18173
51566
65659
2733
76034
79934
2154
77164
54067
79341
54114
41141
94354
83262
51594
28808
43912
74041
45328
14252
29011
68293
17907
12213
46486
31681
45705
77855
7789
8833
95056
40510
60259
94043
70607
38027
38870
95801
52626
60282
21028
89400
54910
48007
62043
98679
17100
79235
14282
53278
31449
84340
20796
56985
66243
90421
79713
48529
5955
1792
32629
95080
71472
21245
1710
72395
99691
44773
13031
5758
72535
80736
5969
22310
30175
85067
69730
95361
35677
34090
7528
9978
29118
31826
64056
3642
1306
87571
15323
7531
66971
11693
58777
36435
20485
22371
10828
78571
65758
65169
22210
48261
22393
62347
33124
4309
35676
76055
32575
54368
93779
30539
88892
52539
99427
16721
18912
76937
96893
45040
61913
31014
7697
93973
56079
52179
96996
36931
16744
80241
32476
25081
93673
35726
35936
47478
56295
99307
42987
46133
59693
61558
19917
81575
59651
23202
41373
66167
60024
17706
33099
4225
77340
68639
5050
7471
95657
35108
39797
90016
27691
90345
93932
31566
16184
42883
55857
50163
30258
24302
70792
53773
70423
81111
47960
51055
88216
7870
96391
48009
35522
13722
63840
53796
2139
68264
33098
18679
21235
39639
34373
73484
625
49712
98355
62441
48331
80181
69361
97143
99406
47284
51254
89407
28694
20415
63434
15080
18275
58373
88214
15784
74947
22329
90280
58793
38613
87491
90361
27631
26944
76894
57605
86600
63184
7230
88112
5800
93866
97359
19041
10019
87557
18389
29852
26525
24186
34063
32362
58617
4659
59776
16404
59291
29093
27346
30847
25974
96525
86170
18768
77759
16962
52956
45916
29310
81950
26947
84041
20698
28028
31232
6161
30431
41119
1967
18447
96194
85792
45937
82329
68162
13484
72679
75766
22091
16803
47000
1343
36251
13068
72185
91365
18431
85893
36497
51020
73437
27535
5796
40770
9912
63714
24052
21319
69392
72729
60634
86067
92152
1660
36446
50022
20076
16007
64890
61077
52598
11473
43470
58665
85532
88517
85076
19520
81414
44536
36529
43855
42529
31813
73258
83712
48115
24591
76462
27022
12190
91328
41143
36152
59348
24394
84871
22579
84927
67294
18462
81889
97683
90732
85153
30713
23029
37872
17322
44064
48267
2478
93483
46714
96291
98858
52402
94359
25693
18784
32261
10486
71173
46408
64972
91386
38886
94579
62157
36651
64804
57132
67115
46827
91018
74795
35930
65826
3929
10267
43977
17231
97254
66601
34926
54767
19065
13954
35944
5002
71962
4044
97314
24652
65306
70175
3493
81730
3389
12574
21687
43799
16958
39653
25058
37744
75764
95329
10236
49881
17231
96133
17403
73316
99872
75362
83286
4547
87955
33033
90108
86591
82780
89484
27353
43556
44522
29725
18480
16705
71939
36487
39903
3899
20041
4313
65887
59990
64140
61647
24515
66750
67243
95802
71451
58432
45273
34026
42358
31195
12480
45306
65476
57856
77587
54645
20323
33628
1679
31702
22229
73975
55461
37708
78426
74392
46173
28866
83528
36409
864
7639
28482
28262
57700
2478
72693
85192
89004
18695
72436
32360
41725
72321
16700
21099
83497
60229
78162
27578
24412
97043
45574
55319
92282
77966
79818
22577
92185
33663
84168
76256
32530
97710
39573
42420
88888
61484
46110
96620
58982
71537
2696
7640
67046
45913
29045
12959
50450
4447
78121
63860
43279
27521
92908
5212
87160
73873
67303
33008
79526
71286
51621
10310
3471
92043
36493
93968
26967
59659
54005
39488
84178
78628
79644
48884
68841
14609
90131
34969
44899
97251
88434
46142
75315
61791
90863
39840
91254
103
68286
38696
85042
25283
32000
54387
84046
39934
90961
97754
16195
58364
44121
78738
57182
31859
47581
12753
85536
80821
61464
48760
25950
1900
58106
72742
58254
49548
55711
43972
18447
29392
43387
86675
11837
38099
71198
8195
89000
49177
37709
52861
32941
39706
24603
32455
92349
80598
53549
67952
67931
84952
22260
1791
13725
27124
18762
63
1336
52411
37718
45907
29094
94785
98545
19291
84929
6540
87401
503
57627
46310
26954
18131
26870
26937
9026
44003
94719
71610
73419
14748
42304
45391
67918
10753
97487
89813
23905
23326
83373
15604
29368
6707
38609
85438
54585
70857
53738
13892
95850
4346
37138
83767
70827
74485
98642
57217
36482
73126
91490
17690
70575
95331
75194
47823
78984
46788
43509
29725
87977
1774
27527
54924
6667
68136
47476
50494
60527
48255
97736
41589
26000
73883
72550
79007
47057
16264
73263
66778
76338
49053
19669
566
30706
96147
12341
20033
76878
1228
80122
97994
78738
79021
99009
52903
42858
4870
26462
21395
85115
85722
17852
31824
43351
29864
35625
17679
71507
22010
14692
60611
34219
71574
85088
22110
44627
54529
61130
8402
97173
72386
65833
36391
13784
20661
98511
25730
1980
72539
66097
59350
24313
90953
93048
4861
58210
53114
679
68109
22657
48170
40311
63783
87916
19267
19324
67212
30808
1360
31309
53579
94395
59478
80986
7462
48333
36584
43509
34999
14488
93966
75563
44979
55191
58777
25241
58058
22360
39983
79490
91851
75515
13228
75027
91773
56607
99954
68300
88281
78812
27815
22012
29781
97422
81170
32323
58026
94156
3360
13515
68564
24806
88081
23691
59435
38134
26594
43213
8263
76970
56626
22360
38328
62861
83763
73821
86461
5877
34552
3435
96973
76240
10418
99037
4692
30450
78139
36057
48767
15980
79122
82056
3735
52623
9537
66472
79645
35840
15481
62309
39131
96507
38030
98877
34501
60366
78264
87051
33459
8678
27280
11505
36603
10539
94070
4394
95030
14281
97254
89859
29949
80075
11026
60561
27777
96845
20583
74990
13562
79750
71743
20420
76404
84552
83517
87920
7608
23287
63080
80832
78141
32992
19803
45219
82725
7033
72238
31727
85154
79650
83046
95574
62427
58088
99293
58943
50647
41053
19512
94731
62255
83075
55089
21498
58994
74920
50569
2119
26186
6499
29387
46749
4295
6343
45465
44412
32412
45490
31882
67345
13373
39846
10561
70829
32894
56445
66334
46681
87550
87403
89979
96191
98116
30205
93222
98691
14209
86535
81851
84967
84310
33364
90586
45582
84034
88619
16538
43801
14563
34641
52008
17583
61781
35548
13017
32455
94208
61044
37175
9350
30757
46807
68095
58662
72803
35420
18077
50684
63366
22882
8574
15859
1981
89333
30967
41207
80353
48360
1513
33251
28401
56307
46398
14157
93794
53246
10164
89568
13247
97183
27451
87217
70277
86903
98343
42425
1306
36999
68217
94658
37683
26043
75978
45946
94362
81599
81524
71704
31146
92945
81726
66425
8820
65037
1385
12531
93353
4318
71879
62726
93279
95867
44743
39172
25570
36844
56400
8780
26734
63160
6843
43916
18689
91368
29509
23093
56141
67237
25953
99250
47867
29769
6445
6121
66285
17882
87590
18279
7338
25103
59209
24636
52960
14275
92429
98432
73129
73459
95238
37352
47801
2990
65282
51726
41839
16282
94379
23063
11492
86660
74761
44823
41054
18705
51816
6713
12408
44585
53195
38676
86411
62557
41999
91104
93054
86821
36406
30639
1652
65403
73502
76523
92200
24752
52132
53396
86273
83444
22403
21641
61615
52136
81354
57896
48581
39804
80110
15823
69654
38516
36189
47420
64106
15468
46083
16077
50357
96055
7793
30202
23903
43325
69106
26485
60121
75115
79838
90342
47535
67865
47805
23730
77569
27623
31757
79382
86254
61946
87691
53167
74312
37345
1450
58906
57794
92369
27792
54332
1746
45429
94171
10974
16357
17214
27634
73059
24040
61
46737
35451
32892
15787
72279
4309
31262
61302
31355
83479
47477
62113
47871
3980
70265
81582
96109
98180
76600
61779
52572
72824
70354
28197
29356
62701
24832
92037
34120
42401
67048
42160
56141
32897
98489
49434
97933
77583
56393
98273
77004
31480
71467
65323
43202
66400
8620
73916
72307
13654
61458
76362
13977
51239
49628
28116
5212
54005
33421
1182
34944
85812
46806
40363
72038
1230
56458
94914
99777
58069
12108
84827
84906
26671
92361
50893
83159
80165
47749
3036
40632
76689
446
85182
99393
6151
22243
15235
12031
86834
32208
78244
6369
50127
50796
71674
14836
40013
14516
91527
56830
68520
38539
74844
71274
90676
71624
54749
81380
3248
35085
62721
3759
66813
17737
21959
76416
14533
74005
57659
81396
68874
25166
55847
57155
52753
18667
77919
87959
32650
46449
11064
31956
26977
92582
78994
85474
41329
20323
13040
5983
73096
53664
93837
76484
49010
48761
73080
22970
66886
9003
46416
31364
25219
39523
28956
6561
4074
64553
18663
62825
39806
9835
25986
92381
62295
77651
25026
47377
10766
62763
23220
62661
30488
78216
66562
66401
80513
43048
70945
71047
96736
55157
90662
51542
68553
223
40280
43032
33581
64907
99521
95339
87468
62266
72940
93866
82974
88249
76564
72513
76127
44644
39916
67735
31772
88578
93510
66333
60016
16908
80568
87086
1418
35648
56484
43955
98193
23421
71041
2994
2001
26389
60376
21922
79149
31883
17643
29601
29406
13038
7988
98797
51139
91491
95019
79467
49813
64700
85617
76420
99056
21020
96597
8189
99322
59199
8214
31673
15127
82211
69568
70945
29352
62862
56217
60597
13329
89958
19999
34515
41238
87077
91162
28646
1939
75407
60144
57596
65798
75934
81048
20984
10862
58681
40914
23260
17394
5953
33753
41681
85326
67994
82340
91099
1159
90059
21633
96287
97820
97562
89697
659
66852
90577
41850
48061
21848
88782
91945
49103
71977
80131
5251
11334
50166
82604
79418
21320
81022
59008
24060
92322
6871
73874
31564
62536
36583
78958
68170
99657
24484
25931
80628
85889
70206
56186
5797
66702
41451
63639
35756
37578
16843
7987
89690
54369
2552
83122
40453
69949
10702
17756
43150
51159
44577
44737
86125
70643
21944
98897
55431
15751
30531
3655
20989
41433
35661
52046
40843
62785
53976
57495
79510
33004
96230
92939
84459
61931
98042
85978
1772
48704
99653
90541
90286
76775
52128
60838
59718
46589
47820
23129
94503
23428
46566
43051
97778
98114
54474
83489
88864
30034
90307
17660
63266
6190
20781
76275
52115
86067
36885
67425
90882
63400
31794
29889
2912
91803
95370
27533
56621
27760
28067
93221
80348
16807
57645
10527
40131
45210
8715
21143
43953
27418
51475
68837
49174
53703
91764
55142
63219
4570
8045
34725
7705
59475
24652
23846
61892
35765
62607
2864
30844
71944
67862
49015
23016
37133
32356
36942
3084
81464
32939
96887
53980
38257
66521
62200
19404
56607
44046
67537
40236
17982
35827
46783
53373
12320
14576
76905
41927
9508
19482
61059
32100
73665
33644
16556
18602
7301
4640
74233
5532
91171
98127
34002
11036
52267
80760
2855
70069
2953
84624
42740
76490
87463
5609
73316
3748
12422
79597
57636
99338
77059
37577
64267
35619
32780
68411
8768
20313
78926
54996
53366
90448
99100
13706
78771
87140
70799
13667
29018
12255
39575
11112
88986
33688
54654
78258
43085
22875
21824
26042
6466
1678
96156
93607
53750
31958
39402
93388
69015
69252
13908
91354
81389
61997
833
32579
79146
48086
46802
41644
95894
21625
1990
33547
19216
1979
8045
48691
40882
61420
51535
98450
45104
59435
38251
68815
47939
51152
18461
39479
39730
54723
23475
77631
20117
92232
95516
71079
69027
67560
83228
82805
28729
41431
18895
3026
64448
53962
39914
25968
56873
56666
6758
60389
51452
22560
2162
57012
33066
25997
92706
97989
85115
46826
28779
51841
16988
5234
49987
5738