18290
95321
91751
91778
31246
74410
5142
5216
53244
17437
85378
67848
49294
10537
81577
6604
18796
6663
13891
28286
34906
42406
28168
49681
82905
74045
62374
93642
96609
86977
78597
54667
48193
44521
87753
35924
54520
44889
74075
36198
2632
46335
41053
29386
42407
57398
99766
69105
24289
61468
88142
19022
65461
32306
48128
47657
52075
95562
43288
9278
6318
58195
35395
20282
33343
99497
32585
28188
37290
65839
88816
51168
60056
4676
61628
83326
57479
64568
77389
79310
28333
35880
73507
46691
35440
61555
84262
58394
46603
24886
55226
81642
60219
28804
69767
21153
64412
5471
31386
33488
74240
81225
64466
9964
27604
1745
39997
98130
5801
52146
17988
32670
78937
2300
14413
83879
70180
2542
88736
19823
95014
84108
14165
27495
44925
44703
92966
99135
78830
29347
17056
79355
81371
44130
71280
95055
9157
3126
78164
39021
42402
87274
1104
13715
36870
59178
98263
55497
99319
10707
51753
317
33837
14342
40639
48452
12561
32179
99085
78626
1579
62273
39192
96560
20175
62388
78864
92145
13636
51347
62639
57806
22105
22471
80859
9642
20290
28042
87346
12526
50034
31131
3388
30552
51645
99237
39008
52185
45034
53744
28960
61500
74727
93977
39657
23872
49811
46777
28649
3886
92225
83375
14859
40991
92412
72273
66772
23395
58781
77447
6193
49278
57398
58186
48115
66035
96281
95083
55235
43316
43086
42427
39970
60147
22718
88584
20444
63441
41165
34911
88103
69192
12950
1006
24018
73547
19200
10571
99218
78265
4957
35819
69245
3898
96946
56364
95109
26855
70987
37312
16658
80768
82447
14501
86730
37708
22194
77267
10986
29339
36716
54322
64514
52599
1658
95731
1533
39951
96047
85763
82917
54620
41570
25437
59939
3850
17012
19922
96253
1451
79015
71700
69991
68090
21863
36662
21069
28655
52688
62385
74465
91245
3934
66773
85639
52412
7863
31835
20231
20113
53911
95454
31178
19256
20382
3217
43471
20638
22218
62655
86297
37429
12205
25602
9522
4920
115
81674
18207
66186
1680
53078
46481
10174
61017
84354
40457
69543
41213
23645
88211
87468
75187
10433
81263
2446
76302
95597
63088
13136
48341
38234
45617
51316
68388
23221
12394
7794
65495
99627
83086
83996
50477
35120
91368
52987
23110
70358
64615
73534
61587
25672
41948
88631
42838
97494
52969
71501
46186
46233
40127
40496
74441
55952
91323
14638
71560
50204
58360
38922
63445
4795
82744
9367
86762
88608
75537
42512
34732
89310
13469
57751
18664
89736
74630
96700
59039
294
4917
64424
27123
36908
74232
22686
20783
24818
25538
30256
52591
38922
60930
34533
34516
11140
67011
95310
76298
44647
37038
97274
22546
52934
42000
91275
24298
23669
62839
80320
45370
1800
55188
36762
48411
73898
83026
669
15722
62322
77157
71288
95232
85165
65323
23281
53652
64820
75509
21306
8591
42506
22730
58817
13620
89584
19088
52719
4076
30540
32081
50741
25062
91994
23062
55528
23240
86062
73187
26449
85898
48245
18749
87599
78580
2679
66190
50798
10250
43308
85339
57939
47479
98626
98164
78922
82701
76496
48155
73179
7582
43364
6997
50303
82284
88706
46717
11255
80274
56099
89588
702
13628
29722
59475
14206
4900
55840
64146
89255
24719
55204
66596
73408
80373
29153
72092
75100
89340
50123
59225
91167
31537
85313
98957
68360
48543
80306
64085
9786
62779
16355
87484
93184
53998
35238
77897
39637
74590
917
85752
67577
49720
86887
62619
2149
85342
32147
58804
88169
43234
95473
40895
72523
31288
35050
36831
50430
84359
65493
85819
5359
31851
77725
18413
22612
10574
43993
74310
96696
57407
20558
51631
7478
45624
11137
36221
66497
71917
86896
26798
77942
11103
54129
80014
20215
33808
26320
25297
61249
17820
75838
2069
7133
17559
41765
19605
94061
93301
99822
39420
92520
40902
11249
11433
20306
74832
82340
19948
46122
99455
41574
41911
28477
35094
8505
32324
67547
7128
73387
630
51598
9547
25161
1578
85804
25109
79936
25301
35398
19845
38511
60505
55716
50995
91751
25790
75130
34575
61801
63251
8245
34907
38535
5270
38700
88648
42086
95823
87212
47207
69559
41560
33120
58209
84456
38327
30990
8999
99137
96246
93219
60352
38577
41474
69880
71871
79457
48644
60993
44117
3623
59437
99782
92820
2470
78199
81342
2874
90333
47519
23986
33030
34574
2028
23318
87027
61661
57050
78914
21507
58719
48444
61704
1755
4285
61931
9343
44540
97055
78024
40212
835
16963
57231
84145
49634
69206
58625
55616
40977
79334
66974
28299
17800
42165
59612
84949
80120
85242
2956
71192
2957
49251
53941
99172
95126
20975
20040
10117
85566
41091
68652
92033
44602
92664
26329
69494
3533
99490
80189
50112
36490
55029
40191
20987
3965
431
78789
50098
53414
89026
89942
98419
67925
35109
32352
50402
35606
72790
94417
66911
13252
57464
60645
46039
41774
81153
21168
9712
96530
40955
34543
57662
11887
70253
16310
39908
64959
4503
62497
45381
14469
2516
67980
34804
55376
87329
66489
10241
13434
64033
55098
51986
7464
38611
37247
35021
28052
5691
63580
84445
29668
19167
54002
4086
22312
66153
20876
40837
4962
25861
5953
61879
4147
10290
63466
66650
16503
32087
81202
22171
77608
48877
3614
57970
41655
48200
91623
33343
61626
88762
81800
51528
22628
78414
35176
37084
47581
75887
17991
45545
3751
9105
89447
15940
62267
1445
78665
45893
34828
93007
78428
57772
72938
62484
21680
34816
60706
25738
2313
63078
30459
81164
27393
52734
2666
54891
28823
6744
30356
29203
91293
96369
21837
6505
23974
98459
7690
91668
40294
14978
70238
87453
18764
36478
6963
94811
44866
90929
51168
80808
58644
91458
81252
88601
7300
25199
3969
31022
27999
27602
74241
76773
16129
82472
28426
49728
85952
88839
77051
79498
30216
8790
59495
89242
64426
14196
21307
93433
58279
99214
644
55441
51017
90941
78118
49202
94599
97857
7512
58148
20505
4172
51146
76775
26030
3527
22921
46389
17658
32318
15709
98565
49560
99436
89774
51234
58579
83891
53966
11813
49238
8244
84411
1480
19032
95791
10115
99479
38914
55557
93205
35689
71571
64545
89691
18160
92223
67585
71617
25151
4833
37817
37713
52053
21117
76527
1926
53269
8407
57449
89224
39250
63063
18229
27497
24696
69343
48272
95271
48361
87553
4373
74100
16652
93927
11848
52404
71475
30830
46614
88486
47687
41026
33294
10516
35300
21533
61594
51694
67332
50342
80418
54990
4190
88335
51542
24756
16856
48079
51896
56897
30701
12156
40246
86765
11759
91789
36370
96389
95558
49636
56357
62031
44414
27882
32893
94346
9120
72473
57533
53213
79634
68607
82985
41511
42467
61667
40127
18981
30603
73775
71480
98185
23459
22972
94953
405
3578
54963
57910
22730
34131
61185
44298
67634
8906
12750
30770
1973
43390
25943
76322
71085
43861
36277
42200
69461
31064
89166
14556
80857
74243
26373
36608
55484
98126
21896
34440
8286
46570
75764
14456
14370
85572
86672
56494
85214
97861
42913
70282
81454
31464
71155
38754
92481
79754
35183
93675
86508
62308
75358
6065
87932
6082
35996
59362
83914
53401
18514
91488
12654
57944
4660
35711
71388
73255
14607
22159
38580
3261
37239
68416
37522
98375
9286
4797
76371
1668
82410
83241
75585
99198
50737
453
5859
90189
30454
20532
92583
77622
7691
86556
39606
52971
61607
81966
61861
67151
4137
92026
46429
93357
4715
71
58167
63393
33111
28718
60657
66677
54468
1601
7875
96681
91005
2735
59508
75431
78750
76636
9418
52878
47243
85540
56592
21237
63853
2968
34644
35879
37697
48284
90902
34461
88448
21285
99465
26200
51428
91986
77157
29069
19302
91382
33511
6371
40601
65419
9694
1165
75207
26400
94563
90664
922
28555
53171
24988
96739
60899
60292
40495
43782
38209
20544
53003
48897
1086
25838
36093
45992
44858
62929
26063
2959
54877
53509
29317
92806
38025
54460
98721
9756
54615
23378
37854
90904
87885
46822
44606
75004
58274
55405
18576
92637
92997
64257
74700
67035
95565
45394
3393
1489
77041
92673
36850
60325
46364
8803
65616
98552
23186
25909
66455
82476
54377
24281
51430
34100
19756
59275
16599
29871
60323
8926
91086
60255
44106
90357
41827
52586
32703
54807
90676
4826
76849
12409
78732
32582
28362
3569
43337
53329
81612
34677
32885
20634
51382
75933
72380
13655
21881
6412
45418
73426
97485
3549
36098
52953
76733
81163
54299
21202
66442
45236
56868
12334
18259
61701
64672
63895
22086
6156
82894
11406
97553
32217
92347
16866
33582
8313
47292
55994
32864
92793
32554
59166
77974
3794
86373
85092
8271
52347
49199
69604
62996
83324
33610
58059
8694
83593
11952
54356
22618
44905
96788
37804
20300
74568
79863
53587
49404
39692
84519
54810
68121
87523
86725
47390
39644
69064
60400
77247
11022
21584
22807
88325
46226
56641
26783
67834
31890
47063
80069
93990
38883
88314
91852
956
44969
56993
33777
3476
38843
49384
539
53453
61828
36891
66597
70315
41621
31638
55019
9132
49460
53912
38988
17795
80789
73493
74909
14969
55383
70476
53215
90084
7849
53310
782
16636
34180
58180
10905
85525
45257
64162
71270
25438
1098
82289
1492
33322
10263
76157
22110
8743
22856
23527
46470
65504
38510
46642
23941
10283
98743
53766
48259
88098
5314
26508
14138
15748
86939
31034
65808
83638
87208
73289
16037
21208
74024
92238
78868
51895
90034
36779
24570
86238
7583
82905
52577
50421
84492
36124
67164
11709
91504
44016
96153
17526
73661
6747
54694
5989
38635
91159
46128
47848
21849
95387
82497
69437
45615
27245
76362
31855
11325
16257
71628
73306
79522
5091
89164
58818
23743
59153
97887
86639
69191
50051
50390
37679
14830
78051
76088
16226
71451
977
56654
37814
25565
13042
32083
19663
61963
92224
96398
55802
57990
83626
21913
67515
50235
85901
29135
7456
55788
34971
18593
20354
76283
85103
79012
14119
78894
61175
2346
7159
66349
16940
1427
72319
848
85331
61591
4183
6032
7155
39778
87511
15959
63057
18621
10070
4046
71504
43515
90567
34898
57299
37895
77077
85392
46708
83723
66681
26777
2032
66656
38181
89098
76339
12201
66104
13262
50741
66552
64118
88032
12967
10442
10907
65117
39702
67589
41324
16852
75557
40496
93774
88242
49484
43556
7565
65642
75110
94589
2304
88019
15074
98716
26401
65954
60375
24530
19897
28004
7736
55049
26853
35913
86590
59033
99369
16438
76957
20266
39424
4403
61016
85560
11014
8607
79605
62863
94428
27221
46066
69467
20659
86399
62226
28451
97670
77686
29272
16297
25241
76203
19044
55082
4791
10012
99410
24710
28204
44577
91334
52379
38310
15284
90988
82447
49615
63941
640
17271
92595
26518
23079
44213
6213
96024
96188
46984
26449
64719
97411
43543
38986
10096
98923
38954
2142
63421
94207
25767
30674
37214
42633
89427
74780
30730
80715
49723
82638
63248
62539
44535
20845
97536
80259
4676
26289
88708
91632
9395
80566
60922
5266
65688
29601
37380
89048
45146
49804
9272
6581
37153
25281
84563
82327
74
58242
93054
71694
48405
31762
80778
52880
73069
7034
77515
55497
28719
3835
8571
43928
15153
79128
54048
35677
94462
98396
51989
34636
75937
61533
35373
43834
12212
20650
49081
86683
51240
18846
73396
46659
71878
16540
16154
87555
74867
50660
16245
55652
2556
89699
83275
21674
30098
29643
16864
45940
44173
27169
31025
75511
70888
54083
13469
45406
22234
88416
60660
79777
54563
72214
31741
29221
75207
85718
65778
17298
89435
77102
51359
19697
91686
58047
58104
80242
80599
14257
97197
6714
95757
64085
13620
46054
85235
12127
64937
28319
6957
11604
66898
67009
45169
59756
68681
80463
62480
77660
84740
21891
87728
26682
11374
5279
20382
91043
40313
74740
59213
1073
29262
75299
21740
13052
9414
33243
16446
36489
41275
17362
8568
32421
62742
87352
37989
60487
5839
26750
12779
7996
5875
91980
59158
53067
85171
90233
80868
25698
73389
42462
52023
6164
56072
25177
60680
42323
93538
51901
57817
48862
73841
55834
95308
75418
7660
88354
48974
49679
19704
22564
23959
55842
32039
48808
8890
74539
91502
13246
52135
59862
37261
60275
35192
57024
65365
86705
53046
80139
90892
70295
95681
96068
98571
78824
8849
46032
92449
92141
63404
16346
63460
71650
14178
75519
11035
83615
37419
93087
47629
30978
91617
69891
69434
69673
72007
78265
84646
18018
19789
76601
68543
82496
89842
13593
28183
27359
49245
48983
56315
80533
16695
5745
33753
46609
73031
32522
29049
53606
86256
35348
10077
33237
48477
56458
14777
70287
55462
28489
63957
52746
25539
63379
30358
32142
84497
52575
24457
88248
72335
93100
81992
81096
22940
25218
91261
22137
23308
43986
57177
18349
85381
5477
32835
18670
79185
98456
42062
87760
90665
40073
31699
12137
47011
34391
33229
90734
48935
90350
2299
37817
62964
30047
836
81769
68814
37411
9582
49250
34717
45258
8988
76647
27776
2716
51414
83181
66391
530
20487
84695
55396
41129
48308
76676
63951
6814
87747
10559
68856
60621
19575
79206
89146
37164
42306
15874
66653
62101
93361
79218
49019
81386
77747
57042
77616
8009
7725
19308
11637
74361
59983
89311
49424
32733
3885
34459
21011
72168
41259
92800
68512
30055
26014
25688
21383
90765
32174
5469
34909
29569
60015
1924
69562
61853
55200
42858
95100
93340
5404
65170
45289
64364
55281
55288
74559
32448
45691
18061
52020
9721
68078
3659
12888
15045
22129
57647
50354
85401
15357
60615
61788
32646
67869
13414
24915
53039
80813
92799
41781
86850
82449
75703
57751
10339
97894
87520
26206
89698
49431
31951
49810
88671
49256
58640
28847
74758
54142
89267
78508
58654
9640
24792
120
35720
72313
42816
86469
46198
57255
23979
30135
53168
52700
75401
16231
76646
12303
19182
21640
25241
21086
80941
5519
45971
86829
17368
50636
43464
9014
56084
73843
15731
59804
97051
27027
68290
17006
58937
59807
94455
46669
23600
33252
85581
81458
62451
4379
58569
50464
55202
33816
70710
89482
73611
9
29130
86000
7292
36421
58205
7226
56107
11922
86960
98271
89853
48632
64932
61107
29772
63508
44564
46382
45623
5888
6196
8049
86716
17615
15614
67516
67333
98269
19703
27804
28478
78290
4058
72963
95028
93139
76075
28988
17456
39953
59956
38092
4012
93335
85329
16338
92398
90460
39845
68019
5955
52169
38379
33014
1880
8272
66209
32737
20030
82295
47163
88629
80540
79083
13023
81723
70678
16100
69377
82283
18806
38418
50408
36556
28261
69228
81981
69580
51261
21260
43849
92418
84058
70572
11913
70089
79154
90572
79518
72342
34686
7521
71340
36183
20370
19639
53121
32999
21369
73023
35518
2896
77646
26910
17440
57901
79048
51952
64670
42687
75588
31792
38286
48991
28815
42696
13235
87734
72800
63387
73476
28644
24751
58034
75839
69027
47430
49533
88647
87361
22102
85492
41210
55455
91700
28115
1655
9328
62534
46149
80152
7894
79427
26331
41255
6021
23606
11226
68935
82928
97428
53169
72566
7806
7390
20755
98863
86757
73659
82228
73304
28569
76940
93656
15801
51025
18106
83043
27051
65552
77430
35523
30595
79218
96394
61763
71271
69579
71653
69480
5924
48627
62933
66257
7477
33056
17825
92067
35914
21769
95409
74895
29098
73971
34235
62266
5268
8048
45337
48435
7908
94819
50858
85727
63287
27292
78188
3745
37533
17304
90853
25666
7967
91276
12191
52037
78250
54138
65469
34178
66470
42689
88000
51116
99075
23470
50841
33056
10567
38573
78859
61325
34292
18201
70469
53488
65401
77501
36264
224
68571
51499
46897
10768
92963
86195
99825
15477
53062
18537
71017
58692
97553
88146
39267
62039
88899
49384
44069
94492
75294
38701
16692
14763
79381
46765
25298
59911
84271
85968
74124
32164
15273
34848
75657
3285
87043
5366
46285
60268
66854
75615
42419
42677
62796
68221
39974
40209
13406
14091
94230
76625
97538
89783
56306
96461
57429
52918
41441
27037
20165
53299
68174
37114
12752
28803
70793
93374
4739
49327
81112
29920
71853
1261
87686
67780
34554
62362
44320
75248
89190
99132
36306
81467
21901
97345
31471
26097
41607
30077
99214
97171
97931
2588
18091
94486
63795
97333
34382
68887
56049
75214
49444
4232
58831
76901
56235
353
21067
65970
72297
98660
59157
80855
57425
1061
68589
62416
21882
6799
47619
42989
16578
23953
13004
6711
95930
53935
48234
50263
93592
36835
34029
6721
86251
52951
68906
8666
10588
6788
40432
34146
67027
36803
93426
72187
64766
67573
81529
16591
21593
27807
83447
27091
14243
38390
92416
18182
94123
73683
1580
48260
55038
67394
87894
23668
36466
98267
40041
30728
78603
67367
49922
3101
37944
92111
49655
33763
89913
23497
43248
17531
19033
77507
79440
58009
26964
60489
29443
54576
60898
41464
15681
34345
54671
29873
98059
38968
24648
2186
97182
8145
63601
23216
71830
44393
93674
55805
34845
82575
27274
92502
40075
57188
82246
72201
67693
65943
70632
14814
29897
92307
20577
88611
93549
39306
8096
17798
99759
38838
43925
70447
90299
14917
36471
92963
74395
30113
42378
78875
93673
39190
2629
24139
92185
76843
28308
6846
88145
67611
20653
93622
99725
99761
10076
2114
18708
96355
22357
16115
68358
60065
25161
39398
66017
39863
64322
13897
89336
39805
14049
72967
13343
73012
7610
5014
79787
5567
15168
19706
80604
71341
89331
96258
68901
24840
84753
53946
41664
98962
60376
23930
44219
32304
57653
63097
82288
82009
67901
96071
21582
19558
36894
96394
59652
4247
41447
98949
98668
91996
27205
86926
31537
4256
25450
39319
39640
23084
41972
6363
39221
43042
64494
14339
12418
77045
25274
66106
23404
38770
77896
11280
80988
49790
53625
7239
79012
60013
41942
47032
17737
54875
9107
54859
85518
7397
89183
79203
10275
74157
20406
56464
8379
17660
26750
20098
92830
7367
90372
46191
61759
49222
56978
58114
70109
81875
89533
52816
57534
96988
91644
80739
29439
39856
19931
19010
72644
50491
38146
56243
63520
52468
74270
887
26114
87225
54328
1977
24071
90664
44009
61317
32319
96026
22476
22146
14353
99870
67040
2919
80366
9445
68042
606
66160
18487
53997
45489
45033
64113
54128
22104
36171
61472
97715
91680
29280
93197
88658
34175
4090
93719
13975
35864
75577
87800
66017
59718
60456
23607
6288
46953
65042
90721
7157
82777
61907
92381
96648
8279
48952
6983
77751
94582
2231
63925
73243
8364
28475
94900
22961
19630
98664
77916
5868
34516
34048
33712
48523
78721
13960
22387
22308
77061
39062
77066
81946
68475
57953
73348
16556
30891
14952
75522
73047
64306
90684
45241
87964
44103
26512
44937
93251
24456
51785
65829
84185
73610
53723
70494
71380
55931
93170
46258
12789
94947
70973
87551
36129
86525
87952
82254
82916
58693
24620
67207
78170
61416
12169
35854
12183
46718
21647
27976
18014
61476
51685
55964
50011
32592
53446
28189
92728
19915
14290
47983
95608
16197
20206
16597
57548
4170
11177
19121
10847
85713
43372
82161
27858
31240
88016
171
32211
47542
41175
96232
93634
45476
41720
10739
24010
51690
16294
25697
98246
78738
28315
69096
3074
65794
78246
61471
68417
53247
9955
13610
61047
75041
5723
18854
29345
17436
5273
41043
96041
34103
79325
45574
77213
32131
78405
81565
80756
83797
92353
52377
97830
15561
84125
37473
1650
46238
19875
74352
79756
2308
98063
11385
82915
36978
79797
28549
58598
92969
45963
11503
42503
64719
46955
74815
53680
8892
17936
51432
4460
64842
43932
65569
89168
50256
34199
29273
88309
72071
7186
67379
12305
49468
52402
47356
37413
59910
75044
94700
85418
77919
3588
54246
47219
6968
18782
57512
10950
90624
30525
87417
51466
73795
9654
23496
31163
27531
90312
33349
9049
98014
63217
76774
60421
26681
34849
40384
28273
18132
22198
56274
20069
5018
30328
58137
96243
52996
30948
91555
84447
52734
22450
19002
85820
91240
93140
39609
31462
73412
38594
29028
26350
60461
96377
21767
31864
73869
19856
13552
88638
16668
67763
71365
38922
82768
11772
51442
33894
90297
95182
61267
92966
34087
74110
94032
29234
40845
81420
17960
64762
24027
30375
39597
91708
12487
13889
64099
62353
81553
49837
99514
51908
90960
86879
36365
57710
10478
57912
98427
89751
85687
51063
67016
78630
96853
78646
12895
49710
44482
27484
32928
62798
75043
83158
93680
26914
30924
43326
2904
73002
59297
70196
99557
90138
38212
78277
7167
73179
81112
12116
72089
99706
29566
34826
53853
66601
52175
58026
36271
38332
47927
92946
76779
20549
29455
11773
71170
85025
23995
98388
85338
56956
29774
25118
13872
31706
67449
18582
36756
40193
78248
90954
71885
77313
5203
79793
3024
306
78671
88033
18830
36229
41971
55802
30190
28960
71800
48440
31017
20999
26610
29034
78232
48648
13349
82762
97801
32554
76373
79231
68759
47934
48459
18641
26661
20607
85881
4557
39321
63071
2785
29502
98480
14495
54886
54766
94621
13715
40935
77445
92361
6175
78697
9287
58419
56083
56680
69870
76185
69573
63922
37432
20426
70973
69993
73966
87717
60507
92096
35723
14297
84727
87332
70164
45497
46544
50463
53098
98173
40309
78611
75165
14918
58357
93367
69240
77365
90798
59347
32099
17985
71969
67702
69839
85396
60054
69345
50068
1825
19701
57869
77848
43185
92062
53193
29304
16530
55073
54758
32684
64947
11987
50673
56139
89640
51753
46446
20602
7566
1013
16097
67270
18995
72983
52929
92000
16447
68462
62127
47606
28197
96118
26785
58425
17876
55438
31350
70881
15319
30812
81940
60485
45045
68562
63189
30827
66469
83682
22391
42728
61715
50012
9505
9421
51329
70939
48735
13449
4550
82278
52764
59664
95343
22274
54808
34475
90629
28611
58738
66986
12492
49437
37538
2216
32763
14756
68449
77578
81948
66886
88263
91093
90335
56904
63065
54995
45724
1057
4697
78994
42665
33746
20503
67366
55680
94479
95732
87215
62839
96403
76240
97684
66180
17209
59395
28672
43839
98183
63176
37793
55123
6275
38838
55966
77279
28573
45962
25835
30016
49679
6028
91173
15185
198
70798
37130
61735
44780
31420
51475
87827
44250
14727
76819
73150
17688
73559
80148
17439
56490
2878
66581
92894
30906
25490
52379
37332
44511
89741
88417
51593
93686
46677
81970
8931
54867
27640
14876
73166
95649
15530
94811
63003
22413
85294
77798
47964
25243
96630
62495
75062
39055
66030
61717
77659
3202
28538
52432
95467
55922
54277
94758
24479
23761
87798
89296
45155
78007
13579
95812
9122
80367
53737
50565
8931
53097
16496
89295
34290
846
57921
35881
5362
77252
62899
39881
26097
95389
53599
77353
27218
8849
41467
17959
85672
50694
6420
34212
85697
31420
68455
62602
10844
46529
34238
57370
66490
1038
90012
61178
12685
50371
48932
41533
92840
41463
42855
68004
3550
75629
39804
45807
94944
53494
21953
45601
65542
4713
36103
27508
64771
16604
60814
40922
97135
91623
4768
45247
60181
13736
63777
11120
62711
85776
34227
54161
39555
41734
90123
60572
8592
76958
29025
62362
96453
28645
20894
68739
15474
87793
60419
95246
15268
60379
70427
96907
92023
14260
99766
82712
94238
46424
17903
25223
53525
17076
2563
12220
88603
52398
86811
40787
6562
25299
6151
23019
72241
16237
85173
40412
85424
77164
49809
30377
71783
51638
89183
3616
32483
2144
60708
62691
81596
36993
4978
95602
97741
43725
9372
45266
86897
69428
17490
80066
7661
48454
10220
18222
54532
1465
72853
65445
50742
44934
13336
60986
23318
74908
60755
53657
18221
51096
36715
58981
39707
92495
718
70730
22043
11550
72317
87048
37254
10765
68132
14325
51863
44604
2078
31979
48422
4931
49453
57725
66681
65286
90732
14520
48842
69970
36935
14307
40363
18746
96365
94971
91809
34205
35764
83295
34244
70666
73844
11468
62535
37706
65515
48026
94053
79247
21164
88870
16969
9597
52480
24328
71031
33878
99741
18051
57265
62719
76809
89217
14669
65321
35945
67741
92263
31817
4113
6135
27717
45344
69891
8248
85771
53718
1157
45696
52245
55941
45453
18390
8466
62200
36499
74556
4850
73193
79498
76207
83392
24731
81759
47522
18810
24949
51996
90351
76646
34117
53767
99404
36310
65290
83470
46917
72083
18588
75616
70362
32892
1009
19335
5574
61554
18616
90327
59379
66910
76231
79965
47739
33443
765
86163
59918
94912
40729
56465
20185
25338
23035
87226
14503
16391
22848
97103
93776
16311
25687
71691
27373
97296
59782
88163
70219
43631
2449
86313
30113
40590
23246
64623
88243
73366
6014
16535
35997
78898
93888
49337
84555
97518
21802
74083
47536
2055
37915
50153
30826
1
93041
55426
52657
75843
27756
97351
80943
14158
34014
82567
73840
11401
49474
34100
79784
87941
57959
42438
73900
16186
55118
20580
84987
35039
51368
69763
79519
52257
89265
6007
72172
41804
30100
62671
86317
17924
588
98939
64726
35147
53471
32480
53690
22970
66739
24653
81672
59864
24022
28202
99144
32505
94523
62501
56703
25124
19602
72214
26594
34820
42164
3904
4890
80000
20300
61320
73961
39404
67592
79425
72992
53091
81374
52439
32131
77808
85238
26660
55651
22362
90253
86062
70134
24943
391
69297
30534
85793
23383
30865
75338
51606
4397
90832
8346
11957
61457
56848
18587
76510
12153
6147
51713
55609
17668
89418
45741
89451
39213
92484
42563
67325
52965
62860
41141
59672
16254
33900
39044
99744
11594
92440
32676
60641
86560
92196
28949
2640
87958
5554
88682
83066
99650
32083
26185
6817
81237
63856
38339
54265
68172
42328
26126
29237
79914
13431
74655
47114
48944
4998
21617
45635
11122
44784
51384
93369
70620
47403
82229
24898
36506
46527
63448
91214
73715
55405
58108
95349
76861
76283
80109
8611
31614
16657
68692
49734
71001
3987
85422
32203
7985
41354
94820
51102
95046
73461
32841
28332
81757
61295
72182
97257
5408
87562
17586
89827
93667
99684
18323
66572
73033
50492
72943
28139
43630
73005
25729
68492
26854
84234
24324
40797
89759
49486
49879
10174
12059
75540
47318
21077
33631
28668
64223
96114
4033
36408
27076
56252
76800
23360
44661
42218
99901
54887
88470
36381
47321
86744
3697
33603
19002
80650
56677
88803
38113
56496
94932
9137
88639
12051
65040
18030
22968
28317
69150
482
78783
95571
39531
34643
51994
92879
43638
22292
41994
92092
15457
93419
14732
67825
80224
94895
58546
95044
38094
54515
37484
46438
71120
64404
52442
70896
52801
52681
47537
44560
95748
32348
41661
38718
95996
27179
91769
88061
89652
96679
81272
29154
50344
6994
3680
77144
4850
72464
17954
68147
66025
49686
62027
88508
6905
7865
57417
32101
58082
55193
45015
35620
85597
31922
67028
77911
8553
73641
35359
93802
69117
15412
59716
31248
5651
56273
78160
65420
10620
86325
14246
48466
3316
91054
25134
79036
55808
80878
41279
73970
91803
41434
66973
62744
71669
81094
967
95923
70473
25707
9890
8329
3374
8081
50478
21117
93302
46782
13344
36607
98447
88308
70412
43570
6613
74259
35481
20593
11321
94964
50369
57125
91992
52855
27015
33063
93799
29558
83166
36593
4520
98879
79079
41872
96868
56091
76408
75315
4441
69309
6779
64915
89087
63827
65571
61077
69584
44419
43502
90932
65893
5415
48057
1808
21550
5093
18815
6276
37892
36164
47029
74304
59651
85686
43382
69564
14361
11150
65734
28479
84014
18926
13396
87543
58754
68757
14129
53934
66245
78267
5806
79350
43217
82358
18064
52480
63972
45747
53120
84137
57871
26963
47042
92233
34976
80699
59978
20450
33534
54033
29579
69288
50964
22451
50302
7627
17251
13793
24654
15900
77514
33987
25353
15978
50411
52782
60902
82106
5629
73478
72175
49689
33994
72576
71775
43355
44637
48524
14924
89373
43041
52228
86515
20241
16132
15509
60795
16405
76114
30893
35472
83723
77617
13774
81065
31997
32331
85276
32676
55781
85064
71161
27070
91719
35492
3250
33261
99004
38552
24907
57652
36955
48696
95874
17789
35786
145
66354
3444
48593
78902
48123
81812
10933
69897
53693
53778
11331
63058
60898
39736
66521
56139
63608
90977
66178
8090
37279
29884
31929
45114
5706
28645
9488
88503
1134
26443
51436
59916
80852
33274
87759
98365
76159
72122
51537
42082
29251
97715
26098
59216
42519
86699
20544
44396
17816
4168
65346
71994
74336
55827
76090
17546
52498
22587
55346
22937
50466
21157
32349
90923
17347
27206
80041
3534
18731
70129
29682
3474
92731
28757
85425
39092
46457
54975
40172
77079
12167
24802
22958
48781
84176
55637
87680
928
25458
42261
92846
85039
69623
45351
88173
71510
12319
5178
60764
79235
90731
65137
5892
58901
42315
49271
37297
27946
16847
73285
67945
76132
24922
83020
66120
89667
15733
52658
81916
85153
47391
85561
19794
94104
39011
20964
61913
46923
43993
24139
52176
16908
86155
33983
59254
25085
97393
33405
41582
1686
93372
88312
82123
98288
85679
28384
23442
88914
29819
72986
37779
61280
65146
98953
75789
63111
55004
6430
14844
72750
62768
2979
2684
1403
20547
29851
54076
50444
18748
40656
61849
7431
12469
608
88357
62068
92725
46904
49363
71820
6659
2713
39224
25488
94187
68217
43267
77025
70341
10096
26572
33771
15006
62026
46089
58016
38184
19265
52300
42312
73929
57397
16365
86800
1122
18332
8941
19419
86258
96243
32165
52783
30388
21125
60726
44336
50561
20473
14170
14320
41873
94403
61654
31405
21491
63868
12379
90834
55138
2413
76898
84816
82294
35106
78948
35943
39532
45590
44155
38031
53521
72681
3862
72885
61628
82106
35928
95007
20357
23051
22610
19136
17445
27992
57453
16665
92923
87493
66952
87977
75924
16006
69030
42568
38157
78231
44321
85167
8613
65858
20021
83640
48654
94170
1844
77485
69426
19328
10847
84711
19364
25633
4104
93583
85202
9274
5538
82234
45616
15928
41956
30701
64560
15544
54984
83517
84969
78231
52640
8845
4681
30619
19030
42985
45289
52943
57719
19471
17504
39111
78374
99908
84974
25788
86332
34998
66498
37566
21421
98992
1119
60551
18533
74901
5628
36856
53797
43870
14097
84275
59974
11379
56315
7248
931
51729
92867
20509
8708
57559
80788
85822
64148
40478
1635
11312
57003
96707
13915
31382
68048
45439
32450
58756
43431
87818
52870
66666
12580
72797
76356
13167
97310
22439
45292
30191
6572
56069
27349
97794
81834
66436
73052
50329
62835
96399
29324
3830
63520
34441
81328
2541
98554
23001
9385
11199
24927
19068
17417
18387
83436
15636
25594
97855
53442
66382
88122
62198
37163
18676
22314
97548
4751
29167
73381
78638
81423
36206
34805
28813
95903
51767
70735
95864
73988
22415
98760
96618
83830
85902
4696
28436
99493
76021
94255
68265
21435
80270
6289
50781
18778
45051
65260
55121
59927
43768
16690
42335
66297
35413
28824
82530
57319
26833
4286
46985
95689
33810
83010
32550
74832
99557
75163
24389
42246
7601
55996
43750
60285
93726
35426
49318
91704
76456
85398
71397
8547
11322
76039
77554
71299
83128
64459
98401
95042
6546
65563
93720
86307
33146
77224
17797
38778
73600
60182
97837
15787
94895
61680
27391
16088
16543
82161
60884
93622
87348
42234
4965
30587
35517
76760
5774
5385
92215
14823
61425
50618
71518
10349
26081
75416
13043
23331
72021
56781
79289
16200
54190
7645
42311
771
17670
75267
80803
41976
19337
55002
61502
9258
4394
789
68579
36825
92239
66817
96051
88775
28247
81451
9137
76863
6515
62276
93835
34370
77523
6578
16570
59737
8025
8611
92925
90105
44778
1382
24882
98627
8277
45028
8944
72669
81376
1588
36889
48900
97369
98040
53961
63451
91361
97136
59034
52768
13877
72989
34991
68037
12879
819
38043
29468
5612
42824
46201
10517
92148
48422
47393
76847
4120
14740
43393
69549
71674
81847
22910
83538
59705
76958
7878
28996
77673
14443
18969
6529
90003
11219
13152
39151
30829
21729
12332
47418
14090
24875
42094
44491
66127
90435
39988
38143
24224
76560
97503
4402
32859
5489
25953
49327
49187
9273
59527
74034
15547
75310
20391
49538
53506
66001
60789
21422
92458
88190
5650
5683
85341
15098
9999
4399
22149
28314
23991
11667
65835
15891
58120
93526
17400
88169
68586
63135
88621
47959
82035
88654
91061
71415
92740
77974
5823
47221
49470
34983
43409
58339
61180
80181
6271
99910
27292
85812
95063
14317
64696
75146
61784
933
78745
25985
53028
21288
99914
28238
44721
46789
84412
30332
78063
14897
6861
33036
73358
90318
45880
56698
93245
35926
94718
73916
5063
52473
28117
14002
96417
63072
33239
64188
23997
99074
18401
2241
87364
94691
48563
37495
35259
81220
8662
39861
67526
88821
9888
58699
21322
74520
58998
42922
4459
68084
70865
76757
31796
33443
21284
27573
36162
43709
33268
40749
86996
74686
33355
60132
9829
11513
37377
74500
75974
64414
31005
91088
14044
39529
9243
87987
99116
81911
10335
72110
67675
48211
94451
25506
28093
38396
18400
630
15220
9871
56607
12848
50765
4887
52939
33106
4151
17168
43499
62464
36226
84308
38808
50950
72107
70858
91506
65229
17600
8709
99977
84860
19226
86356
88990
77529
69884
95547
92043
7028
19519
80090
71111
27303
78357
4339
54535
51072
88790
74538
79510
49047
37827
63263
56915
64235
96268
73803
98499
25038
57165
61733
77002
28269
67411
2775
82476
26357
18313
33336
59459
29739
56319
89879
30876
30570
55729
79664
80703
97766
37737
83750
29420
50481
89054
66038
47270
59926
97264
77033
84952
10742
16560
57842
91639
14399
84802
19478
58155
61121
22110
61826
20863
44760
40920
49766
89658
11391
16652
84881
40955
4295
17482
8139
20307
35000
6916
39386
71987
97209
46615
94514
98492
22723
56725
92893
1187
53779
95177
45490
26120
6055
31144
58279
18893
26318
44231
77885
72828
59165
16896
49691
86628
17677
92912
35867
83406
87439
41170
59900
63590
77968
72119
77578
71085
36465
71707
79317
2356
40018
52626
81011
69493
84470
39938
26541
42862
2629
50482
94903
89642
92552
65146
26591
71677
763
21722
83791
58323
31579
93142
31714
21411
75664
55037
3248
21806
75492
27862
47862
61076
13100
80084
49459
40899
36153
66551
77157
30435
89255
75119
17179
27247
38289
11945
43245
60324
61815
38655
65219
78422
20888
15435
2870
81009
84201
31609
49983
11353
23015
72814
96072
25539
45723
49992
69047
13610
44952
20462
98415
24546
45914
29023
88867
87787
79794
744
18486
79323
21935
29362
40913
28889
81663
78329
26473
2208
85000
39901
41913
65371
78765
37591
58394
24415
28617
26964
681
82149
30070
58723
75631
47709
50356
38193
60948
6195
27480
1353
53603
498
17042
91506
31941
63515
41607
33668
98977
75548
30379
56388
61113
2158
84846
40508
88645
60362
89117
44986
38805
87689
60585
9681
57628
5741
87438
98280
8176
89347
39024
5291
39147
24697
36387
3169
95658
46885
44315
41667
32841
55843
19777
2234
25337
67407
76813
21449
35181
29069
11318
83076
91620
22310
19630
86807
49501
52686
81070
58923
7295
52928
61965
30896
84250
63647
19508
82716
56047
39676
9348
36886
51995
37907
56822
1057
7421
10253
39377
54242
11292
67829
10751
96235
54628
12849
67880
83080
89089
71597
63852
29595
98877
87019
95850
46734
95607
49844
50592
37442
64175
7594
85825
78793
81355
49279
53943
94523
59410
39644
93628
60957
1595
51495
79558
91872
52841
10918
51888
40903
79658
13534
43166
76959
82431
93003
6931
35870
14686
44004
25384
47910
19966
88563
97162
7528
56988
11191
83451
56388
9660
20391
16598
37088
19892
95244
28740
61078
64616
46676
71111
56749
89938
42550
75363
93750
65364
37973
96289
38150
78498
65127
68548
96545
52830
25881
46786
64815
46843
98000
19
59612
56439
41514
13468
64243
48086
71397
89220
95586
68619
69938
32635
3446
38477
80246
77575
335
36349
97712
68697
42170
51552
47877
96433
49459
12477
43882
77144
50168
59561
10516
59160
825
64295
15835
47520
60520
37583
66455
29634
24363
38538
96912
22746
29841
77101
38821
60122
41274
18507
46291
90332
15032
46049
87289
29238
76092
85779
38631
14106
30776
50023
20026
6799
25058
4302
75893
22778
96653
38963
17482
75084
15302
77290
67711
31966
87204
1374
73903
48122
39508
77772
80481
56659
20303
38839
64635
78641
99091
16986
23026
71090
45889
29652
17789
89262
79195
92092
68421
48239
87661
87630
51428
57254
36331
99343
98207
25048
42268
24699
39104
54177
37768
90740
48936
28920
52441
44604
80586
75690
74175
31811
77147
26991
71052
76661
33343
37057
47856
29315
28591
57213
7151
17830
15235
3266
73942
23416
57091
79497
94438
40439
75942
99844
32161
74369
99043
25243
16830
25070
2121
9366
96008
25872
69896
54243
97102
28475
17184
38383
34259
80275
64881
96050
58944
36583
1231
41615
91596
66632
60799
43545
51883
89341
25705
20632
65601
10107
13174
26421
9174
64686
11433
94780
83917
65904
81264
85742
28095
83956
66862
62498
43056
98927
98569
67010
15563
40588
97971
34297
40124
30727
43725
11020
99287
52959
10857
19750
63082
70759
79340
43667
50219
13962
60102
89993
8174
29010
70390
24097
71006
44545
81099
60638
40812
13274
25950
75281
40726
41205
79441
60132
96883
30182
90078
36693
11485
49741
87469
90359
67001
67395
68818
77994
77861
93190
35098
8553
94237
94470
13064
94316
46484
76337
95193
44428
84754
69301
444
78457
47630
24480
68482
33884
39116
63938
89281
71686
92818
18222
65124
21265
34319
99409
83183
52790
61839
9762
15416
49999
77946
36679
74225
68146
47735
45570
84428
82520
66814
82218
95143
99612
31461
61801
21704
51147
21128
90882
20397
25521
43097
17317
59558
90618
46662
29755
21867
98251
12842
24224
44476
99047
22884
42639
33742
57379
11149
2282
96696
39197
19434
37070
80254
65282
65133
18805
88720
35189
85767
31014
25454
23886
78939
44468
58785
26828
33010
76373
76326
52570
52670
12177
35908
98383
96999
62798
83001
79671
42955
99399
75218
95615
40041
93270
65738
17222
22743
1386
42967
30560
74247
78746
2277
39538
39193
96984
44440
20147
9112
22163
92297
37077
68135
15868
46639
68136
74147
82269
85696
85716
69401
98734
3577
13181
80907
94978
57272
47093
52815
89416
46217
21528
30352
23260
85591
70985
16065
44491
16533
82299
69854
39404
42057
48635
88830
58154
38355
1325
42495
22207
8338
8896
42131
31083
1083
41303
54158
13651
58332
63800
43095
38702
78028
13518
40550
1575
93015
94735
2203
33905
48106
43442
18739
27604
1245
44610
49576
52999
99031
46546
87591
82059
21047
31992
42024
96175
46412
2935
58584
36757
24333
67335
61208
24960
28494
84820
40852
50489
26913
73704
56478
51368
42833
74462
76871
52285
81651
75558
63229
21167
30393
98513
68766
27607
68942
77413
45413
68838
66728
90368
62147
52336
54185
99679
38730
10407
70543
35060
47820
75213
22447
57964
14657
86602
79625
1474
41854
55963
79421
38198
21644
58255
89276
11968
57862
78001
2218
28332
49363
50892
11823
97516
5238
83975
15399
37637
10202
67775
61022
8337
84606
24079
25349
80796
88751
57226
82142
2291
59969
81909
79210
73053
78076
12220
24063
28736
75303
70224
4825
856
57455
62937
51103
62627
90420
32786
80961
65843
84125
71638
85847
2042
66615
42582
43766
56516
16817
81885
56073
35687
83002
19214
8140
26619
35162
90848
35068
36397
70387
26687
42352
63439
89579
51801
72362
33225
50631
83939
36200
31400
84112
60586
39245
56993
53353
9861
99442
43026
20129
72297
13984
8467
45411
50001
30248
98873
85504
29313
5136
83711
64709
4192
92191
60077
53010
8995
95084
64919
39945
41344
92510
4946
90259
80742
44768
2769
57531
93033
9607
7752
79494
85502
85711
37361
69558
37424
19954
47165
93226
65549
24801
22361
97623
33848
74712
9173
84271
26827
53314
11825
78146
38547
40789
14101
2326
58567
4337
7018
47901
81978
75780
5819
78504
4829
49599
30388
80477
99269
45954
53252
24621
78030
19094
78854
76536
1627
63337
53236
58257
23867
91493
54873
18836
29537
49351
19061
68305
89689
75157
95109
24548
68827
56020
20627
7247
81920
33805
74488
25710
36729
90748
44896
91228
37426
18952
57911
22636
81146
33587
476
92306
43702
66433
22181
50566
11920
95626
83051
71534
12
62005
3814
66332
67098
91671
30196
7668
74701
64615
51813
67329
4734
32678
18404
3655
53945
57448
68333
89211
60524
99726
63840
53168
31931
37598
43383
63865
13439
14248
95785
14730
53836
91738
99367
92610
18612
83795
787
42898
46280
21219
82593
14349
64393
94892
50292
8472
3743
3372
28588
63634
92736
28604
7645
44744
77651
54096
95180
50930
12345
28211
61797
34022
27286
8390
23946
61201
17100
20124
25618
3373
53737
26869
87443
18927
68400
9168
63824
1330
87835
38737
51517
22358
11352
93622
69800
87011
48549
48284
61849
16750
37140
18875
97335
39748
27100
13307
84472
88717
78193
39584
26292
26343
4037
57404
73851
99523
13679
11434
86067
68514
88481
21348
3569
97189
21090
60026
6399
52309
17613
87535
48953
75943
15248
56949
43215
46956
62374
27810
95161
12115
95005
9411
30458
73958
13496
57704
88723
77930
90285
41302
49487
36710
50003
67533
27389
9859
49213
43376
7113
38521
6410
5929
35952
41901
34660
55429
34126
62151
45747
21731
74808
36724
31648
75085
46540
72262
76261
83647
42731
50697
36023
77259
55003
7677
21925
92707
43222
68203
69994
60226
13098
74898
78507
25040
92847
90673
16255
60805
65900
48612
88350
51969
32540
65865
33667
53629
93688
88545
96947
70514
6579
19493
2228
77752
95641
42288
22916
81431
9911
71697
39559
4286
87141
49947
75015
34275
57420
81286
89699
61287
60003
22831
25895
16471
45599
85440
45189
96899
28375
45778
65938
39372
95662
30095
53278
9756
16596
85137
26673
96359
12069
98570
55772
65574
61769
48200
32040
92027
28581
70862
44497
75072
939
31272
20929
77322
3883
86472
23491
93878
77416
44383
64834
32379
1261
12641
62508
19671
87800
56125
32914
94625
43437
79972
88035
27563
87368
36067
77241
25636
48011
95508
52726
68537
88743
49820
12681
89866
17026
60177
64010
37916
16956
64347
20303
64063
13215
50002
60544
80145
85542
71048
83629
7481
97938
22256
68070
73467
34552
44509
43764
29643
7561
31329
76185
88761
24260
37115
90872
83630
78559
90907
17634
29130
98856
39707
18632
81202
58372
87937
66977
47794
76549
72869
7865
96202
78446
12802
85691
35527
12505
44621
17883
39958
32918
22384
42824
57590
28989
51497
33301
88813
45192
45029
56360
18097
82505
26097
59092
51532
32382
9690
47696
31836
50034
78564
69771
26403
29956
33139
47420
59605
52301
24831
905
7990
26611
77894
71774
75743
31785
7999
20016
29367
19982
20995
75068
64408
6986
27949
57573
6292
87624
54740
85248
34237
64162
95522
85596
15958
62332
35847
73085
61304
55084
5017
45265
4890
60634
77443
71588
60753
99172
66565
27840
63931
61445
99506
28332
15445
81388
90190
22505
86304
10965
88188
83824
38972
545
36588
2874
98620
34575
56587
49439
97589
18685
97194
21642
54976
97024
35507
86873
36886
67078
36472
96146
74357
1123
88399
48269
36685
58569
65691
79938
53430
83038
15041
32577
22239
95145
87265
81341
88246
80121
26129
63374
62101
32729
98107
88193
3494
12914
18295
63731
17199
69805
98767
67220
60214
46375
9347
26238
93487
30674
55217
40800
41542
43236
55179
46702
90455
53578
97354
62685
39586
8884
76881
47737
75639
11557
62744
854
5463
62971
89994
7524
96
11829
27354
59647
16945
22675
10221
76077
9735
95730
78345
36639
97487
97375
359
25878
6643
11199
90076
20880
47616
32269
19925
32325
26167
17136
72742
32330
32264
18014
57754
11459
14293
59605
57212
58084
50705
4274
66711
84407
3225
94897
90034
43017
92236
58201
85646
55440
43078
48950
24131
23895
60426
52076
95623
19542
99536
70882
69953
79214
90915
22053
59662
95098
85330
83462
42745
55083
97791
81595
14694
89148
44674
1153
53594
44236
95668
33646
17796
59048
55189
92627
5499
703
26348
22819
50699
98499
4821
17892
63377
34741
21517
34100
66165
16846
18495
73024
64425
94737
77125
58583
34922
63973
73865
92475
41146
77560
65665
21962
61398
91436
55203
76314
72594
59429
1936
90656
56234
16342
19206
81261
5662
20462
61318
16460
58145
16597
45751
64853
10774
65062
51316
78961
12667
51661
60391
82587
3381
40301
74947
54310
40535
64738
77776
1907
4448
30327
57620
79275
52659
95425
43863
59853
70333
71962
88556
3079
36194
66580
25694
27334
87158
50648
6878
4262
28079
69646
56300
7110
52899
46241
19000
30607
39218
10403
58965
9966
95834
32942
11700
93502
26148
37463
62949
62967
81659
919
7268
79808
47288
18229
59719
21587
86383
50779
72167
20059
11993
61777
44152
15333
23865
18486
45165
41323
46729
2996
76083
83249
80519
982
85877
18023
68960
16825
89243
72425
50933
49546
82120
15628
6950
42076
68731
66124
68931
10530
49308
75461
78285
73010
48414
17194
85136
39551
75270
7957
85098
74790
62772
4091
55292
67597
16633
79853
49118
33320
24245
73450
54677
6826
81540
61810
82756
27267
16443
98385
40836
5403
7611
52405
77232
33762
84447
43449
25463
92961
18912
10464
80994
12259
56093
91279
53172
50785
12516
81372
3018
61494
37280
96685
34339
12462
97690
9649
72152
45617
92725
61619
97504
6241
33598
54074
21357
42796
17157
48655
9790
99048
93078
49649
15742
38818
5569
35456
19150
50128
28092
20093
91833
87671
60581
70984
26245
79913
64742
1347
55974
98625
25729
77033
83358
77111
8427
9776
86877
87308
81014
7952
43302
78849
6214
28387
88740
34066
5016
29872
91002
74916
55080
89025
91649
63339
51008
47251
12103
33079
12899
78712
8369
91030
32500
2488
93665
37069
25854
85572
17334
59908
20961
71975
48846
31025
1930
4862
27446
79162
33491
74766
17041
85250
46993
88503
82303
53043
58183
68594
86963
99858
12260
61556
86624
74026
69584
51178
92423
52006
76204
86763
73478
96491
53154
29531
38766
86512
17807
41603
15267
98177
71898
16618
90319
33185
13429
23853
92857
65066
83690
96698
29313
28973
69987
13187
93471
12485
43300
98767
58818
74118
29992
5577
26475
86510
9168
34791
13098
34699
91684
3812
62796
87854
80549
57798
43942
52599
45642
63714
20612
54507
16258
62212
59635
77617
65001
79054
5939
10511
15420
26583
60187
5428
39290
59231
27913
68333
64150
20571
8551
35325
58681
10072
4687
84082
24047
40141
72339
28215
8515
16189
29789
90442
20206
15660
37539
46781
98401
14565
7763
46322
16637
30283
12782
42525
95529
13666
40776
42377
95567
26178
78462
32486
51632
29755
44143
37512
58300
13391
77568
7214
95885
49975
28956
37794
52279
6681
72798
19034
46507
81241
75913
6173
18212
9379
20158
72810
97018
12000
19702
51329
58180
35163
45614
6893
4293
50673
3320
19486
16595
31013
85736
43008
96621
3813
47097
43384
87329
24366
92781
5030
71449
6538
45727
81344
87548
22230
41174
56117
93227
23484
92868
76416
53810
67343
80850
18947
37835
26835
92163
51426
72757
35055
77705
27848
68441
82859
31289
59392
41184
80745
82849
34386
23959
87961
27009
83239
21970
34315
9307
71764
32375
17045
36628
604
64938
88300
68331
82069
46286
87772
85858
11617
72276
48604
33324
22952
34479
19519
75075
35819
49846
63198
85484
85391
25114
22361
16545
14120
3795
55939
60994
92167
11438
24935
58221
42003
44614
38316
67315
57011
97790
45373
9742
58083
5328
65897
78493
29022
59392
43788
32644
33404
48967
258
63903
20917
88362
50180
56344
35040
68494
30472
32241
99390
32084
5581
27924
17860
20698
26293
16180
30323
49169
72481
4848
69583
75195
84996
62844
44223
75831
48586
43065
16213
35592
59999
95533
94910
73161
39500
64885
11588
48806
36236
61706
79685
14475
38302
53868
65468
88183
85280
26812
49670
71865
82616
24839
27552
71958
67342
30176
55577
99606
76935
65274
21594
58513
6241
30133
28317
66744
62346
32169
7765
10447
74948
53235
76162
21692
19374
90688
90826
42106
96155
88851
15305
76704
32032
79103
7049
76863
43942
26815
75515
90275
14364
13410
63425
61414
67264
84659
8607
29455
16363
27790
16787
37480
5774
41191
12121
22091
31902
40194
14604
87500
17606
65267
2907
62212
57485
83089
50483
8187
80198
5609
61260
80825
58709
75369
51418
75035
48141
53884
9969
51548
1283
32539
18262
34357
94131
53277
6655
94910
39871
38797
87630
86267
3120
76020
95919
5610
49450
50486
10360
64493
8024
68734
26555
59930
94423
52627
80263
34930
68865
47068
79944
96077
44686
92282
18172
42658
50138
3484
99264
62540
5051
3468
45758
57105
64311
96997
606
93354
36863
48114
58868
45667
87001
42527
61113
78531
6243
5920
74859
25028
18138
37961
72077
91663
18988
30683
536
18560
8582
68544
26577
63079
14500
77237
90654
70759
35431
90308
53050
61243
91172
61465
39195
83349
60676
56273
54176
79974
21833
60897
13600
19474
8495
85008
75575
52794
92329
51633
16323
28929
27262
98520
15970
15758
68947
76959
28222
80046
5384
94409
27239
1461
76135
39689
839
27374
83058
69680
86169
16014
24809
94680
24947
94926
88346
12345
26649
16086
45945
53123
73839
65648
9649
90685
74249
91857
99999
97733
12405
73682
70882
95106
73747
49561
33517
82701
30729
9421
60176
82734
8603
93212
41323
28185
88146
61952
48409
47848
1929
7685
40117
33644
7830
74512
97155
85110
65330
20828
29864
59339
19856
97633
21667
54884
27081
60669
41609
63281
58078
92226
88949
45658
48454
48263
43901
10409
1880
34536
15481
45781
42671
76515
55898
20604
86223
27418
51602
53184
59496
94187
40121
15811
93149
46529
79994
57358
70451
11087
82097
84426
10811
4046
59176
55195
60630
46020
67053
55657
31307
55132
454
22573
74090
67760
47455
98329
87880
95471
15436
7732
19426
56560
40356
9774
51584
17842
97099
80671
78975
80347
57814
52170
53913
87133
17330
32407
39847
12204
48965
18356
69228
77340
8773
80333
7485
75416
20700
31947
90008
13183
36126
72836
27826
47951
83587
77629
88189
29178
86495
83779
76392
40633
43848
53708
11323
17851
4464
50148
37019
70872
4625
19933
70954
9605
46985
90565
38333
10073
27805
10669
31945
13912
50317
98917
47924
33370
98744
8419
28909
12985
66478
871
3329
51030
55224
2322
17947
54073
31252
86322
74296
82093
85514
74563
4495
54984
60910
98932
41086
17615
69004
51860
94040
41290
70764
58755
26398
84850
88335
70022
66507
18677
12220
98882
14365
17846
93694
73808
71089
75158
57621
19892
19509
8483
92831
73057
35028
66194
28691
34371
98353
3240
94115
60476
43307
48180
98417
15485
42589
33711
24313
32241
19107
95415
19968
22868
1042
14759
36581
84615
99405
17340
71671
62362
97357
58580
49831
37850
20614
38763
79625
91534
2332
42356
55322
20760
77685
37825
29895
9620
26334
4057
51505
89361
65759
10385
68082
25063
27142
85630
82349
22105
45988
26612
29678
68673
89081
16912
20755
67969
82382
32546
74194
17990
90175
52356
34129
79298
41966
13502
31193
2590
37387
8317
9522
46244
53750
65644
36503
37934
63068
22655
5065
77682
15179
93055
5829
14320
75844
60545
46305
59472
20255
39970
91191
7612
25564
38699
64123
49934
99831
77672
8161
42366
98994
73852
60289
11169
61307
24030
21382
16997
94476
16477
58238
59382
40916
43699
42801
99151
1412
64784
36434
99492
77182
42314
14498
19039
8198
32439
64713
20897
31096
67185
18799
56725
32005
22437
98347
76380
16398
76029
6647
77572
86262
94239
86853
96815
37937
510
18020
51422
42454
87684
33089
14191
38890
80838
81671
81457
65829
4436
55039
46644
1632
27214
35448
19359
20958
36719
50038
72783
45991
29548
98440
49730
35136
75625
64966
36038
53445
9672
34532
70816
10905
1764
86129
4236
98787
13192
11661
38030
63552
60987
27135
12386
15553
17810
81116
36529
64187
10500
85224
30152
89837
98192
46794
6151
76619
96460
34825
27664
88880
10659
98666
40683
12446
78149
64264
56839
50943
47524
30524
45472
35402
35423
41319
65764
43941
28929
14842
19756
89912
99047
61553
54468
9650
86774
76151
47910
65766
94415
75499
95322
48842
52732
36631
64341
85536
27584
92610
46974
4456
30553
20978
28903
88771
94266
10223
68618
9312
98449
40137
42952
93220
41997
12261
65238
69086
40314
88291
73943
62961
64407
64901
41840
94148
80109
74726
7010
4515
74196
37408
70184
27507
54363
50524
28991
34837
10554
70504
35199
23259
9415
12176
36448
94850
12699
7748
47683
75203
88958
6900
48460
90137
88264
99631
10235
5858
5589
46472
45062
52379
42901
8440
86369
32816
12600
45091
42562
67890
97222
85266
18781
18801
45937
97526
54007
93886
36452
55844
8641
14293
91253
82118
63427
86183
9266
26259
51218
40435
28782
61953
84947
16780
18812
94159
39574
13105
69920
96457
93961
28429
30030
49834
84552
4039
35801
44599
27867
24400
55160
12738
87635
60894
70064
87993
40905
16625
71613
64812
91190
3746
43668
62461
79005
67908
35384
6425
99780
62883
57150
62547
50153
74315
3699
45070
65016
17229
28926
18020
21074
17168
93602
23712
5676
97672
91063
42387
67184
46944
46604
85335
10227
11374
9358
17556
96579
76067
87258
57143
32926
20990
1946
40604
4245
50412
82703
64359
94587
93623
32902
48130
24800
36307
72110
2744
68009
45930
78651
55674
22496
27695
30622
95828
60577
40421
37248
77983
29043
40927
36266
51203
23395
21088
20917
66354
96865
21429
68163
493
16026
76571
54096
83849
2708
15585
63208
68761
61484
9473
94734
11471
69679
68770
98376
76776
55682
37758
25771
71614
89532
49806
92990
56824
37222
30070
13938
3160
19061
8950
47615
27706
22645
38179
46336
72985
86905
52573
97811
33056
24330
17939
21299
22160
69901
18357
65789
73922
15157
33028
18080
28612
43320
31314
451
73003
70814
3093
14257
24735
10682
79291
46532
99522
92741
78892
47930
22402
32595
57217
71899
4317
73735
7129
53739
66307
80967
29450
47415
7609
86281
61108
86840
50441
25589
1789
72063
16652
27285
48246
22184
93336
45233
46178
99637
91044
19544
54762
8641
18291
60798
52492
7145
97050
56772
28306
34923
48848
61319
87731
90340
41688
65208
48393
13575
54396
34935
90997
20671
85638
98196
65339
76206
2143
56082
23702
20640
79359
59990
18682
10301
68906
53776
39849
87700
27488
46636
11953
75791
51914
60145
58481
48340
27809
80209
15890
2487
40290
97563
71691
84968
17711
20234
71718
58134
98438
17571
81240
8640
9276
4206
39406
34264
35124
82153
3005
87897
50419
42494
10064
44966
84686
15630
16822
91754
96680
67297
72720
28907
33204
17658
510
18935
30268
64449
72961
18248
96013
56747
86890
93647
7886
79048
39622
81294
31859
72259
38089
1270
47089
35767
16705
49271
95177
57768
44314
42523
58381
83495
6573
48770
90596
90349
58946
89467
10742
73669
71973
89959
42224
32531
84198
79581
21393
95688
78989
56585
62693
79378
55219
66087
79329
91860
50419
84225
7574
94390
60866
14626
43438
39140
94866
41733
9060
4246
50268
90616
39650
22365
29200
84325
98591
6858
13130
98507
9396
25831
11128
9020
67154
76524
47566
89346
21524
22099
76019
85562
62774
77288
18466
79676
95461
97760
29557
17068
32139
15597
25450
50142
56518
43006
51869
29102
47193
83737
3285
13765
67288
43221
23041
60757
85613
71067
59517
24851
8725
27329
25629
61867
3942
33130
70218
44429
41396
85129
7530
60881
24407
70371
31069
57565
59393
94476
16086
74090
87362
25491
91818
42940
40416
80242
21504
82879
27020
46404
2252
4926
99346
75420
52252
12563
28654
29511
99567
91000
35626
55130
53606
63140
8035
86230
82364
69560
11168
90429
30093
31574
81780
71975
75488
6822
49617
82362
41101
2523
21284
35166
86143
34602
79925
68029
32274
36787
85673
4821
81852
24462
28361
74632
40335
9656
23206
98188
40862
6485
72757
62263
32264
34743
70663
24813
851
34287
86853
76439
54328
2543
40421
85839
49191
22200
15433
45395
81720
60982
84433
88998
83227
91680
59234
61275
57247
77776
79790
70152
69985
30389
73459
8392
13726
99767
79519
47317
79418
9841
47680
5234
64594
83612
76627
22169
72161
52057
50115
70100
65927
12802
35246
14566
62201
66741
73869
76925
4249
25485
46789
18267
34491
53046
8925
46873
23030
99631
47636
32520
94981
62006
54954
23791
57083
23316
85786
35770
26121
48632
29153
13196
99949
1615
42230
12436
52811
44978
53237
49305
25230
44837
71537
43917
20577
34286
43766
85358
2773
43517
27238
42238
85534
81229
11800
11252
99244
46538
2283
28685
65029
3608
58440
44644
62425
80745
60186
12494
56787
96030
74480
12630
78426
32635
7576
58129
25578
66684
71390
69531
84909
63065
46741
20467
56807
63368
31921
90544
75771
30137
44907
5456
17121
78611
99691
88037
81285
50383
98215
51917
12372
76961
15865
12084
26563
63434
66989
72655
93377
54825
32067
25382
60377
4029
4650
72639
50215
65016
31122
57910
96992
45385
631
91192
96563
83294
67225
53210
2732
62790
1048
81166
85529
82348
98285
59659
87459
59499
96579
19957
80406
69858
11686
62715
51009
22091
36352
24786
78035
89205
91508
42104
50789
2434
33193
7241
60083
4046
50391
29996
54868
24145
61731
69637
51024
20436
92608
64002
31148
3112
37962
80714
71223
92989
38378
77964
31416
75020
98938
43711
67200
8505
73557
74114
55802
53340
44639
94563
85886
20461
14702
28736
68153
85202
28565
6065
97427
63017
67613
20066
25232
54865
40242
91478
82033
11846
69795
84109
70319
91025
56762
43850
12587
97351
81337
12288
38009
83904
84518
56193
5522
64976
80921
49781
26206
35812
47005
61929
69202
6831
82781
32824
9422
51130
23908
4015
91455
84062
85746
51108
94184
36851
15304
61614
51698
82077
35004
48078
84096
5739
28180
7938
80976
53949
89128
31732
47485
80549
68672
90575
29916
31750
81584
6623
34699
20431
84627
45985
136
48672
37101
51340
36260
93996
86245
23000
24869
60596
95701
66953
10917
96380
685
85576
14786
72101
42647
61412
89006
72835
6673
71917
10970
53581
41753
79057
43408
53630
61445
47982
78239
6833
92772
87256
60281
88751
33543
60637
25703
98229
35532
87404
70192
70412
76477
37052
35738
57303
93658
98347
23296
49087
94605
20126
1346
30967
88488
62552
14464
74629
60427
61426
48174
8828
87175
2002
25984
20313
9311
25116
56752
98891
23281
42865
16
44815
39269
84208
39281
26239
40268
48145
61162
45253
23753
20860
78244
46431
9585
78879
5889
99707
77837
37166
59319
29122
5729
63456
75031
94071
90497
53790
68426
68032
58214
56258
81419
24700
94059
38259
32807
82752
79060
44368
92502
9605
2338
50790
41197
62664
72840
95747
70479
28974
3824
70563
75919
2755
75967
5348
13965
99282
12690
72257
8389
13988
29124
35419
35475
40431
5854
42651
5693
47084
87571
58565
6136
9002
30096
30668
20130
95007
98397
30290
26690
36723
57926
82724
26526
64392
29968
93642
2867
51194
76617
34510
61645
2514
2192
55579
8939
74172
11679
83632
29105
84476
38999
95980
24829
76075
50386
89070
93700
19287
15807
33410
47954
19063
23929
51867
13099
37849
44087
35855
48109
98395
53060
2219
81372
31212
15750
65963
72852
50083
49370
49572
58195
87098
47035
74786
14225
29407
66306
33777
40770
47840
87566
61681
27443
7956
77498
83620
196
36316
45002
69091
40306
71887
18292
67714
25962
40987
82299
75021
71534
15779
40704
37052
35610
76592
97696
87478
32007
90514
89941
1268
5427
9774
21506
45162
75527
74276
40362
17169
91671
25313
89256
66229
34940
3559
25083
26498
17448
96877
39261
24842
71951
20335
78655
82745
85786
53176
60492
90792
12378
13055
87898
5754
28945
58706
1623
92507
91128
88372
80049
31179
59282
65395
66875
68625
34303
7391
28868
57995
89429
9901
93265
93626
22629
14417
67062
34121
51661
88395
45063
68748
66415
18374
83229
74257
41785
60874
82814
71510
39947
40567
47549
81870
91196
20315
38583
92785
2663
10587
69726
70413
62764
21061
32729
16387
65389
15337
82860
95692
8044
32739
65847
36627
74065
37087
61593
28131
97618
71299
70677
66730
17479
28152
14775
22162
35945
71041
96916
90110
13732
60628
40093
40244
559
62731
13608
48279
12871
26165
58385
87655
80235
27729
5676
23523
42238
76507
32707
11972
98666
82768
68917
16751
27022
3483
8240
67982
6204
12052
18216
53397
18231
63807
73205
84149
13371
85961
9982
69724
41717
40061
62879
10793
43150
84418
473
46204
61882
66583
35931
70493
31978
51897
85516
24326
48484
75558
21236
3231
79330
34368
9965
11844
13843
67310
88800
71051
7778
23696
26741
33444
94902
74011
33635
41815
16503
18833
33704
17358
93671
67990
12117
96461
64178
38498
71466
62444
7682
83697
77728
36994
61667
47188
2496
95495
73113
26267
16535
42065
74332
83539
78400
45877
90207
1230
15417
11686
95859
85780
37421
55860
81844
20805
65758
63539
17941
53661
58642
85378
61323
18945
4668
63070
4205
96223
92319
6238
98526
76283
13396
31814
43102
30809
26162
21692
94338
40762
33594
10111
99735
17752
56474
70018
42337
82980
70582
71328
56107
92639
88964
58068
92180
70892
84471
21902
19576
9136
63788
67692
84867
53972
18600
32609
34756
54952
55460
11645
29077
50564
84923
79345
22998
76530
15103
46801
94953
43064
54929
62901
30228
19747
40458
85100
5562
69158
1460
88721
38304
68757
68567
69464
91866
29285
93355
89272
5883
65671
72951
34078
75095
41078
49933
9970
8610
27974
86793
73434
61376
20852
46423
36626
87211
45370
71131
24716
15574
98833
44128
734
3507
87108
6848
88465
56732
75887
94146
22016
15092
37879
65127
56502
25749
78271
92674
91516
63829
67508
25390
60144
27577
73522
87181
10608
64369
71478
34131
75937
87315
34618
21981
64258
54077
75824
59822
62089
99991
18652
58240
42467
91847
38927
66561
67796
52733
60512
98657
85140
78058
19113
44173
88531
43970
7560
72055
86828
1001
27316
42575
78093
37796
57925
24418
14977
42361
93891
9233
1779
76914
56046
61207
4484
45880
39706
8730
27939
92579
50665
50832
61702
7323
4128
25390
89379
5530
52632
73872
78235
48370
14692
25882
12618
78892
85813
3927
48589
38292
4708
304
6189
66204
50740
31128
78862
20137
62394
90719
70504
99826
53561
90373
1487
69539
22835
2606
39419
79035
26963
14542
12499
64181
4408
68290
55314
65977
99661
33159
97511
20242
65542
76485
22803
15381
37452
90396
44344
77789
76457
39099
45301
40842
32161
22906
77929
83253
24706
20411
91601
82285
58465
54360
24436
56165
83669
48517
41668
99233
3360
90893
16603
63339
69820
79317
21755
77277
89462
91376
52586
71896
48809
37636
83423
77003
31397
86727
46269
56797
5785
67963
58698
79130
67798
37546
13323
45873
42959
20540
9524
59048
882
77066
71174
81220
4347
73870
71318
92854
16003
64686
9975
51872
58143
50255
31492
79006
7106
40170
95420
59175
1966
2084
15539
2347
39605
13920
53430
98964
433
46060
53003
66407
48415
4606
22884
21503
43358
84385
64732
10626
40894
21407
32249
24272
98497
71967
20277
299
37717
26318
53355
78658
2892
96907
9529
37236
34941
39941
74409
47947
96105
48088
59577
75766
20095
39604
49797
56253
12141
40466
45077
59671
55208
8625
4084
38417
3389
66858
59034
49617
69918
28093
30625
93000
13598
52098
52599
69153
49655
40201
81786
94755
64105
92371
2093
36296
45502
27049
69232
27571
55115
6262
78999
25690
48073
94764
26303
79971
58612
51774
35802
50576
13275
89930
35609
39720
24372
69154
73184
4328
68512
47296
37975
59239
26477
10581
93357
34634
13935
39542
40422
86954
69618
72372
77423
79525
56874
66252
38365
42991
42042
83274
46880
75799
42530
76689
700
25922
59740
12074
10757
21588
96355
21465
4635
21183
89985
3675
24933
50836
11222
80616
46301
66895
57279
42118