30189
51911
67128
3593
95096
42837
17100
73031
73105
24763
74632
46946
79075
86056
42077
84418
90252
65442
21600
95138
46230
82344
81001
32310
40932
51256
78606
92768
21462
96172
68171
33100
27988
1545
53801
84413
97092
55214
608
69551
49895
70574
24836
28177
19038
3132
61228
349
32390
51966
70243
79628
72918
60240
36792
66370
68940
4529
35907
37234
84157
40265
4098
83852
57299
86596
37277
68958
10269
38945
18878
98872
89891
71586
41305
73162
37568
98479
1436
31697
1641
25530
30820
38516
20254
63656
58221
90766
89707
79264
22553
82708
44405
8496
98521
87256
47663
62510
39874
44152
93657
41507
13188
77701
81813
69995
72586
20093
82103
98521
1879
67934
1511
35566
16030
17249
73521
48891
4459
43687
47391
80358
98871
47803
26082
63197
88304
80145
9158
85811
19884
65933
37657
79387
41667
46524
82327
16569
97429
89900
95972
31984
80069
68898
76632
19741
64760
55755
38751
52875
25449
55285
44841
32405
72841
83506
2132
32094
77245
19167
69628
48319
17655
44595
15512
68748
5893
23022
33060
95619
48125
69799
23653
87769
97744
92265
55893
45379
928
15118
46502
39952
24913
22230
83603
48370
25384
41646
43012
95039
94001
59844
98144
46835
27770
37261
67092
83588
21476
71019
66194
86883
89460
58652
501
70983
46344
29479
99858
42951
69875
94086
49119
75136
70586
7112
49986
43469
92207
50963
18838
46235
40590
385
18477
44275
84110
58462
86877
58760
48563
72374
47728
16043
40157
19508
96560
85399
8068
68590
95179
94051
93603
17484
11357
24137
15488
83575
85217
85318
10345
56494
11671
47412
86481
97270
68432
19570
55379
77417
86026
42598
78303
54692
31064
90001
90928
83612
15595
94032
12269
77893
10780
60713
14457
76240
30821
63417
83104
55300
36891
15925
7601
74627
80596
28842
17361
5683
23017
59721
82335
4622
32782
59753
29403
47567
34229
91103
46016
67183
62400
44653
150
47456
59109
42133
66476
13680
93265
56165
28663
40969
45417
29646
30898
8270
72502
15154
73773
91619
80371
71978
38402
69944
48969
1302
81764
66874
10143
59789
60369
19730
31533
76919
90791
90313
87082
16443
24830
93030
17526
93298
77506
70779
79861
29939
44153
25018
54727
55832
19060
6742
99050
84581
10235
21521
44348
91832
88072
80711
35108
93743
36256
10747
61801
30581
76818
63954
97458
44898
40095
45039
84168
48628
81809
63715
33469
35949
32335
16370
1023
7400
40128
28797
82124
65974
43924
21921
26983
60302
56625
51526
53693
9672
19130
84066
32382
22475
24575
31765
78826
65916
27392
57248
99856
84953
13059
78335
94934
72249
47661
59212
38405
76247
75398
86887
97355
57553
70119
39962
74401
91939
40400
23265
58498
37620
40437
94955
88704
65676
15624
4046
74895
65011
15215
49159
12943
56388
38012
84887
28805
40536
54519
24951
26071
82499
34269
35958
57830
83146
53234
3453
38878
62640
8609
89467
2010
3290
48134
35396
65493
92576
65933
80627
40409
29861
64965
89493
44777
7219
27176
98995
87103
84954
70431
44527
86859
54655
63857
34507
91480
1056
78907
7438
12394
27642
68006
19824
29908
54185
90905
59717
32778
45604
91545
40225
42494
48112
3272
59744
80120
60738
33844
46977
79711
28294
57991
14463
2053
13838
28071
8773
27668
83942
72424
31016
86695
70809
57267
19243
81768
40131
44511
55009
34765
57353
23283
38768
85307
17292
50663
6597
94027
24589
99375
93649
45226
16699
76145
84347
24688
57143
25600
62116
26639
58740
73100
61941
74501
21735
12847
33758
63543
52143
22458
3667
73909
78457
76869
36504
52568
57626
82231
35092
48897
1506
9135
462
9316
76537
63506
36211
3507
58263
21141
18841
17204
3843
97594
59804
32167
27874
48687
22112
96303
20160
89946
38715
90769
38913
63682
17440
16098
10258
83728
34327
55709
35887
66902
34572
56931
80643
89578
18420
52639
66968
6690
23097
99874
58957
97640
50888
53986
57927
47753
52684
51527
42778
48288
28091
88388
86370
32526
47797
39071
40554
10942
11956
95336
66234
19516
89644
15078
2917
88618
9028
6804
15619
82642
86711
49811
14874
23935
23625
97208
40794
12669
64706
7263
49684
25549
37205
427
65011
44839
51587
34985
31794
90319
52967
42910
79475
11672
92881
56202
37227
81571
97172
35408
82030
99318
63278
72537
12626
9025
59258
55881
42429
7827
14080
69340
96384
51791
58982
95825
10217
98213
24967
77775
75558
93737
71236
69161
90634
85493
61403
11864
25042
6059
70900
86019
42202
54454
18126
35930
42207
17987
54911
41430
83131
16826
19207
46958
56121
48102
10167
95372
45491
90111
19898
84768
55744
76816
35167
38493
85462
27158
88468
66552
19894
5559
20092
50377
41979
4459
16566
16594
14528
57911
29427
37562
43236
35677
83006
26363
45940
91972
34435
9216
24705
71778
77861
64562
8378
34918
10086
40185
11521
28314
39346
8052
27509
9454
31348
41619
44419
99835
30316
92384
71719
62312
71991
15136
41674
68814
42268
19424
30298
7006
41639
4215
97290
57411
42924
73098
9966
51049
78334
30489
27252
69831
80712
65912
8524
50179
64332
38261
14361
69291
19625
64328
74817
84730
44988
1889
44059
66270
42858
58632
42239
78967
39391
7231
84726
57010
4787
42489
89229
84175
33635
86396
49443
95578
32031
35335
20079
80013
97269
93565
13685
84254
87706
74821
44252
24769
77749
69709
19196
69932
19216
74651
29508
53436
10369
24993
25084
94707
87926
71850
16987
8055
33436
95192
84845
15200
85105
31573
97223
32915
47548
71491
45742
33952
73587
48831
93919
30160
84770
7714
43989
22464
75617
69141
59751
35912
98814
83247
5423
72620
47013
75702
3091
27204
68335
21364
85826
34485
92476
19947
26542
21102
11602
29750
89944
46330
91092
97244
29843
30224
57048
3140
79016
44660
72103
79603
30939
83508
73017
22541
40140
10283
82425
2288
69032
94708
31201
61302
90736
56475
27980
66005
36367
97364
39835
89017
92812
97097
78991
45141
40739
38561
38759
93271
70325
78799
15028
13692
75774
79240
58861
24990
25246
44907
36830
77713
26264
92320
37497
75378
49817
78300
55248
5073
47750
64563
18324
94125
69325
74968
48908
57215
37864
1694
90523
82971
54792
75694
22534
93243
18558
92292
76589
81956
41958
99625
48801
75817
83890
3830
18943
86704
5792
42063
83848
8817
90898
35848
68339
60202
52582
36196
97559
51865
22545
69883
17
29944
6510
59857
43309
62828
14230
15097
97976
36339
98128
58804
89282
46977
45428
36104
42543
70347
20756
50152
38544
94869
62888
3686
83380
770
77987
88396
55294
90370
91688
83903
87677
49657
28744
91876
89982
66131
71437
20873
39265
28740
58668
90271
93198
61930
1778
32672
65019
46840
98857
26249
93146
57315
98230
10445
83031
71858
78491
85067
64679
23445
12238
32207
66179
79720
95220
83664
92884
82775
6512
29984
22198
66284
17353
63155
8061
40952
90442
50441
68727
78211
77815
28975
87132
45000
12113
33248
96479
8056
41961
54153
1056
70303
15816
63978
78565
24745
4339
56509
57134
7516
54650
22485
47374
10873
78189
24296
33879
22701
64551
42403
25655
89360
48354
1056
88209
21195
24957
47643
66185
74705
99664
48154
34672
81982
62863
96817
97083
75005
85531
61958
23276
56849
59755
36943
65337
92324
8123
63018
91386
11227
60819
9829
46455
73106
61119
87993
83734
65208
70733
3262
96832
91708
79068
9664
42691
59511
9332
66379
76449
81422
23686
3308
89560
94029
54700
82474
67687
70141
94569
79902
97743
96502
44936
74783
52933
16436
73146
53486
75060
52453
33706
82109
99828
1033
62851
52151
84523
10186
52970
30182
11412
41625
69396
52125
36717
19149
1468
42669
62851
69744
80666
76618
86149
69057
40126
46804
42872
53096
47155
46708
32695
78850
79646
64621
18159
36881
19818
90463
45529
43538
16921
34920
35268
96389
99290
24645
601
16370
53733
21690
68589
21061
24837
27250
34635
2983
32695
79108
92976
96078
6459
24420
10176
68787
42265
34698
56715
81858
1088
35959
18074
12355
61984
60420
99540
24641
45857
29579
72456
40649
17119
58449
1569
55261
6233
29743
4570
30597
17024
99112
15632
17315
26230
79182
40724
75070
45535
12862
31296
45863
46666
86836
3187
93635
51123
70709
99638
63724
61089
48357
72640
81589
6828
13082
22617
69466
66686
23479
1778
23511
58917
1748
66546
92905
70524
48090
91567
57112
64406
58500
35332
86381
97263
58638
42848
70139
10819
74204
16622
87724
39752
84503
56536
96000
64554
74725
84027
99854
28479
32178
14914
8457
12924
24912
27434
76240
33806
89004
91424
56609
7040
57029
67890
88754
70226
41769
90671
53194
90083
9695
57969
69455
66183
64487
15164
59682
24205
3377
3884
68880
31508
47660
21189
61408
74847
21275
35603
51745
84485
10851
93242
42613
61784
16200
88525
81053
74475
73161
44948
25718
98861
35893
35819
88278
3663
70323
15187
19460
37689
7302
41542
18947
60297
87378
81206
21011
31111
89566
51584
81495
75629
48845
48739
29927
60410
60668
31926
83337
32084
47509
41109
69739
74133
74956
6860
56530
62697
49574
75018
18152
38361
71970
71325
56799
79123
32589
851
70664
60547
48494
87566
51581
24818
77632
29418
6242
62970
15151
75436
8175
18386
873
73473
58572
81194
60993
22284
11330
67858
74138
28370
63625
92032
38066
87473
40646
93479
95284
85144
96929
73208
97422
47416
9050
78281
8688
7002
74689
95661
51798
48821
53887
47225
42096
67131
95443
95649
21990
69333
40424
52661
78614
21064
61038
73815
57421
45412
75767
94435
51652
54424
32964
19589
25529
95119
73065
11394
67138
53840
60146
50713
51910
82124
27371
17573
62259
45859
26384
15540
77951
97322
99383
79903
9102
9422
23403
34520
12406
62717
77650
5770
69538
86809
6646
94050
15608
80064
79847
83629
13371
74826
24353
41373
49399
8735
29466
8938
5269
89172
93578
20237
76951
66998
74686
95688
90503
74381
24234
46452
85245
86236
17359
84018
11783
61744
346
98235
89616
2649
39519
32499
64676
26229
99182
15577
34735
53703
79284
13751
61558
19204
38877
73553
52150
23719
24295
55700
71724
69812
30841
45512
3049
61754
29820
32479
82074
41289
68708
12830
67750
18265
11776
28189
83722
89315
24437
4873
33780
90796
23653
34024
29612
15522
50713
52814
30333
22188
38971
9485
58326
10319
54102
67747
29166
3531
28861
21969
45734
38885
8046
46867
52658
33486
32321
80717
85420
63915
74293
65774
21684
17725
24174
6775
44818
79194
25578
20895
28529
54418
76717
80149
678
52951
91576
15786
76353
65910
52412
26496
79998
81326
38767
53450
75144
65807
94755
98618
19238
59587
55623
13300
30
20789
52842
89159
10186
8430
10727
33210
55755
89106
67336
25967
97725
72462
58897
82715
3556
23770
2509
12879
19783
50316
75086
43693
3675
6080
25951
3574
46440
31633
21484
58349
24642
32734
79579
62024
8220
82677
95868
89233
14254
24798
22027
3572
6882
51115
56553
47751
81934
43775
86723
13496
46544
49364
29598
4082
82031
18086
49921
3417
13491
86211
75675
43705
79711
24123
82306
89305
66160
3667
51230
17913
15326
54013
96567
74430
67514
22201
94698
97441
92455
63281
96461
94949
95181
6567
69126
5800
90060
74783
55370
1395
41808
64561
4176
35193
32061
20859
26279
1102
8944
55729
50804
56784
73497
92534
95585
99306
65061
47507
65800
69987
58892
58789
86746
65496
40682
80801
75545
4578
75626
79799
60744
7494
37161
75268
78514
29042
99899
45857
96674
4727
48840
85343
37853
36854
72975
93284
25369
93846
86278
810
34507
88778
99709
93998
62318
464
82692
63184
14343
33815
53814
89515
76235
62917
79469
96834
4878
9179
5387
29718
67194
36292
29433
17723
9268
25336
11810
9995
23071
12382
30207
62645
42292
87531
89963
61254
72425
47370
70601
69476
94199
62494
67514
29049
28492
87589
95595
81498
40792
54197
72380
66099
83662
67729
7
74829
32611
94750
66778
69093
75116
31081
17134
20842
49019
31302
60674
12202
8471
53488
9577
78681
39001
16223
87559
71966
68416
31781
66213
45085
97227
17644
57649
96057
39553
62693
7628
29263
51131
84611
1537
74478
39287
28429
9613
94072
20969
1558
97218
75955
74447
18351
52277
83306
84676
58098
2713
52079
41392
5310
18674
66719
47047
31467
53006
79147
70301
17575
9661
97993
99922
34048
16058
48820
50787
56394
97378
88163
60811
48519
58516
44196
25552
48286
15532
56416
93661
53300
82317
31328
95738
24591
64534
68918
86278
84346
24752
56435
48397
43371
7354
81334
2505
26090
75171
42515
20571
2703
29374
47130
18865
58518
57932
82330
50517
55391
80466
78332
94208
5063
13271
78028
3414
35491
14073
7809
52117
37053
15859
88293
88589
58769
73301
56551
14522
29042
16126
54734
35472
50152
74399
79395
23541
25983
56997
95190
58793
22848
39099
60414
63629
86182
71825
57005
12008
19228
51649
55001
18718
44125
34977
59821
15680
42772
88576
49609
12797
40198
50233
26811
53360
90124
83092
8187
68373
81096
91448
21248
75858
67271
63990
82145
12179
19111
48457
28684
24215
8926
16786
49077
72120
66950
88449
4792
16828
96872
60441
8194
73208
54758
94728
46291
85151
2385
42092
54793
51152
45852
8832
94105
22924
98438
980
16404
28572
96227
89921
6444
88801
48239
84579
19168
31459
29398
53749
70544
15980
82228
19147
83062
77046
21635
98797
4719
1264
54487
25742
81044
23657
22920
68981
71362
72700
5129
62554
73655
10456
51142
94541
21273
89871
98922
49354
11293
68075
49490
95343
50126
9374
95580
33697
64835
54890
46129
19236
74295
1108
30952
24925
80892
39780
61365
20265
39243
5621
40375
39847
61801
93055
19909
50983
20094
91537
97362
39274
97830
64548
51796
17032
8188
52644
10411
72608
78703
58705
88271
66051
22205
18341
27143
17213
86194
85508
26529
48621
48608
77050
27943
65714
21585
71542
93807
42714
3388
53957
8147
52768
53461
13236
30204
95839
12900
28111
554
18340
87704
67191
30706
11204
20213
70303
37548
22890
62078
15942
39381
76136
83356
42305
84952
31910
87164
2630
12578
69309
23352
57276
67912
46723
85243
94494
49278
77292
73044
59362
66530
97758
41439
17320
52702
67633
13342
1991
35330
53906
25139
8966
99581
94501
8935
45900
55782
32268
65478
79043
24643
9753
56946
40288
70979
5876
40216
13290
6827
21294
64669
98187
94979
54402
21585
11851
11219
89885
45553
59499
70387
34318
6216
31380
55004
78901
6344
35406
96451
11700
86052
35555
29342
74081
94684
83569
13974
45881
47141
22599
83658
92006
38565
10237
64552
14445
60619
85511
51838
23289
35348
33032
88018
24078
12348
39414
13079
27841
23281
89451
55389
10517
30800
74003
20154
75428
88605
51176
41268
76044
78112
47505
73430
51252
80999
70543
4701
80801
30621
2444
64215
24345
95565
70574
17332
46221
44064
60122
2359
1217
41152
26204
58890
8483
13079
79722
59523
44485
79152
52323
65860
85816
59278
65213
80046
53409
63625
30144
30611
18244
10033
16295
36644
38923
50675
64236
74400
66399
78132
12866
5648
36446
90710
6327
86850
54741
89158
17904
12250
88079
28874
99036
62653
84154
10155
75391
65668
51953
70971
88053
14771
17062
35262
77178
58225
97537
4816
8740
32987
11182
68597
78479
37243
42840
18700
27145
76923
38935
74353
85157
93455
7405
32233
9330
54843
9258
57428
73280
29247
62679
57157
17205
91753
3885
15413
4478
46657
40690
31737
71046
16028
37922
70869
29351
98794
63866
73322
78322
90658
87621
60632
27406
13765
28620
91100
28659
4827
64810
61737
22051
27464
54695
34172
75398
85862
52123
21448
17466
83369
65227
99453
40876
91233
66579
12972
66355
31188
43728
17708
40847
61352
77208
58158
90018
57000
54236
16331
1862
3454
53745
25581
60739
8777
36916
12922
634
64390
64184
95035
24444
73891
56139
84774
53390
48020
96520
96278
55020
92744
68668
32426
83912
68771
9015
44424
56368
56053
84644
99338
79086
38056
1350
54336
99455
914
27196
57606
99570
39496
64898
25654
77993
41524
6644
12987
38053
60140
38855
79461
89937
17208
43291
32326
87414
69501
70260
49334
20504
86918
44769
64363
8631
68707
77895
44716
97639
94521
1532
15986
82447
6067
94425
93131
69759
59268
26507
31812
65155
8252
58518
441
66791
86879
10941
68084
74507
82826
49558
38320
39335
17140
57857
30426
9111
75092
84823
22011
24606
23080
52110
79140
76077
77766
40894
45152
43283
85529
52810
60953
69899
57657
41702
38236
71795
72174
82046
80761
6680
61302
69140
75485
25784
99289
40495
53964
91588
93282
29302
4058
78986
49438
10137
71976
48510
93162
22364
93541
37271
57907
82368
59801
13063
26287
77319
10547
14989
74768
92865
47750
91027
43442
52871
41235
88121
68394
14019
42937
67519
41216
34413
67194
9433
32205
8056
38416
29191
25674
91908
40855
42388
6485
36466
20428
94516
80591
37652
5097
11741
90572
10907
4414
56854
50137
8332
39402
74459
31811
82973
39318
97459
57713
79739
47297
54075
62177
60974
84683
25701
85284
4296
22667
39502
21931
31033
51816
409
47901
7430
67364
53309
37143
13311
82856
7241
61768
96303
5390
78740
84418
44964
63522
61591
79549
83949
7593
21895
15401
33141
4886
87299
96723
75556
20896
95
38279
79036
378
86008
22817
60096
74979
93086
98630
5998
44670
6991
19864
20957
83672
75189
84951
48575
61664
85817
2913
57116
70250
43398
26489
83804
26108
72150
84940
64882
96461
18500
57079
50168
99552
19152
96339
2210
1994
78788
93042
33659
60970
83465
44993
34510
98610
68829
73729
30581
93298
4820
68426
35696
57011
32131
62121
99232
20071
35446
72114
20204
65784
67337
74016
81940
98749
4961
94269
17152
97574
87798
13965
74962
20284
96277
89583
24389
75787
57531
90956
39418
58864
67417
46637
43421
95257
36060
52611
13240
61344
58013
27332
7098
27348
80151
56835
32402
34741
60344
21298
53556
71341
2234
34501
92572
52126
84716
3489
94434
70465
64768
46921
72955
44261
80144
99471
15860
88949
88063
46196
76061
16077
8299
27157
79432
38118
18884
26673
84792
82805
82251
57045
11238
16615
45650
86859
94314
11622
91545
6453
8105
18098
67593
29514
85556
14630
66463
84843
9825
38261
21240
60873
69048
58791
50732
30196
31525
72148
73847
25832
15430
68809
17899
93077
68455
37726
40643
49575
35224
62067
15264
47931
81355
91389
98254
5286
95173
48970
47450
19495
83872
75945
15479
52888
97666
84855
6375
23656
15286
66662
66755
75961
393
63580
29377
92111
4633
11740
37283
55605
1303
92446
63425
10226
18011
50418
43428
22267
4989
85073
80782
67349
49882
34263
27894
58045
43219
30372
77187
27586
8459
15004
14721
88178
82938
84887
72999
79784
45358
16353
43803
14860
98752
13297
58310
66163
99398
75097
89963
85595
88396
516
82735
81102
6586
67000
41874
46638
26381
24392
26541
58720
74869
83458
8228
44181
25298
21835
71061
34126
73433
85729
82752
78700
42933
92748
40920
41155
52068
4340
56703
21137
97214
26489
35459
91573
80088
3458
97875
15227
94186
4874
67527
51562
80749
59912
96247
20645
53875
25708
94335
92724
74640
3077
12048
26132
7741
48991
96835
99654
85261
43743
27669
95234
15285
32208
79855
18402
39458
96123
59239
72321
775
82624
9155
3563
48987
10381
6073
86122
3823
50702
96298
30933
7005
95036
48216
94567
33568
2213
49361
88417
98334
55281
63321
82391
64786
71935
67461
29678
15299
7504
92954
74690
57356
78385
37757
20943
92139
60392
89056
13163
54872
73814
72337
63647
12446
83132
19894
66060
71484
64248
62569
40099
36453
64871
48835
36575
82955
25317
66866
98532
55934
77005
51540
62944
89337
1178
79008
47680
74654
76494
18308
79829
71378
83702
83913
59136
44295
92528
17152
89877
15766
82298
44577
6062
4356
93700
92693
91886
59390
25492
60888
29125
10661
69030
73468
77791
68768
57490
19989
2079
49041
11305
18041
11673
21723
74663
55452
65384
8941
27982
18449
30271
21066
85060
80811
24324
56705
71713
76145
89365
33193
14580
63319
95169
627
60030
66625
47896
64458
77454
96898
23296
33955
86691
97031
78780
75157
85775
54794
2698
69984
51601
20919
82023
46749
68827
52217
69379
72383
38516
15625
79374
64477
4951
61902
24188
77280
30702
66150
55939
20068
53953
40216
48714
66732
79672
20943
79321
55471
11732
84514
40458
87004
94167
84077
10251
10564
95706
99528
2938
18087
74399
96704
70140
63360
37696
13975
12594
22591
48623
12242
47056
32989
1860
59162
94074
71924
38949
29676
33747
42155
19181
81547
8798
68159
25579
23528
43992
57112
79369
54560
34036
75785
32405
98561
28503
42011
47911
60342
31693
43674
68656
28915
45187
96426
21671
2473
41731
3312
15025
20307
15268
10889
49295
92402
87893
82388
65194
91556
97817
45630
83462
13079
94227
33990
54319
86365
13957
82534
60243
2190
19507
64163
94147
32265
10288
5224
21518
5655
3103
98397
75241
80667
49091
79258
67539
91350
4394
76124
8311
27258
97110
87268
78512
61628
89025
13506
22288
6128
46179
6450
56444
40602
899
25237
1517
16518
16505
7400
55409
52168
28918
533
94488
65703
33287
1563
41512
71723
30716
83157
17819
65204
38852
18398
32991
24357
28630
29524
18302
92170
26028
2038
24650
20711
97720
71758
88359
78873
17544
70352
69536
52605
36776
50762
35281
52983
46214
9980
10069
35210
37372
71921
51650
92859
8698
84422
73137
1453
78476
81598
34402
43706
58940
40746
94352
79000
97807
98256
99000
2704
14747
30925
42074
94771
43849
34757
3793
25866
5598
77242
34581
20176
37561
35111
38439
22427
40352
42156
89248
80
55645
87411
82236
95481
93140
46701
10041
83204
25557
65913
78279
45092
60578
61183
95045
34509
75541
17232
21198
2771
87638
11216
30278
31351
1752
65999
31400
282
50676
61207
85794
25112
96450
98998
22972
27449
2630
51959
84854
87462
72395
50279
82128
62233
16128
59149
2994
22227
6511
86005
21628
34954
12482
16348
24976
71520
84946
59356
41189
18436
36656
3460
13783
43947
67243
43275
22690
84333
28161
59475
82485
61417
8494
68906
96317
61999
95807
80238
46947
27300
39661
84016
76390
19353
92360
47643
31657
41763
70841
20285
27602
38924
6225
3420
17793
99811
83003
39434
2725
72844
72259
61831
63719
61515
38151
29796
15650
93178
38341
46825
39512
61065
99734
94509
31760
61772
95764
23782
62966
55963
27185
20768
87715
34242
15186
9552
49847
27183
11258
84074
68354
45991
83036
46289
90824
29824
48989
92803
8154
83115
13871
21430
59509
69907
23261
63097
56220
75914
46298
71223
47151
52673
58434
35751
53175
63224
60707
84246
1990
23712
8617
88128
6492
96069
81267
54310
44461
47145
25961
21075
53695
40018
40498
34019
14850
99770
47192
32606
38626
93406
62573
14944
79732
75847
1712
82323
23217
34312
51031
36237
9768
30031
87672
75118
40970
87813
31030
94523
6240
29010
54276
45525
5077
56550
69719
79453
3596
32074
73981
56708
42366
7431
67434
24375
83196
51289
10214
17325
30682
49840
52396
49894
2599
12956
20703
41998
7588
41728
53406
38048
35773
77983
23830
19605
72320
81443
23860
4548
91942
69287
73695
7167
5252
71561
70102
73334
98334
1647
86265
1713
5639
51083
51628
51133
48710
881
69288
87361
62449
38969
53076
3668
57442
1449
6875
39791
99898
74647
73776
25493
84042
2282
53738
60566
542
10221
116
75306
40984
56787
64041
47513
77130
38485
9689
69513
71613
58531
50805
42856
86862
12359
48873
38476
73865
70968
29106
83299
29786
93671
39816
52790
42670
59234
62482
81806
74813
62574
47129
41212
37564
97194
33388
80454
36930
11876
39883
43962
14222
65137
86210
81634
11583
79135
70410
43781
21813
85470
41850
80961
79560
99777
75618
37571
53376
22040
33823
37238
948
65645
23166
89165
33483
48793
49551
10709
6221
462
44296
53870
23997
92717
44428
14518
12005
12280
44639
49790
20619
45934
40236
57636
86846
88848
65895
77889
8665
51155
7893
74535
62903
68428
81030
97923
41570
50427
241
23955
34419
67855
94398
21483
97131
97601
51517
68753
85674
26120
33100
25377
78054
33628
75132
89404
89245
70404
57824
3631
8797
30127
30267
2879
48513
5605
74267
13455
82755
88696
72884
3098
77771
27132
2110
20139
47053
38642
25397
81335
62500
35259
89034
61770
99583
42722
8075
24714
51266
21975
91449
7173
32364
50331
91152
26191
15815
50853
60385
47039
667
54881
40055
42359
29568
68621
61032
48498
37735
30842
86049
94059
97339
7021
52233
85788
15813
27485
83120
50136
68005
20566
81901
97314
53190
75087
48784
94157
39860
42847
70110
32103
20695
94267
8876
73369
13833
64511
24115
32583
23049
8983
88446
23357
83524
34084
31714
48979
67817
96240
27559
62571
40336
18850
83819
51278
70927
65932
42803
49606
12579
30681
67076
6057
59924
4463
58880
30055
910
87261
55297
90301
6264
46878
82078
54706
88002
65357
62766
70184
60517
3914
11144
94146
24318
49115
21931
49119
4756
39873
57436
98951
85174
49853
79716
96153
80831
43461
43797
69650
75768
15536
65265
45120
91764
81129
40598
59548
35586
5772
6253
93064
6898
87727
31625
17221
14913
71812
8749
54177
30862
33432
28199
7924
91169
29173
14591
9652
21172
29162
11878
35209
75755
47414
57489
31392
74228
60344
28893
45430
54894
78872
50021
77272
51567
84804
54478
71733
74984
91332
31192
48968
46526
55213
91668
30773
77136
65459
69930
76678
6735
96195
59071
14777
59468
69818
97177
30376
51634
27106
1631
1056
41968
94017
69206
13711
41276
62935
85590
75228
42513
50141
93507
9242
23716
30378
63210
5308
34984
98972
99353
39443
63344
62762
23824
57601
60815
52770
87594
87126
71532
96055
54508
42378
11924
87219
67429
59975
72052
181
82309
84298
33044
14999
6602
3648
48517
54315
79073
18140
57083
99545
37065
32232
54126
48450
85885
4174
91478
88130
18702
79942
11980
81251
24573
13503
74970
12359
74683
22493
64416
52394
63698
97683
41014
7687
43469
37640
48923
68858
37351
6406
88343
8918
88304
9275
46634
50654
67843
73101
46120
43748
55943
73384
89139
7779
77909
77814
2642
28782
79902
31133
89937
80884
46062
38285
42226
84722
92196
9441
71466
74773
69030
4391
14597
51879
47671
63274
92665
42697
50069
49806
58051
99578
4957
16930
71121
47535
64671
6347
10665
48853
58803
68249
90629
32399
37600
64005
41916
21078
68620
91211
88025
88435
13160
50669
91123
53525
62134
72042
19729
48947
57040
69841
52755
70080
79915
86220
89950
43884
70069
97149
55600
80514
54207
86469
35725
84861
34324
7678
78183
85590
65084
90484
56841
70892
32660
70665
33051
51575
45601
70010
79998
8740
12266
56866
85229
6484
38128
38044
16456
30645
76588
41184
57856
86453
47431
51890
62598
80003
68259
38694
85493
46665
38604
29345
72021
18547
30353
1924
58112
68783
86889
33409
88438
62710
36080
50083
85675
70657
52405
96407
93166
29152
74786
57012
85827
69536
79757
18846
32992
77397
37736
99596
84026
22026
536
47235
44529
70546
89560
81985
35635
30210
13687
89116
15604
87928
57639
30991
8544
32697
13413
78370
30976
57742
85233
75633
87547
23674
61286
89938
29119
54191
85550
5807
77335
27669
31619
94561
37810
13397
77331
70125
6451
28717
51818
27625
84121
29139
5244
65436
40223
61396
84939
1465
86314
79860
21515
2360
81670
89767
9785
76458
63571
16846
94226
20931
80626
30956
98370
15947
9945
4681
20670
20400
75650
795
81040
78756
76645
19318
62062
34967
70032
20977
87099
53848
27524
18765
542
18476
58478
24897
38875
54845
76712
21939
67633
37954
92003
77468
79195
78441
19520
37087
34377
85623
73751
3136
27121
47115
43267
54072
16840
76527
16717
67719
62044
65460
82727
85357
50961
55556
33965
92060
77457
52310
3282
3113
96378
47285
91953
2022
97353
45422
77618
53079
79433
47004
1263
62885
16596
33585
14727
14626
61503
96171
35008
50922
95808
38453
54908
92815
65710
78116
23166
7883
77801
11393
10115
30711
20607
69469
10972
3066
20292
55764
94928
70151
32349
94313
62074
44356
50010
20673
86453
45464
16882
98575
64448
9217
36640
69837
84203
86936
98975
87201
56206
99515
93960
52762
18158
61466
70345
40053
78668
12628
71100
22705
70766
70673
23768
71645
35645
4335
49547
37170
82132
44790
76652
95359
28071
93804
55462
57752
35723
97951
90868
50837
48476
9133
86410
42197
83827
66087
25554
99940
64785
1211
3599
40448
2031
54518
38149
35271
76544
89159
38598
16149
37816
77818
50880
3859
81538
6465
51146
21006
18770
2884
4526
21260
47573
54748
5918
32746
52882
55187
9487
53586
20875
70589
36081
23451
24399
36797
48816
58547
55953
56393
62933
51509
84447
49498
46757
86142
56211
13048
54361
70393
71923
50062
67523
60019
80016
482
16017
57836
20181
49901
23739
2302
16022
83426
27921
11555
9264
60980
90143
27493
553
60896
15561
85643
25389
53657
73401
93683
54690
78217
47943
82798
40934
68892
19948
99150
89965
95863
29269
82334
23671
53411
18962
56932
14458
58103
97644
77911
61492
35939
12883
13519
62316
66650
74878
58085
74175
10431
85840
9855
94938
46528
30922
50014
17126
66982
81763
84883
45863
78293
395
1990
21609
79218
9599
37453
87780
85706
91893
74910
1099
53777
48280
69167
32990
73242
38517
17532
59040
79270
65293
12293
57388
67715
91962
38023
37979
47009
83024
76855
77185
57995
15124
29612
83355
63164
73044
97005
48604
84193
94601
25921
48443
9760
37381
79405
98072
19221
68789
32263
87081
873
55958
49931
24744
66700
97990
16877
88802
44815
12315
23035
77013
53028
43391
98494
97471
44604
69356
48622
96423
77495
96919
88785
29301
54552
58929
16192
47314
24605
35315
4379
54957
56725
25691
71020
96576
94919
7374
33045
49994
57828
19011
9611
5176
80427
1379
36054
89197
17977
77299
2048
42599
48294
93217
45705
77967
40362
49493
40958
3743
4731
44778
42672
8091
3353
38205
94594
93194
37104
92681
98080
26942
46177
40121
8508
98866
53874
96491
53456
86308
64752
20520
39955
21931
87420
66922
40336
98178
57725
43223
26921
27797
16890
68666
93465
90003
47005
64164
87029
85958
66977
47596
93052
29771
12454
59179
68257
67068
18635
51021
69433
27611
48766
33672
33991
15405
44649
75644
20827
70114
32034
7620
21865
91229
3280
97706
83250
45431
9956
68414
65469
48051
14977
69876
14055
56812
96362
28529
3153
45596
57298
86158
34457
77394
40783
32288
63600
24650
1551
47257
61748
64597
34943
39446
49148
34363
87729
69754
80925
40496
27276
55418
31063
77399
90389
33657
46284
55762
50876
66177
50307
65706
44435
29821
26938
3590
95163
54206
94255
94563
52527
83662
28653
52096
45670
82030
61311
93506
64595
83174
20268
6759
45361
96282
45060
27487
10956
18828
25005
97114
64031
70061
53348
45124
25790
78968
12494
27556
4006
84599
91414
6068
83277
85086
63449
56525
36799
36403
36027
42452
10783
46438
13010
26419
45956
88861
38666
78864
63481
78139
26487
17731
13131
30145
13989
20239
96218
77925
78152
48888
52015
1113
16675
7858
95170
66975
57911
94634
73434
31351
61853
37452
54860
12493
92985
85320
46201
87377
31822
63775
34331
66471
38814
23347
13316
31991
61055
16877
72704
32745
22232
21699
10664
49391
95438
12094
46390
96590
85136
596
67484
84938
81678
15164
31518
57023
51337
72215
51430
68979
21606
48651
47819
76243
62622
42227
81140
31767
60253
35147
27080
67644
69097
35356
84543
75271
37751
78928
583
51671
88703
29367
38857
14390
14845
24583
18906
26273
38665
31432
77697
12557
18258
95056
33801
40463
51997
92852
96404
20239
78101
14342
22740
65864
97870
42114
18671
25628
59809
70873
93831
67495
39930
20533
94893
50897
82087
90389
3199
55640
90220
72642
7303
36470
68229
81492
24769
48155
97125
65869
91610
30516
5106
35551
32050
58569
43210
90569
33023
47459
73237
41436
29443
51076
97537
74946
31071
13899
74048
47464
1652
91844
16317
36094
4981
74270
87015
79709
62353
49764
80873
71931
45420
26248
28932
32264
13667
46804
63176
51846
69505
54980
80800
89374
24645
14532
91528
72452
89559
96388
72211
70031
61593
19152
17052
64402
55365
97850
29840
40810
62825
19839
48732
33088
44714
42412
30057
93540
81360
77178
72029
81652
53221
89272
42174
61087
42337
93664
81486
75252
4474
30912
81976
74968
97173
98821
31758
54393
95835
18058
96058
58467
87687
46188
76897
96903
41728
90549
12909
6192
78937
65127
87856
63071
91983
49286
71134
26999
43011
27216
28546
91207
45885
83666
60678
82467
45971
73855
96488
68471
36262
15010
44653
76858
93489
18674
36453
74757
84605
4751
27490
55568
15411
64663
22988
53279
41266
19210
10713
92537
52344
65467
83134
70979
74041
57548
53601
32500
37551
73393
79313
67855
88152
66017
37383
91123
49749
56064
66940
10301
13610
96046
57624
46193
95827
57160
60695
43777
43091
59349
27418
13455
8477
43583
51356
45398
64193
70296
22853
51249
74466
12786
56164
2478
81000
40272
67216
90024
28008
63620
48582
53602
21325
37598
54322
34626
16192
5547
12868
76321
44163
92725
67926
52555
24535
90270
19575
38252
36529
63920
68416
13809
55713
94186
13508
19712
79240
86144
90330
69155
85833
62461
58892
61454
9716
58595
96349
30933
47270
4696
91318
91723
73697
66811
62364
2499
15252
10104
93464
67366
58951
69039
4085
82644
5262
27635
74807
21323
77759
92656
96371
76345
24645
43181
70027
47127
99583
24043
83503
29631
65299
64546
44141
98348
24994
1234
64528
6337
41204
79658
41526
80141
86004
34409
67193
46056
69881
6919
52028
20049
83518
16245
73299
25789
79330
82410
18280
4100
3187
12819
50612
37242
97859
84961
81689
54232
87489
84243
95274
9723
28863
83846
89554
93792
57690
3828
19826
98121
48809
44758
36419
5073
29681
34274
23485
78318
68909
22382
13724
66621
95018
57840
8118
32943
39106
90500
79914
28082
55316
64690
39893
76584
75988
29838
32138
39730
74378
79560
28623
74101
76917
5004
25809
75565
24412
26993
65011
20403
95634
41093
4262
46193
46281
90856
93736
66618
61391
5403
52180
7941
20242
71325
11136
23752
64355
82445
44044
39196
68744
33943
24846
63146
82795
1721
46933
5082
95269
34108
51459
27689
51151
75446
70871
22558
96959
72912
30581
36247
33928
10198
6925
46805
265
36070
390
57373
66748
89113
48501
1940
19416
22573
97750
97276
21953
739
15838
27836
41358
84864
16296
31575
27320
69582
4212
67186
54310
72547
23263
10645
72101
72154
52042
74924
60530
10564
76227
47991
41112
95184
88702
54189
39248
50085
4276
42396
83231
99569
20283
51791
30645
35308
99155
36014
46134
24454
92081
34747
74856
18977
52149
39187
98018
84919
4095
94594
43464
38739
34929
69757
80906
23413
89371
13944
46719
40985
43323
96943
11443
39646
23025
28625
80129
64019
90264
4284
26553
47400
85960
89778
58120
83119
86170
60299
1233
96349
47266
90159
8516
98986
30115
80819
34505
27120
85654
24625
29762
3536
32926
44298
35691
7072
10767
59868
8972
11779
20721
98725
87025
56944
18719
98372
52737
72648
59244
11543
76476
52233
48603
99321
28650
76872
87563
99376
63198
60368
4247
28851
4726
71346
66610
97373
66421
45905
65112
14476
62880
63667
92898
80842
1371
66023
37044
98673
62385
8996
5289
24497
50330
95404
87031
56367
2758
93302
98550
79568
590
9038
34142
20595
70055
25842
57123
52184
74540
98360
71860
43319
50680
6912
4099
97562
29707
13038
45738
33340
31948
88305
17355
94710
67867
50633
76234
37054
27327
32373
6074
68628
67132
57522
77601
11270
54029
88296
34715
32001
5547
52222
35728
23124
71029
47602
93188
63152
17490
4071
41236
66109
44111
51086
58598
87155
83447
21633
81413
20600
17606
29290
84694
32173
38512
8536
69424
41325
49496
99042
23748
71875
52356
46266
7501
73745
78059
66753
52351
43345
91892
373
22621
53394
16418
9471
73904
98166
78404
37936
58370
63443
89801
35375
5714
79747
73624
4793
45074
73883
14802
42838
1835
87598
47354
54344
38974
52721
17565
96781
18675
14387
12253
74634
19236
31226
67840
43839
86660
14199
1930
46500
79780
37426
89328
73948
74427
45881
27788
57800
45766
17450
31877
66603
51213
8717
56910
92238
42078
94639
86824
89828
72154
35556
93576
50397
28748
60616
46500
12328
84801
90795
59542
33390
8599
53916
63443
36242
94049
53442
86479
97086
74680
94588
65156
12999
38153
79360
90435
58932
93042
72565
58343
4957
30690
20696
226
61610
66857
15717
13815
47692
97934
91806
70173
23713
75665
26704
43427
67660
99725
51011
13103
63426
83713
79958
29575
81383
11794
32617
54987
85689
15806
785
77085
87237
53113
62476
30690
28448
29380
41356
50980
99410
3375
29691
26175
54157
40835
57760
38059
58663
39517
93899
17140
44503
27445
60603
53800
47769
97205
81616
39514
9256
21115
38476
87884
28113
28715
73677
94737
33651
45363
95716
382
78758
79832
15185
84679
72091
48007
58496
30294
3097
46500
72523
21207
55401
22120
73505
54273
53936
19528
27432
40526
87140
73978
3837
69849
91298
25149
25083
70442
30868
21249
22700
59258
2183
63183
91486
83953
34111
29642
69065
4651
87276
86569
56164
1706
58794
12457
51075
80788
76468
31321
13519
82421
47706
88071
79207
26640
31041
57767
43542
71082
16401
61977
46025
5183
57216
54067
61786
2342
60328
14998
19534
53442
59612
32334
25792
45804
28997
79491
82548
57131
2869
20770
87648
98798
5834
95307
48623
7273
63499
30191
25511
60834
594
15087
79267
19538
63748
82795
32946
31325
21782
65502
33701
40279
66952
80573
97527
99337
38876
19544
96276
11931
21912
88793
82193
13896
86184
5903
932
27941
90690
50919
51097
56065
98797
21461
36704
87373
10128
56837
90234
61023
51739
13258
3812
54107
72147
81792
44006
96907
46814
83216
59603
85730
68181
94879
21914
86790
78072
66872
62265
65835
50303
35248
66725
52012
78446
43632
18937
13619
50141
59440
96747
25914
92670
53035
36377
4942
20066
2085
92090
84375
68045
64115
68309
13789
4169
1235
55490
8559
96723
27140
61213
58840
52039
40949
28410
76382
89739
94839
48475
76906
70707
68445
18827
25970
93531
1334
12417
49087
45704
60537
13086
88337
26567
62304
40992
52402
17640
20312
24498
99559
39093
36548
13629
98819
9144
87858
74106
20292
86320
82996
29701
50281
19423
13743
90346
62735
55231
86916
64520
16541
66921
99045
65782
83043
1480
4807
70333
95970
75131
71879
56871
92667
91100
62518
17475
2016
59599
44615
29483
71775
41996
79949
58836
4884
39127
29023
39544
65118
42896
10730
55806
71811
12329
29415
50750
86525
3348
82148
18805
51510
76922
36486
60751
13179
53472
36282
8523
91729
82601
31227
36755
10024
85055
88333
60050
69728
19267
37284
4096
945
99432
21136
37680
15042
89573
2800
45709
85743
57230
43328
56915
6351
84356
6079
6253
20072
95945
93965
29923
67747
8090
95205
83317
90443
68968
41266
76409
26489
58801
74945
27421
87146
25552
86406
93285
14301
36642
39032
20542
59643
4358
77861
6990
84824
36671
16785
82140
45265
2603
42041
11838
90604
18362
82324
31242
66835
73085
88864
45074
17307
10936
29985
25630
78289
52652
11682
76854
89873
62910
50313
31909
57428
1268
48381
31995
30849
32936
87662
29327
97800
62391
36762
83972
95936
55460
11310
58302
92759
14843
23402
70317
60783
77087
9150
50910
99371
3917
39745
72023
14830
52272
32530
627
51824
27828
15556
25218
28771
2095
28694
73862
41005
66256
9604
97411
47144
88564
92818
983
98127
46951
74182
48341
12817
60239
53832
84599
74101
26239
49415
56660
36569
2612
27021
40009
40113
31052
6292
54628
5096
5932
66198
51235
32697
72092
69187
83123
79387
72296
39646
5093
36791
46110
61112
48749
59647
29723
22664
70294
64242
79323
66203
28810
44623
74090
32931
75257
41785
80461
18404
73040
33411
60025
4495
38799
98927
99434
38610
32180
66519
35868
70081
82331
68724
23944
87579
98215
43197
23266
25520
33190
83003
59757
39427
55633
48213
44054
14223
57039
26251
91238
8185
46597
80512
73031
67646
33019
16106
7173
19236
36008
57747
1582
88806
7854
23356
5329
79846
9999
2348
71704
34490
13329
12839
9964
78244
7928
94943
70610
18350
96224
11897
51292
42331
84906
69954
38780
61296
3097
68290
32423
36536
17094
51345
15351
63555
69662
77452
20594
23500
10554
11180
91909
49412
68182
6783
79949
84554
93503
55216
92715
27703
64553
60778
71872
68007
30785
79188
57034
83779
45381
27814
84883
94095
69136
15260
19915
51486
72099
47885
260
32314
37775
97415
95277
13054
6118
54077
56753
15925
96143
42723
19118
80502
61969
78669
49946
11140
29976
80646
11809
27700
71641
35596
13965
13502
4223
55702
79404
34902
40911
47764
35257
18938
93614
16388
19441
90547
47933
16941
46611
9045
50928
79819
65353
51034
24295
4083
57624
66157
91275
55213
11817
42974
64676
2649
92074
40651
10825
22899
39669
86115
98295
89414
50429
96606
6613
4399
12671
45842
55146
72345
32887
37646
43821
39847
66749
66712
26720
98335
27680
99768
78600
7775
12784
20343
65794
59022
51935
46244
23848
80585
72742
97315
24208
11329
26945
11874
39497
32349
97542
4469
66629
95307
48832
92229
24623
4275
42283
96272
7637
3662
69023
41675
44170
69840
57773
81806
30041
73042
4565
18263
86725
99920
96782
44897
51610
942
30408
15058
29397
13972
78874
81098
54259
27169
31899
28012
49348
77734
68705
17088
22847
45503
37646
88994
9823
25700
85797
73074
21107
74071
50262
79442
92921
83347
27474
80883
29696
44895
79435
58242
67369
60098
33462
2571
4343
46539
26997
64687
49073
31924
64864
72883
45645
97556
7958
63213
83331
11431
94394
56375
57173
4501
69871
94545
96461
50884
57982
56674
76760
9570
88718
68657
70403
76422
94482
76107
52539
98082
72670
53891
68974
95523
14475
59047
48030
15046
32927
8393
5367
74724
24496
9222
81309
9530
33474
47591
92349
10211
88399
25491
73937
41335
75434
12274
48116
30071
31839
17683
59406
82202
65814
8534
35016
54389
9150
27286
43575
32012
87893
36939
71261
76895
72115
96806
57219
81984
44927
33594
61042
55026
87170
99255
49445
57507
44809
25576
5801
1698
63571
76569
94605
66083
80679
35712
1516
47632
39470
24438
45116
21495
95577
20873
24865
6922
68676
5395
57638
71789
8286
16280
62635
70307
83594
29443
51611
13905
64830
60394
82960
94218
23731
89554
47826
73848
45754
62226
90563
27235
71721
50315
58339
21611
23997
55836
75413
5073
65867
53810
51711
48863
7523
10140
72074
46264
78162
27288
55251
59799
27564
99613
722
9279
6936
32587
90605
87734
66643
15152
69454
32042
21104
37928
27838
17762
16154
70765
29481
40482
9771
73721
17762
46428
54949
93483
90593
82703
38844
61676
86191
44980
57245
84362
33871
78605
1977
4822
84276
8162
37643
27098
13966
4639
48263
43732
69780
80783
56937
30627
44706
24508
85384
7255
16526
37388
20649
41461
55114
1565
47391
43125
97594
48423
90260
64291
34119
70859
22577
21063
37442
39066
66226
63124
1702
10791
24392
88007
58704
88281
78421
87753
30232
34031
35422
25914
16639
35518
61228
90321
63145
70913
70841
96023
62278
60274
65428
89421
80613
49145
49286
72996
19213
49462
558
23114
50520
61455
28088
67672
57157
45747
994
35716
28897
37473
16067
96455
21954
46648
47719
28950
3695
68642
89882
81716
61078
88003
9838
9557
45884
73825
71040
41260
83666
69991
66274
74548
2756
82199
56536
18472
30993
23604
46368
6236
61992
35327
93504
89561
88624
62395
98405
56531
36024
2063
94313
16141
37922
56912
34439
74135
63297
62375
99438
75699
4129
2286
65411
83847
45059
38250
87326
84663
78417
50225
98115
80102
1181
99949
4309
26309
82575
91905
91475
64447
81829
62013
99468
85564
24828
7591
39515
70276
59725
68020
82637
72550
26845
34062
24483
15198
51460
46233
69739
22871
26789
66553
85191
95318
20275
19157
5600
1706
60240
30873
18742
15761
95817
80439
44809
75595
65190
59467
81067
40002
33921
53070
26756
3398
43026
80548
78779
88764
25606
74983
52601
22316
34077
17650
98557
2085
31069
15739
30990
58645
41762
51985
14617
39354
61463
97193
788
2582
34645
47595
11982
41044
12393
34019
31765
55085
22141
41452
54012
1297
57445
66429
84479
49125
94390
35017
83393
65491
74595
85197
949
4455
7765
75928
89406
38748
54727
79343
59423
10656
67051
25702
68081
29863
40017
93251
35579
84451
21215
4151
22058
21735
39447
90645
78037
73666
42151
88670
92293
70317
46425
18803
80808
51884
76902
97733
49166
75440
20631
47527
88423
56683
86911
5601
23774
48831
97445
86094
96785
39652
42235
14558
95941
86013
38711
70837
94977
96515
66448
36484
45735
52475
14650
29180
91322
11333
10213
42593
62902
78113
94475
4680
70905
97293
44595
92104
21052
20317
67425
60164
44485
68935
72741
98025
38239
93023
24569
20633
38738
51667
22622
56281
68381
11679
95875
17127
11501
44722
85499
35058
23458
96199
43702
15712
6016
42592
89591
22209
25379
80739
20038
73932
73635
26184
67615
57556
48920
46658
61139
79470
59833
11523
21844
29474
64572
64396
13872
53533
99185
62370
91732
67133
57598
6030
16817
95118
76489
64692
9376
15779
41166
747
92129
15660
51454
32526
68317
49537
65968
36419
5317
96238
34426
17515
19921
36493
91942
31006
49672
59236
11993
19252
46357
25566
77307
94198
52204
72569
95724
27993
9207
98975
57354
90444
5546
87420
1918
69181
21178
68340
26632
38275
35652
42214
83542
6119
23699
43262
44260
82637
52506
11961
46364
56790
73091
96688
58914
79380
22272
79344
36742
50813
23934
54669
48737
67080
71654
95338
50448
86228
47024
10062
48823
95335
32824
47725
17839
45410
56292
21018
43918
29705
67826
90984
96229
10411
76935
6778
18291
20022
93800
160
28767
85106
53289
2719
46271
64088
54395
30101
6703
94245
3903
52159
25122
829
40058
68568
18105
44644
1642
22619
83471
8447
74760
5200
19711
74236
89106
64125
48982
31253
83007
31366
89438
10718
48650
37404
63042
33652
94597
75464
71312
73932
76352
43568
53051
73320
95021
10954
44812
53716
35054
67271
1954
75757
48716
57460
45612
52722
42601
19830
10665
2361
83602
5755
31134
18558
97579
39536
3416
31745
53731
16978
25539
97071
96017
74922
31941
61308
63942
22552
53262
14821
53423
76651
70170
35621
21347
19483
65984
47191
49678
69544
59499
68462
30218
7990
47597
75373
53054
8505
24790
49617
69863
9225
65223
30970
11676
41087
35814
55080
98374
67716
82545
61190
29475
13350
52208
19950
135
50648
15202
76969
2636
84270
75507
256
98614
19181
49704
26855
74166
81589
87950
37582
20312
75573
27711
85405
23928
24035
99430
62157
6000
58366
12938
29962
60999
66218
7029
58916
22206
61241
35445
88252
74920
94210
78720
18789
42516
79257
19763
27106
85713
4360
56635
43520
98679
9722
33396
4842
6831
30086
89620
2677
82917
42825
6558
45440
22700
70702
97668
87010
2342
84092
84377
25464
30673
6782
55192
43798
99927
61285
15683
74632
12871
3320
96044
95230
62274
88704
41027
39998
82986
5961
17090
64223
30898
32647
51515
25487
32547
79859
71959
65873
25817
95707
24976
26953
94566
27373
83094
36079
33085
48730
18454
97201
95836
89184
94854
46704
94501
50710
92664
77643
38235
45166
89274
73228
8210
25358
18425
17296
12904
39511
9763
68206
83188
10867
25555
95482
45779
54200
731
60271
97035
74448
46854
29439
90565
69696
11921
83881
20086
88835
81211
45037
23616
12040
7444
32462
34796
19619
59317
91735
32240
93959
2770
28156
15076
43063
65820
83820
67790
8223
45617
89203
59841
36644
49563
97043
94986
97382
93168
61639
99610
5752
11483
1925
14183
48960
41919
10006
15110
99186
54395
35819
38508
68354
66626
79271
40821
36395
88348
66178
55774
48636
4058
76946
14395
88123
7331
10556
15164
15924
65096
48163
18640
36552
3154
91564
85945
97649
26074
33913
92914
21432
26773
24339
81569
38640
85075
74222
5142
26100
58637
57882
11445
6387
72235
16059
25831
95296
64080
42405
1104
26678
68733
58080
41001
16280
78224
17890
1936
11893
34461
55720
53955
7755
956
36662
94895
30695
31346
9465
53692
45338
43509
97286
31197
13442
16720
77308
52219
37324
51558
27219
83681
87738
21719
95409
87662
8486
98963
69886
4807
86413
73871
7674
88565
126
72879
63977
91396
24420
19445
51299
44567
22214
65853
95760
54830
60850
46674
5595
9945
11622
4985
17852
12520
42706
95661
22872
92093
46312
99643
58299
59078
92076
68740
45793
61191
40087
32658
15645
21663
59197
79852
78793
27093
63153
43092
16782
30844
37197
61571
31686
21220
34156
56945
31194
89276
57288
71941
76479
61316
70832
1945
28511
36492
46508
18776
60623
57002
92788
45612
85577
46454
80386
20623
62011
82111
18555
8272
86209
91695
16598
6233
4607
73166
16564
68986
85826
752
81435
31206
79165
34352
93807
22217
95545
63939
92933
27428
74643
37105
91484
53122
93597
44729
90284
99352
26908
64309
66646
35837
70559
94969
83018
15258
24463
89502
99433
66961
54780
40108
74403
53354
2427
33985
78886
66875
1386
6766
10160
53529
46410
58174
71481
8580
69265
79463
38717
18946
31520
82861
27219
67989
83395
73955
6283
84508
34572
61510
15314
98419
68394
29227
16485
2862
65994
71681
908
30840
76600
22595
58840
37995
22613
39267
7197
5662
73670
87120
20721
46238
1490
69447
23521
17249
96732
3695
83335
29873
33239
28432
61852
75489
91788
20017
75283
95439
53502
2281
62573
89117
22144
27926
91424
35529
43587
96567
7782
78292
1608
81701
11621
50226
48250
86838
79681
13038
90698
5812
93102
4323
81366
76139
82046
46598
87328
3898
16592
52111
7590
6971
19228
38939
2591
88482
57887
89826
81679
45543
7590
48157
69871
87593
13325
69628
28243
83264
60677
4717
50932
80042
14981
1823
66605
80368
34118
99057
94561
95048
22830
74441
60205
32741
10881
25790
2988
42177
18269
84607
40766
61133
35378
38464
5753
56465
99961
19007
59993
92366
15811
66266
60740
40791
4265
61243
41517
56451
96104
88408
72967
76411
90029
86634
39253
68413
9238
8631
27665
47063
13264
60128
36682
20507
72450
76188
26796
87489
95932
17222
12117
49048
3740
10510
2955
61485
14505
63327
79919
82048
97869
13504
25751
47771
72581
49777
86444
93627
59043
93657
42817
97297
30947
31503
84364
42100
42572
48777
93640
52077
48416
17004
42787
55969
81336
95540
7788
36034
85951
32171
44710
90457
3999
32172
10606
77794
52379
30455
25402
66311
85960
34262
49265
64636
97660
40962
97731
72982
19147
39134
83221
14169
7297
28481
40172
24247
27754
81934
40332
64617
22131
42385
38108
83282
60704
84119
27006
99639
27651
46953
15274
18935
89175
48038
47058
9900
2986
41840
68787
41153
25686
71525
63068
23429
28030
22844
84810
8553
70814
53922
18026
42162
7161
20028
5452
42379
12322
34509
1658
61119
16246
36317
59998
40115
62034
65990
85246
73684
63635
24831
96926
66008
5476
92182
34159
13610
67127
4705
16152
61412
69972
7710
9656
74412
91017
77836
93488
90867
33536
15757
63504
6724
4852
40752
21111
84686
46331
87622
49497
56674
25512
21047
89580
58007
87260
79842
40688
48949
44660
15860
34620
5232
71020
73056
88776
67682
87264
541
84240
50855
61578
44275
75075
13019
13089
50919
31075
4672
49443
25727
13084
97554
13619
94013
66600
87993
56200
55804
69908
5520
63119
13330
93872
4332
56887
30435
70588
52637
10701
46141
31656
66145
31307
13204
67041
3153
43134
30630
5244
4637
68240
60676
29274
85786
49967
39458
4876
85003
55742
64403
35472
24909
76525
61269
51663
68300
54586
36761
65599
11422
5661
3271
57898
15143
51383
30610
46763
79330
89331
38292
21373
60826
14798
18814
48470
63242
35128
39052
15888
36562
37248
44984
82458
52622
16668
60078
23930
92935
62201
97854
40973
91226
19009
62655
26005
50208
95257
57389
10349
81559
72780
69390
31414
5498
64144
49546
53174
9980
77804
210
46734
38315
49355
93205
75401
86147
65745
20519
10297
53285
31064
52661
21959
68896
10097
34657
13408
55815
65162
54571
90469
75079
36816
36190
59161
8199
90953
90945
49612
85464
48388
43092
9177
83142
13792
90605
61996
52547
31272
33445
94518
14912
89897
39830
71114
22085
14077
58342
68356
48260
39453
94894
53464
15624
43123
36491
55397
64543
87486
395
50790
90910
59997
63893
39221
67244
50232
18819
66867
64284
94211
84522
71519
43944
70647
10764
37126
11950
77982
88987
25712
35066
47458
81145
52147
18083
7725
47601
69005
77250
32471
38795
20728
54409
12519
66647
90697
15522
6808
85264
68837
94487
93736
10735
47971
38523
60601
45832
11529
40452
97363
14192
39196
48126
70817
19180
95874
17223
29801
58003
70818
62481
6177
48322
52873
31951
93300
17924
11776
75746
71561
73072
7702
14814
25738
65744
49405
21010
28534
13828
78945
94107
78361
38326
74051
71448
74010
71329
62673
89044
96059
79009
69435
85398
15260
67492
33693
74849
36472
21450
39721
69243
30987
61048
23767
97634
35387
88893
15782
96105
57187
13357
96784
10076
16143
66773
50808
93994
87752
38065
76767
12021
15092
9298
58446
39074
51610
20719
47750
72179
78881
45549
77788
52512
38949
6421
4042
35028
67673
93158
49416
23689
64793
41982
85964
9840
33807
77725
87894
36624
60595
40939
57334
43533
48134
58930
92290
56094
98430
64987
51206
19643
41155
25171
18551
60163
86683
10032
69099
44402
19926
44449
24690
66078
85106
52114
69467
95377
77876
93756
87067
4558
93688
66019
56728
59609
11019
19552
5420
21216
90755
75519
63332
73977
74734
93703
43466
24561
28898
44313
99880
76843
21893
56243
87920
74767
10125
94390
25557
7563
45057
38620
12052
42704
11576
59190
26274
13230
59226
2514
40536
4156
32871
49357
23105
79949
90631
68703
4772
49035
84401
25024
15394
47130
67996
63889
5550
32141
6134
44704
8928
30122
24766
46983
543
49078
57682
96041
51625
83934
16121
58129
14676
4385
16057
96427
53952
61611
99867
8322
12013
52214
26585
25924
63609
11651
77483
11791
9547
57881
9475
4185
59102
8282
65673
87722
14099
33786
17735
10905
49961
65304
49257
26416
9854
99634
49869
14461
78956
42967
56933
52976
93616
7646
37899
65608
89481
12691
30210
26226
41923
1261
73240
61212
76655
32615
78268
14159
22275
57106
24945
37574
50407
40083
77122
4449
99292
44547
49452
9399
41648
93757
49706
87116
77264
39768
40728
18879
16192
8014
36425
85486
48765
28224
16849
47403
57829
49180
76467
35631
23188
85961
50792
7973
69871
9730
45401
37604
27840
84214
31236
71219
59642
85808
90604
67339
11150
10134
29801
95613
21510
15847
74866
8627
1733
3446
11727
13850
26551
10023
37607
2044
92777
70676
4054
72746
92521
96026
79837
78549
73923
48373
35847
6827
31999
62136
54349
69000
16418
33
19090
37892
1714
57284
85465
14136
21054
14373
35218
85293
89716
85155
37347
16581
146
53570
39543
59773
90028
41466
14136
40038
95126
28718
24944
86179
24226
61053
7225
15805
94397
72926
28708
80288
46580
25562
7756
27533
96659
68959
26821
15378
21520
82219
48765
71418
93099
90890
24081
18966
19808
35139
54222
32138
88501
97050
626
89355
7664
37183
37367
78275
9168
41442
34621
134
13071
80168
60509
96997
74554
58027
94829
3535
90760
86240
71416
50323
2220
41288
7853
91521
12777
97521
11944
22497
22760
55774
25773
92018
20691
39933
44011
95362
86248
96596
92340
84936
31679
48600
86043
17265
28062
4070
80504
32118
99770
22690
27092
79761
72
65438
64019
7214
89721
79787
30321
56884
9323
5658
80394
36135
63759
80381
75706
97458
11522
41377
7805
84696
72386
15074
2330
47991
45613
33535
5931
80621
71446
67850
31588
81362
43015
33566
90411
81846
98168
93966
78581
70167
48745
30922
71498
33593
12333
72314
15430
91084
79326
14591
16335
81114
94255
68042
19965
74416
98230
7512
64205
40624
15965
65529
54410
42857
83006
93973
75349
68902
49395
72672
15993
67752
57137
47524
95473
11157
30078
32978
45842
22835
58712
4448
53742
57290
43481
28647
80988
99783
55368
84512
8966
42305
17532
37920
93950
83647
93528
32300
55891
52861
75994
50161
63434
37630
56131
50489
63147
85531
85104
35030
5444
60015
66824
70087
17859
6094
40157
85704
57080
90684
14878
76690
7565
54806
69280
14441
27756
68836
29222
1481
35071
84698
38224
40355
41275
88152
97132
22873
41697
67696
89152
91535
93808
13140
32098
44759
38171
79005
80474
31322
37414
32307
57095
82199
57473
60546
32054
50016
35680
38164
52933
85149
85811
42927
57751
14319
74845
33344
20471
23106
92267
24372
41718
78996
68497
72939
50429
45951
25296
14020
83389
85901
29579
2996
34329
37756
75685
67601
19576
67083
32908
54135
56439
52448
29063
26707
96161
43436
24211
77300
66932
54282
47593
32455
45222
81966
81223
11230
54474
26178
27186
99942
45763
49806
84629
14412
95256
65521
76869
47867
95853
53352
44078
64356
13832
6008
17010
99167
92776
7022
74529
77464
79784
71080
63096
99780
24041
39330
20627
13264
60403
9138
51757
99172
61145
72995
35696
35190
21883
6136
77297
87926
67550
48376
58219
26978
5835
62549
84497
61545
69448
91574
60083
60858
46691
6869
29417
25535
26240
84129
92756
34105
92216
2391
81776
63551
99164
45517
25575
73810
2239
3222
57977
69376
81786
91238
80565
4520
71887
36937
48208
42443
30614
52183
39763
91794
15166
90315
57197
61398
84588
78078
73686
87825
45923
75107
1257
63383
86958
44907
38767
52807
85443
81714
74050
58033
76052
50048
9203
30777
48834
35246
94713
14213
49498
30267
51700
882
98118
86626
36724
67692
35685
56873
22401
862
75196
44742
42584
20999
22999
36183
4779
14226
30119
55253
87041
4229
7687
98868
61995
26782
91183
31616
72770
92925
86377
14022
65284
98586
33501
53395
75230
46149
97204
13418
15219
64074
81703
5901
44024
59176
19644
76381
34334
35661
96481
47706
94605
80800
69332
44569
63255
78431
23851
25461
98865
79905
31615
66683
9450
66598
51630
3545
17022
59133
96650
62718
66226
6593
66986
64462
96541
74758
32790
79468
54754
24674
50542
15587
12567
26254
51446
81229
38027
36925
24432
46155
23865
76634
81608
41454
81879
27108
33682
74493
29418
92659
39832
24374
33751
70695
10857
24956
39652
8545
12939
25335
65599
4354
14158
81190
5965
98087
1765
96513
22240
25041
86038
15987
41072
87262
51298
18689
89316
82514
72033
19908
69021
43773
66626
41485
14858
79635
7102
72053
30491
79159
77014
2371
92843
68291
98453
22076
93476
56325
68154
56642
13959
39245
69552
82186
59843
3785
67149
81609
24756
4808
89237
29858
43554
32240
88565
5381
40487
84911
66644
20879
39826
13273
79295
28336
86955
91915
64165
46941
68669
29598
42913
88001
92528
57961
36120
52505
62796
15404
18383
56833
18428
8810
82770
49498
858
27916
14280
48327
7873
81611
69830
10585
53230
76924
94897
54417
29457
26378
26142
79915
8001
53265
60542
30041
18707
13901
1216
34300
90710
9525
24600
73215
66550
49366
31010
57284
78018
28539
1565
34142
9179
90157
11312
15564
98183
89373
49740
18376
25109
77595
13028
79407
70260
68307
86749
62573
65536
7388
11931
3350
56577
29054
24558
78094
67192
69140
53098
2626
13989
44914
62794
56816
87952
53933
20198
80329
90840
2381
28360
84657
28055
52779
19202
56396
45225
93080
53411
79769
20620
29640
50866
48809
43277
67262
48297
20979
25178
28300
10233
23216
50182
69693
4944
30475
88033
56089
71459
20721
62181
46150
49304
12796
20106
47507
40458
36389
31998
66298
26438
8592
11264
85649
16031
50496
91513
79422
21833
62766
85434
11531
79026
38186
79280
4640
204
37219
65864
46354
66689
32451
88963
29828
25479
65465
66399
40924
24083
34605
91469
70621
14787
80274
37752
38228
98007
15294
80930
82648
37209
89623
23749
53045
92923
59596
19320
28367
47592
77805
62712
80140
60729
69818
85090
46026
37900
54331
73018
23565
49854
91273
69024
34292
50454
12138
23572
33971
91807
98267
73018
90751
15786
54489
92122
94577
29223
57231
23091
17116
50727
35069
5003
70480
11113
63018
3016
11169
75247
77820
38872
21882
61841
67069
92458
95837
93647
26797
90632
8961
33831
44662
32532
75355
16471
59242
22440
24806
75923
71351
56479
51255
74866
27546
19852
45875
22595
96301
26764
8356
63649
68620
47621
40708
4035
43009
8050
80656
39879
3770
93187
25905
34359
72681
33026
31093
67152
75388
9445
91094
27831
14554
42347
41634
30118
61910
99546
24923
68027
37436
55620
7796
36019
92907
19781
37439
36630
51859
26962
55692
15661
36333
38790
39864
7918
47261
94934
37820
77267
56099
74958
38300
81774
36348
5203
18264
74477
942
65193
42290
40265
29921
97085
95789
82819
76100
43440
83254
58208
69807
92365
41273
86644
97917
9117
58474
51300
87251
44041
189
85297
60100
34022
25779
91690
41799
23052
43371
43426
85216
820
88182
37869
40726
683
78528
31965
87768
59989
49424
73586
44386
56873
45914
97535
27683
27243
75659
69450
81158
29451
73904
76058
27847
7968
96718
44801
43248
19137
12820
77821
73550
83581
86975
91205
75132
5405
19694
88616
1840
31250
23939
97613
78930
28573
68304
57601
8997
3513
24349
35645
65303
9542
33281
11452
12802
71332
89120
92436
80842
96838
64743
582
52750
58167
6225
25755
27531
65214
89606
40148
79557
28883
39861
97577
85196
8318
22015
98404
51490
94660
54149
19003
61092
15673
29609
13746
70803
51804
14153
64091
69299
11311
49745
86103
54339
254
26650
20151
10430
4332
1641
26622
84019
67655
51625
94530
99455
24690
72222
32446
54679
44842
38349
53399
7885
72622
30606
26939
83242
21489
52830
8714
90160
69661
61939
84443
63965
14651
99774
53043
23317
72809
80194
92299
61887
70651
93706
35882
9394
58269
36206
89532
62410
90569
67868
69781
23511
94037
63011
20337
58743
23890
51605
99253
96458
32030
5533
34954
87153
99914
34887
11378
70396
12405
21008
44491
41210
53274
73288
30977
57174
27700
46990
27744
54652
7114
89415
17505
7840
46186
71376
72869
68571
60347
54040
15211
52988
73408
85176
61829
99750
25125
42461
27341
88741
50670
20256
61850
50661
8604
46008
9929
86911
60998
84372
68654
49503
80859
81668
24867
4282
35298
18881
27376
31079
91788
68578
36727
42002
53682
16624
74039
80909
39587
59563
98537
15728
61457
11112
212
5319
36514
64654
80560
51198
40056
63039
70846
91167
65267
14416
12688
84247
38506
94970
76738
70261
81902
46655
36329
54905
77426
57747
4004
88361
14197
35489
81022
62501
81021
29259
39782
37676
10853
37091
74039
26048
76435
20654
69016
58083
46529
87841
23657
21860
38214
39657
86076
40402
50226
89887
12525
55331
26920
18264
14378
39872
85801
3660
43988
9526
71752
216
73480
4981
34117
53690
75305
39180
29283
93110
8130
71263
23212
88541
92299
57213
33275
92218
68854
67202
34215
97639
79956
81360
36865
73523
80085
39864
46593
94964
59770
76279
47574
10201
25314
95395
24609
66987
32494
20224
77060
38746
83105
86260
74281
37598
55463
19102
83713
32678
80937
51208
59864
72442
79624
81298
16011
11053
74540
43194
69988
10413
51907
12828
96578
17163
16672
29497
31449
89489
51028
95055
152
79164
8795
39398
5852
27971
24003
86814
78380
25111
22243
60268
12003
36191
36607
26585
19048
55752
95370
54532
57931
19901
78463
65014
45888
56228
75310
41916
45595
46619
57355
15931
90206
76840
9487
20506
11551
4581
99238
31068
49286
67868
65578
11772
8235
98772
55439
43991
26513
48663
29353
2035
1305
33079
45879
79707
56704
35514
56124
91985
96429
3447
66802
21690
29886
54679
56232
81484
60500
94370
34943
54951
36926
8687
11740
82788
64339
99928
53142
86350
34130
70513
64919
23533