63815
79077
55182
23474
88381
38958
67647
36150
51135
13256
13910
23734
85758
63565
91386
58828
37067
69741
29343
54472
21776
69618
75746
16682
350
30471
53368
53898
70046
2827
59383
16373
95031
43661
29283
9841
61979
65327
46047
25280
12451
41576
35413
31157
64666
52039
10461
42986
85685
23310
79936
83988
39474
19464
67915
13608
60886
57149
3367
43536
37323
43276
88224
39624
33097
56060
94178
56660
18344
78647
69796
95700
52814
75258
97897
49182
93855
46131
84648
83717
24925
95499
58680
56418
40974
72049
11651
81107
18858
87856
90749
24046
9115
56469
58839
15418
5804
29966
16220
21760
98000
23472
57191
20401
57656
87092
9461
42628
94780
7132
73866
71556
75994
17136
12599
32451
28757
62598
80526
40683
31660
5104
87266
72078
74283
7809
31277
13204
93188
81214
41568
68629
90401
4134
66105
24531
13542
77249
60484
93401
28889
87787
94819
47383
3473
95359
62119
3975
64960
45881
82668
32038
75147
43742
89820
51200
97033
73022
94304
91961
20806
27410
5755
22945
91547
62529
88101
48261
84028
55447
44651
90013
17306
50846
1213
48226
58436
79875
42531
35640
91589
31008
35567
62948
34656
42213
86075
15930
77989
29642
74697
29008
48426
61399
32688
62748
60098
13874
45937
56642
37647
57259
54626
98196
32429
34212
26888
76718
55355
86443
15317
15586
16841
15140
47045
72738
93093
57139
75523
42128
36077
23447
25414
77352
89073
24811
78801
99810
40655
64055
61509
15654
38216
66274
551
67336
53856
2068
88781
1764
59220
8777
14007
79189
14029
73129
85330
69894
20605
61076
22797
94086
5274
48011
85782
55123
42724
66613
12872
53290
45509
25104
19663
69688
16926
20030
97661
68039
83262
45493
43036
92945
24847
76744
16115
28602
84224
78258
96003
5566
10445
9828
67904
16758
93842
20186
93397
64649
53949
38113
27436
93979
25055
4387
9921
54876
45112
61684
81762
59954
37342
83761
89850
48973
53203
64888
22763
23361
55626
27498
10302
55743
99264
89978
93807
28696
64113
22192
37861
74565
15560
180
92464
55763
42344
59690
38690
68397
33683
51380
24189
17984
93649
78645
61977
18170
86860
44895
28077
62209
38197
10999
89693
61976
4923
41690
84766
84369
92197
95359
50691
15929
2819
96188
66740
66066
71815
11888
37753
861
5288
16851
95293
854
35818
71227
37458
86462
76308
71519
62143
66272
71233
88152
26979
99452
89685
64173
27514
2120
4288
57470
59067
12855
57393
2081
93217
68335
52331
73353
7457
36056
13297
6816
48954
52630
61953
15237
85272
13608
32882
3066
7703
14792
67941
71827
68624
98209
87494
31957
331
21019
75587
24001
52025
6731
47205
22919
81239
31120
45222
83458
54538
7784
68906
88119
51046
99978
40369
85914
50814
94318
50224
7126
87903
65593
27510
64123
75542
70854
97614
71374
60898
62856
77955
21658
2992
35799
80010
53192
84972
9875
74908
15737
26428
38289
76802
85966
63728
30277
45488
45943
82334
16529
17541
33230
14757
4937
807
91174
71091
39359
8875
65424
58423
99462
32831
64542
95953
58974
42329
94722
10977
97050
43849
9328
77666
57410
4325
66941
95862
16526
66960
49060
36472
16924
94797
93813
94862
49373
101
33197
74586
12473
30138
79104
99145
50510
31201
77070
54215
92811
11469
41238
43316
97552
6298
1922
51470
86060
61941
16006
47498
94007
65452
38518
13927
92603
20538
68648
91514
95386
32204
73686
41492
51279
95693
69999
73815
43613
38339
13135
57885
51677
15854
36166
13128
83994
61790
1949
31938
50500
64397
15638
61691
71289
13893
283
97721
84320
60905
25062
79453
85822
27838
88181
35373
59181
71660
60818
24922
11168
14895
38417
65529
24224
87087
16934
62749
77149
38815
88253
65893
97475
55412
75022
36366
96083
6117
23961
73249
88624
56012
73629
36377
43996
42917
97822
50135
78030
48810
80507
50563
82094
54084
27978
86560
8506
13827
41498
66193
19321
68147
32561
74320
79091
62226
99370
16703
87600
62574
85890
93639
44650
91552
34095
34460
46575
83854
70025
53308
66779
60587
86094
80522
66898
461
31154
68223
7401
89446
3140
63672
83035
21320
55675
58158
68954
93423
19174
31951
11715
47974
31325
96644
59750
10977
27370
94761
79656
49394
73603
34346
349
10555
42466
26570
81595
30102
16682
15317
28195
25238
23438
11591
77192
62017
40301
57834
99098
35624
89266
61229
31767
77415
17926
46439
51990
17987
64576
37752
45728
86547
38790
47891
40959
3803
31791
34945
42344
46194
43271
68756
86519
5122
15687
7504
93381
63216
59746
58850
81609
25059
90987
31486
57257
72064
95684
48257
48333
17768
21313
28042
91750
17726
57485
88816
42834
73792
35254
24643
3767
8620
43022
6961
86545
94653
87999
50837
44982
43604
38733
26758
65283
24372
9660
33548
66558
25916
85455
41265
78778
44840
25920
14574
70458
15353
38955
53169
58966
49104
9907
29904
92385
48811
56987
20561
36201
59914
80584
79200
18609
52450
76379
6434
14194
19334
93787
65302
95609
69464
39404
39664
74022
30535
9247
1404
28490
45174
1665
98034
39267
10834
65570
42710
36512
97338
12501
12284
80989
83344
87939
1058
68676
37836
47378
45849
51324
65867
24918
5752
78422
778
69849
79156
12410
92062
77894
12915
4817
74150
97255
61252
92585
58623
87856
53131
95779
14680
4952
81989
36117
26967
90964
83191
58397
1879
45800
49459
77035
421
68142
23254
40806
63214
63776
59504
18097
34094
60499
41196
90508
96635
47236
89618
20889
57884
76594
36022
48943
57013
89730
40604
58390
61421
62898
49284
24762
60925
96998
59338
94990
40475
32640
80512
91272
88634
80386
81055
46588
40288
57144
98639
54948
86155
75055
74050
86698
43333
9280
28473
24465
70868
74024
89193
94012
31984
51673
65826
86133
35607
2289
40933
16164
72973
93356
9296
24051
49523
83461
48898
23008
61216
66762
36259
24667
12328
11007
73638
94740
98111
87810
82848
40783
82760
7971
22054
21325
93226
25824
76434
81104
44689
29745
53549
30220
72877
82894
29840
7737
82509
4748
6831
94843
90780
57935
95812
78683
79770
76295
25125
10343
77222
36392
22710
95119
81387
2880
15060
41675
58331
86157
83196
10647
84894
31457
47414
73613
58971
44983
65183
95435
46045
89473
55524
4143
60518
15466
35633
30449
26098
92584
23920
96294
3153
30401
92906
23428
36784
2295
57421
95131
73689
32850
76746
39284
18965
32324
17510
98108
91876
5743
29109
25021
59488
48273
34584
41864
38186
15401
71999
87890
81592
89337
85931
95375
89293
77409
93908
45350
63963
62684
79565
75279
97959
33303
70031
41639
96517
99392
59073
1831
59751
16095
18168
78271
33329
96985
59794
81510
89778
29312
3610
50733
89898
12226
48167
31226
1112
48798
66864
65113
28518
21822
51560
60374
36078
19644
90607
79100
18711
10121
90851
29424
17165
35739
36316
57289
50171
32195
98386
54248
15466
9530
66758
10480
28707
47423
9072
11554
87264
6879
98997
38861
79272
964
77844
55220
56443
46693
47766
81922
5736
23144
5948
73063
40944
47329
82745
54511
3816
8935
10108
91752
81183
64058
94415
37052
24290
44833
65515
42589
6758
74452
89552
91838
64887
60702
52523
23588
71232
77817
98670
73255
33563
44362
71928
72953
53759
65075
49644
7439
35639
62748
37090
28450
12684
73111
2725
33606
76557
29789
96970
28358
76673
54651
21588
45071
86134
32972
51074
81055
61175
60779
59925
3491
7022
89862
40770
90156
40780
20099
96126
43982
80587
41586
28300
61647
18231
83441
98817
72502
42431
54298
24885
17347
27052
98505
98093
98121
40136
34227
45568
75223
37534
23322
44994
34894
37093
69534
48356
77056
17799
26124
44468
38487
55120
16493
67865
19510
65904
22695
90626
1239
61513
98440
53398
96863
66649
84239
79100
39909
909
45472
76275
9542
1515
25979
98113
98461
50319
68211
69988
97275
10290
56660
79564
16751
23008
2033
9968
80655
95799
26291
77621
25517
62833
85073
30406
34586
12221
13346
94936
5985
95095
81594
62562
53023
82957
20070
53699
66771
5465
60140
46714
89314
51067
3553
15685
39821
29261
20372
81461
54082
40838
21167
19375
67102
68422
72826
8917
60826
73364
75470
31765
16418
88579
18217
60323
71019
99171
78891
48833
80897
38105
97327
72399
36514
24806
30416
60998
23627
15710
19757
13338
56724
48761
92319
40259
58166
86748
67227
616
55257
97606
42496
13526
52756
77267
47222
41117
4851
921
11014
16169
30423
71700
25567
18388
53063
26291
92900
83185
86159
24687
78357
60095
47487
81265
74375
82930
54778
71809
47946
68715
64189
22117
23598
78969
91871
44749
41247
74879
82528
44574
59045
67665
7840
54573
9359
65932
39259
28739
7700
69361
98325
89107
37676
30748
52435
50096
14570
81805
87706
37381
82496
11331
70056
41828
5412
80735
72040
7627
46749
37432
90925
97404
4571
16038
23104
86867
92159
63264
2050
78245
42238
26567
49421
51526
63973
44691
78887
12762
82025
84745
10996
42542
43742
86434
39280
69437
30719
18113
46983
28745
94619
95766
4307
2657
74798
13360
43878
5076
93000
59788
48796
8350
37941
94394
79146
28690
38069
47311
90746
48192
83897
99109
76919
61022
89869
65791
44678
63767
50905
45646
20886
1803
58609
77467
34037
28938
90553
17037
1879
61764
85820
37759
10865
6113
25703
680
68855
50987
71257
74147
57859
94765
83652
32581
92390
55261
3127
67412
3088
99013
46255
40899
50898
95594
20551
22934
81706
34945
3560
21675
97342
42063
35779
24551
74079
87588
68498
13118
71565
80706
28412
66532
80686
108
87539
39539
45832
69457
75708
51375
91645
99600
66135
20399
22043
95948
77409
63601
81106
35729
51462
75568
29168
99419
17193
98070
92095
64097
9689
2250
15159
49009
45643
67389
40496
7330
17832
62387
21636
60180
96221
44699
13371
81963
99671
35262
82882
54260
1560
52161
26419
83590
34301
13981
9413
77006
48181
35864
94902
81863
38587
5176
15614
47904
47417
20602
15248
65984
5024
42797
23029
52255
11648
22955
15149
270
82570
27373
37827
22794
48884
4494
5108
42664
99835
98395
32830
41026
10082
84257
2726
43834
60987
84502
48673
5383
15866
51285
73387
6618
40719
28939
75249
48488
61226
79857
15907
28380
69827
15330
90946
69686
48698
76484
71625
20963
11439
72471
799
8667
30579
85168
39987
83364
6588
16008
70404
87324
70493
66824
14937
49811
39781
37244
79904
16736
67218
23836
21429
72631
23021
66325
19547
39704
15223
24975
54933
13976
5200
7813
78994
80507
52352
44784
54740
83747
92089
9526
19487
88882
34328
58131
29317
49681
95178
75835
74901
44072
70045
78033
82990
27793
83620
58735
53
90261
58117
17536
92222
69996
86809
82246
82302
52184
22409
81791
74952
6974
81841
37316
23162
93959
17915
48821
47710
76610
1145
57042
98859
41185
55929
90796
59298
57211
44926
67609
89382
71345
74617
45539
30240
51250
45500
63251
88923
93225
42544
59624
24814
82548
94381
70471
13788
45837
28661
16486
24623
3984
25250
1851
8028
82899
83768
45299
85337
55532
61669
14016
48940
86330
55055
73391
79930
14231
97982
4056
62913
35063
52182
34182
75462
97411
70783
89189
13913
72169
78073
52910
1448
81173
49451
61373
83583
22138
58409
46881
45592
54015
91553
93758
48558
34654
12909
35091
8102
66746
85777
33326
19920
60422
79449
46998
18184
90108
94313
20027
20021
32193
19683
9698
9001
28733
23550
64036
84551
59174
75046
10983
94307
1029
9825
34848
37648
3414
75616
48102
14491
71387
51935
70148
78526
10756
58006
32236
39099
51733
84154
49505
47128
91842
50598
58131
97687
30552
78759
29113
91670
64170
44455
66167
73340
43427
39274
37855
35990
32295
36989
38228
44768
12430
45288
80699
34149
87543
31493
91475
3511
62131
93284
91065
52617
53453
66065
39232
74761
70080
85350
82533
43809
38843
34502
41692
593
62025
58222
21711
95487
8314
79791
28769
38338
83398
96920
85164
93166
87045
21926
89261
55101
12815
70869
6818
63694
36816
72598
56791
91094
57764
64503
38664
69678
72603
69316
78982
42677
55779
76105
92183
79454
55382
80127
30027
2759
87355
38138
53804
7562
7592
88941
48881
7111
99055
22389
46652
58983
67662
24429
44304
27936
56478
23377
88203
8189
4911
13197
66039
58876
43137
14768
50578
15910
13053
1987
93120
17592
116
43105
30025
95292
44843
35748
78572
31575
93565
43165
49173
51769
43988
92534
34526
31338
68027
3959
78870
24046
71294
85973
7628
35950
44506
73988
46645
83828
89019
41060
25263
68478
72339
37778
36328
23529
54140
89851
58171
88303
76830
38717
87357
36822
59245
19579
1751
7880
91749
2832
45297
84216
56315
64555
89283
37376
67856
16432
95270
43184
48835
30768
56224
75043
76547
21568
42931
72901
85559
32139
86190
98067
12180
45957
31482
10550
27733
34446
32229
27296
76169
37795
38737
94230
44211
62472
86590
86544
21667
60849
22780
47835
8619
61168
30602
29125
23721
20150
39618
80487
79074
21537
91397
23470
29183
13699
82732
4258
93892
40497
87568
80904
75169
34041
26245
53590
96837
75726
20658
86876
96974
1731
17644
21771
90717
27544
32915
43974
48090
86441
63073
8986
99325
93698
89139
23612
34475
83384
44602
71195
59856
94664
25323
13182
59848
39865
8542
76555
29467
38224
50440
82071
11619
51735
43605
12109
59182
46862
22235
64758
62282
72039
30677
1968
35759
47775
98375
66345
5946
25625
73430
4480
57264
86516
17901
15956
64302
84825
58584
19386
47440
77599
43345
33564
61788
34041
17007
83029
44544
48023
57422
10871
50493
28489
69403
50106
981
75901
22225
87402
91236
65789
80750
49540
36879
90467
10463
69532
12224
91340
13244
93724
9144
97463
55324
24368
80100
57383
38870
99251
34817
62912
87958
76018
91353
3749
61940
92176
24215
96468
39871
56265
84605
95851
18621
93633
23784
64847
11629
9119
78780
97433
83167
81957
41881
83122
87491
18616
52401
73977
13956
96329
86450
74540
99268
5414
480
35848
63215
75318
16594
66273
12743
922
71793
44482
10028
15653
86986
42941
78791
70465
76332
19660
39109
36549
93705
16088
59978
7275
85229
27629
75679
28902
34289
87777
5332
89260
42876
67802
56432
73725
21066
57684
27156
40058
78693
37215
24786
54834
20246
71121
25925
65190
52784
48836
81946
81575
74486
29754
20115
40862
68467
7611
56477
28940
2076
44194
56988
34800
47827
72454
97586
43180
78474
86493
27576
68780
84712
29186
18497
30467
39577
64097
82919
89203
36510
95489
62914
91434
49676
40927
11513
19176
58144
46298
99298
15683
71057
41696
7563
55201
38289
15086
85541
66538
54114
94286
50471
33693
15214
7831
97926
54621
93604
36845
68336
87772
24943
63646
30715
31902
1086
33064
21805
58227
58768
12884
38608
60860
94945
23375
2091
14095
7325
53271
74670
69195
68110
51139
43765
64241
16434
33833
91248
48992
19863
75792
96938
59928
10278
28709
94653
73063
69119
63866
75690
85203
27328
71808
21631
80023
5401
39453
34935
99591
75666
3017
11946
44870
45441
5816
27972
54982
42949
77052
76045
72938
93162
36695
37132
90777
34473
98045
32646
69298
84410
51635
54951
79651
36308
76840
76099
17481
80030
48821
95163
48618
15081
18599
17790
63574
92375
50705
22002
94150
9643
5250
87885
54266
48939
62426
43212
42686
40001
8466
379
10076
69829
54385
1226
91701
46788
66013
92789
88664
86372
66841
92993
87155
51840
92367
36455
13583
33332
95753
63633
53211
14907
72417
56357
3726
24861
63775
2376
65610
82522
21960
75065
29532
56209
76149
35232
63524
94474
14329
28378
13788
64517
2540
34591
85500
60929
78525
32550
33571
96071
38815
74542
13427
94657
59756
96580
23294
40207
60465
53547
85522
71837
81404
40032
84283
13308
6977
51148
56191
67086
19040
77937
32729
7089
43526
4833
61181
78649
23887
77263
98702
4812
47778
41082
53944
40319
70339
29122
88870
11437
59768
20478
38971
78798
97400
62855
51111
9342
97650
65207
74123
19530
6128
91332
25705
84767
7135
867
279
14638
96101
8037
32186
62847
30636
63424
26529
40203
9859
49948
25217
37641
66330
80146
39193
23039
55319
45231
98913
39548
48883
94311
2346
5944
50321
6561
63483
92587
17509
49593
66347
39669
93341
11288
31697
74871
89261
45900
75209
99435
33510
2950
43626
21564
31797
37686
3782
27818
60734
29029
62164
29548
47772
32103
95622
26137
29751
20787
97931
33554
96913
74828
49915
14932
15387
77034
33640
3281
826
82258
85681
42901
91994
30101
67580
85797
39595
5245
97293
79077
33122
29585
48331
99407
61219
65159
26828
44632
82357
69365
47615
6219
55267
74564
84249
10058
36302
66290
2171
42874
15859
72215
60800
81950
63265
88314
41245
12293
46080
82464
96273
45492
96796
33628
28227
90964
84536
22501
74278
47907
58686
6757
62231
20555
12003
10353
15079
75779
22845
97995
49404
45072
25784
74948
79360
85191
68448
82422
63107
11396
83674
91587
1569
53828
83256
4558
5050
97226
17152
10674
59493
50828
20155
1617
17812
85239
83377
45383
25437
19550
55392
44850
51324
94631
83182
62573
54661
32206
23113
68584
22573
24530
94963
29381
43228
76819
29240
9918
65042
5899
68961
18684
98383
18879
52971
9941
1294
90813
20687
13584
11198
28973
22102
30778
41790
13701
95303
38567
42968
82260
27505
50276
89048
91944
93180
86956
45238
85395
81616
79805
17049
13078
27884
63622
71420
62214
68815
52929
4384
17362
89421
77502
88968
59587
43835
65755
43480
20249
39377
47594
44484
62154
30376
91175
85606
7930
15349
51966
46573
32507
82433
12659
55024
4158
5823
1428
66312
4080
67940
71238
93968
68836
88129
6505
90361
54018
16200
69063
93458
15550
30861
76679
61357
4198
1467
45614
35398
23036
46123
87362
9540
18063
35236
84324
64140
27547
27146
53960
21056
30177
42725
95278
15143
14789
56611
34541
13687
82110
91550
96600
95792
49168
56804
29344
6754
1687
19170
24329
71063
48338
92405
53259
90302
37224
52520
27939
89916
53854
19782
76864
9518
4195
98013
78619
6655
53592
35993
30194
3517
53550
90853
46878
95634
86903
60565
53858
91309
32044
32034
3418
32327
30249
29843
29367
15803
51461
73042
87347
51639
34912
13426
65056
15207
67015
73028
24652
5469
78103
32100
13367
28636
19894
38451
78203
85670
39501
35117
12619
54379
20949
68032
4275
41332
74389
88772
77341
49554
76532
71330
60542
38052
22613
11709
59828
72070
47049
69061
9337
29586
76669
11737
93078
82440
22119
21485
98208
82763
24609
51357
83950
73514
23845
26709
4129
99030
29485
79229
17733
71478
57209
61060
1774
30678
86983
53670
51124
45239
34791
29355
90335
30183
4830
31429
32258
19664
95068
89484
36109
1881
43990
39267
37139
77373
69110
28701
89038
29223
67659
25400
39894
75609
12627
58872
89469
47857
48436
86555
34859
51642
68310
93031
24707
69484
1129
70298
37436
24699
94043
1021
9120
42244
763
90992
95448
44821
56680
96334
65764
76453
13802
20496
15911
35822
253
49429
49878
58681
48018
57863
43283
99279
31
22118
2776
32855
59274
74744
48029
27977
17076
27041
93882
39579
94594
69276
57879
26633
12108
30560
84735
17551
27338
76319
61655
54743
59902
84412
20292
60927
95057
82780
51187
44434
86600
17872
60286
84259
72184
58493
84641
97867
3910
8393
84289
67993
50423
27475
89664
13488
91695
94441
97693
68338
66854
68196
18547
55682
43885
89210
67855
65497
83882
36556
13619
55560
85314
40842
73203
53921
79346
32381
65335
73940
41344
95549
36278
4918
52849
75631
33901
28237
53739
55816
61362
9359
42677
95495
91320
2476
35762
18092
56023
69448
95914
33397
49928
70627
16574
45432
94210
44168
52796
22353
73135
86666
68185
72298
93905
89842
12528
39075
45609
51428
6119
28409
2808
77053
57755
2565
20637
49024
34078
98736
40355
16363
65121
66411
29425
99132
71354
43427
21492
49559
66658
22639
79298
56562
85079
10875
62971
48173
58012
25984
17585
71729
37573
8703
88255
35768
31633
90819
15836
86095
14945
32248
67134
85390
68133
33176
44456
88596
9632
31641
84292
97359
62350
44406
95910
38318
34003
63646
73954
28523
23393
3865
11003
65509
85769
76421
45660
99073
19804
47367
69368
84439
30119
59319
56264
70519
27634
17143
81708
69460
5897
21180
25447
2868
31172
97023
9356
95826
18005
20885
50842
7240
47340
37542
77191
78615
11158
98898
26088
86131
52181
64959
96987
62641
18225
7464
84693
1201
14797
83789
74108
92713
31408
872
79539
47388
21789
4008
39638
18509
92395
59060
23692
74291
34534
85792
14849
88640
48020
39062
84227
78801
96775
21172
6623
81374
66876
71446
11128
78379
56067
84393
42961
68403
21708
75727
27826
99158
43151
30642
61250
16020
45512
76632
21992
12289
23647
69163
44040
29661
9599
23973
74214
68265
80758
33801
61605
34254
81260
2201
69807
25402
15440
47480
74787
24732
34956
71737
9823
901
69614
81722
66528
6720
5158
86131
72998
43019
19588
4049
9374
89512
67033
2082
16890
10330
21369
75478
19633
65461
72825
60516
76424
28590
20446
75978
67457
55335
39011
1428
57740
25226
54884
27450
89183
18209
10552
31839
10804
75615
48826
93017
73822
68552
18308
70004
10586
92544
22099
32236
31199
45225
77408
2073
8266
69710
16377
34796
66747
34280
26697
21958
69137
75376
63484
13679
3709
55710
55289
22310
68028
62124
32101
18915
34043
9384
98356
99411
78149
40032
89457
3971
53799
19350
67771
58081
75931
10996
67245
95024
14102
99347
61153
75596
29225
45563
67490
88517
39244
61188
21180
9115
24623
84590
8264
5282
89697
59301
53990
87794
37327
8802
12948
29041
76442
66409
95548
16462
20855
49045
90356
79840
14700
63850
20254
78558
73187
26822
71450
8998
78822
37712
70536
9429
92122
51762
40634
3939
53038
13878
34539
80411
87867
5427
80588
53727
7386
69813
14408
29321
60318
933
17415
75996
62779
92257
95257
23819
80239
78580
21151
6606
48072
8093
49633
3298
12771
90423
99506
70001
45775
82149
85535
13955
35315
26806
69673
69309
63510
1083
35
54168
11063
46774
10779
66326
72701
48142
88022
60111
60707
53853
62354
9756
74158
87515
7770
22005
15529
3524
22584
1699
40729
90831
81501
8570
32012
2860
83091
31443
29714
33245
53187
36175
30799
80378
1908
62869
11400
30222
85354
10099
49283
97619
71544
13553
54405
74134
69850
80191
47752
3145
8914
59503
56310
26952
79396
38537
33815
55653
91508
88840
83174
57701
80576
46263
78991
39211
90568
70607
48502
90970
47181
10352
27805
86719
91457
31797
4671
77111
65512
15202
30212
86716
43275
46074
57710
85668
82659
68404
37893
33580
91473
7376
73457
26469
68253
67080
51016
72480
4585
2905
38303
41605
84283
39998
37570
76753
90539
65578
58857
85808
96730
718
27797
83871
1106
85375
59477
54890
65189
43924
5801
47914
70691
12110
35538
42033
86367
23608
83459
25693
99866
8483
19900
39154
82960
83918
18245
11520
23421
74752
47963
99401
20906
3543
81012
61273
18957
28937
57128
35367
26357
38396
21807
75491
43840
48782
92596
68247
99751
26643
87884
26534
25000
6211
19866
36053
71238
39592
79986
17348
10352
19191
82001
73340
27315
51302
64735
13176
49962
8968
23185
30983
61277
36297
32966
93419
67830
3941
42673
579
67709
74776
6451
56646
56149
92905
32258
95765
28468
56279
57736
17976
46002
81222
23679
39766
38640
3608
46786
26821
21123
81615
46236
69373
29929
11354
41967
96000
22662
40293
22811
39872
36272
24373
8381
51468
22843
53517
49414
88889
93783
34810
50403
39972
20118
94393
80668
86295
52273
4922
81938
36586
27733
42769
78806
99627
78220
54799
34589
66084
23561
99576
51268
62836
22827
81055
87463
43767
49006
68294
13638
85776
84124
62021
42158
73267
14866
83476
47654
27673
30571
22917
25599
73019
68397
17769
78388
10142
90502
34623
25310
48457
61188
78184
88616
98516
86915
82929
26331
75347
26005
90589
65141
93542
70019
930
2916
65208
79871
46355
68766
93928
21381
96111
87442
83056
54932
63331
99406
37853
69557
17045
26918
53588
31414
85495
75160
64781
20419
1995
13880
44054
13743
56797
1371
38697
89516
89361
89825
32474
51313
76487
57794
51597
7352
68826
40550
70051
80914
36588
55761
11864
1653
35318
18829
68427
28755
68589
3027
38194
7842
76760
39662
70071
68115
31734
85450
44297
7550
83965
22904
67979
85290
31176
22515
76317
28487
93326
91677
84358
97030
20298
51110
55446
74312
95535
21442
77400
76193
37933
35384
7874
3462
23515
7991
69821
31246
14015
80583
89049
32882
43945
60866
88461
71432
21521
14615
88971
89789
81656
27718
77013
69053
13878
83780
47651
59833
35204
2041
92044
26059
47888
21566
20836
23325
52628
32286
14501
98785
24370
23423
85062
75999
56934
96262
95307
5670
93445
1378
15188
49485
19814
60550
69170
32152
32520
57713
95188
23289
60601
76372
80391
84178
81753
91680
73340
74846
8613
79378
4338
35853
88434
90120
6023
8481
49585
97771
53163
11479
88186
65087
55455
59398
96456
81166
73524
23193
15020
45657
8272
97181
6704
6046
90216
42794
25187
8953
72848
40244
33260
34041
22352
57924
53346
18395
25907
48920
92495
39485
10586
38112
8534
45115
32624
1878
73187
95013
96864
87512
58469
22433
99703
70423
76080
90494
40600
90237
46895
32934
69498
80038
50523
31018
55210
63907
77994
74530
40580
86763
78240
9465
51859
59439
7434
87148
37894
45819
46349
13526
48820
16737
91409
26071
63129
416
66909
37733
74372
75435
10770
6839
44989
38498
79541
96539
16596
43182
74170
53170
3833
19524
97130
42182
26461
343
288
87243
33621
74334
4542
60279
9572
39504
42995
69025
88805
72590
67006
26036
20148
71736
77175
57021
5541
55330
11766
9872
12567
99563
40453
91254
47828
22237
38734
98551
94149
35295
47234
24722
12041
79100
54488
56096
81877
89789
5955
7604
46494
46002
30057
79814
36212
20838
3907
97460
92944
38164
94633
40201
34933
70017
1788
69107
8296
71939
27189
3155
14237
30929
68319
92083
66835
43828
3284
40578
60795
9783
90202
2346
96262
5237
84245
50899
8364
90045
60911
67545
20192
48093
57598
46301
40014
97861
75899
90873
91387
49954
21628
87083
1132
1796
58227
45268
43187
90819
39289
74088
60441
50707
53559
42286
32556
28377
30152
93811
13549
58717
69660
19366
24428
14936
99512
81755
34770
94765
92789
31193
26018
43443
10753
55030
15578
15656
84307
19682
20534
70280
99657
89337
14146
5938
10343
54911
81158
84235
74638
97210
26294
21056
94002
31502
5320
8449
76868
60868
94640
3993
87418
86787
72245
76816
20586
91053
53424
70213
50702
56378
34437
66220
98866
18588
75390
10592
63390
42266
61323
59986
65496
2825
71614
24534
12782
64489
62234
73430
51015
9061
94951
77947
2033
98921
59596
59435
13365
33384
94457
56646
43544
18708
53206
25826
1630
20372
13435
24042
34444
72033
66455
11097
7535
55780
84607
82257
76007
77047
48337
77229
54024
47771
68139
25503
78643
37751
64269
39527
48848
40935
17003
41874
86463
79123
24887
71052
73380
26849
28770
15104
14731
83465
16140
34756
47840
45756
21549
86145
47749
26596
67857
25441
15326
54679
75914
36742
32
49452
46330
7724
82219
42843
13289
71562
19849
44803
12313
42607
22473
36979
21833
30595
61360
99757
51055
20998
12309
84214
7647
49234
9906
9725
89328
45035
22446
9494
7737
11463
13701
83852
48380
41975
56901
54311
36720
8780
47548
97217
85874
99733
68043
54159
42707
92396
35415
32005
85525
3060
13219
77901
18476
35466
34492
93015
33422
94412
82272
93762
65663
36942
48784
58524
84000
5302
81847
64088
53616
13981
51157
52831
87237
62238
56025
49261
4758
12701
21251
53333
92789
25018
70389
83545
40135
75439
6041
56445
9039
93727
89726
69865
62424
54813
39226
18776
47310
44378
46380
96075
49430
51156
39811
53725
8647
84014
77161
62885
8934
74483
66777
55868
40759
12273
88214
30828
36759
88731
66800
76152
92009
21260
53585
26358
42737
78169
43653
81385
90262
60491
83272
94567
65445
14768
13335
34280
67375
12312
16194
26677
16801
29319
95374
61205
87697
32132
43151
53841
49438
65657
27607
52452
92587
45018
33208
64533
49208
13292
18809
68703
11754
84506
99045
68437
19205
1234
55970
63149
27369
81717
12012
89507
14715
74221
40921
69424
47903
25345
31408
87943
70499
55342
87922
37493
3130
95385
40237
77837
96854
66307
87636
88193
49363
73622
80997
74176
69321
19878
34244
89259
29098
11279
15977
90603
4008
75444
86623
52100
44355
16132
60831
31117
7714
54242
55023
84830
99243
15380
20729
54791
51432
80154
77651
58943
56880
91330
63702
23831
12407
40853
17162
71165
26964
34097
74307
28090
3060
92157
60193
90827
46534
46399
5540
67448
24634
34504
65232
63376
36724
99982
67441
8680
25315
82555
67840
47502
67160
98704
32136
54199
26650
11752
30902
95985
14199
16382
59670
72814
4644
29553
45441
59081
57904
84617
1357
23797
20858
47580
79679
16802
17406
77554
25601
87298
55872
92818
78426
39610
70780
79973
64646
80024
45427
22146
16543
46741
9712
76142
8316
68518
78873
36668
17974
19062
24428
81567
29296
48851
49963
14301
50558
84203
43811
75455
78269
7670
45618
87938
74176
50012
93984
31216
5467
20992
12715
67124
20899
4194
64415
32108
85082
30837
88970
46665
64433
2424
26547
29768
13871
31204
42195
95577
67028
78351
80692
4970
733
79120
58018
94939
83158
82207
61492
29834
98105
90510
59395
946
84674
39783
87129
92439
62169
80279
33649
50262
64626
98433
33654
60468
97814
44362
67084
25632
89640
37589
68450
69623
38866
17766
27466
78385
8736
37238
68835
95688
79014
88607
12756
61540
85310
23375
75047
47044
4211
82198
32308
32936
96194
76016
13000
87930
94497
51853
22303
47629
57434
40043
42642
67568
28672
29475
75683
17033
6559
75753
40706
54709
49368
1040
81304
97512
66766
29045
65434
85219
11953
97600
87636
11066
59055
87306
46681
56018
62217
31053
56165
80583
52568
53197
68192
76023
90262
51725
15445
54804
41575
80435
68492
51819
39970
50839
21615
84649
3764
17205
56202
90989
63219
2182
44455
35235
16203
76283
91595
75868
4804
30221
60154
6445
39328
71342
74522
28392
13017
37323
31102
86195
97725
24134
6996
55421
81665
71480
50745
1459
76764
78816
12704
22013
86487
7257
50572
1508
58950
89654
30158
6854
69824
71347
64385
61833
8351
37191
47538
61361
41687
65080
55502
88531
25580
45140
93272
42351
35367
1937
98834
63771
67129
83401
34218
32103
7077
5200
76082
64968
46874
7942
14340
66465
9431
4539
55240
61201
76753
68807
97080
21867
91440
66721
50835
95601
12288
65420
3700
14015
7557
55843
3584
24634
5326
37710
31546
59914
69191
80008
11012
55652
11942
40164
323
1022
48670
76012
82403
28361
10659
29370
10085
2804
20724
87090
97743
64124
80194
7442
24502
12954
24329
87892
64182
37077
26305
94266
53604
91315
85425
7290
70114
1456
90622
53802
475
92736
24082
84890
85910
35907
81786
18227
29267
58292
90816
5080
65893
57578
77677
85215
35123
98074
24620
51575
45267
62073
58120
69082
93377
15696
22928
13687
28208
33089
24816
65931
91690
61131
49300
84144
77242
13626
11827
31217
97438
84421
23242
85462
22017
16517
11139
60429
4303
23467
27447
82234
28271
58217
23077
86393
14141
75169
15830
49210
67126
83369
92053
85498
86235
57730
81492
49656
79472
79320
22653
62965
90458
76127
45056
89711
59229
1371
44799
30459
9968
57410
99412
9860
20909
95981
22035
38951
18540
97923
88062
84084
62802
8145
92663
26567
31081
60849
68727
90789
42452
54309
13815
81726
90626
74274
74243
18630
8530
535
22587
28397
6816
55137
5467
39943
41297
97033
33289
19495
36004
37718
12834
65069
96403
55997
25001
22312
19845
28225
70694
34074
81425
52306
85550
35240
47964
54995
51203
56586
53920
36851
36243
52330
38882
37115
53377
70502
3310
92973
55655
5011
3733
475
40954
34118
5193
94569
85331
83696
59428
79178
2619
87656
70288
4806
69646
3119
51061
28673
23845
64704
49978
71883
76305
97071
13569
71619
27184
68224
51164
73362
74362
99232
61999
13461
21160
43484
65527
4865
10033
4861
81986
90905
85918
35733
23623
86063
38630
21808
4941
78483
76367
87970
28884
68754
18317
48502
22482
86374
59073
25062
95745
58663
33910
70664
6257
24655
97516
38161
88486
23741
8027
9183
10785
59596
31354
47906
67019
81068
19614
16478
99881
16748
22276
29023
23800
86957
23919
99215
90112
62398
70738
72031
21088
98030
6462
53989
42747
25788
84256
67459
81799
44230
78271
9141
17135
10852
91366
52637
22008
16153
34870
50684
40307
30912
15658
98051
71108
55885
98612
88399
62029
25555
66915
47753
87784
47671
57429
1495
74436
14710
37373
2255
62160
86997
33429
12080
59420
87070
47722
75129
20972
76143
57263
49191
62304
61257
81150
33332
76959
56036
46119
84042
29658
6857
13443
12859
49603
69175
25690
89773
10686
20991
89975
47624
332
86921
26229
45383
35734
39517
69157
99336
7090
91713
1277
38783
51371
63632
20672
89928
70993
83853
29063
47591
93312
70874
49571
11690
8698
35589
45419
76109
74727
46582
81623
8058
14593
76096
84256
84431
54335
63898
47085
31924
98444
6981
329
29286
48214
42383
17053
98854
45679
97868
12255
6043
63599
76451
12989
68408
18071
99456
33878
38996
16072
68054
914
24443
41114
6203
463
34074
89679
41012
53905
64810
10526
29082
97070
25828
47954
67649
50439
68620
11893
14378
13498
75519
57224
22492
5602
58814
37859
14763
36582
6989
7084
72432
42853
86229
62555
90163
75349
32182
6838
52310
89438
40260
70290
24205
38661
3962
93382
61292
8107
81040
84707
97583
97307
11761
51444
86504
52772
92058
15522
79332
57363
88547
39065
79800
96023
63638
66280
6237
72704
87562
62495
94330
20816
30963
15657
91479
98260
53866
38606
42198
84937
69452
42211
7950
58646
80847
24856
55022
10433
17765
92047
96348
70981
52112
19873
55317
35453
68074
89618
68316
20887
15244
25275
19162
10965
82834
65178
8163
63229
75879
95843
84111
11922
89051
14077
41244
4083
49579
27048
8927
43389
15301
15084
51569
1209
770
26375
5185
93752
63542
73652
92267
51635
69017
26715
98763
2432
25242
47594
27309
63140
67800
66235
88022
33440
77867
80083
48901
87681
34801
72039
57477
91569
55298
94219
96283
77711
85043
54976
69878
21162
98524
79289
96279
99917
60571
55150
27028
13300
20378
91435
84076
6620
60583
25520
57762
3914
20025
98070
99969
17475
96370
4874
78123
41096
47466
87146
1291
22699
90091
3923
53216
80293
98082
2986
3545
15542
6223
72362
79782
53362
501
43411
53641
96036
23678
73296
49685
9910
65148
87131
41969
54337
34666
14694
75573
22759
10266
68787
51871
96175
8182
77338
42002
86017
50519
20994
81608
1621
24211
14854
45782
69654
37418
79419
17277
25381
38251
53878
81357
97715
16909
94605
51462
83003
74944
64922
59752
23348
99413
76266
1245
3240
77171
67537
13895
32437
44956
46102
96845
70544
81586
95694
28284
47229
14691
35925
17542
33468
64570
78673
1324
78258
90651
91027
74363
87014
34579
17052
86010
99572
80758
12153
98221
13121
71500
34238
88827
119
86832
62420
86230
68238
80272
80563
71091
6706
10530
32492
8444
30959
75572
57332
44168
58158
16963
28819
30749
8185
72969
44893
96940
24534
3194
18864
84562
49805
97327
19033
46655
74323
90753
48115
79107
97834
24410
96095
73785
67496
88589
70367
52815
29585
2426
80702
36470
72022
2164
56572
92378
75045
32098
84582
31582
80287
48117
79938
18877
95477
20942
36071
90339
77310
41268
48101
99232
54378
22817
95670
22247
75219
95306
59359
56189
60913
96922
26280
10446
41388
11968
24809
43792
29881
48269
40920
26916
3443
27738
55428
93306
86289
16702
68271
31437
10898
30476
20121
6684
18834
69524
54046
7836
6706
1778
35303
56471
19017
5613
15584
59105
76520
30830
79693
88439
14152
35890
26788
66468
32449
58355
87028
55765
19766
93685
41068
2905
6290
62248
44219
69610
25624
95086
85390
48620
88295
94434
90383
16278
40181
49009
61826
12747
48823
41888
89448
49869
58695
42959
61848
73454
76603
4498
85313
8848
15474
50
56516
27094
72462
97080
8280
70612
57121
63132
18602
25070
60130
83346
21977
42283
94482
66762
24571
90762
60469
6167
58235
97845
61824
74567
77335
74307
15881
68861
23381
15993
87614
62258
25048
23015
50657
3442
5229
23402
89161
20899
45022
6007
72721
70517
59263
31693
53848
29350
16180
36213
89739
76102
29877
30628
19452
8403
52895
31261
50587
98938
20881
68518
40968
45047
19480
25201
62596
52416
44672
15550
6113
16851
91132
61183
6433
56950
69470
11653
29578
69503
96163
32740
86445
15459
76596
20612
42015
95849
29920
90599
32485
59173
47252
87435
48184
73619
19598
94761
65292
16116
9828
9082
16993
49881
42933
91872
14897
65815
57280
51622
84348
73777
65304
96562
72942
52444
68158
47473
53507
65802
25500
22274
61420
32564
44054
80854
90988
71270
9662
63262
36639
94526
61630
11410
43408
91994
29893
84624
71375
39872
5385
59324
75407
9698
8449
80438
42708
45968
93450
15326
72465
75120
77033
30435
93969
50708
34187
15823
12124
52339
41600
46833
2940
79106
73830
41021
100
22937
36421
19827
89612
7451
73333
21784
38262
65413
68478
42049
3882
60699
90588
35815
59402
62273
87056
38826
67119
69699
80985
49988
35768
236
48952
81467
73080
86530
67320
76848
29941
55107
48559
36078
2401
81805
53548
76174
65568
34148
97667
58171
49812
78412
53390
51743
91866
49299
79179
75741
75660
43912
97368
77930
11452
62031
41488
36065
88511
58310
43303
40147
99659
60295
44268
29924
33695
69441
26923
45990
45587
96773
73017
57968
27276
42647
81316
20446
13859
51873
54156
87050
22503
95641
66762
7769
19157
75765
54586
34996
1077
74281
7735
41077
63634
4056
3438
71665
15891
89525
74543
16474
89708
39054
6275
13520
57084
50239
47763
17957
9677
86810
28627
87345
17127
85655
7847
27111
39133
22949
98478
70673
28341
84155
82960
81047
44748
74961
77352
94610
17545
66990
51240
4911
2661
56796
17522
52861
47835
65093
92780
59315
22900
91240
47413
55287
65830
55491
39569
97220
16750
37824
26607
72431
87698
4899
51290
27794
9465
11729
68961
14038
43051
5683
73116
61169
31969
95914
3950
27467
33286
2145
63110
63792
13278
15724
4360
62156
96649
38643
85435
57207
70618
20119
1859
18697
96940
8254
70111
76328
2620
41019
26887
42136
504
96229
53026
76292
62556
51866
8912
88309
29898
92882
4420
93183
41797
5931
82330
98963
90412
59464
56205
19569
80320
59857
85147
38337
74203
31070
92886
33765
82353
7719
62321
42240
74027
76346
43729
8467
36586
63297
95459
21439
96956
35040
47424
98918
50892
20947
42780
19390
998
61522
90174
75482
17920
27633
18598
64022
10364
1667
91368
41059
1038
51327
4917
72561
36494
51418
93948
1898
21800
15683
7366
41106
5676
53895
65549
2778
50385
51251
67662
27978
6919
25206
16687
86144
62217
33112
47388
82476
97499
26557
74263
87665
95513
11529
44898
54050
89846
57994
64054
46092
82052
18716
61237
51336
8826
82370
47280
51876
48837
8050
86129
73777
29965
30310
57425
83761
9583
68234
39496
58254
12058
23381
46967
16573
2221
34307
94377
6789
56765
51863
9761
94448
99843
12546
58944
51390
27032
84094
40992
98515
89531
39549
48820
52102
62545
32249
72178
68016
42377
35887
65588
6688
41227
32407
35104
55421
88921
87344
38725
67702
6230
97176
56530
33842
44077
91790
24739
27079
46536
34625
87369
40865
1382
9748
42204
41047
55188
97342
47316
92580
16126
26018
16285
30645
46850
42822
64325
39468
62843
26671
89672
18419
73352
94999
29531
46509
51105
92678
75371
91902
26111
92072
12635
26074
63643
64214
41205
41332
20762
91385
38583
24188
5435
20351
46342
44567
38539
87181
35226
15830
45713
52697
91594
19225
50522
32263
63781
11988
51243
41668
43971
10840
67949
33510
77968
14900
32711
83068
42574
9283
70401
20108
43681
87154
83852
81439
54089
69451
32545
6840
78326
25680
78056
35993
16201
4148
5957
86430
70958
20746
10576
75963
6086
31130
91924
33417
73219
64727
33894
44951
98305
84237
42907
24293
71806
74026
2986
29835
43387
24256
39123
60020
57128
42471
90212
58999
76151
10134
83733
160
49545
91437
7643
13673
80932
58777
64264
6070
31008
91472
53834
46626
53391
26236
54418
4327
23022
74732
59068
59063
55577
79663
18917
54318
68522
70895
29039
25822
70288
34315
86878
72464
78815
79480
16334
30728
7516
35281
58860
42406
41911
97624
61202
7698
39194
44503
31318
27563
18562
78845
9705
77037
99688
58797
75386
58579
60338
94821
81693
15169
23606
46618
92910
54058
8274
94275
49691
20753
12265
77993
65542
96821
53175
64957
62004
98100
72622
9047
28626
28605
31514
8162
83186
14616
72528
78430
53094
13303
60129
40891
31639
16983
8225
17736
21007
50663
36302
59233
17055
18192
65208
6834
98178
85467
37224
15816
88939
8428
24586
51709
71176
87638
39280
79043
38991
34937
7810
70068
99360
45485
63919
27422
44784
9660
85642
16321
40670
98170
45600
51062
24878
18251
5934
18130
87099
33346
71701
51665
43302
39833
29566
64605
7667
70918
39236
65620
73405
73895
2746
48283
27358
71279
39838
16437
36070
89965
28779
94269
55574
35789
85461
13643
79866
34387
31848
33464
44425
79135
86977
31169
63118
66646
97060
49434
75752
33021
35249
153
35420
99500
78422
18614
92847
53776
62573
46270
29812
92201
24935
28158
38463
12322
2928
53643
42932
63242
32827
10598
65402
42106
6229
70047
12725
95658
40061
82151
45201
25022
79528
36261
46017
39025
86007
29097
14945
59909
41166
72346
42756
31496
38745
32474
57411
50336
65274
31220
56254
94886
75520
49685
7808
41325
5362
93289
80990
29466
40155
56777
31646
20422
89572
35413
62337
44004
99671
18160
65872
81985
86215
38498
24519
99683
70546
94422
75359
1142
70358
88407
94575
18462
26750
14773
65496
18679
80988
62754
10574
11017
77080
37603
10039
82953
14730
33292
2205
74619
36905
83450
67128
77621
30661
11705
52202
67971
36503
91
21381
86341
23100
77252
21499
14899
44330
46206
32506
69998
31025
94718
83755
99377
57685
33154
51880
82684
13715
35064
47960
61671
12396
52522
96740
39440
87381
64084
70550
76963
65234
34595
96161
15538
60315
75627
62822
25022
62644
50623
32852
6985
18508
22496
90978
46342
99010
81483
7455
85893
42161
80433
6934
91835
88410
91314
46688
7117
1256
11977
43116
31911
63959
5787
75871
87225
17409
94140
90532
9644
64718
54821
16289
28319
55650
22393
67827
39432
88685
87512
75741
65278
90192
67983
47279
77823
20117
26379
65610
11172
54248
53226
78704
9583
6162
88657
3642
20760
32449
98483
65222
2751
74506
3188
93740
10391
69495
62251
37658
12856
27350
87242
77556
37203
44822
84221
11445
39225
26743
21454
63238
68595
84065
81935
29534
42617
67967
3638
34537
49191
10426
9785
12581
66854
48849
83413
81544
8264
90637
48681
26720
83210
52441
74044
72572
47465
23344
85037
68152
51860
30991
90624
62492
67308
51924
7474
11188
30592
74548
11133
39929
18121
61333
10385
38424
39151
71380
37099
24384
4237
29757
37554
71944
62680
44779
65034
36892
75374
49615
20692
52854
14401
5547
63325
16743
80366
58623
56134
44125
75627
34169
26554
20788
68583
47098
46058
63914
81671
83955
46622
55158
41263
87553
40785
60809
27965
34206
1655
27806
63614
64824
17159
56409
40526
41400
53139
43888
2684
44991
41472
51568
96132
5518
22185
69660
78218
40647
96410
74703
12803
56449
98590
88327
86755
21892
12517
51044
22661
26933
94691
7807
23914
60188
80712
53841
16058
66799
24942
34647
73651
2447
73840
20621
55580
66436
72375
57403
26341
12206
51363
84947
76540
48859
44501
35433
93386
59711
90426
14463
80287
33163
90251
96817
95764
5665
94802
64520
26970
15108
18461
57163
75717
1249
7988
35796
36386
90886
58288
2134
95559
85378
78137
39753
54391
40061
6918
10751
60129
837
78605
5997
98754
6649
25609
13536
76045
90221
68676
27688
59133
48704
14508
42913
68506
63896
65297
21118
80976
83956
15280
3165
10840
33415
87577
10473
87302
12025
50193
86897
76242
11760
46107
99676
37310
7404
99567
17838
32242
96273
32034
72413
29746
18127
16281
92969
20559
32739
67899
24962
22948
87034
38100
89678
49344
64117
76980
11412
99179
55082
78335
21045
93019
75072
8976
92757
782
73474
37920
82252
1046
66496
73419
53199
44387
40219
46063
96573
79873
14209
58593
17625
25621
30973
41516
28432
95505
17781
92806
88886
60347
52028
53241
6415
22118
36994
5217
38987
58156
17235
88422
10600
14466
60930
78639
28232
47797
79504
33183
50907
29217
94153
94006
8864
7953
92205
33135
65224
13835
42129
40429
64344
47254
48505
45325
88962
90829
66699
68736
54301
76050
12099
74587
9681
35381
76529
23225
94352
8688
50984
70498
34369
41156
2363
17917
33210
97373
40705
81454
48284
19771
54381
61171
40465
66445
32648
39822
84268
30117
35434
67658
36469
84433
38155
67097
14553
33316
37936
350
74056
92571
79860
60583
96889
49113
22927
81609
54113
21505
59537
47210
82521
64135
65052
57099
28929
63666
8297
86289
72492
50029
91517
15225
24023
82282
60959
52753
44619
3419
68357
7790
84098
45539
10709
96960
52436
58830
3606
27786
79303
8429
16296
19728
78852
1704
33994
15442
5118
31208
70304
76029
93613
85441
59569
70106
85163
26395
90111
43990
6342
75960
38104
91234
9215
65181
13972
86156
1203
46601
16235
37016
73142
34492
75376
50901
59857
13236
80581
13141
7002
76402
43000
99157
42081
44634
5026
70036
12265
86173
11152
26893
96629
14606
79298
82697
13419
49951
64692
80792
14324
49064
96662
23955
10066
5586
58333
48211
11303
47306
87920
80595
31840
65977
583
2117
90426
59156
49456
11447
24789
35137
17591
65190
70834
56111
54499
67989
11532
7707
4349
29877
93834
4799
54256
79234
11875
66776
84788
87128
6087
34459
24991
58027
54029
97869
42133
269
7880
90969
82762
80168
90399
23839
32306
7389
20245
58474
11481
66611
74629
64822
72777
11919
70604
78946
61174
78726
18153
94509
44069
59548
4383
73638
28802
26033
10664
98140
29849
34204
74203
60564
46839
60226
21374
62247
96013
84236
87703
68297
402
69888
83253
84449
34872
44127
19885
18126
42214
32393
88296
90717
77961
65967
13671
78376
29510
18731
75383
38391
14145
223
62497
58482
62208
96920
58924
68354
33518
72900
26565
82676
69818
24883
88716
36897
32474
99164
98749
29758
16483
76621
71055
15826
69858
76019
34766
338
18766
14422
810
2212
9048
76456
22768
75386
41823
68456
36511
41385
37434
88454
77449
6458
21164
97094
14364
81573
21134
48817
13905
77618
84977
57047
87763
36808
97316
13970
47079
74290
29670
97608
55440
38215
46338
64397
30561
80702
6610
36049
65907
49709
47038
17384
92769
46143
14439
5780
79845
35322
63156
26962
96892
56716
9467
97938
67128
73298
39024
81027
80577
37654
66210
48538
86012
39820
96242
2576
33968
18023
66094
60922
78960
43458
35233
51770
19897
90559
88335
22911
77866
72241
80408
26027
58268
62730
20733
64589
49674
4669
25503
76814
41897
30938
66467
91071
12584
80098
70998
29949
50304
90004
20326
35031
26239
63522
81912
25870
4224
19786
9868
10725
31106
85432
82771
31958
69379
35661
29000
8141
78036
42044
91226
64748
93504
67114
797
51528
89512
98173
1808
4321
47019
69999
97526
76198
78917
94143
90489
16020
87870
71110
61339
98015
73394
47898
61658
85378
76100
29883
6022
47346
2394
41727
90006
17160
62916
16477
72683
97344
84069
42008
45003
39750
25338
37711
97952
77343
83652
66876
76654
38094
34235
43293
11304
61560
79487
92652
79765
82236
9711
94478
91009
18972
71092
79712
30793
72427
42361
77810
86482
95082
49972
13705
8728
58818
45522
15397
76763
53337
9287
70471
39141
64323
56289
11667
45039
97089
42786
87433
66910
90906
80228
2609
51515
47868
99795
18577
93103
7186
74762
79223
89039
63317
63363
89840
54532
99121
8641
94847
27893
40415
74288
57760
21635
11388
40822
7148
10805
63872
94977
57083
84187
6428
13224
85787
85162
38606
82754
24377
52968
64722
58741
30649
61869
94966
11877
64682
42335
11055
81007
36538
93
66122
27982
81795
23452
47893
83327
34459
85145
16266
11540
43024
52962
17268
93155
37718
11896
22979
36189
44594
63041
9790
61154
84490
76024
36741
47076
47744
40074
7435
34664
10145
61910
47170
2761
13218
25607
9300
91063
98002
16535
13541
88948
93949
39690
25534
78243
30769
41154
20783
41754
23248
73155
52625
59113
96942
51788
95344
22691
5490
62168
98195
92116
5250
76672
46811
78655
77091
86589
31308
49367
8595
98457
34638
44945
94475
37041
86858
66462
92510
62875
93922
79871
79512
78022
33947
54402
57154
50629
87532
14100
97095
97975
81771
20605
80943
9516
60621
17907
29146
2033
41881
66425
7163
24565
97791
34683
73736
98022
77412
65521
99182
82063
83132
51803
75520
56032
95825
7809
20533
95249
69912
75678
7267
76911
31995
64854
85441
16418
24634
74855
94314
442
85995
43422
80478
50694
97535
7332
34498
96514
35801
80445
60835
52671
41538
50530
13532
99852
36347
83317
92158
30260
33047
27566
89512
50407
66802
90512
85200
67940
44521
92356
21344
47570
88581
57491
40337
34385
17428
70907
42491
63570
50355
98669
6605
57200
73041
62730
9957
49337
32615
70836
60125
32254
68167
12811
1497
80702
34182
68618
4360
9251
32878
73786
39782
26933
64861
3075
21178
56137
13894
57931
68499
26344
45729
24183
67439
42742
33733
48744
83569
33779
76700
14841
65633
18615
84757
85589
9047
45888
48087
71058
17214
1082
52548
36428
7822
50246
62929
60445
25422
65543
14100
85543
37977
62323
74210
59782
15277
93780
52533
31346
82972
497
1421
18200
88514
33395
93581
26781
61808
62612
27939
1726
42951
82342
40581
68319
76661
32944
10394
49627
54273
49179
45752
42392
46559
22093
42047
52741
52519
10747
68937
37634
44961
19694
8149
79199
1396
85347
12502
74474
80756
85811
89815
6367
1568
93386
54771
18898
15848
87344
46464
26603
37313
47636
61317
98977
314
59910
83450
48450
73901
73164
42760
53322
14787
1094
61803
94052
40362
61774
11579
98732
36229
36048
6537
1676
10716
55226
81087
83005
63072
1721
50128
56868
74663
6172
80927
12489
15757
68802
12310
48133
79354
60980
35696
33099
2955
67397
45567
89549
82716
19845
86069
43636
10032
82010
48913
13376
41172
23590
68923
52051
57428
8599
30339
59068
79655
84125
118
49516
54695
28009
82143
32945
59672
12492
1990
3665
14624
76670
41123
23751
50184
43406
20472
67574
29843
43540
29351
69505
36826
93400
60274
65764
95335
466
94576
67738
93393
67378
2429
10649
78438
44948
55487
24720
89324
36556
41959
33977
89227
55169
93477
2433
48943
47195
41778
15233
51362
78518
59236
95335
25815
34213
68030
74236
36002
29708
26010
98204
77356
78455
27386
50585
82910
95969
5620
76535
23991
65352
9117
16785
21667
79346
90840
787
28498
85752
30227
11660
29548
21689
70738
29337
94872
98205
5358
88040
53634
33754
35422
61459
64794
42352
38533
49246
85584
61315
67516
16993
39276
24154
75295
62346
46523
47184
4607
792
20193
94239
25492
39391
86937
21387
27187
50721
65169
97153
84388
12233
78660
72686
2504
62667
43624
24866
62636
15363
94423
81474
47744
24235
5397
49970
54856
98403
25571
56464
25997
83331
25773
69739
2873
53825
16653
77029
7848
9521
8960
21356
74398
88598
5009
14261
92602
59023
60577
23659
4816
21083
76298
22650
37270
25835
48175
79305
23580
31753
25465
18857
93782
15406
73854
74022
45718
2020
33185
18563
75604
31470
4728
25061
98274
57214
18839
82726
85775
64296
26280
66442
94529
22657
56530
77479
11405
74237
9583
5902
2966
63739
75476
99128
55051
7915
66324
66581
61098
66217
25971
86064
56313
87568
84007
32976
46557
93749
58241
35620
45481
87328
30925
26258
99175
4368
57257
38764
9511
94354
1483
99435
40793
89750
60838
46446
13041
94317
63822
62538
7322
69437
4179
17153
61768
11731
30133
48495
81271
62200
15855
85256
17444
91708
59774
50992
56270
40403
16388
65964
69499
88278
57089
38954
51845
92872
19888
60837
83618
171
78244
59916
18285
23615
58242
95432
90857
90971
71197
59936
90337
9852
72755
15801
60433
44993
36452
16015
42543
42056
55714
68796
33683
28035
1535
37687
97807
34460
36671
76790
57815
31953
3389
26782
28708
7987
98979
23024
95589
52165
90616
32434
11103
72372
15385
78492
5063
63105
72331
93272
18046
89860
87224
81566
96774
87365
60441
26055
57586
30037
85737
83232
64213
25884
55259
47260
79685
63515
9576
7417
81814
16583
5283
85984
27307
31672
79468
38767
48092
37933
92961
69062
96248
47824
63292
86259
93546
38917
88447
46503
7461
26652
36128
79440
66619
95390
47365
11612
5772
86689
88734
52956
13909
39611
22148
92659
54434
78529
26746
16234
15905
84502
80786
65119
55305
42102
65866
36569
44543
35605
74859
66592
22024
13247
43968
74424
21202
1622
6045
11577
77167
18870
95154
58761
14316
30546
86326
58882
12156
98967
17064
61077
7007
36885
95544
98107
14117
59654
88195
47325
9388
4639
35130
35771
77158
25126
8391
19468
31652
35147
82774
10412
61511
13821
67783
41709
19283
97370
73340
39961
3773
14488
15949
94440
34542
82319
3099
83019
49011
93294
80323
29407
53272
29848
95834
41539
18557
84689
2658
82062
18055
8573
84705
83309
96036
62216
50981
64966
87002
58195
8509
80510
9552
36605
54862
47620
42305
13012
82062
99986
59673
92843
95409
30233
85745
2972
75328
14802
93407
85368
76788
38116
30153
603
95459
80540
18129
42408
98215
32604
81226
41688
73077
21294
8863
61779
26643
39303
88611
33744
67549
6150
66221
2483
21315
44627
79364
30616
3356
25763
15120
3432
85576
52620
80414
44760
64752
46615
30878
93259
78101
74906
94403
26220
24004
3530
89196
88737
12959
44946
32830
41457
27443
79788
69867
20631
20243
86798
36896
31945
45856
44578
33398
50642
38023
8277
62197
50974
99448
29747
98991
2251
92688
72001
79372
70012
2448
17039
82583
86291
61791
70750
26842
6481
54315
47716
20039
40820
60925
577
11393
35324
19607
79795
19080
94740
11978
98858
4478
85272
1156
36123
10040
37233
61856
80612
55009
21136
46891
84681
41458
51731
99694
29990
20584
71751
45445
15970
82277
74474
45942
96964
93456
10068
79407
37772
22037
72119
22910
73414
22564
65302
2357
57900
91685
23737
2972
66970
62030
66035
94365
65233
19848
89710
66414
96722
85993
80667
8582
36719
55639
98327
51790
62390
12892
25523
63028
75635
74009
84574
84810
39182
38271
45464
17889
84092
50820
67651
45921
58930
68886
38145
10536
57235
29165
91904
78212
79499
80402
23093
18330
818
86636
57306
18387
32331
78681
96765
28947
74795
15133
13590
65949
90640
89343
26379
78283
64139
68902
51809
3586
26433
23305
56039
31437
12100
94164
27569
97689
45104
48
16249
83729
50433
48860
13518
59497
40764
85500
57602
59061
44085
89399
92974
23118
60209
4790
46613
7010
32097
17288
68522
16121
49687
46692
83050
94491
21987
59046
95779
93691
82546
49456
81700
77803
89658
10774
32742
5658
26296
66397
86192
79133
18336
79287
69254
25038
26083
18954
89741
25046
4483
34206
15785
39023
31159
82382
49705
36743
15718
14197
36166
36397
14726
10353
65223
79121
61520
91576
98597
95738
37094
15004
14102
24359
96318
40918
4652
13885
87080
35070
27592
25694
81844
55635
49973
45651
8740
9377
17181
94979
57160
77526
59801
253
89610
62964
86972
72793
96762
92619
91843
20813
2677
53139
4232
11911
30819
43045
94829
41349
28820
64201
25246
84350
84306
59810
31574
32651
98851
66502
28873
31106
39739
93870
72535
87163
33646
14749
74248
45289
96101
48345
45031
94319
54582
55763
23911
77742
12671
95804
68878
31935
90933
35772
62786
95930
45347
22326
50304
50198
27756
26744
32434
28120
98939
6408
73079
88362
56114
48712
94079
37469
48583
15726
22103
59150
92770
42088
46321
42942
76550
5162
29701
80174
84832
90436
72521
72771
35251
58994
7245
13067
9420
67782
41268
99503
69909
15342
28122
52348
96514
1501
42978
17008
45621
97184
67263
20915
40860
26949
94173
26357
3868
52289
19678
8929
47787
68738
40271
34842
98380
26818
54003
33235
54195
31273
22774
13801
24790
72426
61524
90100
44040
39146
21726
69012
12435
49351
10812
95974
96749
38375
29191
46268
76203
74124
79774
29351
62990
23130
80643
97086
89461
3305
67260
41858
73802
63699
87577
24839
12746
15080
20691
92075
73146
78987
5037
14353
51949
91265
46409
21818
6335
69890
66230
2891
85922
87062
28477
4240
5251
8306
58079
28219
79499
69144
87855
22797
67074
27965
2735
52415
13493
26350
27637
20148
14936
26950
94464
69884
17953
42130
8362
76870
1748
88584
2741
14655
30163
4538
25519
59077
73550
87635
66029
74372
52009
92705
78177
99725
4194
26697
33347
28223
25324
45343
28835
78444
23775
57286
8613
826
51452
76622
24372
2184
61624
79682
52379
33326
24411
75173
65215
87379
25908
64686
91026
19432
33619
4065
10872
99991
49594
55343
96958
37569
31648
22151
83809
16873
50280
78747
47855
29259
57218
47365
67917
36250
86893
54408
56595
56269
18405
67834
82269
56301
95380
6717
33586
9842
85234
68068
44601
46137
1622
36473
90667
23959
66978
55363
49088
49204
46031
88494
41148
15568
31340
52724
18768
64037
90025
15024
87713
18758
90860
75468
41843
86032
80604
48056
76789
39570
43774
49907
29706
81611
7880
86925
32256
89784
9268
20995
81530
17266
10797
84862
74752
37402
71072
92477
14203
11853
55422
13344
35796
11729
70396
12471
3327
83792
901
54257
38589
94896
63806
36564
96737
4034
25715
62428
35579
1721
74917
89473
94752
31019
68525
14604
98106
60883
43844
38343
70615
63390
54132
21801
89660
44076
9052
46016
7882
11466
78527
15287
65095
71936
46988
59709
19863
15566
27483
62617
17261
36387
84020
6124
7574
38428
96761
15222
55156
90075
56378
49184
59273
59429
73130
12175
8581
86358
84550
5383
35703
80144
97975
76179
44941
57273
39231
23697
50561
67975
80924
93860
68973
23228
38260
17350
16354
31057
32368
35589
48609
62198
69178
53632
30808
71287
6527
25661
63764
19150
90799
47948
37078
13248
70961
42967
16500
34378
43542
28384
24750
45391
48674
12633
72629
69959
57744
44957
61621
69786
91611
2982
52360
11057
22942
47074
33893
65155
75483
41709
67722
35742
13213
43370
28465
93940
47870
72011
76861
89115
31004
22609
60893
48285
94883
22493
79054
42979
20780
55525
31290
61675
14408
31960
4878
498
44283
61050
78636
62147
56190
56435
85918
85056
91330
1682
66785
6991
4008
93243
11450
59351
94957
72802
854
40480
25407
35301
45467
66201
6846
16452
62753
37451
80938
77636
97890
79752
75053
882
42923
95086
6579
80072
75985
33665
28945
43354
40371
34071
27198
44560
9333
7583
90132
58747
3987
77300
2165
60211
6246
25914
71057
7975
74337
38793
62825
91581
86744
95679
10312
92648
31199
95480
50960
27869
13503
95326
12883
34755
49619
10477
82028
21012
22574
83650
16836
51321
12275
5424
37022
79820
84813
76403
10973
18073
87842
75773
46011
13139
30399
999
14678
4390
46271
49358
15082
36591
42624
37822
42942
66920
29174
39422
71930
50079
87909
61758
87507
12660
36360
69750
29428
16012
78762
55743
66389
77153
6409
40746
8008
729
53307
8798
90955
55654
83858
20149
81796
26370
91960
93054
98532
46705
24844
90784
66374
20636
80022
37049
33816
87120
7553
66523
75627
1307
47458
32223
18535
62075
81652
7259
38218
6664
33349
17930
2151
35520
26513
38832
37463
17189
63566
5910
10204
94663
26460
76292
94343
66981
16016
69055
62910
59241
59748
87882
54672
29326
23323
96599
34475
62043
47819
84137
31438
31154
28286
64718
63126
90172
29649
24926
99206
80579
62217
22550
48139
60746
41804
426
53892
83923
55748
37607
3705
85797
30543
40576
44682
90344
70388
57082
26488
46619
27853
20774
91176
27760
81395
7502
23865
43731
57112
24357
81162
17446
36355
79604
99522
20802
74626
70714
27075
15371
43739
22058
63830
74843
74783
5160
33734
99219
53044
580
45208
82660
15295
26417
83281
5559
95972
51596
14671
69688
5242
18624
32567
36781
80813
14573
46385
98927
79741
13225
96865
66439
25745
43431
1700
63165
97534
20822
95526
36507
82940
57213
25745
86464
84294
32233
46354
92543
65207
52969
19468
14876
12349
62863
79263
77944
37900
89456
9458
62998
88917
27267
78177
71634
25197
80573
92283
78464
61962
1078
59802
21742
28989
10354
86514
5721
88412
92729
77559
18460
47341
33713
98073
41680
43644
62489
22728
64346
67966
68545
19771
8661
73014
21159
91392
13342
32584
69797
79685
35982
6935
80163
75998
22552
59095
55678
20482
97489
68581
37052
67080
2955
75100
54406
81212
81602
83796
12145
5436
61842
12103
37547
86173
50724
10891
58780
80528
48828
59925
40102
61550
22457
76576
28262
47959
55637
33033
88883
12383
71812
95200
61371
31923
84529
35786
39441
85593
96664
72216
40986
52215
10808
11803
30059
11072
70592
87447
61813
32197
95136
72311
62082
18818
39088
32993
71255
32521
76682
52845
2333
8813
7912
39841
1321
14353
32181
88456
5129
64532
27176
46502
26915
66409
56317
78613
64431
38398
60714
42558
73664
85220
2285
17569
85164
6719
64170
32769
79590
87782
52107
64447
87649
35299
76287
87775
39668
33912
76837
58312
578
49980
7694
2700
96101
1439
88290
74003
97880
37769
93808
35583
84292
83508
92809
59817
12435
82904
85760
70014
69665
34474
15763
68790
15552
49363
21250
13357
80340
42061
31606
62052
55616
15064
18330
30439
28386
51830
72915
43963
46301
77624
19595
98087
62635
88669
53612
40107
20350
82876
27086
20209
37928
36707
51028
58773
56834
56724
72219
6828
55802
73519
31089
48521
726
10522
15201
3640
43959
29970
24805
93975
38050
6358
52794
54084
81161
93324
70119
33152
26744
94313
94187
17616
23829
80633
24440
15290
51786
64394
96726
60879
4799
85284
69349
82734
51120
24614
37195
19253
25075
74702
9572
10733
57729
52964
30278
46067
5157
94913
84331
82255
8594
98640
425
94971
5857
35091
66408
93184
79110
52884
14475
90667
85456
83919
71010
28048
11455
82823
16213
14309
32050
97828
6941
19322
91372
41199
83657
27707
19664
83668
35345
54243
87756
2392
8355
40281
90792
91170
31557
13815
60854
121
2809
48376
55384
6074
32000
14116
54085
44936
26504
13198
38618
50519
74938
96559
55717
38588
37331
1356
60208
27087
8739
42642
95948
13832
21951
76298
71732
37467
79164
2403
68971
8599
98623
62800
28732
80375
40449
6995
34481
53945
10429
70041
32120
2691
29314
79569
88038
38822
52837
11886
57525
19713
96768
13020
93034
52713
62051
61895
61513
37018
51377
47172
45199
19022
87973
31777
67894
75395
18360
89368
16943
57288
66445
88432
16889
75066
32745
53401
54802
78312
90027
93113
8902
56582
32583
13290
48861
91799
54465
12307
19214
30064
28695
51970
54671
2788
80542
87090
44864
77924
70881
59389
3431
69752
81898
73825
18329
68503
32366
59429
75883
58662
18872
37586
29914
37402
49437
76875
22738
25420
96237
64612
67669
97430
30497
84859
96532
56666
5686
95371
23561
29757
26641
82053
69555
5762
81145
28364
33539
99210
93082
64730
79798
10126
31287
78276
76003
45846
93198
21207
44265
71155
44617
60774
6372
10617
33968
72715
43580
86182
82978
20974
65316
14031
35144
32811
55176
47398
83831
71005
61266
7424
48839
4952
51400
1091
37990
14526
79030
84215
18622
29472
29590
47972
16196
99170
99586
71767