63786
19370
36511
87956
9726
37924
7752
47759
60945
50949
54605
40673
64209
9168
32408
95448
60677
36047
28491
77054
62855
54282
19787
69414
8357
84977
36976
32826
19481
18470
58392
93088
69627
80475
41246
72349
8367
81808
92798
23036
32977
85508
51019
34537
76438
54768
23772
32987
75931
51164
14340
20396
83045
73657
16285
74964
36682
89286
67403
54096
41244
78678
1626
69291
67331
65896
542
28351
85400
45234
6192
6839
26851
88012
49265
1227
79145
24944
21233
9864
49822
37971
81318
73823
39982
42586
94456
86890
7550
80374
99349
73824
40283
64226
13266
31533
5303
3326
62667
83559
41400
35829
71786
76730
73023
58219
54623
42688
16744
99281
81550
34025
85833
90546
35767
32954
82218
19184
26198
35216
41769
50346
92851
81112
22787
36554
35232
58734
64258
57150
65817
8633
785
40171
408
40328
11531
30697
25290
29176
30098
82756
82816
35869
26851
60256
19536
36728
32555
99066
42122
1545
17056
83399
13312
24410
33522
45803
95231
30762
6438
9448
41844
33557
75896
91017
85746
32269
83305
43516
22362
40619
6535
70846
35197
64492
38529
19108
35264
54047
34440
61072
72257
67863
64592
98036
71266
45463
57357
85460
44041
50603
6113
77617
52900
97454
15002
12209
20367
44019
13277
18032
1239
50960
78553
48380
49136
44096
46381
55199
14259
63391
41322
72666
57528
42748
64138
62441
60015
44949
73422
82618
32757
36179
49007
5404
92381
74733
88169
94365
6146
5870
87714
75864
49522
29153
62067
30095
51682
97310
32441
16985
39073
9837
62096
27595
29515
21667
95354
35975
27337
45089
44526
1205
9275
69198
65184
7536
91839
49125
48337
59139
12698
8905
23361
70205
49885
76330
85047
95522
64375
23014
59208
20516
14596
66121
893
25193
55120
98549
59144
24844
30247
19693
43622
68923
21393
26196
72914
97024
46762
88194
36650
666
34914
72518
7379
75288
28508
6611
40495
88517
33454
33192
72240
42753
65946
11388
75548
91270
52285
80917
30281
61983
25089
63665
62085
41780
6843
29875
39365
40878
75991
31593
830
95265
48640
38098
82842
5485
5041
56813
44272
39249
6059
83459
56371
2802
39511
41034
4186
80808
77762
58824
4995
12051
11816
79139
21905
59394
1377
60567
54917
24056
42511
47855
25890
90432
55216
13351
77474
45565
89804
62305
35976
81549
52171
81912
83854
58415
8685
56188
76733
91290
79780
20764
33599
73942
6643
2599
12200
40586
18515
7208
61660
37221
49163
38532
53843
19806
70604
2444
80045
54890
21645
61325
50019
29634
4315
19840
82574
99012
56775
6258
24214
79782
13876
38286
76214
78861
30093
37789
87029
1142
97428
3178
49666
81162
82007
29601
44239
60549
73664
52190
12582
5102
40444
97223
19559
59999
87575
89130
44507
52711
28234
6347
90558
12802
51824
55590
90990
34331
19200
4506
5518
54839
72774
88618
54713
81651
44039
90528
44552
42986
18269
45918
35776
54528
39110
26935
77399
46456
25162
18122
58471
93315
61969
98493
31790
58983
92601
66364
92216
53559
67471
1416
6969
65306
82209
89140
45085
9994
16282
74336
22331
10522
6076
55624
85686
73428
25849
54237
32910
56972
2612
74247
5682
34135
59169
35964
1705
51710
95597
54300
54568
31122
36249
62662
51456
57004
15737
78313
36914
49350
76085
32897
70512
89400
57943
45511
84578
79209
4079
74060
5977
31912
50195
61309
87127
60036
77304
72028
25517
82325
67590
51910
4440
83772
33348
36093
55091
58834
55531
12284
80330
32737
66080
30726
97102
42620
35719
41297
28123
32892
68519
1929
36490
3758
86861
23410
76329
46202
56600
93128
31029
45012
25231
36349
79572
63151
15105
24019
87087
44422
30348
75152
16096
56247
45931
19562
40236
89676
97991
7534
30881
63344
723
12684
23705
4624
59458
28274
33308
35621
39236
82024
30924
15854
91606
60889
67458
65307
25302
92938
12791
30244
10049
68486
69113
34636
78384
85961
14040
26472
66631
41830
93313
17687
34995
48753
34926
94096
78220
22384
95601
79467
83659
87588
82156
13526
97221
21005
19236
73112
20459
28186
46641
98628
54945
54695
83986
41772
65610
41998
71505
85216
15966
43148
34843
43770
21300
93951
38935
64320
33057
20275
39919
11219
19091
21659
84623
14998
64323
33079
34333
29077
65243
35209
83736
83650
26373
52805
78590
91579
12444
98283
98067
78816
47822
61464
83359
52132
50064
50922
28122
46097
73275
13660
98571
54516
3727
40267
33872
48911
46802
86504
51628
17892
48980
426
2864
64169
96472
64429
16680
91931
61252
89809
68261
59431
80640
59762
77166
95975
7971
83587
66042
97571
71101
28940
22538
77855
30393
39053
66765
4484
4853
33797
64899
20743
94963
3414
40808
21720
56545
46113
11618
71121
19854
41365
1720
97421
81275
29556
16061
64963
637
38017
80082
60919
38951
40453
8689
66804
14556
63654
14458
28654
56278
37339
45113
2157
34123
56685
98218
92166
38369
25309
19155
36118
76096
8604
57586
82333
74738
79625
37520
78055
72737
92166
48272
75497
16043
18822
35512
5666
43731
52699
84985
59401
68989
94285
50089
73932
3043
13698
63744
11745
60833
78535
41650
34268
36153
72245
69128
31328
73547
34587
15601
35367
61488
48886
43395
48329
65912
33975
11861
43429
8621
20098
46326
57081
45221
44981
94476
16474
21824
56193
91152
66417
78488
12069
43393
131
25437
69083
81933
49963
53080
38619
13172
48057
25929
35295
78024
82830
66972
2397
148
8863
7982
56453
34713
83597
82105
74751
7052
17406
14067
83780
41389
22597
29803
57699
88067
8971
98572
83717
4322
71341
97548
95006
52867
37784
55353
84512
85012
9735
53660
93054
26158
4709
36576
3198
25754
38225
50570
53657
32209
1173
37906
61234
71183
56832
52480
92796
55391
42060
97364
99153
61220
26374
54232
5239
82898
34086
38504
70115
49765
32906
26941
69073
62771
89727
39533
23769
33370
60030
57132
10391
16452
68729
17403
44956
81331
28361
85169
46630
39653
11940
14694
21012
34513
99429
61608
7775
91620
53773
15325
27956
14592
79507
70349
15063
32925
63322
47324
98830
96539
5813
94260
42920
67564
37430
8005
19076
83477
46944
64474
93804
39276
25809
95155
35955
5556
59836
92994
65889
11033
13855
89624
80196
85083
62930
67919
70727
82316
75052
69121
74891
34036
19380
79748
35220
666
80857
73791
96503
77968
24925
17814
74288
13217
72263
35449
43122
80910
79920
94447
51539
70309
71159
74047
8557
5154
12259
15202
57118
34269
33836
70836
61250
65621
57971
67289
45023
80546
85762
13196
99887
10515
72174
6539
19608
4696
94377
19335
62436
49149
5900
1448
1173
99418
80782
79327
93765
79272
98384
56162
55977
29813
94359
91348
95841
76697
84136
64864
2192
17349
90969
28955
57426
35997
60316
95782
59135
98545
61454
49358
4563
66047
67532
58658
83392
80991
52647
51232
917
71351
88068
34516
79508
46667
10247
15869
724
67575
25037
25549
44066
9568
51959
21686
1037
89616
72256
48796
73772
1860
28590
77482
26227
59308
19998
64712
89908
92559
44213
38142
34942
87908
86028
1485
47530
94462
46842
50375
59884
22620
25159
65850
3228
57650
42612
62701
2825
9163
55798
74671
46367
57578
30429
14811
57105
25716
40431
80343
74270
19215
37325
96288
4062
6390
10599
82311
67101
60109
86006
62356
96253
32151
74198
57091
62606
69598
38471
78659
89393
32005
96665
78229
33056
13868
51931
24152
33334
10578
88945
53719
57361
67223
68473
98925
23763
28278
83226
79742
37715
85375
17485
41490
9520
7737
58953
6050
26663
22057
97618
25097
22986
77802
34533
15670
56925
38166
22179
6229
22706
94557
56394
17936
36259
70796
47109
40689
52833
24580
22379
19604
89667
58801
32636
35065
1636
41311
75638
54811
37661
65357
74222
35571
88460
30651
10509
27141
46110
90806
63891
83328
7736
18815
30304
58919
63105
74134
29902
98758
90063
9493
44924
32575
48128
75603
33034
18814
74463
64120
3602
90987
80669
66940
76391
80916
51185
45870
72018
3773
36730
28482
70571
52313
37451
90557
47106
73421
31370
15374
29947
1568
12101
40627
31500
64207
17363
81535
18123
28228
59568
52062
62804
33695
5949
6713
24292
58113
4899
44401
70219
37009
92511
69899
46049
85946
67421
90544
15456
46417
9630
95122
70229
48847
45301
10820
69914
63309
33638
44728
72475
15874
64798
14655
31029
91742
68940
77463
45329
547
76525
6838
46012
1363
99122
58505
81241
23820
91204
98837
47456
46431
22746
39658
19056
23806
47208
92593
59216
60192
33152
2673
43466
39612
42071
58932
7961
58929
71634
57806
68560
34162
80978
62301
87192
9712
15699
26463
10593
43369
55043
22962
92846
96854
20651
85251
16360
25812
71675
64139
49923
97573
79090
76280
69955
61623
36427
37026
98473
42826
42273
93428
34758
9693
9911
89908
65189
89052
12462
9078
74492
6735
40979
76200
39022
12992
73491
50125
35694
21025
77311
36039
52530
46847
68205
40271
60532
85745
37422
68126
41293
73992
48136
23218
92645
75021
78637
15146
91351
80357
31868
16975
33059
58772
31952
13556
48702
44227
15634
52052
4845
79752
2125
6399
7175
46653
21216
45369
51765
36325
76076
98496
50125
11785
1543
25674
55757
19086
42301
27225
7092
17278
85549
64114
3322
12068
94936
97676
13450
72696
91719
67152
95186
9609
53386
64199
79154
91104
50763
8479
83190
63345
10026
81456
40978
29268
27933
91770
9423
51546
64344
35062
29779
17139
16026
75503
11190
45345
9890
85179
23461
42935
11960
84652
82264
59698
92291
91369
45016
92758
11097
53442
46927
98714
934
47757
14353
67521
35206
43344
1664
46559
52312
56455
72524
94953
3053
3239
15488
96673
51042
49078
54082
82752
39475
54486
86329
14057
12949
37785
77527
12837
70250
88284
98423
12593
64849
94957
61522
18548
73835
66452
44272
34589
56827
3158
60480
9760
36313
57328
93116
14914
46200
61529
33575
30151
1547
86531
94613
37279
91934
43510
54874
52885
59153
17480
96976
75988
38812
590
71466
7890
18984
97511
61371
76032
92333
39328
20142
68294
43483
8867
13937
45518
60391
37532
95864
3980
98163
92105
39944
77956
43480
28169
15141
2279
13252
35449
34150
47248
9611
82905
28074
70148
85661
66810
39786
17461
96117
7679
13711
58406
72739
18737
47477
61658
50457
5267
33179
61428
3644
28217
37674
26559
47785
59536
77394
91883
5603
24757
6460
70834
96550
97977
2963
79699
88623
63812
70335
69002
72452
58610
77531
54288
11746
34641
86898
79814
76843
94563
56811
90494
78111
76216
61533
92412
57717
15613
56974
52794
25802
75174
9324
48048
83646
79243
53955
18932
97508
78970
99890
43253
93442
6790
94885
50642
68258
79386
3186
77414
83886
82184
56727
12752
6862
3692
39661
13472
15892
36177
4717
9702
46032
86585
48508
68567
64059
25026
38364
93892
99117
35690
1242
64368
13850
77900
10086
17254
37748
59920
62066
40757
8810
64145
73390
91519
32127
26997
21561
61018
55816
32545
3699
69461
81782
60839
13272
24148
73426
38944
37504
3915
48659
19849
53697
21407
32299
46665
38486
81171
15550
50585
62686
16714
90652
86796
48121
92599
47759
22396
35122
32288
44558
62611
30791
73304
65601
80539
65412
3468
71454
11968
42943
92097
36314
19537
25173
96155
16844
51430
32908
33996
24441
22488
35139
43609
21808
83460
46421
62166
63124
75432
54181
78614
93025
15636
24078
62215
55085
69240
56673
35746
31713
33454
19374
43099
43054
32677
75585
75143
9627
28804
84950
98698
99282
57599
26219
40485
89174
29168
30540
54372
5711
67360
55837
96550
15548
90180
60998
64380
26790
6085
8092
24100
4400
12276
59840
10741
55496
61538
80317
98956
47713
19371
55209
54602
1577
72404
56365
25866
73191
96452
26665
2291
32212
36961
47075
50298
62097
33843
29619
19621
76881
1139
12744
72447
89627
66332
52683
76993
64724
90595
5865
42109
94991
25520
90670
50448
37178
58213
53511
75528
49982
64096
21641
4988
47865
48959
73282
27306
58749
19754
75858
61386
83409
30295
28600
80132
47477
22036
81876
91722
38277
35237
49387
59571
62429
52245
83085
89735
92752
12195
69018
98493
28389
85599
18768
79818
4626
98413
7353
39339
17775
55083
72234
1263
89609
90020
54544
19671
54761
45423
21946
93038
4017
5554
49760
7961
26606
32032
63538
97379
12810
74574
89064
70297
23838
4506
49639
5373
50556
84927
87444
3694
10220
80373
74319
14353
64535
34111
87759
69560
20218
80254
42104
62309
78797
81567
1578
61814
14305
49786
9953
2130
76127
82452
43994
56117
96443
42826
44260
44322
95850
93278
40003
89296
56455
3804
52640
78522
62234
88383
55783
17452
31589
69502
45880
47554
31569
47029
88012
34950
80831
26482
84194
25736
48485
96215
8486
48066
62905
38151
60544
46697
89778
62632
23818
71272
44727
77004
42583
70487
34522
79003
75680
29374
38346
84045
2441
35725
88813
47024
72073
28123
11662
91358
68945
27824
68224
45437
90242
97332
98245
78497
71072
7714
57411
79129
37822
56511
93944
94449
63762
37037
94990
79150
66636
97739
79081
69405
96128
11788
87627
94625
44735
9814
63842
24522
30329
88593
10617
21279
65816
40894
59609
95277
7614
82662
30955
85786
24960
53242
86623
87648
67936
92704
64938
47273
50037
55139
81221
16602
38801
63327
84705
43750
71465
54616
57400
56984
44667
91668
79676
80775
37282
98182
59605
1352
2634
46862
81739
67364
39112
59960
83010
88795
74486
29530
48740
70049
6330
81736
30055
15065
39081
70122
2985
87684
50119
9928
30294
8964
71381
14388
57149
43454
68403
55224
92934
95493
77619
44792
42588
47237
84246
90358
77589
11077
48021
81750
3351
18165
30011
85499
81743
83426
6610
51468
30943
70051
33835
51987
93528
22677
2610
50636
16157
61336
2926
8175
13596
10396
18972
61581
94086
41241
71333
58381
96382
37338
80943
34025
83506
52538
74697
61742
41917
47549
49587
63862
67729
96276
82243
69141
36153
66356
39184
29681
38533
93405
21962
27322
29045
11137
32338
62621
33885
96491
44558
64176
71218
18615
47422
69228
56721
60632
23907
28763
35611
33617
52027
89663
66905
99514
29398
20645
64720
74114
68663
10269
59120
54721
55487
63244
31034
14453
40397
80067
15329
96615
95873
52286
6453
62965
97103
96185
32755
23466
17836
13337
63270
36111
2765
61999
41580
74937
71654
70280
73948
98739
91249
74308
73322
57286
56013
32424
11181
77428
22087
56020
79146
157
14805
67638
17200
64367
76204
28953
98829
95242
2967
62292
78617
2660
80770
15952
23701
78012
5679
51587
64663
7734
95706
59060
78422
73716
91876
77220
44862
10592
34811
11601
92848
32278
16917
55450
29984
91877
20079
57393
55048
44691
82190
34985
24765
13429
22134
99618
69386
18905
82444
37679
54876
82675
28935
67648
32172
73014
6908
29193
38016
34529
14517
3268
39264
84036
98759
1740
95403
78190
39769
9814
78609
12734
56764
91032
54619
76563
58296
99543
26850
16955
41797
78883
1016
29087
65251
92182
626
78440
54057
93896
36924
86893
63542
3497
62870
15496
2774
76065
62526
9383
62295
35443
73286
52023
45753
69121
59468
46175
12436
84633
99218
47356
5969
39663
26656
34996
82443
69773
71081
38889
3970
69389
54710
82957
88903
79316
25236
43822
98685
19043
94971
3110
80404
91152
66242
97257
70682
46739
14552
16336
73615
98603
91868
74818
3731
91785
69522
95052
95801
59537
50966
62966
60381
51417
68382
35908
44300
31328
28412
79175
31945
46940
57832
48028
17002
85168
48843
8000
87654
60929
71748
52711
62838
66616
42522
86233
17210
8472
84195
5870
86253
80714
55834
98635
42667
9553
98362
30302
71402
34712
85256
45032
78820
56308
14242
25643
38572
12139
1783
87576
61046
40792
77455
24543
67666
7027
95368
66137
93266
88077
17606
80260
48663
85199
92892
21105
10096
95696
86516
3026
92855
33643
49315
77997
47892
53130
13389
41493
67532
27887
94603
46281
61210
45204
20990
98587
41472
13075
23332
23301
95446
68297
66393
17114
56865
90679
89079
87315
27841
57135
56829
9525
83624
48077
30698
17395
53851
89625
83182
44068
58386
17489
26467
46580
25475
67027
87068
18842
17740
43429
91244
32664
80304
76391
83651
84030
85402
55816
21050
12848
4190
40739
79144
99507
14521
69218
36959
3713
81814
54896
31732
8752
11082
43648
44380
16573
85814
85969
85141
59501
27247
89481
82919
20661
5981
7356
69072
34032
57062
24391
4854
22954
58741
57574
50111
21534
70423
852
76465
40544
44629
30155
41710
17479
96925
13987
35225
15906
38906
72272
15227
30013
10659
62305
89890
79294
21560
24294
69034
19581
38666
73456
70402
40834
64058
71799
92585
51283
23963
6528
42500
47876
99404
90946
28869
21061
93634
45696
42053
68950
88983
44556
45511
75326
26419
92179
51027
90690
17664
73440
76480
74756
94646
1412
66872
92686
57194
69166
75531
67075
21828
47141
17079
63758
52988
74489
5480
334
93442
55026
25117
83921
45686
3440
99104
2119
55670
31393
64236
66104
22848
58372
13329
10202
262
16362
76108
62120
58236
91449
54934
17105
98818
15997
449
41150
23130
11706
93879
93938
49943
80691
17996
21682
96386
26907
80729
28572
69800
24977
87926
80922
21173
28302
48330
84041
83498
17792
77604
91777
7330
37620
28236
24597
18516
35244
57897
55837
6871
44071
5304
50647
85177
73280
9875
49077
60617
7905
91124
9341
84297
60664
33837
1712
59750
56439
56634
44995
82535
1348
69136
15843
37514
31066
12039
85756
44494
61951
51093
30171
64901
80451
43010
70070
91171
6151
25260
71660
67044
74340
10727
77212
88512
57432
34898
64307
59027
19519
42527
10808
40674
61377
81023
54779
34236
15174
55133
72882
71179
66460
93652
2669
48060
45589
16540
80952
30155
93709
78542
44983
99638
3608
7531
22895
25249
4738
55444
36009
11589
79689
31078
9595
57824
69652
55065
80231
53424
54652
65182
55585
84175
38411
16814
832
33961
24441
68178
69726
32093
54949
4699
40878
61645
24512
65847
5352
96751
55275
84192
91029
82335
42396
94367
20250
90908
99935
91546
58173
37637
50433
25744
71706
72660
93451
19622
13572
72283
81429
18024
4824
23139
90082
52832
13932
89930
6767
82596
53755
95401
42093
49259
84419
88777
22917
15092
91206
44295
39667
38111
91435
64709
2327
29701
24183
9407
91134
92076
26948
72391
25907
17184
34030
2898
82044
73524
57573
9808
92430
30747
31835
1389
58419
91667
18270
99605
68723
7029
53838
89232
40728
30580
58937
88493
25096
30145
89400
47464
28616
54634
30439
11786
64346
44176
9504
7082
38119
69733
57990
82282
30071
42544
24253
30582
18653
59453
3517
1614
83661
21665
91804
12939
94053
76064
98799
52597
50917
21331
80127
47977
99585
19033
88350
91255
6653
73385
85128
93243
98635
22995
87441
42029
57486
28187
71447
94672
20757
77721
16546
35550
48923
44659
31370
51981
88094
69783
28131
95987
73802
70629
57330
45063
16968
61833
93481
38618
99068
67107
8129
51461
63163
98259
82171
63433
76573
62215
9094
74921
99663
45995
62932
93408
97218
42146
88507
15776
84109
78122
56536
853
78824
89152
18693
38829
15644
2939
56915
12842
35894
59247
12660
97252
31131
15087
82449
81723
79456
57099
34572
28023
66706
17156
68336
23436
48390
17001
14658
4225
11932
4378
72931
43454
62386
27226
82238
67955
37269
66063
61276
75817
41886
34203
69800
27874
93284
58878
26891
95740
68081
44107
92452
25258
79835
76727
86494
51298
26704
73360
50740
96070
30631
94989
36282
63668
63603
148
29960
97268
25835
41354
92298
50769
9926
56768
28751
44653
50449
78076
68349
90997
18359
20717
47308
69653
94806
4336
31838
66204
94985
11393
22071
43121
84770
64638
54387
690
23656
48776
87488
29062
58898
76921
14188
25993
30003
36317
57309
35726
33764
79398
60988
32037
94779
27377
46675
53338
98563
79368
85606
62882
51113
56769
93312
36600
75845
22475
65162
37120
73291
34771
63267
65936
81168
31375
69517
70186
97278
93317
33020
75894
42592
5551
41858
94424
76509
78782
58277
56045
40410
48067
72785
27185
46766
21395
75954
83846
41777
63250
36833
55002
42598
25303
19211
87619
54504
71971
50057
92035
23923
62994
94299
24074
96148
26749
46932
55845
92258
93443
68892
75801
477
92443
23017
88326
80430
8928
73060
74171
25951
32238
60704
61080
5599
91921
13535
89172
71477
4996
83928
22497
56420
50678
90007
73871
40972
95665
33043
16237
29044
22578
85001
39324
43509
50503
84429
13968
52742
972
37459
74644
87471
40201
24507
40509
74200
64858
5892
24571
41133
56726
69102
84798
88987
49916
30332
6447
77803
45638
25052
13403
42303
40946
37026
56094
17996
84284
4759
9565
27893
25922
49807
55478
28435
62863
79502
63099
51662
21522
24194
60211
92903
53100
95638
17180
16538
25271
51133
44127
98410
24885
1235
40507
31865
86527
4568
16129
12713
46733
89041
80570
859
52816
2661
78115
77634
60507
22737
64410
94555
99631
58485
2796
84095
2721
13434
75003
3589
58660
76942
23648
25427
21863
39733
24949
63428
49326
44130
2170
31245
87732
2230
83664
94353
36276
74344
57309
9715
94873
85796
61901
56274
3407
88059
82555
82037
71012
50241
20229
16570
13274
42891
81602
12087
24015
19835
64580
23346
38536
21905
7511
47916
90504
47919
90864
1800
40711
4852
16417
94789
716
40728
24156
6364
91045
61136
56450
62701
6552
40397
40695
33846
43030
82172
85939
15115
3661
52285
5379
85611
93692
1477
17549
55269
5720
9628
75881
18534
17049
54324
59368
74869
6925
17857
20636
68184
28299
5455
98723
17746
65453
17627
85557
47663
86590
57405
56715
24292
17411
21125
58957
3986
17766
83312
14265
49094
94486
87541
34005
55138
85776
30706
20112
82998
57280
85463
32662
66676
69934
75803
66210
44123
29859
1025
90310
67906
51996
58160
58384
19755
18260
80053
49112
20074
97693
52663
53944
91948
94840
86527
65354
84253
45303
70635
51100
29287
10012
19393
75306
76648
66598
30184
60576
59466
466
71178
45805
1364
30953
48520
1653
5702
37876
96940
81992
12686
38633
50883
72818
98040
84465
75990
85535
49460
98966
40024
80265
81886
24394
53537
54780
35703
17444
13633
10623
64770
16024
8509
52837
80759
46887
85405
68151
69567
59385
83624
73214
56980
37802
22961
18332
59567
5224
39353
34544
76680
37956
52090
65274
32124
13311
47129
92164
74119
57569
76359
20697
45487
91284
85678
43511
84262
86365
1099
61143
53588
47959
53439
47329
20656
80109
58443
65268
6864
71229
45804
1918
46280
68417
8801
38419
93362
92572
9938
66721
70254
64665
32173
45908
84752
48314
56027
86880
95842
86140
3466
14585
42840
30034
85540
84714
31907
19223
74184
67328
19432
22283
16044
55152
32211
25400
67240
19754
51680
73218
94238
88316
96805
33475
38221
12760
42680
68701
54234
56348
25617
36641
73427
87217
27049
92683
81992
19922
22166
30179
40950
68476
93956
5538
20321
31347
56976
97937
42890
59957
10317
12595
46817
59099
66828
25527
37752
34290
37624
23172
18582
90149
98907
84521
56988
71922
31025
76209
80402
52015
49849
8535
67823
76160
59831
62701
12228
8348
14130
27522
45858
53966
3664
93627
4171
56338
14856
12621
87701
50985
98239
2973
44126
59805
92710
89820
11525
73244
40813
65607
23343
31402
75602
72655
82432
5910
99423
79620
9543
66900
89728
92559
68254
16701
8416
52161
84356
82430
3598
70845
13371
51002
25179
92806
62470
79800
94054
39571
80437
97124
58858
76080
69703
4838
41254
43308
59690
38198
67667
48093
52278
19467
28835
19589
49578
44661
79307
20575
98663
59015
676
19392
71736
97370
43984
64860
91157
44028
52578
39203
50697
52540
82154
31296
47220
74070
32824
57106
34456
63003
89142
51000
86358
5652
57493
59658
65336
65061
22279
4520
45003
46893
50906
80030
91689
26554
65142
96404
25103
98908
90060
87115
65741
68016
27314
24676
55413
7811
25748
63107
54821
22609
34923
2858
15432
72320
76688
97175
59047
85864
40461
62466
5506
21494
86037
32301
27095
61722
76178
20126
70076
24272
75243
84938
20301
68734
76992
66861
84489
63796
47393
60549
34949
52262
70492
4693
59439
21487
58608
85685
3621
61813
61097
71962
80578
92433
2818
23693
20423
11798
66820
2005
41955
54255
97242
20427
92785
44297
41917
64956
8496
1178
44095
28963
40695
75226
22417
62481
32542
15718
40861
54762
80726
5190
39961
64558
51744
66876
29912
58316
36344
96959
50191
69530
10014
79049
74567
19038
66491
74759
2378
79343
60581
23494
76633
13652
54483
8161
6525
95826
45928
86314
61433
82651
19181
17692
99360
13944
132
37151
61455
77523
46416
37730
19659
14763
77254
39214
41506
27364
2213
99093
11340
25824
6731
78129
19984
39379
89186
21787
80271
85209
18639
69806
49070
50928
51424
34085
31293
53222
4655
17779
63695
33161
97203
47370
84963
54047
89053
88493
38055
81031
62396
50210
36277
76490
80106
38229
62236
14854
272
78493
30332
82159
1287
35857
35865
90934
77709
29332
16725
81629
52600
57635
43905
47689
38056
87638
64921
84965
51486
67493
42482
75859
67077
3531
76559
55739
24755
91035
74193
79210
71068
61474
1786
65804
39476
66568
68968
99850
7709
88398
42301
92515
53290
18439
8868
52265
35707
13615
16580
74822
63002
74179
10564
35882
99162
60304
28326
93804
40708
78132
5109
48679
51127
96219
47493
74750
20029
79537
571
49949
39468
19232
77687
44288
43223
1258
51872
12841
81157
1517
19291
71875
81366
74687
43562
26880
86941
64589
75230
51614
13974
43983
69522
33694
94225
2778
96962
35640
96222
35567
18256
37668
63423
7705
13024
44546
57162
47508
81697
19188
6744
14227
9769
74508
25733
56429
58335
97054
94372
17818
57220
64086
65216
44944
96363
76164
18747
70502
44294
98892
1298
1295
78041
96020
88711
62337
48856
59616
48345
36249
34072
18982
72639
76905
19921
69200
84935
9499
71296
44065
92979
80722
85917
45987
71172
84220
85630
81773
35700
96235
70240
27872
95088
63343
64160
26397
37762
18904
43771
76602
73634
35294
30277
58157
86653
48479
49645
88212
55548
24338
69210
34809
63240
19555
93188
34673
38495
1856
7472
7129
73867
4986
38002
38006
64236
43191
83489
23689
4629
45078
15607
63742
99599
82543
84027
30852
98958
70708
24858
31335
61564
67859
16670
34729
50827
62431
21210
70245
80774
2420
22213
90579
29828
10506
89608
83208
65503
9825
65432
16255
7039
64619
53802
41212
17050
35368
56631
43688
44163
33527
3673
46717
81884
21455
98931
40177
53944
28377
81818
95112
51721
97781
95061
40455
2263
93910
79763
43552
35483
65549
98619
21916
72972
17429
80560
10315
43379
46525
26770
97273
24716
62187
12165
9477
21261
87894
25781
37364
20081
78492
45380
41912
8349
61610
34981
48868
59429
39455
19018
73397
33301
53428
57105
37685
18668
44878
27182
72087
94363
76507
17404
51179
81878
45381
91040
76767
63153
13539
4298
37093
61969
88806
49476
83109
39587
35848
36159
83077
39483
67269
63729
36735
71772
76618
70461
21671
29028
51706
9352
82649
10303
48413
97039
98124
48561
47545
7922
66007
15581
15063
97093
59663
51745
10693
92354
73042
56723
78886
91399
54163
43441
28667
42228
14020
48633
11581
77540
31505
55095
4150
75890
32145
65678
3772
84578
96915
85019
92554
15160
13887
71507
78607
81148
5323
66553
47212
81637
27159
36759
23005
30169
60991
47043
3021
92998
58543
2586
55268
74290
96907
45750
55239
40600
78449
16733
11620
93398
65686
85093
49605
2735
22520
47893
74681
14488
46035
99527
13783
73327
85543
75427
67537
61855
40437
36006
35674
98548
86705
72759
46980
53194
91718
18744
29211
51069
83344
25296
61505
61533
41243
86793
30286
51000
26921
99172
21559
44380
53012
40210
46947
75485
23364
85038
26034
52711
32258
76337
55518
17679
24755
98162
30077
43463
66460
86492
50479
76733
20085
24924
84589
53029
23001
54402
62892
22495
58529
41891
94079
25677
30536
86457
17086
99005
27827
40904
33754
67274
90512
37234
16698
46151
16569
59877
32104
97098
30782
65402
6230
41714
58206
29368
8948
80111
8358
22794
70990
99137
27875
52442
53492
31861
29915
80250
75300
20630
600
74398
89935
19933
67800
90627
37375
24445
32266
85111
26138
87671
16885
82265
11599
23609
32462
61668
12245
55257
56879
40651
30907
98998
42231
59129
91456
15969
15727
76479
453
60633
50049
43300
82485
77471
19328
3246
96305
87249
41531
32132
81596
18657
83094
305
11703
38513
2336
44079
45774
15160
93377
54889
40553
5213
95113
21457
44152
17819
57126
29803
94190
21602
46916
5689
67744
82971
92195
76741
93417
62178
33693
97676
76794
54670
23291
14596
35304
71281
46209
36765
76481
25865
62563
57446
82764
50617
52727
73762
19639
99222
31166
58118
16445
21271
22361
97336
21224
54666
74900
78495
17303
76714
9998
47048
302
18900
55356
79387
95478
73369
96998
89376
74516
80129
65074
67809
62040
86342
21088
4543
89130
91699
53812
60421
28114
13920
60383
78905
43726
50879
79400
92244
86678
54162
66008
8131
70587
55950
90750
85367
17661
82925
10335
70836
99950
65852
10908
15458
65799
29869
55413
61430
2256
86368
52814
84792
32498
8423
66521
91788
29656
84860
71831
2914
94625
41229
15104
31066
7292
38911
13327
8777
80951
13449
64646
5795
45354
93729
70061
45649
33659
69072
85938
96583
64852
92816
8758
44723
17844
97249
3786
76303
16662
61985
61150
18284
63885
49541
71894
45844
45306
87200
28268
43472
70433
15755
52677
2398
13175
19699
44095
41716
3510
61586
6245
22204
6532
19025
81377
6280
90044
91551
99454
96605
24546
64500
31317
30385
9615
88743
42236
81806
66731
91936
13582
69651
19682
57516
13127
67790
21197
33943
94499
28478
88159
30819
14928
72352
23905
63884
32272
13586
17824
2750
28139
51817
74501
21257
18132
10046
7595
99412
75357
5411
75862
74859
59984
21893
15602
91930
9239
1182
9589
34255
22157
31870
78193
6007
45481
41824
32524
8109
71977
7860
2931
19349
26418
75253
60306
39633
78591
55871
13473
58313
23085
75087
90546
47715
72551
77428
48350
5796
93064
84266
71658
85654
28703
92956
22910
932
32636
64316
45153
51934
94946
26213
31591
19883
8729
97688
84121
22182
39831
94146
69400
91093
86015
12523
73069
64734
41310
38625
17687
8377
36966
56440
95130
85766
17348
21353
21125
51687
32418
36871
19256
40477
80741
15841
30274
41411
71127
32994
49633
87908
71936
37550
56554
85622
544
55555
41921
59239
71723
44928
44022
92068
28198
32903
12636
35815
86352
55596
88180
39355
43799
25477
50229
83617
7609
79305
51411
72435
62872
71370
87071
68803
59111
47083
75297
67496
50665
6690
13177
44004
44267
66963
47437
43642
72702
31630
25203
74045
71907
69423
93206
57147
62336
25868
44448
41264
68213
78760
86869
5128
30858
85918
65646
49742
90362
61865
9122
47503
75598
59680
75039
96788
26842
92948
21504
99374
52248
43486
34872
70578
48984
24262
35910
2474
32824
48502
76681
97848
89312
78585
99455
17148
69042
75950
59111
95520
91245
28915
75810
9728
57296
19254
18483
81565
87217
35476
19948
85561
48625
23373
91784
87597
12478
21974
48026
65540
38374
72116
62874
75672
99511
72498
6496
6722
11074
62942
63601
92669
37476
44656
37255
81112
54509
29473
80726
52388
55041
14974
99594
18515
11109
13329
60343
69783
22779
14707
96589
92998
19909
15325
55612
44210
14298
19320
29916
71235
60033
64849
26319
49088
19315
48454
89379
4163
64760
32899
2698
16853
55516
19496
9520
72323
32567
77201
69107
31560
40087
62555
32379
87873
96972
2035
12746
97172
39021
77201
11926
42659
57022
48194
35787
56882
76980
34156
24785
16974
70350
13586
47094
22083
55658
73207
60336
32623
38190
66338
30514
36624
65039
92797
2331
23382
50614
44336
19449
80546
1640
1636
65764
15246
85687
75880
85189
50717
81427
45696
63647
10698
5525
33553
52187
41567
81324
63626
89466
20598
82969
47694
49822
75945
34398
54803
15985
59409
90177
63242
33677
78697
1937
62074
69246
93441
33664
85038
42106
7675
68704
47663
61696
35909
23146
27951
32626
57592
60088
71801
81269
6382
6070
57941
28343
75458
44478
37418
61055
99447
66167
88662
2394
77283
73131
74802
10962
9936
46086
11691
26518
82253
19743
912
60864
84678
88026
76911
92803
17793
84820
89098
88276
92125
61988
87196
69717
58285
57136
74204
57501
40579
45897
35258
19106
69438
61001
97190
22394
81148
36024
23563
18051
2557
57810
75359
10490
76930
69029
17304
91612
38344
50567
15569
22747
92791
47228
48959
60307
52603
46176
23567
47893
47737
133
18779
67585
88370
4116
81213
82455
4993
55020
13603
79328
17225
13951
11015
62133
71847
14365
74002
86863
61029
80839
34942
33029
72315
1105
39647
60206
10151
23269
85696
19027
5666
80068
14306
18061
66574
85853
82165
61917
15814
758
55652
10889
56551
66129
50644
18153
94704
1237
21550
10725
62677
6778
88145
46249
22422
50699
14673
65866
26524
33278
78811
85336
38554
16337
14441
10397
22716
37529
6550
40507
80084
49050
88989
27854
68058
4904
40246
89251
30998
31797
26794
48358
2282
62881
53635
67223
74091
25418
19330
1831
54285
51865
77021
43704
95198
37925
36028
30578
57162
4699
92236
71144
26227
94976
37178
26219
9248
8515
25847
33575
50346
44930
75150
46441
90454
51279
69142
21782
80165
33314
671
44667
44545
53228
33875
39154
3878
51360
82790
99870
95474
47292
57736
935
75453
85272
58406
78257
34322
13354
80155
3515
35010
55147
23792
41043
49426
37194
77078
31120
31751
92900
46052
65630
89469
44967
88183
69105
5886
61003
69545
96413
8893
96398
97967
3400
26610
13264
2510
27258
99252
7126
97236
27998
87348
19316
61810
54915
63222
94311
65588
77564
61494
74952
36571
44867
94387
16623
8116
4589
95703
78176
89134
32039
96244
88120
50848
25448
2566
13761
31059
53451
65838
78235
90311
13316
93773
87776
46684
43693
64631
64826
14590
45283
77935
16895
81584
51270
89502
82246
3907
40567
38740
21811
23774
57302
80847
92927
78673
13926
13544
86582
14464
72012
49285
5402
35410
69439
86409
83894
33972
5286
27311
25632
64098
85231
14499
7404
94730
83717
63024
18677
82040
1099
2238
49087
91499
24894
95325
33479
59248
39837
83542
71453
75856
48220
72504
93248
91632
98912
32426
60554
21727
89722
96854
74165
24704
35900
1898
78837
1524
32263
76630
13657
16995
29626
57287
82492
32980
80266
45009
64112
72994
52413
67249
40845
54852
50540
36959
8390
39165
77249
93731
52216
42547
55379
50442
34026
35404
40920
64616
37033
76884
70473
95261
29999
3072
88659
11444
8253
17407
11208
35237
65770
46062
56451
88085
36001
59161
16351
49633
34849
5264
25973
27412
23575
57857
47555
88378
71672
21082
8719
90526
74850
64323
67977
80409
28538
75150
41303
26759
91868
29542
39016
39900
50150
62686
36526
9789
27111
46467
39638
23290
81379
51559
48724
34842
50937
52292
43994
91705
83411
19313
83664
7951
96161
44172
8904
18670
70636
25157
43630
6357
62626
83774
5143
22815
90988
69835
69219
55194
77744
1284
38871
98526
35275
31355
61784
6052
3792
60533
81897
46666
28643
42094
9885
36014
11858
81325
79100
49062
82836
60617
2562
30526
80158
53288
63339
54170
15501
68109
99452
71249
16352
63122
63523
46886
7621
32635
57157
36558
92677
7474
12916
99129
26942
42030
66900
74773
81789
75740
87927
73601
45080
17908
53564
98631
97841
5383
82294
87555
95326
75699
42811
72085
44745
58977
15203
53812
75240
50010
51110
16393
72310
16531
76111
75852
8107
64114
76230
60087
8841
49484
59488
81719
69102
74160
33459
64217
48707
60335
47275
83405
41337
71433
51963
21927
52452
16644
15523
29315
58484
23903
27413
70796
75121
32833
4225
25473
21011
24040
90215
76896
8782
72679
52961
91177
8093
26015
21811
15446
86238
73949
99920
2065
65564
32687
50981
29809
32277
82798
42597
62934
35796
82121
26095
95017
7231
77796
23475
47862
57964
96203
66836
67962
97658
32894
51922
50320
11024
49803
90263
82676
35825
92688
58652
53344
36488
18627
59394
49469
29540
29342
94423
10040
48076
36334
72053
32767
49846
30259
94353
92502
14321
70762
89602
10711
89772
98423
21082
21341
79557
52710
43946
84446
20912
98686
30308
64600
81633
21379
34030
5386
20036
85783
70587
22416
1298
81725
17401
8382
99678
27964
58207
55650
23141
81277
26916
32903
50987
61558
74425
90448
615
60936
84102
32636
89431
39041
45635
83588
47119
47256
42345
55409
15259
61161
52798
26070
4831
78276
78071
3912
35388
1057
68569
37987
32625
76609
38851
99554
307
32092
78519
71284
33914
43028
74434
80968
96696
20480
43355
95813
41021
78232
72548
91673
9600
8672
20347
56863
64652
37817
28612
61002
57222
38286
13728
96280
52410
51682
87555
29635
72494
20780
61425
16128
57492
75862
94978
60762
32820
30079
5733
6586
90015
22572
46770
24228
71685
78744
50411
19398
6954
42804
21440
13188
53888
99534
21221
69343
22849
25456
48843
98776
13821
92779
47792
2765
89131
75777
798
25389
78051
91189
44342
64335
50132
35004
34916
65886
79693
46856
91926
39233
76711
66956
12322
47622
45661
1519
83955
55615
82509
42914
44167
28204
71428
80521
87425
70869
13308
94758
70451
41256
14914
7295
46077
46120
29122
42054
62311
57513
33858
76996
88321
74265
13552
79139
95764
72845
67529
63577
34708
41334
85370
38382
91190
64520
43860
83124
94922
93938
45352
2181
70172
45919
19885
1827
25237
48785
5070
60562
38539
54071
34734
41613
18641
73283
71667
44658
44040
67093
75645
15569
50600
9028
37474
2189
7417
55350
68240
32428
32664
73935
79878
92208
17075
54856
1777
13824
91991
21750
47935
55665
88526
28474
69084
97319
10562
69283
64797
37903
3318
72848
53031
92829
87421
11557
83957
7667
73684
39901
44032
63669
8952
4312
11720
72315
39793
8758
71369
70039
17911
74710
39906
21414
47017
51808
44529
30875
20028
33779
88507
12582
34819
62992
37440
67951
55645
26377
93874
45553
79332
81555
25441
92980
19260
82272
9778
42809
45346
86106
7656
73794
61528
76978
12257
28783
43429
84727
76407
79862
59785
66832
78506
5009
17196
69580
61573
88120
60799
82931
61054
26964
6379
93340
37156
59678
63105
82658
43194
14058
51614
59779
63218
86576
60108
94889
57029
93099
73328
52602
74217
63781
7312
48234
32062
95569
28732
96817
71365
22429
29114
90906
57640
57109
18172
57694
12014
42034
52455
41558
28152
536
54128
44593
12098
50050
80209
22778
16962
95468
15636
21748
1168
59917
71641
10320
63174
91778
1115
93063
7473
23315
86913
82731
67945
6153
24481
3371
20668
85815
46112
37820
10929
67634
72495
16522
85264
3683
43140
18386
23531
10707
54547
29214
80444
39373
89664
58367
37659
32671
25724
79632
93418
19716
36543
1047
23563
16769
4573
9423
26869
45314
14702
89505
20642
96693
6558
83847
79566
20504
95620
43688
49005
44663
91195
45018
97141
97835
58012
77704
30982
4305
73135
66961
86682
58785
65660
46241
49026
49262
36702
49370
8000
72074
98229
16651
26074
91839
29195
18588
77470
42723
1247
70280
12623
8231
60044
56094
63513
43248
92541
58860
63782
42820
29852
37203
69072
48326
54507
69902
20351
18016
22756
89098
96379
75969
19734
81979
33206
76044
34328
46838
77954
29434
68041
87711
93727
23598
47316
96433
6272
22274
7751
5885
51570
19256
12678
71848
3028
38621
79681
23499
13788
73037
99738
23363
57581
54430
76098
82171
49092
46838
96167
87049
87291
11449
73758
98747
48871
5616
83477
60787
39363
40921
99849
89641
61462
39990
69402
51161
6352
19847
78571
30519
24918
18086
8261
52002
96985
6156
22692
70124
42816
72659
15843
58683
39493
61265
28495
20979
62690
84039
73006
22363
77048
55816
12985
58802
71379
35555
19125
31823
7636
65693
43828
54786
60059
19767
62500
12901
22861
47400
22865
77459
76497
90647
79526
67848
86158
15606
25472
81978
84657
62229
21081
48167
35344
15582
73603
966
85749
97156
26969
19484
52504
84172
99897
16453
14589
88110
66547
767
19618
53324
47579
93416
72268
27708
96460
92263
80248
18439
11962
6317
57636
86766
21539
47694
98703
94698
58102
34169
5375
18007
97874
99644
11747
84144
56459
61397
25682
7595
80194
35359
96380
1870
54249
14177
64664
779
70401
31694
7869
65074
17953
50199
18475
20390
47016
74324
63849
68225
36166
56035
18715
61249
70881
86484
9774
28153
80253
94966
10573
77240
39645
37794
37151
34158
51471
69279
8565
44769
5281
8468
76397
17775
65501
26211
46245
25394
25811
63305
33076
5444
31857
76963
1401
94492
64276
5501
20671
58047
10265
14124
56041
92061
82526
92941
72210
40659
18207
70393
58098
45640
24492
74390
42774
24548
34340
2784
30913
2923
97191
70139
52130
72354
86956
46653
3438
24942
76449
81466
63153
76748
94198
11440
21330
45929
45093
69852
17920
74791
97032
61261
44816
52938
84225
74078
13282
20500
57251
27683
27156
47196
28493
77584
68901
46607
77465
78284
22883
41335
69075
32294
84621
36157
25739
13673
72143
62543
6107
85081
21452
99409
74427
44736
84
56086
53131
44402
23779
11179
69881
6358
90566
35655
28219
86827
2948
65689
90383
8521
65501
8663
70291
60131
8198
67823
53552
20742
3188
61425
38308
72119
53782
76055
57029
61870
80847
94821
44917
83656
24814
52436
90525
26038
58953
7997
50094
36492
3243
69473
59331
17188
41492
50174
48615
66673
83906
30744
46755
55280
12564
49799
61936
41308
71468
30631
84460
62583
39624
43845
9378
89307
89176
70893
7786
64331
37810
99703
52114
46530
95728
37519
99488
16110
25499
31819
33819
18626
97177
61671
73272
80366
51970
4619
43247
61379
6607
45536
57997
12438
60183
36586
26640
38467
65855
76924
83755
27921
73292
5241
73639
39142
90286
44879
72588
4861
92736
81418
58884
32038
92510
52925
57355
67697
69910
97947
48523
43225
27256
1955
80964
87479
2523
38094
74439
39921
40767
89182
87835
4726
71318
98638
42222
93203
39911
19352
76495
54537
1180
97888
3854
74108
69037
18899
27268
9004
52742
4035
4211
40650
26511
22869
27011
13691
65945
70045
47671
25314
52390
49021
16882
82949
81990
21736
48077
73949
24626
47061
61204
12036
41064
66220
30294
97057
24906
31653
35161
23938
86192
14269
38946
56195
8559
95618
77071
42779
61688
34984
3447
50684
82528
76000
24099
7609
57811
47764
97819
64405
54265
45214
72602
41424
9565
86392
69298
44903
48806
87167
2623
46962
26097
8009
48000
71005
14945
36791
88346
17176
50668
77083
25372
83972
56366
47614
42488
89004
43478
81960
59501
67728
71994
56876
16928
818
41657
59122
71187
74201
54036
99005
55120
51634
67673
32846
10307
63592
44686
22127
79904
50693
98342
89983
25433
67267
68696
23792
71047
23471
69003
94806
99600
37531
7970
68566
25110
12812
4585
19439
72875
75624
91458
18495
25380
70613
98976
12441
6388
48285
94276
21809
28423
5871
99030
36785
13231
16436
14595
61344
14857
73661
56682
34578
14435
69644
99454
65550
29346
15150
3945
60002
80994
83318
18851
50044
26053
87835
2153
8305
99540
53731
22919
55376
14656
67917
79081
7368
67232
92378
83718
73114
22932
57588
82765
83581
75297
11651
33295
88293
18585
85249
30159
23089
27787
49653
43863
2992
51777
38716
80959
20549
49471
64504
72995
26275
73124
6017
3424
99937
63311
44524
75763
41373
85240
54057
57485
96616
37331
84552
57551
2438
79913
91704
83706
94361
43702
21699
12446
67443
37554
37989
21945
15815
33530
13977
51501
24462
28785
34053
3725
96436
82827
7020
53720
57321
21579
16798
87060
6095
87777
52808
34222
36706
99345
58536
61608
92289
94810
22730
52664
85889
9872
53189
15725
97751
98944
61144
71827
41090
43365
46932
60955
37497
18105
75826
76925
23482
2907
32361
75541
37885
75934
84579
25244
61734
54709
85273
81193
71954
79195
48419
66449
85661
88506
93093
12508
81375
69214
77758
75118
88223
99098
80993
74501
3103
10880
15674
64353
8464
29542
75021
56142
27550
19539
81182
13958
38260
7190
74518
98768
25256
71580
82287
31533
44923
57680
52987
52922
65812
24135
39500
60617
5842
68232
15926
49212
19156
98202
10720
39342
52054
10943
40788
93499
23500
17442
74729
90217
73885
99487
57976
76030
64956
606
79499
90570
48328
30704
12419
45295
87692
49830
47928
31894
74529
97675
5198
91907
10179
14028
53059
83729
86009
53711
49529
89535
59046
99215
88620
16495
62082
49226
37823
99812
87049
98299
52951
17917
64606
18103
9433
77270
95421
57691
114
8112
87773
96823
10496
68484
22408
48491
87167
46114
89305
90462
10909
23467
2083
2859
67807
30286
10066
92103
53600
92021
28652
2244
61607
43333
42864
21724
37471
89843
89517
58731
11603
23987
68635
52087
76704
31129
82506
12264
27404
24992
13981
4345
74751
95222
56001
41928
93635
42131
61842
1935
38040
92986
33548
14755
53498
30992
70617
81906
67835
53569
610
16845
45893
94783
96527
95447
36775
9795
52804
607
53165
15816
80032
10104
58850
20530
92655
10930
2806
67237
2718
85720
49243
65666
13003
89233
71336
28340
67756
55154
91819
90796
31571
61740
20552
83491
12370
89375
94954
96106
41837
50457
56078
47262
2668
27381
96536
44137
96555
43493
10056
53718
52354
8205
50953
76194
58903
52313
85582
72149
2254
18546
89600
66675
81509
73229
2906
59357
5090
3064
80433
39695
30527
24752
58021
41605
1989
32457
93822
54237
78646
56491
45439
41907
5014
35587
22099
46534
89333
29514
3900
98667
3010
71255
14109
62114
57018
88270
14117
14661
82347
90624
79888
78921
64085
35625
7003
9780
53340
31679
31054
67532
22800
65370
27793
14693
14197
63295
57941
95672
81632
95338
18059
199
5915
54242
25144
2638
77934
89780
36671
21108
22896
89111
32067
22325
71311
48421
96328
22215
97469
70871
566
36028
60270
6980
80213
64812
35081
8762
81642
91746
8324
12830
56782
65875
98501
10083
54094
47871
67799
351
14559
59306
63948
56075
19504
75123
10927
27618
55010
76476
55775
59997
49698
92316
86635
57339
94479
21841
93884
99541
5224
37968
65791
75413
96745
94777
82364
3165
95858
77615
56311
83006
25371
25872
47839
73930
94901
41170
80881
35602
83647
70631
57016
71323
46433
42364
84434
44686
34445
11418
15321
54403
20590
19369
46779
85696
32052
90980
97447
84129
45185
86385
98110
25826
74897
91052
24414
1500
7955
57289
44420
83148
17451
89540
8801
39896
10340
8325
18600
26290
65598
82618
69619
59495
56670
5642
71828
11796
86923
99635
38141
99011
96121
47205
22392
50833
33502
5112
63850
28186
55903
1037
63145
322
24565
96510
23659
51238
67665
47960
56943
49219
35231
77022
13946
57846
53491
46935
71311
88640
45687
8065
51388
93657
69804
59615
80698
12029
5382
50682
39898
94865
53187
85146
59304
33552
7331
5700
68221
98659
14012
13163
7992
12892
29346
98058
58749
8778
2087
25425
60841
96424
11280
59738
86066
89966
63179
89983
75948
39902
44039
89418
99166
42224
1297
75487
73208
62381
50716
10616
83666
64318
30398
71919
1112
23156
43297
54198
37717
81766
21166
1884
62740
64132
8634
92816
27652
99424
39249
63794
92398
72057
47992
90192
72033
74878
83556
89567
76101
15445
51682
96215
80507
23386
84370
94836
4524
51478
61447
88727
30668
92823
19765
72754
44391
11178
23032
11584
61554
65543
72064
52904
88827
89850
24027
179
42697
38510
3983
17206
82344
24310
30870
13450
71930
94137
77141
94954
28838
26192
67333
53685
11021
46418
36174
15768
53437
59325
98999
66232
77831
27412
84542
61238
69125
814
22362
59323
2881
79437
24152
18643
64677
69891
81712
81027
83726
30916
45962
71065
62625
40594
26672
84297
4616
14050
41697
25563
37126
54993
75407
88418
7843
89527
25334
56159
94621
32926
1166
33540
5294
32523
73996
63853
85560
65264
51052
12473
64261
95192
13213
81226
33247
16930
15369
41442
34419
5417
93110
46387
17595
38676
18496
1066
19190
55903
10801
82305
31282
92311
44102
16480
24291
13512
23120
66087
36358
83265
4843
53095
45007
38662
38987
71567
70423
74138
48031
15752
49599
41557
72209
14856
21903
136
85382
23978
83251
53715
72769
74421
52257
74269
60678
24623
58029
53977
70353
54512
31292
38318
87007
83960
10105
13044
44399
21832
54258
40276
87171
56231
14789
37989
98979
2139
9480
23535
79187
19062
39030
97959
6717
81159
81334
16787
90932
90770
30657
50938
31957
8068
25353
19790
2361
48139
67344
12485
24106
69440
46317
29715
56347
21174
84452
9090
49427
54304
65352
42169
83311
59020
24617
51456
97183
32009
26324
53712
62596
72535
81588
2553
34746
5744
78458
77322
46428
66465
3727
93926
70542
85149
67531
67320
75163
49941
9244
4659
82962
79920
27403
95830
12101
25910
47756
69799
69778
44370
97564
6905
9622
73465
80343
29465
86953
47963
52815
8591
21955
56255
56532
97352
67219
20373
4756
12481
30501
12105
41822
97562
63058
46409
12900
20897
81949
423
66010
5862
888
33832
6910
67554
43728
12064
74427
12574
21485
20848
98094
89438
25799
64540
73072
38836
54866
42505
49744
91070
94250
78772
67945
64141
50253
64501
7177
93075
36447
60126
63450
47560
39426
44632
61617
44144
9255
64885
71858
27208
68132
73335
52293
70598
15517
18919
30602
97284
69762
54120
40241
68230
10266
94083
32300
3251
84970
78281
71745
93186
90032
10659
54113
38766
46233
80860
65993
47348
70847
72431
61282
23892
78544
57675
3362
247
73923
82090
52532
16872
88220
60411
26352
71893
48375
83413
65717
59712
70121
44522
36896
34331
70373
49400
83307
65811
12854
96442
87136
7951
26674
70083
10079
66568
48700
70615
52849
91105
35394
86269
44521
23476
49366
24894
96407
76028
54624
25901
67989
91670
44244
31857
47902
59387
91241
67567
17411
71636
88808
35978
6193
60955
87630
47531
75010
45657
80291
77792
17805
32350
34526
25669
67018
86149
11715
53423
47815
92249
19273
16790
34527
80602
22037
12507
40807
39077
12518
71279
22329
16773
24723
6952
9149
37790
78465
59203
69269
82968
42190
86128
23814
24247
1670
59429
21174
37363
39227
59764
72397
74564
6988
41235
13883
90482
60572
89603
8923
41740
20850
20391
86787
44948
71326
8822
57638
77026
33216
99753
9654
61694
30911
96903
11739
64988
76026
99832
38222
19842
30545
48124
52156
22035
35719
43468
49497
23080
71297
72915
95890
78357
13583
2370
36935
58957
95910
65434
94452
67026
62647
14584
73991
83009
11670
19755
10531
57682
23515
3983
28572
74275
34823
28417
8884
8918
94801
88052
57527
85209
35599
61065
26378
51685
16556
88236
9420
69723
89386
44253
77294
60521
14977
60090
2672
74669
11407
18755
5150
52589
68322
20940
25752
5239
38433
57904
91606
4488
23035
19938
94730
56021
39682
53649
49556
41985
41023
91664
97007
96701
98967
23843
26927
39663
81182
24568
26665
87750
93128
63153
3941
15955
71440
23212
61909
37339
69054
96574
30646
53952
29811
82582
22907
21954
90340
19354
77911
98978
85697
63682
2673
99767
99762
49830
12617
21409
4529
60122
11812
30814
26676
71265
74007
66576
15975
48362
34853
92033
22749
16197
90988
82681
34480
74596
66528
1762
59431
50913
73609
35141
52625
99417
95754
78510
40099
46077
84976
8455
80692
22978
54033
51584
61767
94628
60584
40700
23187
88250
92704
75320
91917
80934
8371
97356
63023
32735
20491
62292
90922
87894
7244
46788
51429
37529
64015
46344
1912
73014
29936
64137
81892
15993
13715
58415
8016
6577
65501
3139
49027
55895
34018
21787
34029
29799
54304
30361
43072
17032
50748
52885
67757
12757
39285
36280
25816
19267
55323
53890
19867
86046
59393
24163
84907
32592
28396
88337
23715
92579
90504
38729
94759
15004
10129
31503
31231
13076
30550
52868
2417
57884
71622
57375
21184
26789
34304
37997
63311
28048
29272
1971
7462
76911
42757
62583
74884
15453
40217
76420
57282
17712
66122
58207
15519
4679
73768
73754
10112
3392
17327
82760
41470
15967
95583
86026
78797
644
29340
105
76777
47702
93133
86185
56310
85023
542
71812
94782
48235
89563
48860
94558
57043
95328
87362
79527
64700
16520
87438
41835
1302
83368
32725
31353
91835
27756
19737
46986
27513
81340
20438
90188
49510
26026
32011
39851
60723
5795
25853
31606
70847
90120
31796
42651
20545
89812
6054
29559
34623
50339
10193
29558
38510
13194
59394
27891
79660
24061
48161
45219
86964
45892
54764
25194
40449
57446
22573
51453
60719
27295
58230
19751
82600
83627
26381
77828
2618
17500
68024
90022
63422
66805
86110
80040
74253
31813
22206
16157
94887
62521
76006
97978
72578
97902
40385
88399
77346
87102
62709
19368
95514
6180
88185
59815
42714
1833
38242
88322
47729
32602
3547
69656
53654
16211
98501
41338
18397
27423
56286
34735
9920
40381
23876
5859
25323
15562
4183
21659
96224
89141
70115
61322
35517
62087
21450
65311
75450
81401
75697
53997
85992
44702
82929
97317
65891
64663
29405
18224
80557
18566
8772
30621
74883
33868
6657
8565
39731
45557
21592
43560
99743
50734
92280
76463
80728
21861
69196
4796
11502
4317
38439
51392
25138
51657
56733
3586
29969
64744
77743
37814
42917
42522
8905
7228
79587
53363
58013
93298
90430
14175
70609
46526
29698
83150
45540
50660
74393
83111
83675
42124
5419
12744
787
49469
87303
76529
48842
60149
94636
99078
72191
31433
27265
42480
80323
94652
55796
7370
72463
98538
4884
10320
57359
73910
41125
25189
569
86139
59409
94234
98555
93237
1496
10207
54029
350
96982
2495
96332
89656
17920
60447
33632
55985
4385
37741
11910
38202
13154
63215
10474
47988
25535
51912
59421
31310
6493
36499
46275
952
14927
27925
11780
62799
36561
57691
83810
42385
80455
21237
59921
49050
87989
10258
42829
3233
88250
46601
2234
35818
5133
25673
12294
20081
95382
17696
86275
87188
36077
63142
25804
35467
41521
31891
56639
65293
94668
96985
77661
67539
82233
4140
35679
76884
2817
11523
98790
13889
96759
20422
83912
64032
46697
88085
35659
80401
73319
75352
98197
34120
72170
25119
72238
79666
83353
95465
79985
91936
11087
64133
96154
24076
40655
15667
24501
60594
72329
8720
19507
55936
4092
33077
55909
13478
18278
58782
63038
11810
88993
52974
72961
28399
29546
33888
74489
74033
63343
96844
41620
57724
32942
6928
58043
27974
54637
36480
97294
32953
24661
2754
6472
74934
91412
73405
7311
22550
59409
43578
64650
43265
48257
52307
20938
86836
37872
91845
53803
36401
60063
80298
53774
40863
48129
44835
60637
13902
23007
26542
84242
34731
60522
88191
20710
86180
84062
28361
52609
79677
85801
49951
74188
70347
55460
3651
46436
13633
66630
35004
30552
70166
32065
62699
58178
20168
31342
20556
60255
3669
3317
76823
69308
95542
86154
82536
34027
61184
75789
70691
56859
97573
20129
37999
90030
52827
47416
25317
79708
12491
45334
6137
90433
41244
66662
2449
63367
25906
5519
53140
32034
46718
96544
32850
55363
16318
92525
52111
49610
93191
50455
63936
21993
69269
9764
90448
64815
28486
74028
69994
57439
99967
17158
93108
66257
36712
34001
43020
35214
1230
99337
43853
40369
8750
28000
88554
85773
91169
28350
81684
67691
78162
6729
19674
79905
81807
3556
70814
89657
36271
14934
94871
17141
89346
62715
31073
5814
68915
51200
71322
28033
97621
57305
61882
51238
37312
52190
72294
36871
34887
87781
86114
96024
38962
28180
60449
37365
84963
72650
69711
99434
6101
20547
48309
10706
80516
31045
42443
6948
51902
73313
98629
15116
31011
68403
48986
22959
86318
52276
14863
56111
83758
87665
84583
10271
63396
93280
7137
1181
26993
48018
22604
23382
26726
34371
55661
11858
60730
53651
85904
6166
68709
22453
513
59904
43055
61686
97122
38374
46216
46025
45101
28697
43595
66063
17981
5298
55250
16471
76225
11595
6729
50146
65809
86077
71217
83035
58338
97804
67962
95144
44040
97878
47716
34533
75509
43443
1078
19963
90037
39560
92736
73631
97116
46245
66963
92890
13760
74741
54844
45646
48903
17048
88758
36767
83520
42579
34654
72746
84184
51768
40500
54642
70557
35369
9075
49254
58599
23896
43334
62025
35961
80718
40152
22554
42509
86972
14070
6407
19694
63450
9929
57144
24182
78801
91400
18015
38087
31363
29780
39780
90780
59713
16683
96835
15081
34450
8281
82889
88075
30383
31442
96014
19898
82769
96050
46586
54202
72077
63250
72582
96544
1593
30872
77107
78172
17154
24263
32510
28108
27501
70944
31801
39998
30476
16311
19045
25945
44328
12972
32779
54744
65735
1669
61452
92299
33162
11293
53216
68860
77414
88418
65062
14747
16425
76992
5604
90203
10846
56160
64505
1566
21672
11718
95741
95282
95937
46819
34534
57627
58396
71651
50469
29651
41091
57581
89057
53559
59439
3118
45235
22749
48151
97501
63799
61777
99593
44073
7769
10362
74711
28931
7263
3298
37145
37646
58683
42958
68167
37971
51245
74157
50992
53322
6013
66720
29451
93433
82200
5214
45412
40054
40512
5576
40295
55258
98705
53743
96064
25366
35266
44563
799
4502
65635
93662
18703
80598
73806
19339
86029
41859
47582
21104
43774
24179
63055
17596
51742
63752
87062
61273
28391
67102
79528
28279
7252
35565
60817
27577
59133
50049
1863
55511
62422
59951
1584
16765
15110
61769
97595
78000
28073
20756
54907
59339
85367
54502
37820
67949
39708
45094
5679
98650
21319
92393
38035
7383
26204
59925
48684
15032
34970
46408
74125
72037
64019
13634
94747
58943
72141
16424
3418
20283
31267
85976
45467
94310
36033
2462
94410
8868
26790
51835
98834
59166
45526
11960
16833
32907
14930
41305
84651
32173
85725
2323
72289
61610
32396
59880
8140
45939
14511
82745
88339
83215
76212
66637
34352
45840
36530
57190
66074
36000
75016
68830
62367
81811
11052
10817
83492
11633
94199
97385
88272
33050
18953
73333
85791
181
35606
87393
34069
29324
80105
79158
50810
92717
5660
4966
84473
52521
31025
37635
75884
63016
10835
48255
78297
87686
81471
67369
38276
64452
81992
17044
81720
85986
5503
80032
19656
59119
74534
49597
10982
62074
44604
61214
14815
58655
14581
7337
29080
31740
87721
20125
73442
31606
16387
96445
89016
54508
5175
36164
54748
18356
38685
80519
79602
57473
97767
90536
33503
31268
63525
15794
26230
3577
80708
20552
39493
24457
35659
38694
89472
90891
40585
8966
3403
11060
85570
1005
79923
3386
70931
74585
34144
8643
87049
60601
85589
32422
25547
28028
40767
93817
19454
45857
25965
45391
18785
52482
53259
70152
88803
56990
47162
8635
25782
11065
60164
50180
15689
45462
41609
52932
27226
77410
82238
83204
9225
80592
65844
43845
28978
34422
93066
65529
30383
37480
75049
84547
86445
55454
42571
5818
83850
4358
83159
3492
35811
10356
94643
17668
77511
23686
16128
28194
10533
90748
50236
37876
26456
26445
54925
9385
67754
75426
13235
54052
96160
51000
67039
26758
48842
92062
60892
65390
33987
58568
52557
29708
10378
26532
86330
32408
28020
95142
60804
51837
50908
75496
18093
15039
82778
13051
74657
4077
62889
39414
59389
59690
2491
6232
13521
14794
13113
46921
86145
54064
2475
18863
40522
22893
57754
54941
9243
25820
88293
22184
84871
77748
40753
34778
92005
26335
41103
77628
22759
9878
19196
41892
90523
18441
69269
28107
12161
61723
27459
35019
23019
98682
59129
26874
77630
86161
96259
45793
4706
82258
14294
72694
97790
59884
83359
40310
14699
18881
38242
59904
8643
42238
91335
92732
30653
88068
21989
23008
11729
93506
59894
93271
6731
42804
21302
68269
34739
17222
75275
40937
28629
29427
76389
76630
92626
88374
96782
33400
28049
6584
18320
3199
87555
35221
20205
3977
25839
83680
33294
8291
21162
29075
68923
83865
4
10412
82912
51237
48493
14849
9843
62924
49710
94992
806
81695
67025
34656
70875
71121
59884
26278
78740
4736
59598
26219
51618
22008
63877
51767
37907
78640
61719
57680
57552
43273
63751
99678
85872
73748
69957
78440
8516
60776
20802
21252
75094
42520
59024
16747
98913
65289
33458
85652
79053
8428
73283
14219
14451
55685
52107
10521
16296
6527
51956
35780
76113
97441
31816
27041
99282
18155
9941
60542
28089
84294
92646
84175
82478
99166
41468
35099
76515
84841
19475
23752
34337
20489
74254
35946
36186
39077
61598
78479
23452
86223
11710
16457
67801
95609
68445
31767
54697
93123
74519
47039
78698
15935
39750
92628
15754
18123
29531
29526
30329
47494
33902
18824
29562
5382
91630
72497
48178
42023
8269
41253
35339
47780
59751
50657
59986
42634
25464
56902
71310
54964
82760
66112
52189
48409
55878
84841
23595
12917
75700
20506
67278
36023
49946
53119
58360
12190
15130
15657
15040
6544
98230
31532
62548
10378
3223
82106
2233
64716
76694
33634
92446
56741
56470
81314
87994
88467
24128
85651
20930
909
30952
33070
13303
13877
29644
59975
2683
91277
43596
94349
97858
19588
97321
31284
81496
47967
31785
60542
81836
28667
35665
73028
2482
19965
29963
79156
29662
10179
82438
1453
5106
93282
35319
19824
62283
63010
43637
18954
80733
58639
888
10524
73694
86636
54704
91192
13639
79639
22988
24226
28599
44524
75183
66349
83020
28203
7330
94020
44154
72506
82511
98483
74277
26918
7250
27646
5923
12488
11338
78286
33234
12571
66613
37948
16462
13547
35622
91065
27789
88655
7033
29202
36487
45715
12030
36676
65846
88084
46136
44468
99522
86471
81656
35907
20606
67454
67196
70865
59024
96004
20605
92092
30423
40699
88134
58288
37984
61781
90314
58683
42248
58227
93679
22639
40554
22874
95264
59402
50955
74690
40228
61484
16650
2593
49496
32149
10794
21064
5841
17054
75516
87177
67792
28018
13198
7443
70225
99829
46815
56366
58406
92008
8943
52207
57811
92021
74637
64632
86906
89322
97907
53046
87315
8917
63876
75503
44837
32960
80610
22687
36885
4775
38816
42588
39759
63330
58994
74042
29963
67687
27420
31238
53025
78474
39027
44511
16733
45002
16412
5141
65549
76626
55221
14421
36489
7677
74292
30571
79612
71920
1713
94869
26323
74600
735
11734
53404
87824
29828
73127
48509
60971
14985
66774
39675
2208
64997
49259
15431
89328
44952
32231
8786
7399
83959
53959
40478
97089
24235
58462
16586
87576
96
46184
18202
45000
90114
71951
59676
99123
44987
7792
33695
83356
65065
77291
74543
94871
33281
34754
20238
21519
16676
67403
65141
93717
43673
28279
42763
96930
91615
32845
12394
92644
12403
34871
1317
63063
94093
31024
34920
36503
32356
11711
72881
93617
78044
14761
97697
23113
83170
70715
92935
44020
41344
6608
4566
6367
21811
34234
11793
36029
95426
42599
29633
99751
85545
91210
12302
5810
27907
24922
91299
6373
72485
32997
26670
32668
69342
62581
11566
61527
30076
43107
45057
87291
51761
33913
67345
28839
83208
36256
18517
59233
20174
37128
70955
31787
95250
94881
96607
45980
7030
71016
88406
29092
86964
3763
76777
297
58094
75687
34829
35517
65891
30756
15503
42295
39355
40877
78436
14433
68926
10929
87451
1431
48775
54117
85448
32541
78538
22846
50707
8341
39947
41812
28617
6370
61909
13434
68499
85766
36858
37156
78641
15750
2173
10358
40876
24085
36844
25417
15216
39259
5563
80628
95204
57901
15269
97606
19824
30315
27872
62876
63392
93546
46947
13302
59498
35207
51057
79040
1109
17980
56487
7847
62929
17016
97906
93378
63258
89445
26287
22328
78509
93558
39205
57287
74699
88894
16049
71418
78832
29611
64974
33951
97715
11848
91057
52734
36902
43147
46380
74029
10339
4988
30898
97825
3859
80606
35769
39165
4564
15737
24141
26009
58716
52001
7742
84074
66140
58300
653
80458
44658
6348
18083
89909
18829
98654
70910
26909
60266
50049
22609
74655
21873
91365
82628
75396
87570
32278
80035
82411
74377