96780
17066
37924
56364
79371
44186
49391
38864
67218
59628
83746
30091
3547
21375
70817
68993
28896
76212
86651
45102
13771
37543
73165
41358
14573
59943
10597
29169
29603
8323
87591
80025
78056
68729
83757
3344
65519
64323
93214
47318
41758
82966
69648
65757
48105
10505
60778
46459
25082
40770
98765
94899
3499
59261
44542
44632
65164
22155
43047
32192
10498
65403
97101
47575
51421
75522
49466
23332
7333
42121
94009
31758
87153
57181
40883
47658
7942
48256
37629
82338
37168
48547
16898
45154
32866
11760
80739
36812
98694
78966
38571
39006
99459
44038
81193
64517
17076
22668
78447
53296
78330
64184
8462
80634
32326
52335
39055
51589
47616
82602
45846
94501
26514
12982
96214
4190
39629
25199
23765
26
77381
69611
43501
36169
68818
19814
48450
8640
20189
3416
19697
14267
93939
21323
26607
26846
56368
97233
16583
74855
33100
51431
45743
12566
21759
57326
82002
69458
57432
25168
69489
67
29382
9507
16606
76689
26296
30559
27189
6511
7143
44435
98842
84209
36038
7761
73695
74369
27122
98406
65307
71074
46128
109
52528
72746
5219
80977
29279
13155
64324
98338
60331
17766
52666
46467
3238
3394
22269
9799
38392
75080
54145
33161
28663
67748
44540
31559
19552
25768
38789
71196
35005
38580
21695
69462
85712
9293
1693
58644
91893
10823
34468
17531
61544
44164
32295
53388
68338
73477
60994
92576
60688
27868
29584
55372
39305
97138
35775
9089
23481
12289
19673
19885
10056
25958
59767
16308
70493
44516
18751
88170
4457
16118
84802
38722
54502
17897
36259
33973
66003
31340
14034
97989
45945
62344
74276
24894
83899
43086
82461
22960
80252
39463
2488
69148
69762
82789
72291
74972
99669
22096
19413
4675
14356
11526
55932
44934
65440
41971
49300
726
2051
16395
33958
74530
74202
44630
17665
41092
95055
21833
51296
40627
50075
70351
94761
66342
71570
79800
61952
40590
88868
1665
30370
33411
76715
9031
94162
89072
28748
16368
30693
95848
14838
79978
817
3165
68226
58405
34818
67819
82556
17608
40239
12853
14194
24948
79923
48821
21786
20153
75451
45395
52669
78375
65747
75523
2381
11270
9789
94570
6762
88606
39426
27892
26186
5745
22757
31643
99853
20375
55383
14492
15584
22046
30068
37968
61289
71353
33460
68074
52596
96331
82366
13381
77536
86109
46149
49375
21737
43333
41222
36656
43878
94849
80094
17200
83835
25803
52604
78204
89999
63002
92860
22643
35671
45813
82417
80677
95427
89452
62633
60044
34195
50501
41730
98211
20074
24525
39885
89591
60242
81286
77602
44100
55269
10074
82443
79099
35627
51950
21633
83025
17194
51237
80359
42037
5319
95295
96287
98526
85181
26394
39783
22671
57449
94941
71226
83454
91128
37916
94491
64849
63167
30234
39530
32807
97456
18024
47027
86152
3875
60345
92078
74992
17045
59878
25975
74939
34331
83422
87702
79791
5440
85095
98958
80866
58756
1373
68965
76907
86643
75566
56567
92270
47704
10550
96772
10724
51296
16129
20225
39897
14809
62409
22501
63752
7950
43485
94354
59576
56954
16764
7737
53342
1958
7782
22806
57296
85076
26336
83452
63734
26667
53236
74614
9576
70005
19650
12500
50276
49283
76913
7963
83796
42026
33646
68330
41442
2053
68782
46434
22153
66805
20462
93548
60937
17765
70174
18310
70988
63408
50505
60529
65647
45017
47171
57138
92525
79042
39599
41498
64135
64970
65908
930
77262
94308
10696
67729
5439
83639
24676
61609
451
43606
32982
66590
89121
26559
27484
79345
23117
46475
57694
36388
49377
62582
96223
80912
69951
80023
21001
30694
96682
31618
38195
8232
57253
67530
98850
62636
44478
57638
7094
75145
67187
20079
31011
16626
38147
50688
12291
56493
96722
38135
80162
33059
15838
96047
66042
91003
62937
71113
14182
82457
77366
87883
74501
45661
5697
77306
88491
91147
81311
84667
82853
60293
42396
43920
36201
18874
71944
94122
99980
66175
30623
74739
66717
24713
11004
65505
31415
93384
13824
56295
75233
66055
61048
46395
18651
64095
38637
33714
60720
91569
8169
18525
66130
21881
41445
89393
95379
52326
38823
19585
8883
21722
58315
54768
87171
15259
12034
76891
15266
22010
87492
3346
14132
6387
99210
70927
69172
29517
47064
51610
89141
99646
25872
41367
47684
19720
72911
95986
92915
48422
41531
84675
46796
21947
80777
94578
10797
43799
56365
66136
49503
54400
8663
37653
36465
43628
11485
94111
1362
62065
87846
37425
92544
29723
81527
79618
41401
39676
35869
41182
20325
99889
60517
88667
67793
21284
30456
22185
48170
12892
72265
37883
95065
44902
28423
10219
32853
8043
56594
31387
32613
48000
64752
87340
78889
19803
19986
51334
74658
9492
34979
74980
25301
24780
64134
5019
343
48181
27745
52530
21589
81147
49291
48459
48822
51187
57207
98502
51191
73252
1766
80305
93718
49430
4671
60938
45742
17465
2667
53183
65123
46317
52363
26140
1180
63304
24756
30848
36437
20793
69703
97415
47758
37719
20716
19068
89172
54075
66186
83889
7357
5681
99152
80284
45235
57467
5766
41433
43464
1442
8840
91002
20997
13406
59946
42996
62315
75527
32576
79200
52188
31922
61308
72896
4852
61027
23608
18984
29122
7486
30255
30189
87091
423
69114
73146
46356
87790
65380
29810
89927
19959
37745
23326
83827
92910
35732
43047
30407
20646
38574
39488
15895
99273
74012
28262
21791
23067
58402
87494
32805
1495
37383
59499
94762
60825
36486
51842
60440
18246
99987
90830
15327
6456
89488
58529
93993
10525
60755
7889
28930
16829
68040
68628
38093
82757
9872
99726
31715
91950
51102
60088
78938
83006
24083
29572
79934
52936
50831
81187
45552
27715
74183
848
40737
58993
26833
26062
12544
41504
90869
74738
74778
6817
60048
63590
22410
28349
44556
92005
66718
16475
15148
24473
9655
27094
8576
72644
26939
48659
65131
15334
79181
23218
67940
92129
84911
63217
9258
22860
70049
96550
9728
4686
46715
83312
30203
36973
82866
8806
3205
57309
56600
53698
8361
15236
46434
47550
13982
58796
93999
40880
33718
35364
10286
7920
4296
38008
61742
13764
58147
2573
63506
26501
14964
13866
25946
16050
62297
19095
51572
46395
46367
70717
54171
21091
37036
51571
61472
55034
43134
27827
83390
51682
6833
10744
14321
57925
53452
21270
69824
70523
50103
26165
80018
32247
23896
53505
18834
7865
22158
67311
2722
13465
60584
92168
88932
96575
92354
26458
13266
6642
46935
36348
32408
8071
44545
74481
29211
2957
56851
24077
9430
25145
67363
3319
96249
7224
92971
64667
75855
20270
27741
73801
87358
73537
2470
37994
73320
44002
75212
66797
54702
27198
88193
964
86782
37443
96424
13103
37398
43687
44157
71705
15165
88136
94021
21884
19444
80224
63728
56030
49014
94693
39397
96463
83538
6025
53981
10741
1838
98441
11142
87465
75790
98463
48014
32255
17077
27362
58982
47871
74618
20066
484
61193
72701
64412
39588
63383
98892
911
79736
98643
5947
74252
11428
29299
1961
3011
67233
91060
20171
58003
47969
26263
30672
6176
34461
11323
31136
65248
82910
31355
45012
85771
22746
19555
82101
8815
3215
37031
7266
79066
45096
43224
87780
98145
15427
5441
50262
53854
56672
19073
67040
30883
99835
90272
98614
20033
61925
29060
95418
29733
8139
12962
70158
56180
86930
63253
38335
29000
5820
61448
38846
57520
78021
14779
15325
83040
87794
24471
94000
28992
27295
57381
90506
48637
75729
70
82882
38997
15318
84584
15304
18195
59675
57297
11578
29572
22759
71145
93704
76023
47391
22478
61401
41010
999
22389
86705
66359
3775
67869
52706
334
13111
37399
94744
48478
91341
97022
94382
13077
30136
75388
64336
53625
89217
83027
41648
42685
56241
95646
66884
82619
76907
61290
89964
44064
86370
3523
9438
41188
28479
35420
42928
72521
89059
47324
14048
30149
98673
3012
58465
31797
44857
54546
60480
70590
40045
46427
93101
19372
90731
32713
42089
71798
57157
1327
6248
55119
28477
99914
57321
45552
86206
84987
66423
94433
18341
97064
26681
23746
5851
23231
80534
3820
40434
16166
94937
42102
17443
74393
44372
15136
72699
14555
36016
8423
39743
92338
85986
69563
25066
16162
55084
10423
96467
53111
64996
14354
79633
86136
23799
44223
12602
45018
47740
46627
64168
76705
38431
10686
28626
4187
37445
50289
65342
99473
47123
19513
3467
726
12737
7734
87019
57509
90135
3699
51254
5495
94082
73222
84039
12884
69915
41316
44297
83772
73209
46520
196
43864
82609
83823
54795
20691
48839
53505
56985
74887
98435
67764
38565
73779
98433
31805
89524
55399
11661
82615
94625
7848
89491
75021
71600
8162
83449
74626
67913
25809
93072
69833
51122
174
79633
49718
63336
22637
6222
88894
78191
13838
94800
89708
31452
93875
91718
87908
44563
260
31794
4807
41945
20707
19849
31914
41033
76112
38442
76540
90357
99587
50358
45161
80945
12315
41768
98578
43194
30062
26950
97260
66228
33154
18707
46423
26483
61909
84372
56672
41372
17245
4902
88236
35085
50816
41412
93046
2573
72248
11865
44399
16935
71605
81668
10091
51944
45284
96793
40224
49370
85700
58186
55409
63775
78621
48392
18602
76136
59468
58472
15577
3901
73103
11313
58916
49385
49813
93195
24610
29999
97687
24283
92859
17186
83915
6019
86325
17834
20377
17620
3329
57027
90636
45276
70196
13311
66725
60991
89012
26536
44589
64797
7398
5408
69263
91389
83212
17829
41900
72455
47465
5088
21416
12531
86721
21005
9897
6271
95211
37068
26331
94911
73064
67432
38294
10395
87891
47920
51247
33736
4184
88338
37734
94300
93721
41233
76788
76528
34839
93730
33198
61971
48855
98093
63973
92940
50108
56796
42116
90949
38394
67627
94561
16812
91529
59308
8443
61193
83168
94866
60908
7732
94236
71076
89773
12553
90112
83018
863
62218
270
59780
84461
47742
68415
55862
57964
22688
48272
77649
19087
55449
51703
3022
89696
85387
31147
33771
54514
60385
62775
94456
74124
47806
98055
1227
54868
14337
13261
6177
15442
39111
97170
24948
88745
95805
89508
42071
60770
96710
3860
54414
31913
80824
64791
61924
9972
85901
42758
25043
66681
54963
59547
37940
23791
22068
26390
43865
8094
17636
50237
52324
66493
37653
20810
74092
80321
6940
70637
11717
52274
94265
76983
33776
52037
12854
802
72850
54020
87848
91720
73758
599
51096
81983
86143
38848
87817
96190
29352
26663
85250
89007
4648
93846
43624
7201
11842
24385
38737
83783
81442
71930
25646
15207
59698
59497
1538
55573
2155
106
13950
22395
28357
47377
23745
62385
97797
54906
2199
54433
15891
53558
67954
53191
11181
67841
25328
60472
97262
54238
20392
66682
11227
90351
18226
53759
83576
33221
81619
70054
84186
96737
71323
72048
93536
2602
59053
34932
89695
29857
30371
62170
838
30803
39411
90373
7218
31814
72636
9192
61608
41563
27380
40850
88621
99594
15956
76040
99792
92799
59090
8575
50493
20689
32863
74756
65231
86694
61587
20682
24735
75291
40664
27892
27491
40717
97600
41122
49545
15290
71890
89065
58936
52502
35400
92200
86499
38042
40953
5350
90332
83897
90682
81622
87706
7000
91477
74462
90294
96408
99628
86970
20200
27164
42681
84737
4383
32533
80057
94320
62072
92658
8865
72217
89563
43692
99467
2798
52802
50427
95899
44189
79561
81209
13143
73444
32565
68606
99900
59383
53973
38797
36081
14477
68851
47613
23726
12047
97094
54425
49153
68169
12008
61025
69356
4462
36711
97580
47524
68576
2335
63689
4719
63110
85309
28785
39929
70226
31509
15559
78355
87180
50261
47169
57910
33875
29042
7574
74258
39596
78091
92670
85522
46815
46917
62135
36814
2365
11646
40807
39977
6488
21091
37964
43186
2066
30139
60132
17723
29140
68267
11587
91230
8625
80213
44534
12764
29837
58892
56769
46672
56062
15774
44598
23016
95526
16224
86027
57324
82847
74719
817
32341
72861
49985
9838
36592
53
80121
69166
89885
38040
56233
58933
3901
96943
78831
67405
93860
89822
23150
71290
53896
47494
82978
57437
35785
5002
78946
11653
51517
58524
98395
53546
20985
95135
14165
95759
10841
550
64951
16510
82963
39184
83466
41268
24112
60864
76071
52232
65894
3566
2056
75314
38183
47617
26945
41517
20939
28492
71475
19086
24212
69259
69753
32921
62852
91968
2507
70702
58910
25688
88477
90780
50722
35894
59781
2493
63110
18310
96432
59481
85139
2718
91538
3232
40002
79112
50183
97626
4998
53314
8042
86257
84680
29565
47295
49554
38859
21862
17214
55721
79156
86179
17648
37790
45900
31752
3049
27747
32665
53353
11108
41205
88233
30404
95082
96879
40223
4529
33136
39351
63262
44100
98866
66931
36643
72629
1736
62577
5043
85354
45538
82211
54456
2011
75240
73181
9474
3443
28619
59965
4091
48740
88364
68047
15581
78234
68631
50424
61159
94398
95422
93096
24021
54110
61676
51582
70569
71813
65558
14840
34770
52820
50649
95189
69415
4589
65136
39567
2375
20295
26466
90210
16531
43639
96499
88196
90936
63856
2695
25234
23340
74606
23616
5994
5098
95919
64187
40878
72466
76486
39044
24267
18870
67698
66439
69314
80685
1320
67360
12519
37879
89696
84844
56945
63891
20656
71394
4857
59170
82899
36919
59042
68744
54843
18594
87769
36164
3825
82784
21272
71006
81781
50435
5455
36127
9725
7631
88728
61082
42661
12467
89369
34086
84521
81673
56000
30130
78930
97986
22928
89995
82135
52202
86008
47805
20602
80776
54816
84890
26046
32775
17400
53021
61094
9701
7141
55789
37665
88289
48334
38553
29698
94505
14860
84768
80056
11233
26782
14140
44366
52383
54363
39618
49978
90730
13749
689
54853
67135
10424
86431
55267
49320
45474
20528
18870
84742
19315
75361
44568
65818
79647
66488
94017
13728
18894
84056
25956
5447
58597
99717
43115
60168
78334
27930
86839
87481
56845
74825
55764
26839
97058
2501
66888
23315
97243
98009
33896
19330
25523
35264
4378
23421
98680
87925
60363
25040
4240
65908
54184
60800
5647
19784
6608
29033
97601
78627
72159
70932
9239
86501
60266
20274
43877
85200
17024
92065
93272
20612
93290
61675
14177
63527
57046
51212
2883
69201
33404
46641
54162
14398
1148
36159
39648
57126
78855
55559
66130
5484
51864
28371
16792
30545
20613
4539
31643
60001
4263
99984
32360
37888
39170
29266
4868
35563
54309
18028
36913
89524
24590
24332
55514
34541
76278
66599
19177
77944
10747
9164
66425
12424
98144
12207
8418
47862
18654
63782
1985
13066
8156
97102
64686
26364
76070
4609
85518
48798
41318
35437
72421
3468
97260
50281
28685
92202
45338
11747
40732
7959
37837
65112
81767
98639
64308
91773
35773
81277
42517
87353
73066
40886
25905
15512
99724
60508
13483
57420
90693
71315
76945
76101
26441
83879
4080
70719
969
68616
93064
79945
1701
41453
76454
84814
75569
73235
10895
36783
66829
46327
19235
1816
18925
66124
13610
25760
28273
4568
87766
62683
6919
10073
91847
19234
8507
89480
83889
39033
28792
82887
16721
97514
43287
75078
14949
90173
49848
29705
4458
61721
22135
44351
10924
74733
4373
75743
8480
57299
86968
39428
38027
17193
71658
22114
19444
59864
18007
94302
89423
24168
83561
26176
758
69198
94321
19275
19932
3262
27136
14130
22473
86976
64627
29271
31503
848
54639
77076
46656
61379
72503
8063
71119
26906
32004
87525
39009
39106
85019
81728
82379
96037
81861
41000
25388
28237
20304
27180
66066
76653
26350
30215
39051
73180
86731
377
75082
81669
19986
77502
63112
57182
16379
11682
69403
69148
98194
40866
991
64666
71981
39106
97720
34318
55781
21077
83450
92053
44786
55542
51899
14493
91703
27390
58750
20432
63554
96489
13727
30574
2761
7852
71737
2794
62750
67011
8776
4736
18745
89694
70520
88711
17881
99195
52093
28433
28376
98987
7903
62806
59964
59880
26206
86883
74714
82609
38622
58068
88987
15923
61150
59059
69878
14635
97476
5432
68335
75784
81863
83287
70727
74105
8694
91324
87511
37716
13770
62209
72465
64549
49303
76990
93288
53010
66567
8864
56415
37676
58993
91159
24945
79005
44730
62556
39060
15480
31607
80084
9413
95561
97335
68643
23454
66422
13349
15086
45090
96127
34533
83452
74829
64803
57743
70201
96471
15252
94519
66634
74424
99243
65891
29718
48424
68068
4803
71707
49855
11141
83919
628
59170
64257
84788
48472
41632
58984
70647
67877
91632
94231
69196
26535
81222
47774
57037
75332
46397
39847
81816
77233
10903
24847
56759
39314
86554
4854
34329
38349
69318
74204
41783
91540
14891
73817
63399
95449
80699
61239
13862
30792
67692
21605
76089
41062
1944
11285
6652
37197
60161
57657
54800
74138
60787
81342
16199
36032
67235
21917
77412
3563
71069
80171
18400
70555
91067
26832
89915
28394
81822
75035
20886
49133
82922
14395
61448
53664
87038
17098
71939
70565
54246
46167
22174
15146
70710
10212
28793
12575
68569
62140
45182
62553
10323
60397
72438
40092
49893
16589
39617
26899
53303
2554
94415
85240
60979
72407
24574
8025
11856
40461
46616
43923
25441
57831
64601
36935
25945
77292
95154
24498
61991
92822
28903
82546
2650
68268
50387
89642
67767
39583
48844
66860
92798
66180
72744
49314
3322
57060
39434
31866
91021
52819
75608
74294
58362
66613
3331
65399
52335
93127
78449
25699
61692
14616
62882
26735
53198
36664
57568
39372
91467
36246
60623
13709
83450
70783
7979
62454
9076
4172
79226
29785
20000
11343
23451
25267
1874
70220
11057
11634
67201
68753
14850
44886
66567
59189
2660
71886
95498
2604
26046
10527
56807
53526
16913
38778
76577
20196
6267
65204
70274
93021
70390
44750
65455
46867
43464
49467
93787
73399
13600
66067
41191
29122
51994
41001
13964
40103
14118
22492
60369
79658
83549
94440
57556
18385
81360
45347
62108
90035
12334
10389
91637
40161
12603
43810
92486
74422
29625
89056
42500
16419
62878
4277
27989
51786
99006
62060
49311
89872
88160
16099
79839
45115
59892
57773
88041
38805
94015
46606
9034
24327
61782
11629
1422
53843
59024
45592
77870
23838
17179
45454
87792
27664
71600
71931
74976
65438
84800
76162
53523
81694
46108
70379
34595
50467
74535
98061
28016
33278
56200
82079
2390
46065
64289
76062
1103
11428
33487
62305
88145
3157
12242
1312
5809
84904
79315
7198
29739
78757
3511
36551
98088
74421
76794
12580
89202
45763
18952
76061
53326
11182
31934
88632
97071
91396
3770
46781
38040
93453
38929
13725
9917
33730
844
98204
83076
98545
93384
19091
57299
63975
83969
46670
9438
99548
47510
32480
65635
26419
40254
87450
76684
1557
85398
95983
74872
91237
64869
12539
22653
63656
88933
99523
52690
51975
35650
61129
99981
62777
66135
83644
61002
26774
56048
40805
87968
93036
26573
41688
95230
97858
96359
42135
8843
4976
20571
86101
84910
82172
82068
25397
28955
28041
74157
54474
62614
81514
66235
68819
28991
51304
40821
91768
97144
8691
70796
21151
85228
14235
73320
6087
46736
60367
7166
9453
75443
95582
23736
48721
76740
49648
57146
94933
45593
63094
2898
58042
59604
57993
99218
17673
87097
47438
1272
83928
65582
83991
63875
26419
11670
17382
55453
8767
14915
48367
90947
91185
36227
17742
81703
2325
57066
69425
30545
69356
15009
20559
32461
95594
73280
34525
60445
90190
63516
79564
65861
892
14934
3603
34980
48065
46508
34389
95380
64292
65389
11800
27767
8902
24866
43081
29390
85546
2753
35063
26430
9251
98156
60660
17618
97712
79095
50074
72608
30979
47249
63281
29371
45596
44134
37777
94224
38254
80402
69459
52892
1036
67023
71366
17205
15429
49456
85939
72530
85153
49813
61179
21549
75416
64445
11068
16627
90730
18011
87629
11296
868
2515
48858
43641
62827
12710
8766
29428
26332
55237
77941
40347
8462
83170
61293
96046
39951
63135
14327
7305
43399
98030
36461
64462
97588
59570
23459
83170
6161
29028
37385
68557
59135
43306
24316
9240
78320
27517
34314
30472
94277
46343
13833
88232
34702
31900
15433
6849
62291
88751
11193
51231
47828
97909
42408
72673
38888
11197
16397
51263
58486
12578
22302
87055
12972
34979
2574
67698
77884
50774
1788
29945
3241
58120
90946
17341
49736
10926
16594
57531
41896
3290
12238
17701
23703
97726
16999
43396
1515
81531
34511
20401
22819
82981
45200
11130
19542
51692
54945
12440
63141
99236
62467
46872
11270
80557
35775
23917
28789
25812
76693
58180
31516
93123
12906
60861
89993
21822
49713
64110
8015
56003
98615
64808
88812
7026
37392
24534
1182
44020
22039
96302
23958
71747
31787
82240
44962
94421
37934
54570
9504
63556
53224
48832
2977
96706
72940
59551
42103
81367
74359
72189
23003
10208
43456
40808
96787
82325
36625
28224
34830
58256
46011
71440
4185
42813
22872
86514
71977
79875
75313
57081
72620
92214
99010
75010
15987
89776
65865
49569
33376
43144
36954
7841
54006
72916
47364
33001
14528
89176
47215
84047
11350
20821
81165
94254
93259
5091
7814
21756
16783
21214
77336
48856
2504
74574
13175
12439
64547
37161
82711
61172
48302
25131
14295
55816
55126
88382
67920
54295
82807
61618
45007
58806
36004
18598
20166
15142
64586
3266
4762
77578
96665
59275
78396
9266
67415
83477
7145
82550
34157
49794
94068
55205
84650
46657
39262
23676
81130
98060
61881
28885
56046
92571
35088
25184
28867
90280
95860
1852
7178
94593
19027
51265
74030
43094
25132
43122
63342
424
54907
73591
24182
16365
21019
12694
12335
42774
5144
91492
9221
62383
39514
47678
65183
14270
81853
85184
28101
17512
65184
74087
56727
96720
6828
38583
47412
66180
88298
75691
79095
57604
38351
62962
74538
84831
33208
67875
93590
44105
43911
33465
81749
37718
65731
20930
30415
32296
50857
49257
26635
51266
37912
86058
284
50827
27402
34095
57337
2706
10626
26789
27627
74959
97359
67737
20003
97318
62394
61646
47620
38459
643
81719
46426
85090
18414
91208
23105
37116
21011
13336
27324
3543
61657
37726
85627
50823
59180
52452
53815
34908
59136
17131
89971
49238
87685
74310
80237
68519
47711
94605
21211
66364
51686
43274
88821
25552
953
25337
94857
58890
71278
28018
93718
32056
79097
69438
30194
49001
60074
26822
4279
33000
38831
4449
86285
20808
30708
84813
70304
54678
22078
17603
93867
67671
18729
68889
24114
73444
43895
20094
54645
29543
36436
74143
8797
78315
80456
52409
86981
48926
12605
20598
49763
68350
90883
31888
57665
37607
7050
43549
4409
74801
48470
5898
33406
30834
51119
16187
98152
79221
18736
38904
14484
77754
87299
28247
33447
46351
87036
77730
77715
5185
90237
34937
86787
14502
12409
35329
80178
4723
4382
58410
49584
13009
71178
87248
45456
77458
896
97031
7191
2423
69877
52128
94123
63323
27342
62769
87370
65350
62879
64869
34353
76791
78303
18549
82301
96122
84874
35536
79734
2883
50756
23453
60155
13197
35172
52393
49262
73925
74275
55963
46551
52488
49262
31167
62898
9808
73642
40604
33109
65579
65231
85270
51393
11955
77108
11459
9457
990
10182
95307
94518
33198
96878
98661
13151
30138
42858
19324
98673
80179
70642
14475
97319
1103
29261
87421
68932
40241
66064
39099
18955
81981
78059
50558
89333
23273
98682
61801
75130
67367
26643
79275
74403
59797
3996
88816
13252
2011
83956
15060
50861
59704
39063
88332
88842
52246
74056
20358
51772
76525
37369
76107
57627
50521
83171
16458
77191
40958
64132
1889
35249
55851
35736
95740
80898
71258
65555
76742
70351
15616
17702
99879
61127
90743
20788
50961
93421
54223
51657
35998
96570
77231
41735
25400
88087
25853
33609
65014
6586
33856
79082
89230
60184
80986
23065
90684
62899
75877
6913
86573
17357
79979
61118
68534
4903
65144
42229
38563
84444
76759
17892
3806
23367
54581
87256
66918
97115
62131
94693
79946
78944
16373
86150
25379
84136
74223
92077
553
53750
9417
52591
30118
39438
65506
73126
25861
12661
70614
21380
5746
1066
84655
50697
31363
82071
23381
71528
36246
67827
84308
86148
99773
73007
38820
65460
19907
89951
22338
60803
84132
41875
39752
88889
34458
38949
36880
42057
45952
66443
77060
51444
69202
54996
15872
9920
95629
49811
17282
41134
49382
59467
81303
49806
68826
58574
15543
57332
76948
73784
8316
40905
94217
20114
78490
37389
53950
54546
87032
5621
45643
17519
64910
65837
23103
6699
69329
31977
40121
1781
61160
10532
61892
78032
10647
4141
54541
54004
53833
2635
37225
38940
76144
5813
92496
75341
13001
57556
74637
23925
49265
4979
55715
25287
79794
9893
81098
6690
55750
95658
68159
39525
86288
26830
56926
63447
37732
89312
88155
69457
47279
19901
42224
16544
35159
41591
37030
7810
17524
90995
99459
73061
32727
32231
84790
23146
58615
38257
232
4268
49172
80445
10989
19111
93736
42875
80070
59746
35738
78106
49216
28169
68279
2554
51153
47851
99547
63918
39491
10845
63574
55818
4720
26752
36793
78290
56175
37084
93888
89332
14764
44147
74591
74517
49952
15594
8127
87403
14744
79982
48399
62134
85273
12026
43976
70372
56808
18927
5471
20665
31188
62463
34769
56956
68026
33530
11810
45182
7180
63833
36644
43420
70648
51041
10313
18681
95680
15708
32093
17156
10505
33939
9934
1600
85992
19019
15425
68253
62064
37884
4307
77253
67102
96084
34348
84707
18875
10972
21324
50417
25003
15256
89180
49629
23356
70438
38578
14317
75273
75979
44293
12649
30609
51900
2053
86484
3712
42786
63069
83601
75652
26633
74422
15985
43239
97481
34426
15094
71730
20988
62236
78921
51554
67124
39986
79635
12716
72927
23598
92724
64878
57263
2080
41034
7657
78586
35668
53688
90350
83365
69107
90692
1375
25120
62986
11436
75065
39000
59813
89449
42919
15095
91167
48147
7779
68130
42526
34313
25986
15366
20932
31733
79905
64688
9815
48087
40236
61974
90163
19389
33059
18388
89465
19104
60581
86643
26387
34364
38106
87766
37819
59199
35003
72071
56608
73686
5570
22985
84570
6320
96227
3935
19609
15060
19270
20284
13411
57400
94175
2235
18376
12010
48532
25933
8033
15186
24704
39242
33051
26506
49466
47924
94159
49134
93259
28028
58026
3178
93657
50522
68300
94070
17308
40605
23121
33167
24092
23430
42145
67655
50284
58793
46150
8315
10617
61475
28202
21514
63791
43616
5569
17064
35290
63410
36941
51576
43243
93805
29092
34535
85701
88499
16148
22830
34341
77453
71976
14263
45737
85577
63035
25570
17708
63446
49210
59502
82697
43748
71596
13887
63385
71297
54917
35240
88966
97259
94752
87226
12647
64762
76444
47406
51614
57935
1043
88889
81191
76206
56808
35312
4088
76016
94445
67363
4865
90398
39482
36018
64772
55080
16214
18550
33146
21058
61913
17911
98061
28811
88945
2440
2506
19368
20265
91770
11721
15948
79199
44883
35570
86534
95895
64105
45962
33152
34505
32605
47942
86526
78730
2465
25289
48842
72624
33888
28000
79166
42951
35889
35555
1034
75720
39529
43391
83444
50415
48319
61604
25624
20847
43894
3230
4246
41359
81064
85298
3979
83601
75402
92068
61083
23563
62034
56312
51926
77624
90210
22051
13440
83155
82367
37393
21020
74875
61980
86172
14942
84324
40136
59509
48017
48239
14895
88290
15373
29128
92646
29038
93893
51752
46815
91312
13083
17666
65118
4012
97207
61899
68398
94429
30846
84105
13325
90267
55003
96745
39523
73679
94226
68591
12946
12544
26046
1417
7803
51792
20628
28964
79270
86797
38343
81222
83168
39601
10670
56315
19526
45594
218
22057
69366
15159
46580
19589
46556
19983
44136
78913
76485
31917
65775
6288
70871
32912
52252
57839
71265
66732
73701
24275
5435
50296
44794
2158
49789
34995
3673
59259
30957
62054
59413
94514
50311
16642
60262
71154
26765
66172
8494
92936
25026
45685
3181
62357
50407
56833
46417
84468
86736
59940
20768
56508
43811
99260
59734
47429
3379
99661
47753
58130
32835
76951
6427
95364
17896
92608
45420
81564
73377
6229
94619
79189
25630
2039
20945
10756
74091
73254
10382
87885
40970
99313
54997
84306
35444
58412
34243
29476
70344
34468
44183
52946
12495
25726
46811
50640
11913
18492
26044
75212
65174
27488
60564
62498
89597
83569
29043
76264
11721
57609
12132
59058
81169
56736
41608
26831
13903
65154
35586
42928
91376
69490
33793
92023
93586
89656
24472
66524
52060
94181
44554
67197
13906
53009
38522
16434
99303
21557
5132
98974
89716
1549
32600
81934
69443
44737
49796
21259
63625
34360
82345
72366
7490
56470
21560
10779
54804
6163
46918
24515
49606
60068
7778
64610
1488
74900
31935
6873
72136
33451
11726
85568
99190
60242
79318
40115
24567
71226
34648
59374
82076
21664
47783
5222
2234
46402
76660
26441
63468
78605
37423
40140
41907
40949
89678
73189
6928
71121
57133
3233
71236
47290
68275
99701
34116
28891
25257
7341
30641
99052
40866
1076
41190
16762
63883
9063
65343
26120
40793
48504
61078
97045
80747
52033
13472
69884
77683
69809
51413
64722
76673
47229
16859
51751
46428
47844
38907
87053
58628
73080
33892
95218
55142
44627
55071
75563
46336
64002
61901
14339
80058
11244
37533
42595
22307
70211
63954
94261
33210
55778
67841
68082
85451
58604
90212
5948
30887
41058
9298
85678
7008
14996
24354
19628
46937
56945
75971
97582
83717
4553
80446
93545
68572
84978
6764
33139
80730
14539
55329
15659
12277
55010
34821
10883
3252
91451
79760
42748
48615
31671
65400
94909
55046
73295
6357
60495
62596
35803
72006
82030
33300
94895
26032
67607
59067
47996
64191
1247
50539
13654
72980
91057
66100
39962
81435
7313
25040
38641
13863
82047
69158
94628
33004
47286
95317
54216
61057
28007
26890
89136
86786
60337
24894
71454
58236
70039
75670
95994
22648
50740
25097
33536
8840
7582
57970
81337
2141
46003
88840
2237
99772
75958
20231
58127
96604
68020
75328
35010
82126
16281
28743
35526
24537
20330
13918
88183
7506
56176
65841
33717
84409
64814
53805
61981
38713
10165
27945
75604
54371
86719
90968
58374
6133
15293
27013
85928
39498
14849
60033
58535
61135
3891
89504
88150
76117
77876
71758
46492
73935
87691
10208
94948
36764
21988
87376
65710
44822
59312
65498
63005
98914
51867
70629
95248
67258
67747
9885
70402
88299
20830
27326
84163
73067
7820
9074
40384
93082
88269
66193
79064
55591
61623
7585
80540
64372
84828
5701
22785
87932
43543
69332
21472
76238
29189
60666
89139
91568
89071
77623
77492
1830
27944
10989
61736
78605
79873
58825
61328
39564
73343
11668
46494
36595
16314
50388
30614
32876
79536
93824
55767
5565
30701
2676
14813
87470
1168
24761
20218
5298
22622
97839
18717
13458
95684
75201
55032
93190
35421
77306
87026
6249
19705
27598
36206
3179
74948
29271
50958
68350
47068
4496
87928
64869
97431
2786
8052
82194
66019
91593
19041
499
52338
1128
72160
26078
80435
15792
45601
68991
94629
93851
36320
78042
93348
8492
46776
12633
64218
46756
46135
70578
35630
67361
10676
87647
84648
28697
10749
3877
8865
92946
39644
41187
26430
65364
61070
11179
78146
24494
34562
6729
68456
11340
64334
36952
44936
33437
30767
51929
26780
91742
1454
62146
60857
73979
50158
15563
42072
96625
21656
36189
62337
21751
37451
28040
96061
59753
64246
58772
90416
42176
92845
855
26118
46529
35147
67117
85974
43186
39613
1159
49871
63055
86059
84614
82909
81109
70661
67480
68449
84618
65683
83303
29546
16827
10368
82940
82956
24218
29758
73100
78918
70689
3791
21591
42634
28322
39262
89872
42225
99253
64714
71857
6841
2416
8422
26260
13637
43403
25023
39988
45732
34216
82411
37218
76750
23509
72750
36464
67707
18031
29533
411
79653
98773
77546
82816
4608
66549
23727
77688
91469
62458
46330
13099
15104
93511
94044
16984
62396
31960
46813
85699
96245
54320
50388
33507
68091
13964
83002
58666
65929
1099
60282
68542
47942
27140
26743
82976
7583
89489
38660
19441
91165
77416
80003
83682
18858
75492
75421
78849
9116
82076
93045
49793
70885
78183
85161
68064
49146
25198
30181
49161
42020
97363
28477
26268
35311
9764
18264
34317
35707
43667
20554
25581
17060
8782
16049
80931
24479
92910
15911
43535
19564
48732
35463
56657
86139
21269
24132
65534
76072
72514
43061
42872
92020
86711
36798
14260
20116
2646
55423
39526
28042
73430
70093
55264
39128
51899
46168
68040
87802
19994
21803
48788
85663
79056
50943
11215
28387
31550
58811
36809
83008
26685
68462
60951
847
37949
35633
81159
91395
86809
45188
52521
33253
9241
76080
29700
68866
34929
42464
73693
60270
27613
86638
18194
29492
20166
57852
93080
10592
10479
96986
16995
87421
24666
53956
3600
34293
42235
92943
71754
19058
40376
27800
30456
75686
4022
11197
74611
92411
915
30184
55904
21856
32641
87691
48805
78403
97130
979
85102
88434
23945
91055
41314
37255
91583
69216
76735
75795
66593
96584
22912
69898
49167
73161
73917
66391
94109
20003
42471
21011
62750
92056
74816
53613
76776
46373
47460
77011
96041
99694
42547
68192
24223
18960
16061
17308
31050
95647
53091
46711
73010
65049
2455
23912
26652
67275
32224
10968
42827
74909
46244
31145
75330
57294
19538
44533
10219
36030
58953
24885
89962
29898
77631
23299
37794
14214
47441
50612
25969
41360
28111
44584
79542
92689
68192
10327
96205
19797
54769
61561
99234
30563
64384
14455
29197
52865
19226
44319
83977
97586
68102
94049
67900
71790
35198
6741
92653
38167
81152
27636
14017
91476
6174
62412
58341
88251
34204
95051
11209
91219
62692
38337
51540
24974
41735
6400
13186
98180
34489
64949
29630
40472
52424
37122
49514
63431
25638
7446
17853
43339
67951
20125
36457
42826
92601
96502
59888
58353
43704
16687
59026
37521
8638
49403
55579
43137
32968
42282
99305
12320
23570
66608
23848
50181
5237
31055
67797
13800
6039
99969
49407
66763
53527
83397
22937
70238
94626
19928
34180
70772
95605
61928
88041
94887
9267
37259
20747
24812
51437
52283
10855
89966
86439
77136
8425
20117
34090
97400
67644
29449
32116
14387
76575
6922
60173
82100
33440
58874
66511
61655
2291
29862
2132
14571
61568
55514
61814
10690
34633
5965
21241
1173
13386
64075
64633
60695
53106
21399
60440
91386
33030
27777
41853
80942
55644
49084
61919
7390
68107
21064
60297
66977
83980
4085
84705
74212
47850
72850
43826
96614
69917
37275
98798
94519
47960
12003
14679
61742
10690
56867
56311
79543
1181
50578
32771
56850
72983
6836
26446
7075
13950
33813
10188
70996
10294
29512
55122
77349
27508
26534
37113
80840
33517
93974
65401
95867
69156
76030
95452
63956
66502
7137
79350
70272
6961
91807
54532
19601
82906
34018
89389
46901
61233
77493
47144
59801
75518
33241
46683
20658
268
26769
46691
64261
48399
75356
78843
58002
1666
26893
92241
53050
20996
76812
68832
22794
17399
61974
45035
16952
33380
68998
18130
73618
87396
7712
83556
84132
44473
24801
52417
41320
78433
36368
15160
28603
23477
52122
16721
28990
48023
2928
89035
91744
73222
36325
17932
36528
24540
73718
7607
1245
5706
17200
75455
31836
97805
44198
3990
93289
22850
81006
15004
22980
75106
71001
12540
8956
51954
70321
92566
14610
28930
66787
88018
46633
19646
20127
18875
2581
63444
76622
43008
55981
78261
72842
9814
99854
33170
98548
64736
20827
34226
97267
16365
60778
41950
80795
69343
83725
67097
14673
27878
30655
97327
29358
56056
93759
42491
70677
77977
50669
5402
19464
57232
12639
32426
96687
67456
25714
10816
18632
29555
23865
14332
87819
49167
29055
45277
31256
8741
39032
76424
89959
93778
69586
49895
173
70823
12202
79743
283
41994
29869
27202
36594
47366
19264
13758
59074
7252
24563
77568
64851
3668
14535
73507
23267
67704
75622
53633
94785
24944
65373
33958
43461
31548
32621
9604
72784
4018
67988
68940
16048
85585
80196
27566
12011
13411
83655
45596
44286
41315
56938
39551
21734
15687
45610
27700
56825
59488
29743
17037
27172
83201
12340
53756
8736
71451
4714
81734
62453
67657
2511
57415
84070
80198
22611
37420
3135
3195
74763
19823
23677
87607
92224
59967
86647
30975
10458
75228
26118
17957
20979
1366
10486
19356
80053
37205
65286
34422
15525
68921
50274
87079
54426
65751
79854
81677
96901
3809
19458
26058
26827
47631
20122
93488
57704
56170
3489
92493
38776
47235
35497
63286
16297
93995
12367
84633
51169
28617
67369
47927
53995
21714
77868
29037
6698
74464
96643
76434
10860
69900
14505
70377
80149
86115
66645
99588
412
80628
15232
75129
31559
61535
83178
84194
2530
12880
88936
68070
36041
36298
85001
16499
66090
97654
55130
15884
85187
96961
81667
89355
82717
6428
96457
63796
64031
57206
3318
64621
85013
62672
1375
36217
32171
57760
59675
62771
96046
12095
93868
62169
37791
64635
84911
68656
49760
15811
75762
4723
97345
65215
60012
73087
65759
76860
25618
69797
16991
56930
73055
13537
22495
32750
27589
51987
81909
17062
22668
8448
71906
66483
21507
99529
45618
57757
73366
17167
20325
28773
8860
44362
36880
1003
22627
43694
62274
14403
53883
34888
2012
18560
5084
68636
2118
77890
31199
94183
32392
16393
88456
60757
94236
27958
26807
2960
15580
66055
89607
38700
75496
36535
29528
4065
69168
18936
43007
17510
70587
61496
1444
22726
98977
34800
90424
25117
49807
70395
80740
56591
81933
28734
8897
56203
36070
72035
17931
51874
63989
22454
21457
57613
8377
38762
5537
33187
54328
89887
78570
22343
59009
56466
51817
95130
99750
73534
17680
19104
44400
29232
15313
21402
43099
56892
49051
68644
72320
15770
22605
17942
61227
68391
62877
33059
59355
10238
11544
61288
27468
90655
24879
73537
17812
17942
46584
24344
98196
15199
59689
67242
25074
84249
29855
74774
20632
9225
77719
16459
26945
91783
56919
1588
68684
24843
63188
42701
86112
77063
91579
57484
45595
81630
91938
52740
75188
39040
2462
23462
8827
21781
92645
64903
6535
60881
68539
16992
72597
87312
8808
77692
98198
80595
42018
88407
48678
6656
88269
46268
24182
72722
93581
57921
79514
63047
41332
72260
61380
77856
54400
72380
56426
38340
3744
22708
30258
70290
93385
56338
19358
61461
51585
43368
20376
97202
3317
6295
68468
20722
72748
60009
29155
82350
25858
14378
32481
9960
53138
21653
12463
55432
87029
21385
27905
68359
81918
94797
34717
17633
82358
33552
64026
28990
99315
54266
72864
70362
7885
35251
94313
17343
74530
7212
26000
33158
69609
53486
83591
80183
73908
25882
52821
44135
26229
34336
6346
87071
24189
1950
12645
97639
16540
96335
86529
69714
19298
55133
16074
89774
25320
31356
70113
3250
76103
2172
71293
54241
95560
15345
19683
37413
19184
73827
69561
68858
19257
56448
44115
11751
70663
88862
59639
43626
19036
83077
65733
2418
88835
54880
53435
54693
77543
2961
37836
91605
97720
43533
94009
4549
51640
67159
35564
92764
54111
787
65487
6269
92360
29659
2662
33189
74790
74014
3713
59944
87292
76762
75541
85161
33541
67914
30761
85532
89170
74386
16083
61187
30278
52743
83255
23466
57638
46109
41161
64154
89266
64633
94731
73296
24904
85862
28871
76400
19529
49368
14072
91368
24623
47634
6808
69345
44007
6164
24555
41502
43573
89667
79547
67576
85669
26094
5978
7930
3041
96419
88652
56988
85666
81975
51019
53605
39869
47533
94784
83297
57805
7441
40808
6948
81349
94257
92976
95539
98892
42823
81051
41214
2854
81245
62704
24840
23617
17024
85938
80352
69221
90634
86209
60888
81275
88382
28173
42118
60158
71889
82537
52530
24432
65179
79264
72270
58681
77066
41209
19493
59619
43783
39806
45628
8483
22152
5902
48797
61303
90277
89925
74672
29838
97018
58526
94401
19401
71659
8436
55409
35256
43220
3930
98465
53282
26136
76988
41740
78501
14891
83173
55317
67175
49820
24522
17639
63157
53450
46167
34366
10962
10656
39367
88955
10713
93044
73395
29745
25539
57084
89052
57972
21998
66455
64260
15224
94795
10529
46763
41534
51570
85205
95835
96489
50304
68680
72663
94969
19994
10720
18932
17064
38981
63643
25950
80289
54513
16374
44281
8515
7068
50711
31415
64683
52668
99314
28224
72289
67840
96871
79093
18445
37285
32668
39287
73352
29702
95673
43274
1
75210
18195
24897
89080
60572
48075
85525
70166
54089
17265
129
90015
84905
58443
80509
94747
25004
30490
50638
29368
46311
30313
1009
52843
89652
52398
74332
46366
54966
82447
9541
60987
77390
27503
20078
53397
32361
67036
14349
46085
94078
64757
29459
13899
10549
79038
15078
2923
49588
84462
86126
74174
78920
76166
821
60349
4586
56716
49646
25041
98893
82001
73469
13058
94121
43305
13926
85227
60448
25792
80373
18897
44322
86498
88437
42995
16939
7974
87029
14888
35709
45376
64694
54066
82372
35347
57336
96920
10570
12448
44719
656
98395
3873
93855
74463
79536
62388
15206
80969
39557
6106
98749
13084
61110
36649
96680
7988
21936
17391
47979
72081
20509
89918
85934
28131
13082
90644
69340
13113
62038
37494
56425
51487
30656
3425
42897
62103
33674
9586
89538
13105
90122
31832
85587
68789
36465
70693
76867
82875
25703
24798
70597
51388
74833
10812
14876
26370
64978
50863
21108
6372
85570
35821
78239
79130
27654
56750
58587
35368
16183
3080
63265
56137
46524
70813
52081
1528
69386
79673
86306
73338
39920
3068
19981
26617
10992
40139
78055
45069
51688
22793
38740
25766
92477
5715
3858
81447
61843
73475
98912
73054
94575
59254
8098
769
39446
11291
36429
56969
33175
75852
13382
8446
57165
95458
596
18871
27495
24265
92713
53578
32893
44361
36819
36806
13397
39380
98015
33486
59726
54358
60144
41428
56043
3292
26594
63657
79175
2630
23022
88462
99304
45522
27519
43777
32171
93567
60631
76588
42778
60029
82505
32127
57131
44845
33216
31306
32575
86159
98267
42983
80671
91965
61741
74593
40746
17166
53881
99461
1326
97928
76487
50055
84412
86517
8372
70683
1564
65767
99283
84730
90074
40233
99873
60932
91852
36912
15596
13793
24187
11724
13307
95654
44911
31570
55492
85459
40890
6853
84531
75903
78374
25460
8170
76049
54475
28186
59332
18894
89731
72660
48028
32261
23391
19179
57798
30933
93932
21331
56304
92348
62051
4090
6792
856
91469
94526
32450
13520
66210
30028
46246
9071
39484
71242
78880
73593
47411
15663
14781
53227
5643
19123
48489
75671
72605
74576
29804
9184
28465
84452
91476
22530
69505
3370
56348
32119
29159
26359
6474
81102
13746
4337
25778
17578
4798
72505
6203
37028
27081
81563
44874
80086
13211
20110
56912
82122
22378
57554
17290
98815
6236
25750
46541
51121
4803
17857
78016
33203
35558
3109
93175
38874
94236
61135
3410
41244
8515
41486
55588
64739
8654
81173
69592
93864
44366
17270
29354
3057
89297
82387
28595
74205
20098
11452
75696
68321
3129
47839
94112
39312
10368
25747
30305
56417
16032
64943
19556
22652
84969
19890
13839
33452
6276
63126
87692
88603
98222
74507
35646
88263
15509
21563
61767
51546
24798
40616
33628
15452
41660
53407
77771
13661
6045
9572
14184
57865
22840
81901
20574
99053
57222
55170
14450
85948
37995
52495
21845
15851
97426
41321
4280
56167
756
49919
16326
88660
78170
42960
52052
57718
63587
2941
56189
40954
93896
22989
96258
88800
83931
53686
87105
40660
71915
7805
82776
45046
25927
23112
54790
22994
66066
66994
15192
36044
37683
1951
77094
58636
38902
1474
94168
37223
61014
46
70125
70503
94282
27652
28028
85570
85562
9472
49512
45369
71457
88882
63921
85541
35440
31316
21831
15334
23074
83964
20980
33140
82605
23643
70914
50040
28027
50586
47841
17308
27388
98141
94769
82785
74015
12285
60970
57843
32200
25987
55703
53600
33134
54753
75014
24010
58158
98775
37364
72706
24990
23871
34544
56554
8495
92543
9499
92225
83321
93629
87851
70944
1952
48763
35629
932
39742
17159
78480
64031
4441
26832
55078
34591
52246
95587
27344
3938
45445
9459
55010
15224
25448
67216
13448
84663
72196
9746
46324
94978
72290
86105
67472
64351
13825
71021
33705
29854
70441
83361
63333
56373
28707
60888
81517
84912
81565
65760
95087
31339
38158
30086
11836
40490
59442
49673
60695
43040
76168
28787
93055
70336
13953
45626
57233
83964
89257
66002
13658
1848
57205
84684
95995
83053
19369
87633
94418
79221
80406
76890
34177
40227
26973
87330
93172
44093
76048
88550
59653
71945
1120
62423
11084
77121
7636
88490
27767
38105
24289
10462
61983
4216
90311
44488
94936
98068
84163
32647
41824
45920
52082
3401
61387
73421
84514
55215
93786
49305
98470
25677
12051
63284
58278
72124
1225
65722
87092
13015
59872
62412
19288
95359
1923
38583
7079
97602
45168
54746
23053
26310
45638
68030
73004
59542
27692
95641
26591
19025
87945
13818
43890
91921
52074
53441
61796
63760
46965
60265
6521
75509
61706
34010
71242
20007
68181
36394
48770
40660
58334
12050
33924
37870
67354
30348
62273
20451
9275
28484
66747
95275
49524
48105
32272
84396
56592
14373
39442
26781
15014
24946
46749
72657
17896
81962
62358
10922
93604
89518
95279
43325
91352
78115
70356
87497
75331
48680
61727
36628
41331
21602
40143
1468
48804
88215
39653
25801
8663
47807
83537
26761
90150
86987
13628
80103
63507
67016
1984
53706
70502
4565
70004
86935
9255
63225
62404
61360
63856
25558
99146
3245
91545
93750
6867
87752
29556
63057
8405
56178
34008
84593
68315
70484
5657
82338
82494
75244
10915
48939
85419
83794
14817
23585
40623
97226
76798
82459
28911
61945
15101
95142
90859
33689
39904
43661
94259
53741
65541
20077
35636
1209
53026
75023
5339
60545
96234
22801
72980
83095
29275
58496
43494
59227
95844
42335
46490
74023
11616
14834
97533
7836
94785
47272
93993
60764
82558
64913
85508
20428
9835
15257
57944
82899
52366
26759
35232
28891
52934
43012
275
82419
35209
46926
21587
41833
69841
14020
51877
28585
35731
96200
60883
85634
93898
79087
18871
87212
12075
64339
62188
67027
90032
920
90238
89867
92251
81192
50365
52678
47024
76329
43548
71085
41566
88421
55877
28410
62953
49156
2183
90659
33597
52020
33238
90566
99675
31399
32432
49564
42619
25784
85634
60362
38814
61499
46133
85268
16771
39429
6680
76688
33009
16502
4137
47044
88272
75887
1367
29491
33225
33364
93380
72909
93786
29
36224
12632
1972
58443
37222
18618
33567
19068
30191
39916
24455
20451
14436
7529
78767
95303
41504
44457
45921
27603
32407
18599
73755
7606
60929
23166
90708
41899
44242
59254
65201
58081
28302
363
96003
95630
1631
91946
31797
96659
58817
80362
76024
93125
75062
82894
77590
15626
2029
32086
96117
30343
84098
92945
20060
85464
54046
46827
25308
16533
28721
32321
60000
92283
93009
97327
68602
23117
28514
5205
7192
51133
32421
92020
89699
10183
74115
4343
43169
69689
77059
48480
95265
16572
28872
13480
41488
38849
34240
51824
3332
12322
18994
17903
32028
38897
77188
4922
59921
89036
68576
28213
94690
25293
65728
10970
49369
67446
47025
67847
85324
32065
17056
16883
93817
72426
95527
96307
84426
75509
39802
21411
52427
25319
99433
23109
64263
45388
68980
87960
71534
88583
80177
36560
53713
44928
61963
33131
48356
64656
34841
14459
53020
56213
63856
56803
25021
57061
25201
57158
83488
19117
52572
67990
72673
2812
87646
12510
40810
6612
91692
43484
77214
26747
73847
75065
79568
18462
83365
89714
61824
64998
69050
70793
53228
28130
16052
48105
35193
53540
37250
5996
91300
3502
64282
52739
39611
88159
2156
75290
84265
79894
39020
47604
59451
15955
33494
63929
31469
21757
81025
97644
16042
84492
63647
7047
9533
89319
45276
37384
3193
54996
2449
37126
44763
80528
399
11467
8947
13598
92885
18474
48844
63305
66325
40515
41733
66857
36015
83230
18018
79748
90557
72341
90505
92865
14610
87571
13256
27199
54778
90310
42695
21116
69329
96314
15147
42209
21636
59779
59750
20745
51736
86335
47156
36747
79977
99566
70413
58998
75797
27317
67610
79901
7955
11446
90987
63068
62554
40693
18491
82288
47461
64661
42033
25816
6040
81598
42754
45089
91904
67723
94545
50643
64508
92274
33986
65680
97879
15864
50524
70195
85146
66421
1251
98049
13658
59749
53536
19501
46757
34498
65097
44610
96487
79338
30321
58116
34869
41361
1314
47244
83749
27219
92584
787
30541
852
57393
38116
879
20269
85968
86507
56617
8875
54806
61570
98543
6664
33873
86637
3461
95080
17179
69841
91781
53460
2628
52282
31679
82144
6212
8181
74510
10425
69265
93085
19445
38799
36228
67674
36559
28199
33415
99415
67239
95235
32621
1115
57361
45023
72292
30973
17828
41408
55074
70403
67847
2061
23622
51767
84283
62763
40178
77153
44399
28187
13929
36782
42431
36000
33943
95444
88179
45329
6445
38381
22535
88294
12399
66744
34591
30668
31672
47673
87697
28944
93545
82025
11818
73663
62037
67580
37447
71989
63785
74167
7649
40503
42440
29343
19895
90545
55704
96392
88197
10837
15933
60350
24043
19077
32093
65262
80404
13002
20204
72033
98078
22305
48156
8394
54461
88689
38134
92803
54097
79723
9077
65107
48599
52125
46400
26969
49628
4136
84502
99259
14197
9795
15494
97536
43665
85531
79976
73894
72352
99455
7164
43386
915
76048
56883
62619
82482
31316
26950
18467
97094
76753
99263
93059
60104
8850
28462
31322
66373
11618
62442
1929
80177
50706
8266
86829
48510
27470
41206
13543
73025
94146
12514
20606
64357
17747
45164
21699
95445
75420
34790
75439
24475
31152
96209
52320
22906
35230
79293
41945
30777
81601
93385
65694
33317
70549
77540
90266
18482
44832
88257
91028
75557
81073
55969
74821
36792
62279
59245
13166
9707
63782
35130
68106
248
48147
48679
39369
42561
98668
64836
13673
84433
74102
64890
83537
85834
60613
82098
21686
40966
38307
69901
4232
66639
24491
46514
64651
22177
68718
96324
50664
64774
23700
16974
6859
27029
49242
47665
44656
56031
77593
31186
53957
73581
64130
62423
84216
60396
24627
56852
15626
25844
52694
41818
41418
36313
53512
34638
67849
87709
81156
66279
59551
14554
16786
11304
9266
49977
80576
67614
70517
80656
36407
21843
64147
47078
2066
96725
91247
58405
29724
42474
53475
33913
54422
77517
11001
13546
54568
10324
7956
9586
7156
19920
27683
20497
23377
74408
63858
83303
70660
2734
78219
7554
21653
99119
64926
31485
60588
96244
15337
54270
2410
86909
9789
53893
63665
26851
49494
23529
71673
31365
37680
77474
57630
30755
57705
75022
45252
81408
69470
84043
68361
76427
34526
69993
52271
94054
12750
83075
88032
15006
21427
43577
65466
6511
67589
2318
36875
30989
99495
31155
17582
88326
6874
53508
88840
93352
46800
19612
16978
30723
18517
84605
38503
69238
28439
66049
48913
91175
19323
84297
72939
7614
69992
33328
67294
31229
36299
88090
80246
40580
31369
50554
56147
81968
48754
590
61345
34684
35401
58935
48974
98832
56422
10884
8964
33074
11769
42245
77163
74345
21668
69454
75204
5090
53699
87728
58078
88940
54348
64347
21599
84542
13857
32760
49833
93840
37038
79460
86297
64436
9398
58079
86621
40545
90581
39774
98233
77864
39400
53989
45377
91262
98940
15014
4114
1579
75858
92433
49208
88626
79947
28530
53953
14606
87178
67876
99967
2383
11522
80127
37745
99804
68277
6542
45320
98659
56641
50692
14146
82513
38820
95815
26884
90251
95882
60044
2668
50085
18187
67351
82950
71115
97790
55137
97157
17599
20496
16824
91214
71485
57029
92163
75972
4142
25040
91645
43749
48791
54312
88853
39094
724
20078
72954
67401
49043
55700
55819
98050
83391
69373
89882
13288
21837
27918
3826
16538
27598
28207
51657
57851
77309
1524
64117
32813
62858
32535
69641
64414
72901
56272
38881
27786
31718
69509
67186
74622
77376
28234
18274
62905
378
15979
53757
93226
24189
167
61588
12336
6581
20778
17073
94383
80886
94250
32656
7046
86816
13637
75661
39257
39510
15870
4469
19689
57182
94297
28030
83869
64088
90964
82770
80305
84115
68486
32509
54232
51406
3793
25628
12324
93034
83488
81159
92256
31824
58001
43291
81192
21395
74733
33021
26984
89797
1634
36272
13946
14782
7917
2636
53245
66761
65819
2086
20744
40241
1657
51822
86730
95382
76471
81080
39053
55161
99144
28039
68807
47651
22114
67034
10886
54474
56779
92787
88951
19254
89774
22931
56161
15881
88633
1143
59552
41547
49638
91328
19045
50477
7881
91931
67698
44640
64487
69653
72788
79601
3078
83074
71051
82121
43145
18415
85654
51948
25215
95897
73649
13834
32121
36423
56203
4894
18376
61296
39214
41928
34752
294
98245
62243
60523
40192
4633
6722
71826
33040
19076
80481
62678
27593
16251
52797
82335
27975
68559
14173
92602
49615
25253
10173
66585
61962
15819
13871
63768
34835
12528
83509
17179
95514
55951
65430
68516
12699
86510
64634
67014
10020
32980
93740
20768
57092
20341
92907
7591
75079
35888
91414
18451
92646
73665
96359
61547
5206
5765
67673
46657
5542
68109
75499
38731
73367
54436
53183
80566
22613
85503
4790
15713
58726
83843
16444
23836
29450
71757
60544
39889
15185
27791
85543
17622
3841
87933
12970
65312
74975
71524
92360
37033
15188
80507
12300
54592
82343
3005
98659
45116
6995
26508
27757
40926
33191
65117
82989
10600
30422
50395
26319
61249
16479
20651
95984
5252
26648
73743
50258
12270
20946
71073
44322
93469
51738
40908
66187
94112
60441
82419
87029
72932
44582
3416
95078
86233
98403
27872
10790
94351
3435
17736
23089
96287
60363
51719
35910
6432
64005
70282
90841
65691
87630
32618
50377
81777
36598
52803
28406
75324
95092
6212
90456
2006
27939
26671
90065
13225
68195
89656
86763
28047
85352
3475
52143
17766
39884
39886
9296
49099
3419
29989
91991
92717
25846
67016
68838
23951
35044
65882
46406
44781
74859
55800
79716
14584
70842
32344
74115
96323
57129
77508
91697
29231
68169
86767
56457
51089
49440
54802
21745
23694
56854
24180
95749
93457
64621
75487
18189
52068
32547
46061
13739
5337
48079
31644
55066
82399
61188
68015
2353
34816
98825
63359
74214
55588
17503
12370
66211
61560
546
16403
80460
75147
7527
57758
91113
46517
86500
23058
54343
63688
27666
52585
88617
61134
14059
43121
62550
70108
37923
24201
35714
19137
99013
72775
39679
39398
94226
53986
77720
65482
29875
8981
99647
74230
92761
67891
23211
1906
8631
36044
12302
65904
26084
20861
36950
11786
18373
28144
94755
36876
81389
63922
45989
65040
72143
29470
21319
73051
86046
14175
22295
62929
99893
55740
50140
8510
97533
65852
78187
33929
1253
64921
68188
27833
79424
82867
24317
69055
10156
13360
88848
74777
97790
93160
48226
20521
51380
1621
17434
95790
9888
85544
27220
71723
40430
80917
57385
65360
88186
81809
89592
11540
28310
90187
37286
66320
22363
19118
35803
6531
77141
2944
69639
23592
26729
60282
54647
40310
90071
21378
54072
58585
14959
60628
74257
58585
88412
11707
65747
53155
23100
77067
752
69656
25147
51410
43802
91139
96890
98831
86135
23848
96251
84514
29704
97215
77403
97680
81451
53479
30622
14240
23779
513
39526
95631
87263
18754
72667
78750
7696
39753
9728
61649
76798
7029
69874
25213
14615
23134
2171
81521
4587
30030
69391
51610
93551
59168
2322
9108
33192
85757
34715
33192
22624
58249
71489
15079
50310
87828
16873
29928
62614
53393
2505
72274
80516
57414
98725
47058
86150
25352
58873
36001
25151
27854
39248
81695
96572
7750
74971
94349
45528
34268
46895
55001
76075
46210
54114
58065
97930
42961
64194
19910
25452
33492
2163
16201
69113
32737
62980
34986
59279
96334
98984
71266
53587
18507
28553
35714
37398
37503
98879
34526
57392
66514
73206
4130
26690
8501
92156
487
98566
25520
95486
92564
33979
69024
41858
21672
95409
40489
56044
99809
9961
75049
38226
36643
64451
36202
27407
78714
91090
78745
98754
64007
28008
35178
56873
2568
31586
44870
95064
7398
78937
26621
13275
12875
61618
72393
89573
76760
31443
48814
27854
26014
62615
94414
24940
44788
52584
48149
83170
80211
87081
76256
15064
46297
14558
69016
25915
45199
41809
51986
41789
12632
35216
29112
73594
81153
6573
87152
80015
1057
77622
54433
66447
8918
57160
59090
97800
59199
3587
22061
26247
78601
72513
60094
11741
28821
63142
74193
26845
96513
28495
21664
8720
24035
89046
54101
2513
16195
31776
78698
58892
26572
61005
84223
54936
94846
75166
42891
13996
93630
25940
48871
24539
42963
66637
55061
14507
57486
84692
73469
76105
43931
80591
46157
6835
15247
4074
44330
67056
55292
78172
54570
71496
8626
3004
98295
53007
37654
59740
23714
61506
42450
12516
69453
6349
26171
31998
92747
47386
63891
7036
26483
20401
81025
22125
83919
38264
69332
69143
68371
61138
3356
9856
87797
75219
21342
26450
8370
91471
9663
47898
40795
80606
48265
89475
68800
98167
7702
72371
50632
98751
90880
5972
59334
37276
1896
93956
98810
3264
46767
32816
67163
70797
17403
34798
14497
66700
3939
8704
37913
65347
29144
56725
20900
58488
15080
77440
22807
94231
54280
55022
74477
92929
35444
82927
36673
36097
14238
97181
47240
79386
36286
93750
95715
33199
69007
18488
22344
18098
24754
31110
4761
14354
51346
46356
51278
9729
33195
92908
88613
35975
47053
58458
27276
88295
27125
85326
11948
69944
11850
25449
94625
30680
63090
6747
44750
40642
88591
92146
67400
34820
7951
17530
92992
77088
29921
12075
17693
64270
23355
59170
58155
74237
2813
46259
30445
79970
50738
43042
1748
59693
96817
2861
48831
86912
52373
44101
49385
25010
23905
36545
8539
53277
95291
16218
13668
30179
86208
77558
81358
85094
73095
66053
23841
19892
57678
54271
28620
70427
38944
41485
18378
40816
35621
38919
42407
22855
40142
34176
17251
77481
93132
75944
10226
7366
41700
16897
36000
11141
84496
32753
39999
81776
5789
80194
43286
43436
67910
92169
61005
37182
50985
81111
89508
6898
27752
3232
43973
71391
24687
36506
68411
11861
27004
44801
73911
21578
72869
67916
23598
80859
26839
1439
11060
83227
39314
46723
4833
18698
23417
9772
84458
7482
85064
7744
28796
35010
56929
42329
86045
5793
70022
33749
18457
28621
78318
21682
83206
7857
69889
67817
22801
25340
43207
20442
46498
65859
4364
55209
3394
47500
63232
68850
6040
95286
76093
81337
77239
94456
35350
74048
32926
48379
25809
48832
47693
67235
63964
85840
95340
78417
88957
24840
26740
32569
51606
34416
80738
37457
64316
34349
15972
68019
41527
68473
461
86679
95616
11900
72971
97545
17248
68581
75578
60200
44673
24928
64193
48992
71053
27514
12609
72425
11813
23120
60486
14078
76595
35904
21630
69393
11353
74262
51880
4620
31609
54521
75073
11040
14741
47657
1526
89114
3465
71011
46531
6872
16467
19368
79434
22289
70243
88266
18709
43035
80392
99544
6719
62334
97261
59876
80858
39483
57508
44183
97542
99037
66986
24267
7252
39813
56213
73287
92352
90662
40774
53699
53360
52826
50838
89161
45675
39177
69246
66829
28178
38762
3248
86025
81668
27615
27855
51288
3958
24444
49515
25743
90572
14530
77294
68733
98235
62539
39563
59916
60343
14422
17382
92907
86990
93172
45561
94213
42059
61667
46824
80594
71987
19124
5245
39311
21907
74598
11290
96151
83876
52589
49361
87189
46256
98791
31831
70737
6244
51181
2341
40060
86952
57818
86694
76519
50674
47422
24062
55592
38591
58939
65237
18306
70837
62715
60713
3163
11102
11944
16016
97401
23057
33879
14289
80124
47880
82598
99351
15234
95263
30845
67340
52486
11323
35716
55120
54531
61744
75716
81179
8748
78942
35286
65146
32458
11105
96308
36224
71424
58348
28933
69326
24399
68363
7618
59527
46650
34235
28492
94957
29025
75612
61837
92895
2064
47286
18578
53611
59134
77445
37524
97018
42222
59311
10817
61873
72612
99095
80862
75561
5006
10261
81861
27734
12701
18546
39500
29047
68731
98439
56273
97630
30577
53765
88275
86168
47745
43992
68617
39025
8819
18941
33017
76967
34020
66276
36135
87093
71
67988
92739
16863
60460
11863
54261
59618
57715
98833
58351
11726
36177
71507
28180
50757
66024
11759
14593
31586
79356
29496
2135
92474
20362
54580
51873
67870
62284
8889
57602
89677
6509
37423
85500
83009
75304
58911
69845
69472
59735
4804
54242
93337
52042
14881
97109
78521
10091
82815
67943
76475
51081
26624
82446
94103
9971
40405
80948
83603
65095
77824
65625
43287
94132
6001
6005
96036
96584
76387
37662
28349
45330
60671
1369
30917
57699
83561
91172
31522
58679
22971
49282
35064
49226
16018
71010
750
88371
78963
94925
67642
5306
6951
21996
44455
11213
22098
26514
17576
69760
99179
96771
202
9361
35284
77205
99106
93104
91973
41382
56870
20524
61266
357
89639
35221
40800
44030
39868
9506
19411
79922
81591
1559
46403
98763
42971
34236
94576
22368
50951
62533
3395
79744
4679
95831
66700
24142
71542
37736
40880
53439
26493
65925
28842
35123
30230
16678
2422
12213
65435
52570
84897
25389
45366
4523
71288
65116
67677
2632
79977
1905
35109
64810
54456
22979
27285
80905
48708
80774
33818
78217
31068
76689
46025
57010
99458
51075
68322
16586
98674
75570
78039
59896
86560
96164
83997
35331
71778
97523
18954
88764
7758
92132
25959
27062
61967
81240
92081
93729
42742
5396
57897
56556
23482
80518
25728
27032
76676
31564
93371
28468
41706
75802
88994
78259
27239
60256
51449
97973
67012
96987
26823
31026
66812
65298
37107
37537
97044
85364
86711
7356
90986
88155
15655
29516
51042
26430
30129
25101
4521
9210
18589
28070
82881
43475
94505
64042
4775
39789
33836
44570
45890
39074
45423
67679
10449
3597
93254
78152
33690
36155
86014
32258
7889
29846
35577
61445
87595
59775
42135
65211
75593
69413
7849
17447
35226
74761
27589
84853
49066
96393
1011
79625
99616
95647
25239
87598
32665
38268
41561
50702
93224
16327
28148
27118
72615
4673
57857
98137
98775
73689
49486
32948
76828
66255
8945
44108
6332
24274
125
30070
32837
72992
74381
18322
40228
73983
37760
54912
47865
88358
26703
47844
38822
92612
96986
22521
8452
4020
53028
50476
2745
7500
84626
59801
21663
64864
67043
23264
43551
62888
88793
73150
13372
22793
12766
94240
94372
29466
9896
63587
13647
72382
59801
53812
46773
94787
95583
70646
71111
21032
50290
38482
79177
97235
66741
84402
40867
48378
17809
10771
28663
78835
19947
29340
29938
78618
31024
55310
56654
3202
92759
16452
55103
77743
86515
41938
50886
43414
74875
17901
36364
47622
39102
15487
58166
84554
6756
57396
18953
74351
30230
11687
7918
48809
48466
87937
55349
24259
68684
69850
44326
87043
7039
70356
53527
18177
45889
84628
96191
46156
77694
37399
84032
26503
64340
25452
43688
67853
49224
35487
59924
59068
61362
75156
55275
83302
71730
46111
54960
93390
45530
90075
97274
31054
29842
29599
93011
67933
15548
31869
51787
2757
10179
78232
43842
92002
98860
48189
2642
20209
93536
34095
35350
61665
52773
22352
80791
4668
39305
45661
44129
42378
93827
66576
80501
59393
14280
69763
68165
37519
8024
97731
46692
36000
29606
52650
36521
93752
55843
61771
11659
87194
73986
51070
78913
93048
84693
79295
69044
20500
64337
29135
67591
14117
75861
32443
42683
31774
23624
45130
72739
40556
28892
14639
76601
37653
49787
27562
93107
94020
25090
58945
79966
96626
24961
58302
74485
7365
30028
18948
85307
47590
26033
3667
54062
61584
17522
24445
72362
48604
73825
1579
32061
58464
67337
91593
43507
97269
87177
32342
53291
22931
21856
12005
49430
19971
88557
63757
78380
37239
18853
19727
2200
96761
1706
89448
16152
84016
50247