70085
16588
55833
54256
19434
20778
4712
37325
67945
79114
7060
55916
85384
52527
93608
65036
56930
12722
29868
52998
55836
78267
74704
3203
5830
31102
4705
20242
2380
43729
35630
53923
67335
81934
55438
2453
69837
18929
11901
71323
69803
17132
5999
14831
19122
3899
16736
80791
77095
89133
69924
11189
61168
73473
17170
30270
81766
93007
78507
45398
2950
30345
84186
10387
80151
46349
59679
52149
98821
36882
84512
48895
70578
68212
67592
19902
21233
11399
29678
32732
4969
10855
46133
39350
4979
95473
87437
98481
80892
46542
56146
48958
72870
81963
49828
15048
71792
38811
42353
46776
8376
98350
199
54667
39501
51633
26705
40148
41401
37246
7119
55934
8308
10168
14122
13320
97323
52994
94905
30704
89443
35394
55974
20221
85050
39141
43670
34817
88231
20192
62240
71920
42302
67823
13290
9818
39185
94869
95620
55224
11229
34547
48259
87806
37682
44286
30958
12481
85883
45491
42134
57343
3691
75302
44201
74207
18952
75645
26486
25268
54714
10326
16876
71598
49375
34214
64244
11182
67951
72507
67563
35941
81438
102
61049
94189
73890
76153
8212
72471
59520
20523
12894
48344
30056
5066
6519
83627
10204
78281
96258
87250
39527
84693
87160
98269
77103
47652
70163
77808
52158
64853
67913
47767
1509
52588
42061
72500
32898
35807
80983
63730
70849
47028
84710
50944
64417
66951
30490
31970
16007
26584
25244
1867
37835
64909
9632
7381
79713
32957
56274
90496
94599
75291
77557
41663
58315
35578
76822
80415
76691
80275
83888
26014
70321
44585
36013
35066
77035
27905
8967
69338
3995
10055
90237
64065
4260
91302
88298
17363
55207
87728
7214
92011
32242
54610
6731
16603
23584
76725
63471
88881
91667
36416
87406
93705
84058
42844
32874
59140
35820
59191
36392
60870
97843
26505
61687
36135
2547
45764
61105
96971
57049
28994
17336
57573
59380
38183
20457
32582
80662
94788
85962
3002
33677
93870
18440
43908
36054
97790
60139
23730
82268
80998
47666
52513
36728
38858
52300
12644
82563
35410
41119
65763
20445
64610
71266
43044
52056
18808
83490
45051
19092
35078
5442
65146
14893
67124
57852
59582
68275
10246
12832
82158
34937
98676
61895
68918
35684
54237
57742
90442
17575
37562
69351
80105
56653
91496
64587
44419
4787
21507
20517
38766
77147
88332
30852
12977
11075
83282
24858
63827
8508
93788
59568
12701
78651
30306
68787
85009
37212
88907
18144
45518
2878
28630
42661
87369
42614
99852
50006
67010
44496
18633
60114
52721
68020
21438
59641
40860
42382
29707
67956
72358
8181
31631
85064
82712
71572
35890
68984
81026
43546
62670
27802
19202
84742
78346
69240
99405
8375
5924
87521
42400
75809
31472
50004
21877
14380
77577
88041
41471
391
14390
12183
35790
971
16293
18305
20489
83088
10145
56963
24332
54776
19300
91366
54051
95983
55957
78543
4420
94836
1513
37942
92704
31854
30408
50403
69978
60949
32479
39394
94188
54201
96599
91220
3224
87131
96843
60058
35801
13550
57830
25896
12544
13712
82546
67838
33268
84324
47700
19309
57944
48970
73756
57459
3943
55909
31747
6518
92476
48212
3672
77643
84421
50410
63205
93209
79274
12992
80026
44322
35898
62097
4296
78630
80438
98461
58127
22010
26915
48290
27322
62582
35240
36512
31003
81222
77244
33542
28679
18219
71571
67864
3412
42214
20550
98069
86608
77130
57054
98360
53719
69697
7010
64807
56583
69908
56488
45477
42777
45603
54656
60906
12939
62587
15351
62727
18167
27917
64955
27035
3952
90282
37596
77546
86166
62016
38477
87108
58984
55047
39227
51500
52993
21950
81393
7917
10618
87525
63959
710
38108
26604
75808
2118
16413
17527
30349
10978
84459
5702
63022
47500
46555
71749
86884
78519
96637
87689
93842
88436
45015
26517
44744
20247
2991
34487
18876
73755
93334
91986
87955
40879
4898
98168
10084
51189
34344
53447
65851
79360
19584
46419
55374
10611
27279
49300
33950
34778
63862
25080
49044
78773
70390
22098
50393
18113
52813
83051
57002
84982
12762
31602
62772
16280
3782
24352
33036
24666
29259
95766
63760
41222
10499
1678
9405
19283
7417
91637
139
27693
66794
78888
96078
53796
34867
10824
78125
1231
28128
92889
25491
78461
89938
10523
26088
85135
66219
52194
51948
69694
2996
10105
30124
26944
64334
67149
20859
24363
88852
80597
53215
81129
33963
90980
13540
71776
92242
37903
70281
41150
80715
11425
83430
31344
64258
8964
1882
54673
92881
80340
28241
17246
22385
89217
12149
1118
8274
7407
14997
22221
59098
88343
84100
86407
58621
36022
40834
54288
97618
1568
53303
74228
59667
22679
65217
4523
48456
95716
45733
30414
14977
25058
74299
18537
50735
76485
64185
55630
80948
54728
2124
51761
7869
64482
57588
4607
98004
76080
89929
48833
64203
40502
6690
33470
81117
93943
53306
86650
25298
12382
11330
51202
48025
52767
15198
96999
69313
13127
69457
47623
18533
23964
5630
3785
62310
19850
90597
20067
85514
94036
78129
85414
95856
61134
92886
67955
60698
68028
1670
29536
67312
99279
35621
3467
9334
3367
80728
92313
16836
60074
49546
94953
22949
50492
31519
60059
76845
61223
96020
27543
88025
33836
55235
73859
24517
4637
70381
22348
19007
61301
92461
3618
20469
93069
85048
81026
20590
25474
56068
71350
87728
64176
41719
66491
56153
25969
58642
91905
15440
74343
16123
38468
93504
57399
16108
30214
32463
51562
14674
17316
17251
40410
31032
59220
98437
2998
1372
90570
3228
54444
29341
40119
22424
24105
48112
4140
85842
46652
50364
80884
31028
50171
42547
50301
46060
93212
74780
12146
56933
12936
10824
22604
61949
779
20166
15287
54746
92952
75397
54740
66507
62373
73090
61579
59760
16498
1720
69622
36289
13230
90614
83172
6201
82526
9457
59515
74815
21627
69593
21174
38263
84256
38456
33240
55092
29832
55839
51556
70484
21818
80425
47347
38220
25358
54818
34922
26333
13330
95868
6026
59850
15057
72721
2851
15367
67417
4296
49940
63549
97703
27916
69439
94494
23081
20637
34752
71250
2495
11370
62814
25502
4598
92890
95014
92110
96984
9104
5136
41437
99122
42217
10149
88253
29887
82612
15230
29492
74287
38067
54770
21105
8526
32506
76552
94461
80763
14625
8652
33967
24632
21230
71078
46872
91193
30526
20679
4947
14249
29325
35152
45793
59537
65594
64837
48071
65479
39657
21
94524
54748
35901
71250
2588
21969
13569
38523
37693
34451
77933
81301
72200
9888
80268
8719
36678
42048
21156
74741
73344
8317
88924
5705
88981
31220
62679
52510
77239
80981
22259
53233
19997
79451
2481
81574
54321
10502
77611
41850
5639
92041
53722
2090
93698
48523
48847
56178
34422
34595
98901
99739
56841
10604
5201
7718
37500
95171
86692
47855
30092
81465
21308
47459
23159
35615
9323
7239
77187
39708
98893
12019
66241
31428
49305
52965
23684
11103
23994
86899
13582
37042
68177
24773
25999
27535
63166
69160
90319
65909
22418
63052
60887
32409
85332
5779
54567
6030
23282
59954
7242
7856
9225
51059
68487
10713
5549
12938
52
71196
6479
66272
36749
31694
60715
91808
3553
81697
68897
74580
17357
46299
76714
6873
97132
64947
41875
70607
56744
5033
18010
6977
66990
16953
69884
16983
2195
6471
19285
37618
19659
12478
9617
7054
80018
93763
60986
69682
6553
52331
8146
96276
8213
29371
36003
89769
50417
68902
57750
1425
70206
81939
32394
25307
21217
87160
71295
69070
13386
78389
99594
2246
27048
88196
77729
52966
64979
81457
98606
63579
57993
79408
69396
55785
34582
58409
54358
19414
63397
99676
48827
76022
91337
56671
25810
55177
23057
56227
3567
51320
10329
9270
23633
2443
91472
37669
74174
14503
77296
23322
35030
75570
68722
21038
22731
8125
39918
75935
94202
59781
32178
11079
17835
90048
44560
33578
12489
68000
29577
373
20111
83751
290
43953
55236
7973
59042
58758
95569
13217
47945
85395
53613
67338
4826
11471
4345
6264
52494
60862
93444
42570
88995
28343
96704
59670
7650
49540
37845
41455
4165
54544
43508
79770
53428
20475
81178
61724
5125
98056
79593
82905
49863
83796
18237
85084
72251
86341
50024
13601
8039
51867
22370
42579
11267
2131
44094
26488
80679
81694
55686
19618
48380
84294
63683
82964
12927
39963
38130
19784
86068
20209
46517
31793
40755
90808
60213
11807
65648
35901
72857
71138
10630
71707
8198
18277
62791
71824
8047
34475
5167
56558
91726
27959
75658
15217
80461
4580
95121
40458
61445
1922
95313
22568
18373
80981
13849
25728
46396
83324
85730
78783
9355
97459
74065
79992
32941
14648
31714
9295
86228
8432
24634
97171
75522
91776
4994
60159
5215
19179
99176
60874
20679
66592
38159
82260
33901
23863
81318
52745
96457
13909
79850
40672
76191
20848
56107
54662
99810
54731
14799
4077
88299
62745
2912
77982
7287
7180
74197
65009
86134
17560
69557
46119
52520
75494
77743
41478
1247
88839
23441
76355
66969
99289
26754
91024
85484
21397
91081
16594
78782
71087
35248
60364
5374
94192
38047
93751
55709
6380
46543
90073
16159
55916
90109
43112
70065
89953
5727
86349
76319
32929
93199
53439
69194
36018
87976
13649
87022
63044
49270
87040
88760
15701
93451
45660
24059
53226
69305
17277
29454
94343
38127
77243
58124
53679
33709
70544
55859
51521
93272
66503
62832
74921
24095
69265
96793
84276
88193
24840
791
99392
16328
27890
88240
10473
5127
51832
81606
12460
64653
9164
74205
72784
75363
2712
38145
25952
12507
40146
21723
90352
84074
93769
34068
13109
95710
26167
69413
97581
40809
17450
62760
25577
26430
6639
21729
896
98461
78315
49763
84993
37938
653
40066
85381
78968
32943
97970
11619
19300
49657
32776
16188
38041
9809
86970
89388
50385
7812
38574
4594
77977
13246
1775
99224
82596
41554
71396
92563
56230
40083
7867
47127
404
28837
66754
99646
52819
57640
95907
54921
94688
34704
2130
22065
38135
14637
33528
64922
8796
30247
61066
51612
93534
76738
36149
69104
29577
60906
31020
68331
35029
41162
48933
23553
55861
79966
75745
74691
65624
14343
8447
56072
58194
89004
63708
6395
56209
33860
18603
68750
1908
44624
60864
84412
54107
94911
85581
90776
32051
31185
24096
36866
3725
92139
30865
38624
58074
78067
50404
9361
71559
37739
96791
18922
53001
58925
50427
63961
97987
22220
94705
1940
8577
78504
7765
21817
4517
6188
86748
58709
96035
92996
21246
19002
52427
51563
89548
16551
65620
50007
28400
32631
35665
11631
19045
26857
38014
73202
36981
8251
13682
32049
60083
65058
78666
31683
30301
45323
16515
5136
98885
11468
29673
92918
36353
6502
71826
4815
56186
41818
34171
73380
81849
64425
28971
77074
81695
52564
77172
32050
50987
99296
43554
86446
39063
80980
85821
44817
22568
10855
74150
31983
7333
89456
83237
94899
73673
77785
41521
86942
82904
30526
43190
55052
24283
64638
6830
30942
8445
56341
33523
20583
33259
92407
19548
82067
33283
94870
76425
11253
31992
81840
65624
44630
74172
36000
75975
90857
63547
33114
9081
75851
36664
63079
41048
97957
81900
56811
17841
95609
87202
89659
85170
8272
47545
40807
28054
14087
7638
73687
12759
32467
19316
26146
36867
96395
24912
5343
74620
14023
77742
54614
38909
90789
7578
8140
70506
79304
97359
82551
9701
46512
95139
32702
38001
9934
23127
79660
72108
10846
6992
19634
64317
61353
96922
31454
16097
63018
90102
15947
17553
30773
19967
33574
96356
9038
62161
87477
36733
51394
34360
30944
86419
97230
41637
64464
27733
33244
46050
7953
34530
28660
18383
84145
31302
60593
64890
38072
46172
95230
31089
11675
4769
82403
62782
14636
16465
31965
63401
57091
55667
60071
37397
72987
61391
59813
30879
63118
69179
25126
3361
94572
34768
96162
61983
11491
68621
29102
35834
2623
76609
44518
83919
28675
32250
91290
29961
60456
31273
40394
83658
27519
84702
59408
41406
10471
9456
14162
30854
8741
25161
36576
10918
48650
55316
98383
94648
99205
61375
30748
59113
22213
93869
25918
95044
58511
66833
52112
92933
15362
96687
44174
55166
73079
16716
57155
40449
12875
62791
61242
40113
3293
33858
98149
84642
14508
2105
29333
10843
11565
4702
45621
42667
83925
83577
90013
60905
729
2609
87984
90295
41275
44518
51191
23198
22888
24020
76082
27996
43531
36205
300
53863
82055
1031
92842
25486
53668
92370
46273
36039
98236
21214
46683
76034
66345
81605
12890
15276
86641
125
35802
74466
68760
15989
29359
3401
30905
3715
25784
8367
35377
95678
53366
61950
67205
69396
89857
44279
11066
75125
42987
37170
57641
67277
78735
20956
59143
77710
19434
53848
53196
90835
49180
10695
33035
59626
50399
57423
79462
14016
90345
13889
97865
86897
39611
89138
12837
49561
71309
47480
50279
86834
29510
76875
82342
81886
37034
74552
9604
94233
70157
68068
99751
39988
7956
94598
63460
50918
10821
5015
60644
28811
5843
78670
36962
72728
76125
24018
38031
85398
64774
61448
14122
15012
30081
36463
85041
5925
72524
62099
13548
32862
91213
58819
33590
17200
30748
81156
95226
6404
21150
55171
65000
49339
33277
79513
40388
2082
51577
60955
36565
29649
38655
10662
80823
78797
79395
45835
87888
97314
74271
81971
32704
74123
14913
70436
93645
33557
90238
49279
1514
85893
52826
45857
63463
13573
32785
38969
70018
91285
82599
46516
18799
15629
97522
47336
33850
53534
12999
7307
60085
4648
34923
88740
75092
17794
43693
52917
41605
31971
42970
47955
10705
69528
35023
67486
97291
11582
65838
19461
97667
61625
48126
46574
86272
54812
4603
85668
93345
61584
92998
41403
73734
26763
59064
72280
52623
47435
96060
29218
93620
21534
86395
25959
57829
20676
16962
8879
32404
91002
28019
41438
25729
64356
71974
41084
5327
95658
38808
29667
53103
62007
24408
27526
81601
89566
27544
93527
62899
21576
39597
80477
24846
86234
60684
47752
38262
62842
33195
49768
43351
9256
89567
79366
71398
77187
41048
72532
60885
33800
36828
12827
36512
15897
81761
92010
9938
68468
61680
11997
22914
59395
80751
68246
43377
72853
93751
34417
12756
96132
58042
52183
10314
29524
33711
92505
13477
81362
81343
79724
42549
64478
49807
41210
19386
537
32686
14947
88968
77014
42541
97543
18850
49911
48009
76570
45406
19123
40429
64834
39202
42241
91198
51888
30240
57317
482
63297
49434
5563
63208
85413
36749
40889
10646
74023
26196
2087
57001
4854
35843
32020
82232
86414
36685
74030
8916
47163
94464
8404
68452
94120
98555
93789
78709
91026
80304
93198
93253
11208
14003
45692
64374
30942
58058
66446
91960
50913
60040
29899
37316
71188
34377
50215
71535
78816
76523
3658
35283
80884
83786
64470
60477
32263
17057
47636
99221
23069
87474
49779
3532
21837
69329
96267
66505
70535
64946
69492
4276
7209
43394
61498
87304
19012
96991
99269
41997
22772
15103
88617
8104
93900
31990
38395
60235
7833
99102
76271
40084
22141
13246
22790
39222
69733
29174
89395
68576
91645
32876
12742
47422
25598
98303
9815
39418
7809
71966
91941
5032
9220
41857
41774
91599
81339
91205
52616
21681
44854
50198
51342
36032
67195
31652
24002
94245
78370
16799
70611
47158
43867
60366
93814
88170
48034
18040
80511
94869
88669
84406
92709
46871
74612
71404
32901
58619
96175
79868
73197
75497
98218
87796
17726
49321
93120
84487
63028
53529
50595
25562
21089
40578
74684
55263
57591
72595
16542
72049
4426
16942
8758
88989
15149
59015
25381
8323
70070
30241
65503
45250
5747
32737
22533
26731
97514
83186
96119
69209
55562
18316
76291
54598
76893
45653
25441
2729
40090
42340
5012
47600
57052
36147
89133
78975
71464
52130
79221
42567
50408
73135
39523
47588
31241
61983
82220
35245
10792
35355
9666
13166
96851
57825
93715
28965
21391
86415
87263
65836
94616
81287
46658
97651
5958
36567
65820
25392
73565
97483
7569
11155
5049
48960
32319
42498
98681
48798
76258
92769
91412
87645
33210
94645
22720
45770
83808
19489
65467
90756
87758
85985
25314
99397
72554
55861
25241
99263
73475
84252
18987
38798
32502
51253
29546
75660
37403
13278
60503
24860
54493
86495
86404
12311
96670
40327
28675
90573
39966
58664
40310
41156
14185
18979
71625
95303
66611
98433
62336
87652
5353
5584
18990
40568
55926
47979
63592
63223
44915
76629
50196
32580
96710
80657
24199
58788
81378
22514
55924
13218
53376
68264
54625
44721
48689
68913
37094
59307
5184
61080
90930
81609
17555
60523
14050
15880
98177
57139
75662
98516
76632
37886
62573
15912
2850
99091
9210
7942
24482
66303
27227
13405
21919
4828
29904
3972
23145
47046
623
83037
53163
22551
68344
65816
16778
94892
50895
31028
68798
41502
33358
4945
89885
24711
65477
41819
48524
45981
32068
17316
28048
47039
96497
93624
20659
13165
28783
75587
70893
4167
85627
83984
25456
26041
5304
80771
1786
46717
11553
79274
52496
83991
34033
33102
57173
32556
3388
7375
14884
75751
19040
76521
42921
19795
22678
81545
44843
70572
58358
73741
35499
71036
18584
41361
52241
46879
91406
44541
86143
30937
34762
88882
17261
31281
14717
9816
32823
39382
16724
73628
88463
76161
5226
50248
60516
84781
87033
56141
85778
89676
57492
565
30109
82616
63295
40642
2547
25309
26526
35749
27707
10293
51130
37973
83149
80311
82697
45235
46370
91852
30156
40570
57198
78509
96462
33894
40637
69285
98480
10247
10799
35483
70194
40429
37611
36459
82826
81746
98392
31155
11216
84112
38407
48907
33027
19106
69132
61847
95186
74845
67732
47597
98848
60546
24297
59312
32353
70662
83497
38003
81323
35605
85794
18836
2698
14630
55158
59868
18522
70720
55312
77046
88118
58884
87367
62986
39170
51257
29261
87624
82635
16097
33131
89615
38681
58271
92261
16727
3712
86477
91343
35031
75355
45193
11698
64510
17683
95737
180
29516
91498
58174
37978
43327
10211
65911
57066
9329
84165
49440
77803
78260
75836
36715
66249
17186
30083
21749
62174
35203
43481
8643
89457
41604
27553
22944
35571
18543
73038
39270
48773
39836
66647
85885
14535
21258
78643
21199
49667
50229
8339
67733
6372
34885
87182
21879
46217
33697
84575
54335
45193
66727
2377
89518
78829
60604
99675
51529
34743
40004
51495
53597
81754
39573
41741
97346
59540
63993
42153
33580
887
75546
52276
37817
17812
23285
4030
72049
5314
80404
7734
36976
48760
8237
75796
76543
11196
93508
98745
67652
91911
38215
99960
46345
88317
71242
44139
85327
38751
24835
39907
9088
8982
95155
53585
54079
90055
66943
66157
37543
54167
80180
73310
33246
50048
60772
95155
16596
71136
12193
98427
28156
59806
4138
9518
32899
50933
58486
14812
37946
47209
35341
84605
78239
18425
10603
43786
75945
99172
20017
22959
59252
94896
98178
98515
90932
11358
33044
60505
24734
66465
98771
46641
20297
86816
35658
9818
24841
56100
26707
4223
71738
78747
20477
25803
41503
33264
98728
48629
1531
96500
37607
51822
68234
30152
64665
20919
27268
84070
92139
87824
73891
5500
1123
19736
62572
23912
5783
33606
82589
16256
9908
65497
68248
25046
21100
70468
16200
1445
52545
93796
85413
49817
18396
95158
4242
75078
81557
96938
77567
77478
90587
42839
76839
77404
77156
8757
16469
3844
35846
9443
46904
44992
93044
62091
19370
60518
20098
28177
8039
62573
15142
95462
48441
73263
37873
38987
6731
15344
77265
78774
71134
32953
49243
90380
50923
68909
17487
28635
52284
43409
33721
31608
3758
5496
90322
17337
38383
67121
57952
50738
76298
10665
12849
13894
69090
85361
92223
26176
26267
99027
87470
26241
11434
84421
78627
21481
47593
79388
20290
19038
24813
68642
3220
37475
44069
34719
59371
86183
70396
79119
24180
45837
8127
52795
65859
85177
19248
814
32956
46292
46729
82142
72905
13981
83901
47896
84251
65905
76093
46182
66725
58752
12375
63797
96581
16493
46685
68996
41439
35890
36688
57052
27023
36723
45793
3738
58838
21752
6590
36942
84270
24347
6453
69858
91085
25618
40742
34408
31533
20496
85662
56923
62072
63448
41659
42784
75063
66774
18481
78001
21484
98338
73371
83799
41484
74822
51150
50268
14545
16237
16240
1980
94126
52776
79045
83852
52623
7377
62076
436
14497
44129
85787
15751
36208
42781
84772
75838
99035
23889
8340
55790
38954
35288
16459
21348
87579
19055
15943
97948
27708
51779
71288
38770
40999
57725
71632
11735
94474
20235
78613
70163
59731
72769
23131
39928
5097
68200
34509
10330
54886
22661
92701
57827
28525
11233
98688
6157
80762
82484
10836
4115
91738
82854
53967
67401
5550
94235
4308
84276
89469
34101
76300
61814
40807
46558
98007
29277
56355
33692
29282
77413
9696
41529
45461
66300
76129
27902
47035
57446
49931
12434
22487
49249
69687
71919
31060
29819
9421
46335
96759
6526
3489
30346
20983
49985
45272
5337
44680
47413
99910
80104
41306
30510
38417
37992
39217
28451
86423
35299
61388
47321
17746
62465
68840
23659
41961
87818
41586
77112
66347
59858
57287
11702
73002
9483
11162
90458
73486
40104
96994
47525
46783
82613
22465
43369
90196
73699
64174
68978
5340
11850
81318
67762
87272
59357
26578
53093
10752
9369
18324
63694
43615
27827
88245
92117
72595
53748
55369
77961
38549
45512
88671
93144
50683
30358
17099
24612
40747
91331
94129
15430
51009
76092
4014
86801
79856
85078
14159
98471
87744
13578
63493
87
45599
88902
73942
32168
80283
31644
76931
56895
60530
9755
34134
94043
94673
3929
72016
75607
27634
54843
71757
12555
40827
43166
82301
65385
61253
76884
40283
83467
64497
11093
86878
8356
59536
89669
45928
69950
74415
69831
414
73019
91571
85242
41731
16768
92750
43852
54812
46451
51730
21375
63882
54517
79446
2678
80265
66890
82433
3042
75772
63344
50551
86266
59371
4918
87113
2787
86351
44757
69476
7163
4477
60193
43710
4062
88175
29522
10629
92579
59513
19907
26549
85811
17028
8899
21583
2261
29356
89102
18777
7768
23335
93671
60562
56923
65298
98821
65549
4838
59308
45014
72795
69525
30427
20459
95927
2642
501
88689
51330
51814
76375
3122
81514
15125
65805
97254
91098
79682
70283
65901
83495
14897
33053
83031
87742
69984
1729
76252
14190
25433
87805
2362
76187
72041
51530
63240
56419
66150
4854
61654
15203
26191
12250
73854
73090
79896
67654
15703
81669
27579
70381
51276
53916
19142
48077
55499
47913
39511
30536
87833
1106
76378
35732
98868
33094
118
96042
67990
2883
53897
23038
39931
95697
17856
17950
96127
23406
7725
50332
3002
48293
552
49984
8545
50628
77594
52341
72237
85294
85012
58226
23687
38789
56988
70001
83623
52630
47168
13197
41179
71927
37647
89580
68096
28751
77738
45924
20024
200
99190
70634
72294
62899
63687
66615
42426
71868
9223
3286
67218
28802
6910
38126
56837
7809
68405
80822
80704
50697
50705
7213
84762
59041
96108
53891
69613
14891
58654
65979
18342
17470
29889
86441
35916
89753
89826
6196
16221
29794
82069
86277
41296
1789
93263
40829
95842
53338
28878
49387
67263
63247
95453
8453
33419
57420
71305
48163
5857
76118
79466
51019
91620
17867
32475
50469
1420
59019
38235
54466
51368
65175
18447
34396
57023
22452
56165
4344
45906
24801
41755
69890
46375
46307
32251
92527
73118
97472
36165
43916
30959
30273
21103
91931
24219
90550
61739
18210
87354
55951
19174
14793
7701
2666
88782
73522
38752
46585
85507
83239
81564
79961
48705
62901
22180
28721
43038
18904
60335
94871
10067
93590
23115
4093
15031
45207
87934
28214
5395
12503
58804
8344
26636
44262
66370
47351
71136
33386
50764
41830
24802
24492
32219
97004
29213
9128
15462
62332
77208
53586
25438
96958
27941
55180
72450
26865
80937
64246
63033
73265
96677
40710
41397
62356
91447
64549
14229
376
54965
80931
2501
99087
33525
12032
66334
15894
67242
86228
29608
62978
9738
24618
76733
6777
67419
39825
36573
67558
970
48399
99410
28100
33142
87761
93393
94392
75703
70398
42599
64492
40139
20772
29055
850
28427
22336
99488
61589
75544
36832
99360
86563
39888
18254
34753
58229
41247
96192
69853
56497
47658
36106
96713
84073
14389
87067
34564
32384
142
92903
2979
77499
1427
11398
95618
8499
30901
8813
18732
17159
83810
62406
39937
63531
55053
25496
43185
72188
22873
67966
41078
19249
67831
28611
18606
66545
27703
11430
24622
75494
9502
31740
80030
2962
48742
46188
77580
27328
84166
39354
96209
77938
33632
28489
84734
69304
48874
30284
62357
83201
75776
94108
728
12388
25602
84961
42491
26611
51676
80541
79171
2872
53029
2291
9300
83010
61194
56075
32241
80478
50943
69529
61220
41462
54051
79503
869
76658
8747
35211
47567
7501
31039
31988
46467
70898
30367
68688
49562
22212
72696
21961
67938
6684
89964
78169
38880
79729
23593
21435
10498
45648
67914
58729
34687
19801
96007
78401
61043
62653
67312
24995
9066
10143
44011
755
93980
7657
85917
56912
5180
10265
32889
81147
69083
38974
73111
91074
42935
55403
92138
80063
37913
47549
83780
72068
29339
50736
8874
24330
51377
61192
9071
63351
58237
49737
29739
17755
97650
57524
2833
97807
84893
23310
68740
31281
58052
53732
10983
36494
50820
79899
7202
82081
63888
85691
2694
16060
57245
28533
39576
50566
25245
91697
48618
47404
46068
57207
21554
11183
71314
92611
1211
63082
32967
5526
10178
55825
75574
24431
3068
38610
16012
95290
69331
96226
13835
74892
49219
61839
75596
46286
53835
44643
47011
17114
65870
68816
78339
50154
68405
6074
38699
5681
43913
50250
78070
95951
65919
42917
84284
20703
50138
24136
51926
80072
63876
87743
69590
23841
91996
79503
18001
35297
97504
74543
33833
92535
46580
50661
10034
69341
44295
67258
81930
62396
38309
90070
82545
11267
80369
2788
29256
90529
82249
55590
75376
47658
14378
12712
16656
76362
75580
74642
42592
14372
29132
15564
38993
46889
91776
94908
48347
76605
53451
37803
73196
69802
59803
8074
6762
93322
27397
51596
97287
31526
78456
36213
13264
49844
2561
99988
42660
741
74708
9120
35843
34861
23991
84317
54422
37648
12614
40113
81002
61585
13096
90396
42005
60795
95263
88294
21777
98493
73872
40369
35593
9936
28587
90531
61643
41584
80047
53960
24715
49624
13553
82591
13547
53851
19647
22555
63848
19232
77096
9250
25214
39145
48521
80873
99343
9853
92799
53236
24842
93119
24237
5876
42721
49614
8450
24573
15483
79642
45257
43230
19343
40178
93369
50400
25799
76680
76232
17957
14798
91496
18461
3307
3693
74727
69726
73965
5030
49548
69053
9813
88478
48784
34592
88540
50377
73727
62284
21287
47671
53949
61940
2936
51597
31257
62055
19986
84123
4740
41652
31536
78265
55175
1232
29787
21175
24920
27820
9709
89513
87824
97881
73876
279
58748
38281
10055
88027
41715
66075
26683
53227
6751
45052
80933
40512
72823
37169
64282
97569
95263
50579
66896
21377
87703
28921
72354
62248
11323
71873
22085
60486
81022
22774
18560
61349
70037
22950
95501
83678
69468
50292
5584
38388
76532
12872
57135
93929
93645
34815
47925
52110
71324
89183
35618
13352
37765
83510
96372
80701
14479
5670
36729
48983
8606
43116
98402
14425
47943
62406
60673
24920
64471
6459
64662
2069
18577
37700
13966
15019
80900
29342
11782
33398
3630
87
92855
13413
47700
42764
32696
95690
66996
90331
48388
8499
2888
63851
47221
95543
76049
35165
1731
62312
61862
83417
80441
26923
92936
66205
12166
49532
39892
2824
19608
49787
32136
12981
94583
3413
60446
90837
36191
58451
80078
88225
27201
38770
71016
85920
96730
34521
29746
66375
38796
28759
119
75293
51544
91729
19488
23063
33345
74875
75224
77040
30797
35034
95234
56889
50317
13080
48268
92015
82696
3434
78041
80703
53745
81201
16164
56728
51276
48255
80980
6681
46980
55437
61963
86278
20652
41814
30804
48390
29272
54570
29
36036
56382
51373
14325
40045
26286
15203
523
85540
76957
39078
85920
12268
74779
51418
1785
96893
9344
96065
90235
98030
36349
69199
80656
3789
3572
15846
34587
92934
36529
12573
66492
24700
56368
35767
75924
98154
60426
92988
96881
12496
56647
57188
24137
68145
80496
24474
23582
55468
32889
11814
15558
83627
56741
58219
19786
37228
78723
19998
7937
3193
87296
37507
87526
67108
27099
4682
25277
27841
64422
7015
34861
19128
18821
77125
93366
94430
39970
36247
1778
68008
73846
97944
94893
82681
74618
6432
97863
61886
93456
59368
72335
31437
56472
25594
45893
78218
70733
6378
83570
75973
23274
6800
11377
54542
98250
77987
63364
70851
17846
69147
46555
21792
28657
12608
82081
97401
46683
93819
72192
25462
6170
74422
34852
67207
83865
39822
34584
32333
26146
37438
19626
44525
32988
69005
292
40823
14688
79026
52076
32303
57719
2130
29958
18595
67496
45533
74093
93331
36559
41723
35763
86463
12911
24329
85763
9015
47014
41629
18782
11924
67001
49617
34327
86216
62475
28072
96871
80762
63276
20937
44369
8796
71415
33074
65889
80364
56474
67522
29050
17566
86382
48183
44477
5614
87739
64082
56343
6793
47710
73436
16482
10815
42750
38717
69060
56427
21213
98079
15451
63911
43768
79526
43507
9603
15095
92062
84053
35290
80598
63127
29631
59227
1897
22321
11932
48426
48346
55466
60791
29445
20295
99997
57031
57044
48066
10148
62465
30950
79017
83835
61580
40913
77780
33578
41193
47795
1784
49329
97995
36697
81551
98785
65081
37432
6978
36649
25943
82349
39932
5304
36403
43679
48797
47599
43482
20744
39139
52144
57931
38580
43707
85950
31358
2726
8508
18670
81442
71123
47095
43940
30539
51526
12387
14781
72655
77548
3042
16442
50667
33495
23296
78522
99565
72988
76978
4039
92197
96227
78341
53681
62998
94637
55892
23237
56410
31560
38934
92169
60593
40641
65563
27085
96230
13919
75648
57139
88244
93846
52956
49608
21778
66253
495
53024
34987
60267
77124
48585
43316
16167
25970
27547
42969
623
43825
68589
30356
94966
41917
3870
45920
28668
5511
34656
89921
52128
52187
60751
51295
90055
91011
45737
51763
81835
58549
7583
94234
61922
85212
25790
22310
82329
67726
52863
66841
63758
59296
5732
53633
27546
7642
21051
72428
45987
19709
81786
98164
59764
78484
51577
29152
78837
88572
42241
72071
86428
81623
19426
55804
84280
46118
51942
46017
58953
75311
67855
29482
73369
77830
48612
99982
26548
77865
67475
73611
71904
28168
38507
18780
25492
60818
70902
14368
87376
65763
16244
69469
62414
89499
96686
86227
72361
57950
93054
9253
63912
22882
48137
43131
19757
36903
11123
92657
25640
89596
88237
8148
56501
50115
24162
76598
69601
87139
24365
63064
34901
90376
45282
68049
32317
12573
22917
49419
9369
85968
69302
4149
71702
8786
36080
18039
41153
70262
61556
51638
30856
81301
22662
96787
8976
41887
66809
50317
35726
94537
33336
19177
89943
11050
11166
56261
89007
92719
62074
52504
27276
24962
48190
85644
8444
57407
94621
70007
82615
34133
81177
57033
35204
71980
53385
52035
440
49551
22996
63631
65350
74248
78507
80650
77080
51877
47258
16665
87776
91414
21289
38652
50573
57004
66214
16356
47061
81908
41505
26178
5859
82856
62672
46701
22851
93507
85777
12365
41656
12760
92680
22583
11031
98557
37662
39570
9217
90232
40608
37446
87802
98030
45787
19994
85687
2076
69824
61930
98930
46661
48019
52993
40823
87950
28693
34694
35624
48579
93559
76643
99721
91426
24614
25670
37962
33929
16228
11942
59343
37089
44443
48917
97910
52957
33349
21696
14428
79602
44062
76700
47933
24628
18537
66341
4109
85907
5638
47092
72179
6755
45485
13076
93154
57720
30684
24760
69974
28037
95115
29389
99885
20101
64301
42239
62398
45271
41553
41085
91860
40643
79087
55866
15819
48316
73255
70834
79930
5858
58548
17671
43803
49522
25277
54303
63331
97107
51804
61267
10994
22923
86059
38399
20811
93572
33101
3449
87450
7860
77636
18057
21625
14810
94626
21380
49527
96410
2096
88595
89080
92366
69773
18619
14472
78164
42786
45989
32343
47212
79857
87491
23117
91081
92583
46325
56303
8522
96434
22416
7051
88280
72427
16306
58659
800
70397
64083
19621
20362
69517
58547
77323
62337
84812
85902
45064
34050
41971
59880
7375
89996
6723
39261
55433
71640
61515
87236
56488
14517
79327
80327
76921
69592
39405
13879
48244
69310
5204
50865
54722
3697
56991
63600
83851
79283
17686
19210
95605
90204
85461
13200
86588
16625
88842
37619
4459
75006
21974
81967
92842
62953
35059
75945
67341
19519
57872
38216
41256
18179
71358
32599
78560
58712
50570
77839
60419
15571
49713
35435
31102
35048
87305
34284
78991
78037
20034
91724
13823
58983
61636
49032
29449
80871
66379
1971
30212
5263
19393
79104
52793
52666
20338
39152
42703
44332
49825
92446
55615
99773
49440
26013
54389
32017
99979
82058
84729
79727
86048
74218
81796
94807
16505
34431
92878
73968
11175
73206
4721
36704
21380
62899
66097
38139
96437
37808
79198
27516
12964
93414
77877
33167
47086
65
87018
21229
72515
64525
1831
95380
35403
64862
3290
87829
40423
84877
67720
67590
45648
93853
21513
84073
12216
73478
57248
66468
88930
55003
74486
32736
44422
5556
12498
16444
43598
3569
38571
19665
86420
64546
8325
83614
7152
99018
66179
40551
38402
69747
83912
5109
96166
28559
31508
72261
20354
34703
58992
90814
36485
20883
1026
55740
28305
3342
26730
29211
90093
28752
48196
19131
96771
18044
74326
13987
24261
2255
23864
16816
24485
29988
84828
5686
26291
33730
90110
12962
26358
26566
96528
18618
57599
52857
53114
85632
11309
98735
70092
21801
47774
33132
88257
8451
12840
35233
18166
26751
78270
50420
81323
46759
89679
648
37251
31323
53631
62540
7780
74930
60765
34299
16005
7883
42049
98538
25107
85704
56272
18398
10672
83253
64470
9722
9074
21736
62795
16135
34848
24798
44517
70315
37538
28118
27679
34489
75779
49765
62584
37576
3522
50123
63031
99584
68901
26647
60200
75514
43580
21861
12283
24823
96344
69011
68848
92482
61834
37361
99860
76529
65966
59280
86972
5993
13045
92869
43449
21027
72885
12360
76730
98765
89220
51358
93140
7328
44552
69343
89903
19444
10170
59884
21610
52810
35270
91526
28353
10997
69739
66463
49530
27556
67712
2691
79520
23880
52642
89979
13298
54772
85241
55884
21173
89897
572
66040
76163
53739
63573
26933
49742
1841
11193
92649
38031
19916
51195
17431
27421
45839
94320
86073
23557
57171
54506
14730
15320
76856
12563
90326
35193
79911
16591
89788
32287
8323
67915
75381
32132
23248
81824
74983
19549
68379
15727
91652
98263
19712
91324
28336
35604
46446
93564
92299
24939
48739
2815
52133
1487
9713
30780
32933
26377
7384
40035
22695
72071
68801
89481
76399
6752
26529
88031
52635
8703
75037
33406
24153
82741
19414
18605
40419
16402
13255
86965
97108
86238
15586
44938
42568
76161
54270
69006
40909
10125
6164
96149
68487
50909
5659
26012
89515
56692
52495
86112
49440
39635
44457
13987
4429
60084
92606
34186
17058
97032
55431
91463
78974
80806
26102
43871
74948
6262
69823
7597
43892
66352
5112
26502
47733
71927
68115
44302
4397
54491
84873
70119
52798
5505
79148
6638
67005
53821
73394
28300
38621
84383
78830
65986
37259
90627
89195
10490
69343
57040
14738
3894
34189
56771
77972
82368
60036
89502
71338
88105
35019
2312
2680
88135
78054
69909
16212
52005
10886
8348
12268
33925
981
29488
47494
42310
26615
74987
57229
289
17319
98625
56243
41247
56358
87887
85153
97864
78223
94303
48886
85837
33585
14599
45200
59283
36925
9440
45515
286
78009
81926
20557
38655
65425
63784
55673
51254
81285
84312
31273
30663
52160
14230
85261
69329
10945
99760
99720
89606
31480
71015
95767
88887
5096
83064
87952
69116
54040
76491
55076
39916
58025
71863
71646
29885
29700
55792
25297
63185
81826
22382
26435
28127
1697
19702
75743
456
40592
15259
78574
89891
29747
44259
76520
7438
62984
97764
50217
14384
48383
75196
86650
73141
19614
52233
22195
71568
94264
62406
6664
52840
15657
10622
75723
93534
37306
24686
77243
39142
75442
45009
63135
91585
30266
66295
90085
4453
75100
33968
82248
88838
5795
6905
58052
25319
61119
59515
37380
36410
35645
36970
26122
28251
1915
78405
69022
31004
41154
24250
85937
56849
88898
8811
93493
50917
70664
39776
33396
67093
57853
17011
82162
65235
3784
46791
74996
728
34911
86152
18266
28530
53577
99345
23386
93685
99861
97367
62105
83636
49747
83142
61370
51501
32579
59348
10476
38203
52102
82396
77632
48810
67054
93150
46572
71536
64311
77952
12807
12979
28006
19480
88835
59541
74620
18786
13632
24713
72708
32756
80984
73563
27095
38901
81288
79283
14618
7611
81675
93977
85844
94329
86260
425
39126
97629
89511
51000
2310
22221
18960
86964
4732
40189
64546
83392
56294
66813
15796
35770
19263
87841
37234
99027
64105
74815
80787
84115
85077
32249
77518
81279
73454
8219
15094
84672
64130
94936
70036
8889
46588
71047
10368
94437
69421
75836
85757
81203
94166
4308
38012
91734
61747
78645
21848
62838
32579
7052
60691
40786
96322
64259
95549
40720
1503
60908
28274
51734
10236
41073
77194
62135
5482
8954
79701
86504
12517
57613
93804
41750
69902
30452
87784
60482
70331
68617
18144
99861
14610
61254
83087
40108
19267
30859
46155
38628
22182
97957
32571
16365
96320
31139
25041
31611
23946
76482
26528
21394
54507
67466
86193
24474
96088
98118
83237
49706
17315
63485
78253
48437
43136
8688
70011
57384
40768
98173
62295
46193
59393
27198
91334
54143
37655
71845
6149
7185
78499
46260
5852
25232
94073
7972
89806
38847
41965
1041
10873
76471
621
83385
22322
31513
54782
11216
99176
73482
4587
47024
91951
69774
77270
82613
76392
82309
67408
71172
59099
58455
82405
60533
95219
2973
82169
5162
51737
17798
90836
54855
56326
50157
16766
63350
78722
11989
18831
73085
94078
34458
87842
66876
69071
84004
91523
94576
37015
74454
13806
72529
48586
37046
60523
62717
80895
34606
41707
75424
16374
94149
69946
46327
17835
23479
70736
55043
92941
25094
3512
8700
29219
40001
96149
38045
45171
29140
56101
77012
67982
51745
5029
55417
76660
35602
64436
68000
95642
11862
12778
25607
75958
61397
52972
25494
69243
64735
13052
12559
1251
78071
31294
42692
88398
30034
93306
84975
88681
89683
55989
65419
16297
22125
80500
59850
33307
89998
51809
62577
70559
87128
71423
65129
60045
6216
13528
32671
14158
50554
87133
74473
26730
96485
66896
75434
49184
15629
15523
41320
74908
27247
80013
27681
18626
10673
58110
86827
18495
76859
58958
82377
51765
40700
41273
94658
47175
32843
25457
5907
58155
49461
33716
61696
48862
24108
79113
82083
59839
41133
14065
96145
61318
85134
233
96757
72859
30043
17926
10232
78607
31554
45904
9615
35302
21986
69527
74046
70305
34118
66902
96687
96026
61865
94538
95291
83043
28335
18136
30076
43046
17310
2587
91447
68699
81437
75104
91438
17745
80171
16509
65556
51073
12462
11917
4415
91933
90238
26268
65183
18389
28527
83112
50298
6893
83580
92796
99763
3965
77842
44603
97175
48894
52679
76773
84942
28859
69615
81958
93219
38559
14591
19473
50765
28926
60924
53972
73593
57758
58044
17798
58924
6254
85269
15294
36136
73039
48743
49153
72257
29169
16951
9986
9851
72042
71918
23404
47179
76405
60640
13195
48139
4048
51449
60006
90577
87778
3936
51793
20645
95269
51472
96770
60159
84589
5829
35927
95103
74362
38580
26350
1836
72816
480
38920
24067
12107
53678
33569
12278
68061
92041
26771
20958
71222
8382
60749
95328
80744
96913
65401
62254
97214
22032
39071
67780
25555
79481
40989
59943
60513
12491
7329
49296
87115
65442
22796
78822
30440
13068
25033
76331
77330
59097
90343
21445
30097
53903
38775
36279
15413
80489
65905
96333
44762
84990
16568
93565
75843
34778
51795
27929
71870
71204
2109
58255
51279
3629
28783
60407
19221
83190
84995
3504
3254
20498
55131
33728
415
92756
61486
98349
80057
635
86587
24198
79555
37740
72037
18974
96471
38917
52963
23334
33593
91368
88917
24908
92858
93602
31668
14775
79185
26710
94117
8819
70317
87531
54770
64046
7345
22132
90670
19111
82002
51631
28569
94787
71290
38790
92707
93733
69216
66231
21654
73496
1392
75209
86132
32361
65650
39807
91185
9226
51814
20406
34723
47363
98933
63328
65995
72893
18746
79223
7232
42775
30950
23015
54872
53410
32853
72629
85597
78183
67392
84944
88725
94815
31004
86846
62570
26472
47888
1392
67952
47493
30859
59315
20611
7738
24014
76240
19571
41790
38336
56899
37069
56681
66843
56506
57909
67046
80104
24133
92197
12863
20119
25047
15339
52924
87420
27197
68206
24661
35724
54431
66099
9235
74753
30607
26320
51263
94867
4356
96375
47958
78212
25775
30306
84328
9958
82498
20580
61622
22723
18648
5348
75494
54225
91164
68066
63164
71530
71205
64385
87780
68532
81386
34777
84181
45429
59469
91401
16985
19705
46206
8683
90178
68308
93909
4283
49630
8855
355
29208
75
82494
45824
91186
4220
53277
35858
7527
94749
8887
351
59732
26326
69693
49833
902
22475
87984
93929
21926
86961
11093
68744
56428
48253
74527
69750
9819
97548
20790
28072
95440
50646
35034
96048
93543
32553
10364
54151
3137
28154
92046
1413
52291
25976
72526
66484
37373
34494
1265
35059
93247
96829
96639
93813
32166
31572
98463
41742
11719
92973
7808
84397
70848
52998
22278
89248
27329
79281
28252
56010
62220
15451
99930
91735
70422
34798
84647
99683
51785
33821
44381
70531
67814
86581
93370
47780
13132
20078
70246
97911
92716
77956
60650
44503
46676
1618
31131
1766
11044
88649
32262
25520
90869
24926
79510
45348
99822
91282
24789
60169
70714
30750
77894
26519
53456
57134
38251
10205
1138
78081
41423
32096
86704
6340
4832
8599
89590
26721
42884
19996
1341
41869
79576
32376
25045
82346
87222
94022
84507
61101
88080
85924
1958
49657
75882
75093
37646
72078
40379
28326
60480
67372
79836
18216
99566
21747
94024
64647
25312
52477
52053
14357
4706
34466
21153
89985
15547
21294
74153
70384
43749
98345
16210
48446
58137
83309
24979
70089
72108
89657
38798
73985
58565
80401
98606
22197
90958
26421
9190
38383
25799
41157
76608
20446
88109
19791
91998
62873
63019
81256
23474
37034
18124
62787
83155
97875
60035
18161
37616
83441
81793
32413
66502
27770
17132
82010
28233
81378
94969
50080
67352
91036
94645
77348
7557
34087
93782
89586
66050
97513
3166
53348
64623
95305
59419
83833
32593
26609
45374
89134
37407
25005
55198
14152
77149
24192
78456
67784
25095
66559
14739
17927
96744
49991
87097
95886
47088
9426
35297
8782
35353
73726
50410
51016
91155
84368
46505
50066
5725
70218
50053
54772
94859
71995
54114
7576
66493
85094
82529
98460
47263
74621
61184
53106
49180
68589
85020
49258
70930
37985
60821
62677
44601
99320
38686
61706
37904
98098
8523
53454
15502
84100
39863
62950
18032
27338
64364
39888
17480
3902
75604
21945
59578
91796
78656
58154
60349
63588
78049
37935
22033
61946
3557
4483
33052
89556
11733
8637
6727
65888
33221
11804
69637
97753
82119
44625
74648
14770
45921
94071
59331
47323
21469
52718
47674
80115
13969
5472
19627
12834
53226
69089
46317
41976
83252
18306
47143
86827
26654
29386
98988
24916
53504
56343
33590
76655
55306
13603
98511
71856
98242
88463
82516
65289
60078
21893
9587
88093
31726
73883
32832
66911
50440
78888
64429
19569
6796
58834
74648
42279
32162
33916
66450
5324
3974
66472
28551
84810
83443
95956
56150
51732
50969
72620
47267
78703
86372
27358
35956
23003
49813
2611
43730
73225
21424
32493
1729
37725
78751
5432
88410
86586
94895
23418
9781
13511
94299
75552
78566
82893
80953
41694
63961
17753
11589
40138
34830
73212
78000
43615
48007
26900
74220
27238
36016
2257
62931
58871
47030
8566
96738
45844
30440
42540
67044
38156
76689
2636
21789
17693
52463
86072
80075
33160
78187
87722
9052
50982
79755
5052
42110
2176
25995
29490
43236
21187
40776
82024
98152
13483
93469
23124
98691
97600
70163
13835
98912
97676
80316
55358
88578
52835
67783
62377
25147
93098
41869
80688
92499
1888
10014
48275
19714
74866
82733
76189
5096
23206
18168
85100
98839
84324
78000
86011
60847
38944
66888
71885
66594
89904
38663
48902
10901
81315
33135
46400
28410
27874
2566
13688
80571
28647
51455
74798
34750
4433
61856
16770
94791
38941
70230
63668
47412
82019
91964
74636
39338
34740
58591
20102
28307
72204
28590
50078
53533
10251
12998
83447
79167
76067
91022
89623
91704
95726
46315
3851
27055
18737
41293
39113
31314
87582
4527
22994
84755
20269
65703
85384
15330
14291
45979
35303
83795
45722
36379
88393
98193
31990
54925
6093
75327
70148
97918
4884
73883
95664
16489
77152
55072
62590
37713
83937
24398
83230
85950
94166
18928
497
16340
11046
2930
98085
45042
87933
5621
7818
85984
17632
43743
72161
75875
70811
17552
31326
66172
66879
82339
1149
64944
36792
9768
10579
59120
97281
36164
37927
76437
86049
55196
802
76971
21824
53811
33510
65746
77359
41265
48760
18236
21274
51601
43689
68528
20561
74562
32377
5652
35768
23410
96997
41117
14898
98316
98995
76294
93060
6995
51304
86275
4649
19193
94689
14815
93028
96389
18287
41429
53771
46491
58178
8818
1516
22696
51110
80990
97675
75566
10693
62834
86497
79342
89708
57295
97507
74711
63030
79329
79517
24444
49850
68686
76826
88069
26852
95322
40983
28750
32581
85311
46653
18543
39364
98592
13227
42869
60022
81825
9308
26294
96305
33118
51981
49510
34607
53026
53964
63805
91706
38337
79512
34387
88221
17299
64278
77978
45825
67998
36871
27840
4618
69964
8311
37053
75312
50495
80360
92202
16508
13248
26709
92769
92460
32988
574
2677
89131
72477
783
30180
51460
58665
22694
28809
49468
96623
1784
72032
82500
95915
82157
94596
80904
20213
33920
25498
70519
62735
46621
24839
40548
12150
47
24413
23517
82897
36110
60896
35240
77914
29355
92894
28198
46657
66638
15966
63515
20033
3152
90208
57436
27290
29810
50111
34431
34034
73477
28365
35145
2987
70978
57203
74850
34813
28978
33046
42342
74583
2424
29626
4329
72220
56137
93695
13978
43947
78521
17923
23823
26657
49332
93416
26078
58391
55900
13327
8310
64486
92438
7325
21554
72891
72124
37271
86982
12507
29872
25641
94233
7004
55683
23435
78545
69346
66045
27508
27122
28357
40636
98593
26957
11891
11461
24125
33498
86655
44796
4571
37053
89489
89389
23545
4379
16999
77736
55057
15990
27022
50664
96801
86278
69292
4274
51586
17106
93485
54307
76474
22081
65612
2688
92895
45934
49557
96159
87050
48777
50306
52167
15254
85504
94010
70036
53586
20009
54622
37531
34634
98982
98027
29966
90512
96622
72477
10176
23422
45520
69525
50701
7465
1306
56827
36331
3822
55517
47769
32815
58524
30682
50136
52650
47086
29189
16375
56266
28718
18472
14630
81334
17749
21436
89926
31715
6476
75710
53416
18514
29761
79983
46413
8900
94108
2258
39157
49302
90126
98834
69799
29362
82327
72779
36365
64681
92608
53213
90441
74286
86260
91919
94498
59197
28951
23570
83814
12265
63489
78366
60949
48923
28933
51186
9237
95315
26465
34577
68513
76692
26189
8509
6570
11611
3207
44389
3793
49223
54573
58349
53725
85311
6954
5582
16049
63137
29333
40322
8004
76471
46698
25824
24853
3925
56643
60202
95775
58836
65594
52302
45939
80026
64722
85955
30545
77843
4294
18263
77782
83027
3250
85845
5682
16553
5913
4957
20337
75148
45332
62921
62163
45675
54842
77835
55948
87184
72893
41210
56072
34960
49432
84264
59239
72616
8181
1974
35575
80424
17001
72692
39225
19456
46086
5616
22727
37355
40819
73971
12555
25603
40168
13175
99531
17475
32963
62433
45468
61345
97697
27606
24802
24189
74046
36189
26554
97411
473
43086
78053
45790
18685
22690
91711
26046
86990
58385
22689
2236
74624
13234
20592
93363
66463
11238
28819
59961
2048
61641
77419
37033
78194
54691
38125
74692
19193
471
45593
78004
31618
74429
29078
51555
32800
51477
564
74419
95918
75607
27276
31474
89050
72141
28428
68098
14647
92875
30962
62833
39127
67240
23998
99902
60686
23585
37210
5607
60270
77422
16414
16018
83805
79845
34428
81233
2246
38122
82020
89070
23311
87840
4879
15777
66316
22707
59520
56753
45401
60499
70716
41414
23767
67823
88934
45665
85964
54510
23742
36960
56273
16581
45304
68681
37795
83454
8349
12274
69482
13639
26609
37503
51826
14249
71005
51186
81094
91189
19026
15187
81215
99353
65203
55073
1767
71049
92754
25146
71543
88174
9882
78020
70986
98527
68639
67395
43499
98931
23092
6034
54616
44550
92462
15741
98757
34551
48182
53202
48235
4458
35081
22547
48234
22968
59576
28236
55096
52699
17172
287
85345
41284
52101
52842
85868
53813
25763
37689
76146
31203
12437
20025
74100
41073
9582
49334
75417
74999
46970
70576
73744
77532
17802
94420
40777
63863
27709
223
32878
33190
68805
50847
80487
86538
17041
99383
28540
26528
38708
19718
98430
16564
58637
35733
37751
95864
90995
12038
70999
51470
1079
19920
8582
92010
46762
81081
61887
54427
33041
63928
40618
86342
20291
11116
4596
28234
27561
44440
43239
29254
15844
40580
43913
51830
77794
39891
14702
59344
66542
30007
45914
54326
2474
9144
36445
61454
87388
76456
26720
37468
84615
2868
46117
8125
5802
85493
44302
32815
7241
51011
88975
43439
95423
5619
94828
55389
96713
66566
24876
73749
49221
91504
5726
10727
6274
89114
366
50498
22968
30652
79897
44458
1999
90943
37033
93465
69938
44052
72551
3962
21088
99389
48778
15931
24986
81730
31182
47599
94301
22465
67259
88927
19550
27856
60859
43250
56236
9532
55408
66868
42530
71407
32647
61568
36836
58113
33078
39324
99504
98735
90556
9015
46849
65743
31304
8522
55284
61301
48685
82276
10950
7405
56029
46892
96977
24218
76187
83844
26583
32622
16921
20685
37902
59465
51800
39796
8237
11143
72548
32884
82968
87801
1718
84093
67797
99948
42148
67445
20316
68061
31897
71736
61572
37420
65160
16731
83781
56987
4097
85065
67813
4309
26563
52590
99130
158
27504
91695
28457
31549
51579
43980
80948
83533
80127
87680
77546
21239
21196
87296
82229
29721
90855
81686
90461
26318
56811
69571
70575
9740
85701
70729
93751
77805
71225
65647
69389
86443
60885
59071
99323
96653
30066
93962
52707
34991
89347
49848
3869
2114
89947
98975
15550
25185
52713
49643
96302
83744
8935
70168
48976
63824
16388
31657
39197
58965
75935
14267
52398
89151
736
8389
4271
89208
2945
2310
71240
39313
13826
50075
26986
87946
24349
90714
61559
26754
46012
53742
40084
25561
70340
41518
91322
80610
46264
19492
91171
67760
2576
58206
30465
52431
72009
74827
52392
60608
81869
39228
42424
64569
46831
12038
57229
82992
83910
84031
96683
98119
1494
59635
56183
56399
59081
83075
12393
53436
46010
88261
65759
79797
51513
29854
37839
85591
21196
31594
42532
95383
14098
69681
47078
2566
47648
45256
72564
40670
8093
48569
7921
72882
76809
77957
45589
11491
39578
8027
9379
2744
61716
41063
83688
15186
14183
30213
61612
83110
97897
70945
14910
85584
5602
96003
32066
5367
36371
11775
78368
81537
30407
47058
47853
34412
80360
74915
50870
60690
30095
47312
54771
82351
50303
63185
29540
80787
86080
4164
14075
82613
30621
55697
10922
64561
30588
35536
79124
3041
23917
80326
1512
48239
54484
15127
9120
65554
98588
16774
13494
57227
39839
77071
88260
14125
68062
77568
3867
8954
33217
46372
43712
92631
67445
32209
81677
11943
16434
15651
91521
30913
27886
41181
35173
99590
17327
73948
36418
89645
32316
51675
75007
62475
78171
93470
87678
77052
10576
3581
91197
49109
84911
17538
77594
72713
75928
51608
63935
21136
33573
3752
93854
422
96973
45066
7288
93182
37281
26385
75668
70737
21786
4322
66481
29485
74236
51646
55498
34329
79552
76691
15528
72518
50231
61119
56828
74884
40321
93792
97998
10632
61525
84860
44930
9174
87096
98109
8547
48245
11298
40545
81150
40553
87210
16724
96091
6979
22046
85942
94984
8692
3744
96291
14142
63241
14260
83263
41851
27774
25432
95660
76618
23826
67972
11987
20621
3954
22888
48823
65708
96164
42467
96654
43539
86789
20534
21040
13587
71066
95954
94026
49666
29719
52899
61890
70710
69873
61517
98183
69184
41887
83701
21072
46313
64474
53902
88286
28325
46378
82661
46344
76954
95704
71003
18745
73237
44091
37602
55182
13511
84007
3745
72807
83339
88388
96807
67750
6814
60192
61457
44501
53711
72667
5427
25491
75710
68085
7986
96638
92691
27433
27241
74219
35524
62829
52268
82781
16799
43712
89027
76079
8135
36213
36926
901
25653
21553
51332
552
62306
67361
9651
3383
15290
28144
14474
30770
36889
66293
76729
84894
45188
26933
13440
37156
21013
42464
37845
1062
16118
73353
87984
98539
81126
35763
60913
81649
60872
11873
70586
75274
30474
43940
86912
24255
35383
96854
54519
63907
36387
55002
7580
77480
41873
18529
51424
69101
93866
40318
38257
9971
33425
89783
27256
71071
2575
5636
21836
40141
85688
7750
89146
29580
40593
55567
98877
98859
43863
10975
21340
62320
82147
55151
18336
75354
74162
88244
97611
6503
48110
14195
63253
43701
27727
72446
57392
78714
11718
60614
52609
92804
58598
60899
21369
42204
45064
16000
20991
65920
48969
30526
78294
10658
84606
30745
31448
76277
34510
33746
97408
26874
84886
21796
52882
22692
51243
91474
43179
84463
34793
80547
60826
71159
91280
76336
98967
71762
3808
26897
82683
16336
87160
81448
57042
12834
56298
65386
57656
89217
24762
39514
46336
93977
46934
22269
10689
31989
13292
53659
94137
39285
20034
30913
93600
83088
14058
65546
58906
74823
12859
64480
69277
16272
83538
31343
10057
55089
58838
78002
37715
72718
77678
55977
51478
97948
58080
15606
64259
59772
40262
15607
1443
68297
71512
23195
63381
71807
66708
29967
92866
57319
21373
85125
32968
52437
83345
16847
74301
20283
82128
59096
20585
65816
71732
65199
58268
90148
16769
75201
70017
7493
47637
16191
16969
87484
9622
73412
83550
35330
23054
40542
87854
93250
8813
13975
43593
64628
43987
26383
9230
13763
92264
76022
52610
97086
91956
71248
39328
71432
42639
24347
13496
34144
68239
67539
78676
16270
99531
7076
54123
13848
49967
20529
60930
37745
43281
53499
93269
72761
12388
92343
27596
60234
83772
69318
67282
7943
67351
40137
55172
41908
84185
3139
28211
67292
52538
40746
73811
92648
79607
61202
32359
57449
42485
46418
94449
58988
20657
90692
76123
47510
508
32879
80916
54369
50155
87410
80245
31894
42022
35761
48828
34363
64389
23462
15361
56982
41232
68029
29450
7871
93337
81850
58756
37434
47646
13578
49872
68122
35574
73563
18430
85090
13285
2179
88115
61770
6932
84174
68282
50201
16901
95657
65042
44651
52851
96194
61355
11442
92914
18553
67350
31710
87782
67101
19410
10226
42399
21009
15410
55778
77398
61723
48142
89213
95319
33382
36044
33338
60681
52319
86142
27511
56419
82325
56250
1425
52786
69827
58858
69065
36961
7890
79692
17631
65773
25185
36647
52659
80614
62309
58598
43102
20139
87988
52836
13838
98389
34094
28588
21899
55746
35054
25084
90815
47212
56110
16440
5284
52505
41611
49079
44000
99518
34279
97235
16684
62837
91537
99578
34663
79267
8127
93247
60140
89329
93554
78642
1978
56022
73063
19273
85530
22916
293
18558
67130
68923
2662
18373
12943
83057
10962
9981
95510
94108
68379
68843
90330
69990
53608
94128
91523
57450
24600
49886
3372
81422
519
33513
79359
73025
36836
97075
63775
94356
27308
1935
86107
18181
82532
42787
74787
38278
41519
68119
28699
65963
27386
19621
38845
85260
9271
66817
7630
78953
75917
2231
31297
79287
52797
45154
15931
272
18428
88650
69421
9535
49971
94434
92153
53084
92890
68072
11333
98188
63078
27513
64683
41459
85905
71391
25601
27282
15792
48797
18370
61495
96594
53744
14806
92419
92136
34716
97633
10312
29469
29838
83600
51052
95774
43060
91445
4565
94319
64723
64345
61508
93708
10119
74876
73442
77486
28853
83405
65807
3453
99598
93434
78034
52374
99287
76634
97618
48931
5704
83040
28022
72928
64197
50275
93886
59506
81730
8088
70546
86960
38258
28707
99207
18554
59147
53280
78055
6552
13515
18146
11304
47943
62774
32558
30210
55336
73339
39290
43310
86697
6055
33431
59200
62799
11100
69221
36245
11778
96233
28459
98167
40294
69058
53399
30325
9190
31134
37120
52229
73937
95
63910
84108
38282
71511
74504
67925
21253
55987
52375
2185
56803
17739
389
45994
42549
35419
75914
49881
96441
18583
21624
99885
47508
86410
22974
91587
33069
77269
61278
5133
35582
96410
15328
28275
38972
43379
55064
15406
63675
44608
94485
18762
34160
51657
61426
14865
52633
53965
16785
46259
23539
30286
16352
59636
20131
11067
37917
21445
39737
76924
25374
91390
16349
46002
36689
18180
54076
31200
11072
64827
45120
12626
52107
31313
54135
66813
907
95045
82617
59316
75276
14718
36045
46714
95889
10164
47830
25971
87869
26600
99970
41814
91723
70409
9722
62213
15738
25909
87207
42380
12815
31869
67532
9138
2388
31321
14539
36650
95782
10204
86072
28724
60543
29984
26069
47736
96845
98416
78548
28951
74453
17708
70327
17058
40072
76540
62527
95118
68559
44878
69550
84391
52706
11124
16909
67994
46097
18296
42324
63929
17028
73264
56994
39382
14794
25600
84380
96409
68370
54625
48922
44608
35516
35786
27232
64992
15401
54997
25210
11672
2909
7198
16881
52798
96004
49318
38139
39177
19644
75746
70342
18040
49878
92150
50017
23650
61448
7453
61031
87941
46758
52515
4896
10499
49210
60978
75793
36811
10675
82199
58654
98579
13144
72761
60646
84210
38087
32124
33695
8716
11631
64287
84385
10098
15546
96703
14821
16262
62322
8763
4523
21921
68353
87016
55339
94547
95257
45947
44962
10137
32249
51022
39886
93996
41164
43445
41907
77527
24201
75501
37865
21579
62151
14658
69821
54854
38320
36868
493
28239
51520
95417
71090
55324
20312
97188
36512
9480
96148
89336
80178
43253
90572
28633
4219
80260
43590
83204
7875
25332
30061
24968
10427
50993
28855
30062
4212
80681
93559
89422
49375
51105
56970
18623
41143
71725
45949
93446
45182
5370
8437
75267
22896
85572
83789
36376
83972
77310
52808
82794
47907
20583
95607
18019
53996
70819
54260
3101
67411
79125
73083
10751
87176
92632
22001
45111
31641
26667
53351
2980
38608
52991
56761
334
51957
55778
86150
55626
17081
85954
72205
24378
92195
112
14306
56067
80684
35607
65126
95100
5086
91133
63102
54490
99269
39289
86338
54781
64314
94836
64954
47303
90183
41497
89504
48980
86658
16275
81743
45099
87835
98852
31878
85455
87556
61367
39662
4230
74633
52543
10702
75339
5369
51180
7673
89415
80513
52571
65551
1246
56535
5702
38279
30246
87313
2508
78571
19458
45367
58748
61116
19336
96694
76199
30903
31558
38904
29495
76389
51445
7176
28268
20524
27990
21307
21535
3732
29034
5552
22609
55177
40184
29553
80296
10328
14411
94130
87293
47962
23035
62151
89014
4914
84669
24330
35174
5109
6249
39566
38600
39844
99744
31381
15514
17772
24854
23110
82744
17225
69604
12822
70082
64038
99203
43785
93307
22533
55531
16475
45899
68849
69003
81275
12450
28604
7522
68343
32061
47795
84640
16477
74851
9821
56198
46715
37621
29286
81102
18796
70729
48541
69562
2836
61459
15756
3411
130
85231
92786
31492
52497
31191
38465
73912
2931
11723
18884
45536
64703
7559
90222
91361
71777
77668
1115
26894
44889
11594
49603
71452
3653
11920
15238
89677
12532
15544
29539
87480
85947
73417
96987
11969
68211
35580
1216
92834
41803
80687
32127
62524
62302
88543
24022
19508
4399
59401
79510
27303
95753
21981
63275
74345
30591
45324
36264
27910
90947
57029
12289
72254
93929
33874
14585
2981
38874
46402
35641
84665
36532
49983
99874
56448
4834
93527
23018
96674
52819
6267
23978
98880
49656
40479
55288
12430
36872
46226
72761
92071
93679
22051
94759
30094
71246
13595
81411
89321
87201
19687
73199
44735
19038
77646
7496
6434
74375
58042
65347
84830
93495
98324
13001
75453
41661
72590
53905
14647
91687
12014
86006
43486
20860
69967
91852
21749
11347
98514
81472
15388
18344
35277
19297
90775
71784
40361
90289
63764
70047
31120
49717
18946
51908
35968
33776
28070
81684
49689
56708
86592
5566
71929
32134
92763
31202
87438
2514
67882
48656
67285
33739
35740
74780
97586
85053
56794
94949
88344
7053
41220
80089
518
60024
90853
7903
54013
6645
88040
69977
56051
54669
57971
88841
40167
2672
92258
73339
81746
7482
84019
9236
38025
43244
44434
86872
55106
26992
75013
75560
28583
62478
9824
36419
61349
11811
90719
10910
24920
61703
87704
74028
73086
73033
29893
44024
57985
63716
68896
4754
187
21109
59036
1443
71437
75997
71914
48570
49334
5930
64042
92310
90436
1770
2235
43643
44738
75978
7061
58816
46440
5300
56518
77037
63420
97288
91542
16435
44941
23486
29404
44835
83207
66105
66399
7553
47960
75360
17315
84443
51444
70226
72228
89911
17668
36700
8006
29853
45874
45871
70135
53944
24503
56630
92257
27595
39649
76364
72697
48417
14303
84760
89793
87020
13455
2240
53648
37117
62987
20803
43961
67552
34305
18191
78339
27758
43800
67578
94899
85778
24379
9011
96766
78093
94931
76628
98978
56557
50304
78066
76658
33084
58049
77620
49699
55499
61926
86039
38845
29091
17223
30793
42173
3370
50533
85290
5416
54409
42197
35969
26034
90448
29977
30750
22988
53866
77227
95043
27672
97362
62496
70566
7051
47268
34216
81615
59429
24720
40325
90536
81775
65696
89596
8443
81726
69158
86850
88573
25058
58546
71961
64085
27469
13785
52685
46065
85289
94023
92619
62311
89649
81498
14323
58694
58362
91089
38451
87402
26343
96457
5736
29526
53779
85481
21735
57067
37243
57776
57134
17733
13015
40699
47897
54957
84101
40363
18867
58490
96498
72548
66091
37798
96847
50555
9677
33083
77289
34674
32728
16797
76584
38456
79658
36783
30289
32043
29796
56785
66096
10748
45654
1397
38408
82668
98314
55294
64969
2822
6101
71919
35538
41281
90663
48220
35567
80644
43690
71157
60441
51705
47998
61642
25430
26431
38161
39579
2820
68975
37254
97586
34233
27430
21530
22783
59079
12395
92164
18731
20998
18321
22894
51634
59924
36469
25306
56583
21274
50212
76584
18735
54889
65517
6130
73461
40650
40110
11570
95255
90139
4205
27396
71861
40337
14331
72017
92541
17146
97792
32194
53112
76697
37083
84506
36072
84483
85216
33986
4225
12702
68865
3511
45271
33979
74133
14068
9731
15452
30657
48158
5139
7995
97112
41695
21642
82933
12672
83344
54553
35220
32352
21857
33686
71776
43056
40794
89056
91996
13578
90831
67147
91127
51728
83790
98920
74219
10836
75878
47291
72363
46989
8159
94964
86800
73348
91714
41317
50290
9836
1532
14116
98522
46556
3136
30396
70357
10246
72445
80272
91420
79963
91999
151
99849
50182
88055
76022
5593
65064
39338
60820
28841
2102
63808
84062
83267
1085
93934
10617
67912
69296
49004
74868
38004
60567
60508
80940
3253
36942
78034
73988
2652
14578
66720
53837
3066
48426
50143
68055
81037
47302
56948
53159
91316
53999
27218
57352
48762
88374
99286
17420
64263
61354
48633
80720
62132
54876
10993
93070