20298
80961
56733
44217
26904
8463
26716
94803
32520
57542
75473
74572
76561
93956
80424
52800
92414
12652
29001
51165
11587
14367
29706
90389
3995
53794
69657
89154
84086
858
7962
51974
57934
46294
63633
22291
43212
41859
46974
71811
90559
59505
86894
55480
9322
69727
77248
963
14101
53852
53247
6865
67825
35165
55094
20128
13656
90646
19459
80318
63683
5055
81211
55717
56213
36428
13400
46003
85534
27840
59634
51029
54331
41787
68339
21597
79476
7667
14048
23911
35771
48629
81453
48883
30124
78826
81915
36925
52475
9273
96190
20951
82910
95613
69889
99771
42693
5271
65497
19174
66474
78805
23850
64597
6231
31276
55589
92072
42092
87975
90336
12279
30078
13593
35059
48377
15965
51014
93673
99242
96569
77284
98566
91495
32168
43735
69794
20443
1594
53271
25235
36730
99457
92196
34457
17714
89360
36435
28339
59093
40481
10015
9350
33448
78658
17721
79716
3117
91520
22826
46055
66182
68780
76432
29430
44612
99163
77029
62737
39839
20529
39401
66988
35110
11656
78042
46712
25644
59507
86807
97600
21665
16701
34238
39178
97169
68555
30724
72135
70439
42653
63434
48241
78713
66105
18569
9474
80487
43787
44388
20008
31357
66015
22846
94587
81771
5763
33011
39238
33716
9437
14810
49033
67403
17934
86037
26977
33896
70669
21623
79088
67509
17351
86667
22603
99319
51012
76805
44823
19422
41990
17850
64309
989
25680
21994
44780
45886
40987
13529
59637
4445
55303
75060
23797
54621
70646
6511
15091
56182
96089
37321
33682
12333
97934
49957
59561
9757
60114
320
69382
1580
98793
68550
51708
87740
4491
51234
5432
79929
16976
98296
18922
55002
51851
24452
51299
50602
47315
13779
33686
73781
33096
78597
36507
57162
99977
40468
94522
56649
53887
34513
66573
90475
55110
5322
12086
31195
549
95845
44981
512
70705
56194
9559
30614
35826
24006
67819
60699
36257
52605
6737
32553
36886
68462
64636
90980
59949
54747
53710
88229
5720
49145
47421
67296
73432
40576
13812
29184
47496
61401
89897
92031
8400
70188
30087
91894
71384
50847
12977
93897
96622
98260
90751
75970
39082
87650
13573
47633
38532
91921
14836
54021
17996
36090
85516
94296
85795
26698
87709
14167
57694
483
87344
25423
64078
12169
44861
92271
47648
24494
62034
70804
31868
18852
59624
22641
24601
531
68725
42081
75961
33664
55741
79214
72228
96476
24759
78515
80648
81573
54688
99241
51695
84673
37531
62651
57336
78641
26167
50950
39705
70903
54483
99214
53077
78589
5723
98
91095
1115
67309
79295
27226
27081
44870
69742
65901
19057
57630
47553
92228
22142
48254
88289
30262
30077
63858
59715
67421
70449
22196
25707
86773
95437
4034
58389
92486
17190
22380
30466
92213
59517
23968
44061
31560
17900
79669
89655
43220
98435
34178
59929
44834
37099
48056
68567
35141
52646
68693
57825
75596
82833
38228
92706
72639
41680
7251
7824
1053
34653
33792
56183
66947
95952
28806
92950
8332
62565
14590
41185
16389
45417
99390
56757
97893
58319
40857
88989
98726
14856
92675
61106
72315
48686
89064
23777
58338
55917
40919
99654
30252
80478
9938
37140
27483
88043
21292
82266
4680
1540
75951
50550
36324
49421
58551
98673
78663
62422
45856
29270
74822
40883
76243
83734
102
95105
28499
80109
23639
82624
12193
21735
55400
70359
29509
10999
2030
96894
66313
42361
90041
50593
35019
6393
13983
95462
2935
35343
633
15071
50041
15953
20251
80803
60189
48365
58572
77421
21984
15242
55262
53391
40852
91115
8612
61297
26408
34752
69848
42081
78092
32743
15025
54790
8371
61989
42138
5519
37926
18324
41568
55302
84269
2763
71149
32248
7887
42386
71917
84742
81412
8301
6267
74052
43043
77351
71743
78849
925
79583
4503
54258
54837
39760
91985
48589
7194
33160
37491
5884
43512
79270
55487
40673
96751
59296
81148
82159
71915
72642
76637
79517
78963
65242
82570
47851
62703
48957
85948
38763
7078
64228
14287
3028
77409
87009
31474
32450
87692
91035
17564
56402
41669
59463
14337
14690
58774
19093
22845
96406
82172
24870
10341
49556
90461
66992
887
67395
76222
35919
22925
519
15128
70281
76013
36281
48608
12026
29228
68625
88670
21151
41645
93154
81652
38439
79879
2217
88665
96229
99449
42751
6644
19661
28000
75356
44153
74378
223
42376
120
90556
96059
85254
10737
33893
94471
61799
88822
3448
93490
25292
7600
26660
31369
30506
78001
77654
2492
85362
75814
29314
32531
59684
28630
81037
8351
93615
74729
76126
57395
72584
3210
56469
41016
12606
31
67610
55109
72863
6711
61264
80690
51895
14573
44239
56129
49386
15284
33805
71224
73546
39910
8090
4128
29847
13558
75358
41809
54714
22515
59236
6396
932
1384
47088
50995
74486
77645
42063
35257
11424
23895
2621
87372
41047
52610
84982
35302
99104
8463
42287
28989
72639
22968
6053
56674
48374
16834
20846
67158
3158
54956
28832
81100
50061
36428
42970
92881
43716
13971
84697
61177
50489
16409
24941
76503
67532
77611
29307
74607
32603
4275
61939
69520
25944
65866
22681
29127
60048
660
29066
24115
5303
11111
74443
33476
21919
8636
50600
6299
78235
36700
52244
37591
23468
13793
97825
69834
77462
88469
3025
4521
42288
83586
93975
69246
90290
93004
91248
77745
17268
26879
12448
40863
94900
31657
72853
88747
77387
74093
46024
79271
25502
43564
60191
44672
58191
11769
83335
33400
71465
6878
48179
27973
55203
47117
27614
95083
55772
13841
17881
99600
74014
46646
89775
72510
66226
50029
98249
60115
9757
72926
71249
95665
75085
47470
30874
67151
38691
71040
3588
19239
76990
44066
72812
30190
15943
11168
43819
12789
700
41142
105
97461
4655
56002
95724
78798
87952
21221
62880
53703
67339
8198
80430
72505
42492
97780
40816
42220
73602
7107
39383
87730
63150
20627
55818
74773
34870
2199
49894
63586
57756
97040
65548
68762
33828
46480
65751
36253
11328
62036
17332
63296
31379
80660
43954
96419
58666
19553
15045
21448
54941
29084
44749
3609
6085
59725
42207
13663
1392
74407
52232
78613
1391
47785
48218
34230
32942
26086
13111
9142
89197
23698
79738
59392
71525
32689
86533
18559
50795
50831
97870
26429
18874
89108
18922
20165
11691
98880
79019
56139
23237
84298
62834
8644
42483
14434
27882
9491
90285
56009
68689
91234
85813
56909
10791
32570
87891
9422
52334
1133
4690
73511
63557
80810
21045
77475
97409
83521
14446
89865
28469
92473
84369
90451
39020
34459
44118
32389
59682
53616
20202
41976
83634
10145
11029
52198
40699
7760
22806
28199
36261
40742
97699
51593
60477
84572
52986
1090
19336
81410
27545
84137
15641
18538
76748
54801
40044
94044
66197
37854
93603
21679
27658
23045
93172
14146
62865
50968
76293
19484
44202
4216
11594
35380
25633
24614
8241
40568
41738
93463
80287
9053
60355
84183
32314
44662
9260
25163
16789
40117
69387
22126
22140
55037
37459
87279
70920
6760
22913
83840
63847
99799
89570
21162
24307
72675
19609
75823
32030
75093
99166
11007
76191
23861
10023
58445
89615
52046
57639
38276
12161
82521
74703
15644
46520
22333
575
49153
39280
89043
80433
52763
82346
43169
65328
27140
8159
86171
59888
60623
39969
82318
77382
44816
60597
52349
85765
27386
78143
22686
52744
96959
32391
46720
4371
86070
65185
53945
58338
23906
20794
73779
43074
28578
72553
22971
92517
18545
18302
89697
86641
43160
81673
80154
32711
20384
69963
22233
61734
77861
54247
45624
3855
26117
59640
1761
29033
24825
61032
1858
65124
26989
49796
40212
68622
55226
33194
77392
38813
88533
8399
36824
5742
74681
63294
97705
58861
49296
95442
29016
80208
44265
50063
94637
96490
58758
63062
44149
2335
76905
6727
36447
39463
46087
6980
80898
64935
95605
77148
26747
18807
37445
69776
63091
66527
63273
1777
45223
80276
50078
79945
78658
97941
69401
61955
14901
30862
23179
67677
46477
52641
92973
13905
79480
94680
36352
12393
53472
91017
62987
51288
25758
66824
13478
71053
18506
23527
62030
25238
98524
18302
31715
84748
79285
79706
49664
16967
89129
72029
18756
96795
13913
33608
92548
858
78985
61849
76282
10605
24038
70712
17674
34609
30313
75388
6583
35116
63098
46014
90254
80555
4157
42575
60332
390
35409
98222
28882
54182
89263
2054
57757
57517
73889
25566
15636
80575
56501
71875
86238
69356
70403
58520
57659
63264
38431
65380
6487
69168
2126
23864
57556
5963
74637
99683
45578
45948
73065
54018
68464
24051
46750
26902
41688
97879
81858
76604
27782
17707
75707
65749
29251
97271
62378
17548
40243
66336
10899
977
73857
94461
79959
882
65108
27755
57064
26079
44635
31789
59784
25023
28676
57391
80041
36999
27786
6993
32461
27873
94523
75018
67337
77887
47615
87038
9611
9035
9156
73965
336
9690
49882
98286
63293
901
42113
35477
23714
41647
79821
87966
67288
75040
38499
89290
40399
80585
60219
81651
93733
83553
9172
15625
73384
55044
69116
1859
79087
7720
59918
34007
27595
68375
76875
33116
26562
27023
39466
65057
87231
32412
18432
34243
6073
63314
76110
69087
81121
41667
94775
88896
25642
46267
83247
23710
22715
72900
50859
13907
28053
2515
10671
8754
22983
44166
26134
50938
9128
54437
60831
70218
31577
71649
23406
22582
244
43911
12748
56403
47396
32385
31942
26910
50168
35952
74336
23925
71885
1291
19820
93616
58824
73428
39065
61215
65805
51044
17456
35182
80440
89971
82444
23054
61652
50701
90293
76176
4018
36094
73562
44986
37149
47140
24983
84974
67904
29287
51367
44118
62795
70660
74869
11763
58382
43229
74368
52902
3027
15918
93920
28381
74910
37170
45467
25383
91931
74330
2522
19386
77218
45354
97316
46252
66560
83776
98968
2670
20954
51846
62380
58030
2157
81618
38577
29345
87847
43596
97031
48325
59402
10884
79274
54761
59512
35680
12335
29550
19422
53185
9121
37308
85628
17734
152
25427
54555
58765
81063
21336
4193
68172
20879
30221
36961
3118
62816
92044
72863
92311
49107
19772
69460
80476
24452
23415
91218
14896
39482
20901
68775
6981
81479
65858
71889
96424
68823
33689
80175
97672
10982
4783
4502
98089
30038
69360
72263
19192
8206
74226
5025
26757
66498
63093
31923
82895
10892
6625
91025
90399
18827
70079
6594
37426
43965
79174
82472
69122
78049
86097
9201
43991
23508
69362
62926
63321
35887
60646
35299
24404
20872
8815
1315
94996
30620
27752
41079
71856
90894
96154
50992
25907
9838
96315
2023
60465
25657
42691
67673
72150
65007
10505
12436
8531
56323
25000
80061
23967
86715
1323
44840
37475
50365
3304
24984
29454
85391
87662
66981
996
75176
721
88439
92380
55525
17036
10483
60831
57824
27004
27953
17353
86285
31682
38742
81326
17829
58888
59235
73353
64476
88322
32828
60985
74266
8568
99228
51577
77375
40291
93370
11030
28686
15101
64797
99616
55912
54040
6633
24642
70938
93571
14674
12914
8015
35784
81259
95384
57407
240
12905
68140
78686
49997
44091
70502
84691
60836
11199
23093
75057
25467
68862
43281
15132
38316
97448
90881
64201
40442
80533
20328
13072
82980
31913
86929
45335
64260
98758
50091
31554
81426
74770
45742
70873
52473
56031
82254
92678
98360
84045
87851
53851
75658
41819
26249
54787
58875
25797
79179
1318
63265
2377
8215
1601
83620
4178
54433
59829
22170
81828
54540
40115
89283
13502
36521
16988
44923
53302
75194
86049
39250
15602
70128
8476
27998
83648
45203
95236
3439
44242
36036
64046
28391
7030
60946
90673
30743
81889
30284
93084
5897
24718
58704
85527
25160
50200
90093
72860
64650
48792
54227
55276
54623
13337
93617
80191
19276
27044
71268
45282
82538
18118
59683
96265
54042
37485
65312
10484
24900
44522
9242
96178
78629
34325
98450
1281
68325
23912
27287
4462
24593
4280
48840
53720
66156
44151
32399
69685
23615
73180
92109
85189
69537
55133
38746
25105
82921
89564
789
78464
41901
60605
75027
92442
8945
95346
99527
90982
50910
83526
6493
55387
95961
28374
59596
43176
24112
90366
97716
78189
79439
26216
72842
84402
50838
16065
60573
74700
77664
60616
17092
46151
40922
14522
40827
83948
3283
459
73315
58314
89162
31937
52055
4093
18896
32239
55360
94112
98625
55964
88237
94245
62435
28160
75604
51324
12182
73967
72825
40657
58620
58710
53902
66918
86682
97483
84098
11123
55356
29236
53516
17559
65156
4909
99280
48357
42091
1148
6325
31920
39993
77297
33898
8287
85498
47904
69095
31078
38912
83300
52485
42207
97309
1414
66463
68512
61957
69219
2937
19400
6849
80510
56310
19542
10404
47002
80871
91957
37753
66922
20008
37863
55294
77476
82743
97441
99127
83804
69363
58606
88095
80299
19109
31174
12235
3675
47926
66944
77013
42313
57047
65343
97105
82407
81150
10100
44294
90089
41353
51842
62657
73314
24557
75198
39325
85525
62819
67690
5174
9886
72856
54904
19267
21025
97805
66592
18361
77186
32677
93504
80175
5109
55885
83165
73685
24583
96882
56849
42849
12139
92175
92766
21680
37882
29431
40872
89233
14974
38802
60268
8857
11634
40779
42485
60072
5538
36406
27430
27373
85570
9
31555
10590
89289
39144
56032
36353
2327
69315
40937
9519
61924
74322
31884
22817
92671
72280
48062
5876
15278
28972
71335
75782
58017
48930
96762
38630
11498
80226
20303
8966
50437
87809
11628
59826
70504
49012
47179
31330
37604
34233
16366
46019
95930
98471
95574
63369
19915
21904
93919
93483
82959
65728
73619
36354
52549
34716
91209
86393
56537
89707
15516
50323
23389
70946
72549
57251
75100
16161
30560
14154
61253
37163
4989
66651
25148
72243
49473
78514
18529
86027
41245
32130
2045
75862
59376
9284
50038
71828
3389
28603
1671
8057
90642
94254
19
67197
2872
73910
95201
79062
18409
62151
78695
96394
32682
33496
25385
31789
3295
22422
24010
44148
99892
87704
77543
83842
87455
24432
28116
30123
72893
86356
31523
46972
51377
70822
67538
1577
11438
48127
67265
15762
71280
47885
2110
59936
3673
5042
4520
56785
39405
46672
29689
80463
96770
34831
80599
81989
69844
25401
81413
17664
3981
78647
53725
56782
93166
79658
29097
25490
4742
53655
76623
79328
36685
89634
51330
52382
75808
57384
42782
81744
81664
21571
59556
80261
74877
35074
26021
75903
13471
96397
89311
71817
85189
16979
58536
77379
51574
26802
79899
91693
89897
81486
20831
9934
72820
14126
13230
38000
36093
57514
98275
29315
6402
81576
56983
71524
8571
39988
53498
56860
15413
36209
39736
35136
41416
69813
82557
19503
39660
26083
22785
86445
77464
84199
75780
95322
1479
69335
66847
26542
41964
61491
97267
59166
59822
45797
91474
78094
91475
83328
53636
88393
68123
43801
3887
82947
57973
92047
97696
68412
12118
3037
7162
40897
74815
14261
91538
1275
49375
89452
41414
14049
22878
52714
53992
27717
65392
13258
24495
44727
93138
51750
7448
96347
97311
5422
47463
32508
82360
77999
48263
91626
95583
40997
87121
42476
93720
67285
40668
35289
11205
50697
44660
84611
59518
96980
72877
15547
74914
99095
31073
80925
71866
15906
95532
73390
52096
43623
79075
6144
51864
40450
96497
57322
56435
13922
24490
99837
39162
8368
94539
34089
88627
52288
18789
14604
96672
37321
42259
48489
4730
34553
58819
16891
63190
18746
27468
20005
68672
78702
86883
43268
51428
29771
65633
47008
61895
26161
37731
77852
48187
24689
91919
90597
92525
77705
61094
99025
45067
51285
81714
3695
52050
67041
7975
398
21184
6645
33187
49908
55793
78078
2879
77403
20417
13495
41125
74063
64039
77280
81762
55509
24201
64646
86537
81122
84641
83972
9943
24045
52971
67671
35743
60412
4092
26314
12965
42024
2128
1493
69388
20245
12513
31924
96311
65984
39314
42532
6220
15161
61828
67594
24121
46009
55141
88528
60509
73069
52740
83364
94170
86545
53670
23606
93217
40474
20954
43171
10273
87001
53286
56317
18290
91605
54865
34983
26428
10156
78654
25364
3910
35722
80166
92376
25899
82906
95543
70319
38571
47515
54412
59416
31672
21074
46301
47996
4077
41443
53364
63859
87852
43199
20594
45314
13935
97582
31229
35563
90247
67101
27056
72813
53089
82338
61890
27361
27716
29169
5504
83796
6227
45151
85758
33739
17264
86063
33152
62934
8411
98317
76854
1709
51209
29202
38924
7904
66963
75420
64576
63932
33633
57933
59520
34728
96890
89606
78241
19160
93767
63232
71783
48662
3865
46126
25287
78628
29545
83139
61830
92551
87255
77684
20338
32103
50554
89470
843
56015
35250
8626
99168
91494
30979
1837
87296
6646
53500
58194
9724
93534
15946
31199
46144
84852
10590
93103
94095
39543
91577
75564
97702
4685
70537
57518
28265
27143
87825
6774
67397
96920
66346
74247
2756
17426
40621
26575
17575
61803
61470
32810
17154
81385
37017
34855
53281
58569
12439
6181
38174
50619
18460
95414
33033
85973
26215
15330
67004
6349
25808
13490
90362
43965
39159
27483
33575
27653
49646
93921
27379
97474
24996
98469
2448
81578
53757
53824
5811
88624
80191
34022
95762
79104
32359
91766
38454
59434
69578
71927
72376
41516
71809
79739
77778
49335
45890
30601
34262
9024
30789
84575
18192
69516
84788
6430
74467
90106
96286
78772
90928
2007
62129
48839
76181
14963
31107
45094
52880
821
36230
40965
83279
37646
96520
49006
78731
9107
97984
42305
46866
20404
14680
5254
24618
75203
42050
93413
12691
97014
12870
28375
63138
57710
64169
44660
78290
84000
66877
44657
28239
56886
69468
14617
25879
58141
87407
20214
31724
51925
29861
49396
93809
18642
40662
69984
61169
93744
64959
49275
52009
70684
44678
66866
57385
41819
31817
40194
29285
92922
97118
45470
65223
11834
39140
34395
61259
96266
92650
11843
12606
48537
24660
78743
31687
81297
5400
43582
79668
90598
96904
88644
35105
82914
24297
87375
32720
22256
36394
85876
31719
51130
20685
41434
25851
8672
21511
25935
92318
35119
78005
45622
53909
65357
83719
62330
78237
16927
67458
41172
11575
74137
62618
53196
31937
58208
85469
86351
54202
43165
43701
23616
66151
68382
43766
9395
53776
5034
15941
49505
94433
23915
43950
70977
49735
90116
33072
29471
3493
72324
48806
75764
58529
81946
24631
42069
20869
19215
35677
94178
66870
23449
95405
57895
12549
28512
26039
74727
3334
22429
25701
15022
78481
44434
15961
11057
28842
51294
94767
31232
53234
72285
73974
61917
14111
66140
38545
23152
5285
42388
78238
86313
14182
94357
59884
25001
31176
84162
69926
81242
12299
18566
12038
85647
44724
34032
85886
81639
63589
60767
57337
87540
31403
99199
31644
18560
95808
78745
73015
54668
70319
39562
58709
18463
45594
31828
16880
88132
87882
5173
93257
71689
2104
89440
37641
98890
65166
35061
25489
80110
70698
60066
95065
14462
79418
16078
9383
12159
58491
14430
95666
85565
65451
53547
35843
79411
22276
97869
30588
73587
93850
34100
83279
35854
5580
96024
11393
60980
25150
93708
40850
45679
25301
94477
92724
63695
48821
84638
64562
51008
21517
78506
34327
24713
54662
76248
87881
25518
9811
27343
84764
10424
6095
6966
88002
70510
67016
14697
3755
45990
95151
4408
83687
61867
68998
84661
24075
41580
73134
48292
36513
29631
39607
94573
11249
10947
11728
1245
33157
50799
17451
67414
65497
23822
76687
66597
22702
57601
5016
95256
7876
87126
21877
29011
42640
12287
34224
176
89420
95762
20115
29194
38685
32970
49172
9121
29171
77524
78428
7841
20140
69634
87526
72597
64726
66156
29430
25227
93380
5979
5827
99826
86371
89201
27839
74969
27512
33758
84143
38708
92206
94607
12973
65420
68182
53493
36226
34356
55669
67643
96390
7957
39588
17737
74918
51418
96400
73620
2417
13489
10721
87526
42386
60580
3083
69436
43125
8603
98514
17190
52565
76670
25183
57423
70669
87486
49405
91908
73824
60471
53714
94604
61847
16611
7145
26834
5652
15104
46423
97781
5867
33027
12966
31692
25750
24395
96162
38463
95582
98456
25340
53930
43161
44558
53228
62736
96981
20101
56851
27446
78137
10738
51560
84188
44648
29943
98935
26099
58775
77441
61686
51405
78942
2335
83243
9866
21421
19586
10715
23999
59254
35915
93132
86901
51229
74415
9195
93881
92882
82167
38450
16890
31541
63483
91839
40406
66517
62413
53843
6765
86490
28300
34935
83432
14077
94410
12861
47513
68395
69530
92628
98922
84529
36978
99901
81421
12353
13665
11199
68065
96361
53878
95753
22252
47453
13331
87741
52588
7608
84926
50426
17893
72209
60359
36039
12459
79306
57617
10713
82917
57400
42465
88458
45686
26450
14244
88755
89730
75210
13144
77007
74853
32912
21315
80969
86316
74066
29252
50671
40819
53734
49160
28915
9855
36565
37059
75322
35769
884
84868
20575
43561
50885
67805
91681
75975
80241
26474
64168
34638
62911
96734
81858
31836
35151
52996
96912
40235
51075
35352
64580
48634
59998
10712
45919
44354
61242
6960
17307
9747
48952
51765
12802
64706
75658
54131
79927
16483
71190
72992
72594
51776
40850
8037
75063
89477
96064
89535
18149
45273
87459
31105
97649
33692
54680
75518
47653
27611
11866
29157
89554
34679
36855
16864
82306
17403
30757
36594
97773
98777
3909
84270
90173
10129
27084
4922
97584
71288
52914
32182
70681
69158
20172
49909
18163
56553
51475
20497
99231
7985
41052
44779
35736
14611
91192
26658
73164
40095
94129
83442
42868
8770
58681
29802
55355
5346
92855
92412
60327
62361
40172
56872
82051
28004
3588
22746
1603
75585
8800
66030
54445
78218
96772
68255
74232
91942
33837
83636
91509
10942
16480
50873
17854
70069
52137
47864
20535
99545
53783
10942
63837
88676
38089
15306
18667
32779
58316
87773
88455
12719
88232
20468
4398
3272
65316
49179
28678
72854
22528
96856
99721
90099
36459
72483
62791
26547
75592
27888
87995
96061
28607
7723
52862
86590
10889
47600
36077
83293
95101
93466
84518
65757
87238
14620
97723
80916
38227
42758
93190
26583
56413
85838
81248
86486
30692
34078
87260
34935
18087
84838
561
97509
1268
60861
39728
21982
50273
76033
61074
73858
64991
38592
72405
61171
22975
36294
24804
82823
26562
69512
11764
71852
52297
41927
46591
58065
12256
11962
37658
37575
99612
16789
38079
64070
11747
94415
83366
59659
82420
65290
18287
43964
89322
6837
28272
7870
10349
83440
13175
51050
1931
85149
86456
95878
23056
52011
81715
1468
38657
9495
93054
21208
89620
11832
94786
57906
32983
11551
39049
94137
23097
69729
71910
25156
98328
48036
95011
2364
98319
28408
37353
296
12999
79477
47121
66939
2440
27283
56207
76136
25395
64485
69872
94712
43836
32915
20594
96691
62584
31927
58462
8161
15792
12522
31519
30005
76849
1017
82220
55736
48990
79642
28935
76754
7755
49155
17269
66158
51659
21616
70422
61079
34035
85301
67934
81681
35509
85699
52827
56016
59252
96570
18072
58443
79129
64749
33124
87405
60929
87720
49914
47788
54139
35166
58628
77869
16036
38183
96361
7023
81488
19932
48740
29299
63716
33275
73373
48996
24691
1891
20787
55700
11487
68081
5008
88230
58266
18738
32293
73836
17331
41746
19072
19034
30363
18560
33006
99939
22824
27914
78916
67035
47234
24522
99892
81116
78954
29973
1242
12787
3643
59165
11994
78745
78333
12418
93323
63816
77797
32459
5328
7455
36322
67728
52292
70795
38254
21990
65097
39438
81460
68756
53082
5497
55671
38747
12855
39579
79257
19246
36106
3243
81184
6139
2570
54175
76818
37125
39783
96274
72473
66809
33876
37524
11197
51083
65341
7717
69075
22868
51350
12270
37052
67441
20387
72706
13693
66785
81804
19467
76361
1559
53940
60469
8511
68426
85134
43246
86665
9192
81284
19727
36286
91879
45979
83684
84816
83786
78998
60613
22001
60278
94437
16683
76792
48156
76817
3914
94805
45131
33273
91315
23668
27549
23849
47099
16747
70545
49366
94803
72241
17349
31434
46845
93865
92695
26281
23431
44259
63471
13364
94163
18374
77586
51893
37287
42682
23453
4168
14490
35588
39486
47198
17012
3094
20632
14700
5593
24847
57842
56794
34026
99800
85015
13006
94087
57499
65432
76012
33525
98666
47203
2765
23910
95486
75603
13307
94438
79856
73208
84545
25594
29220
49413
19635
54103
99068
73456
10370
73846
41228
70978
3034
86479
22004
36812
85030
25703
31945
84666
17339
83777
4674
48869
26385
56285
33134
66593
29502
80953
42666
32225
41126
81854
38733
50244
70382
83892
96889
76293
8615
69741
39913
18716
7415
68863
60680
81278
97324
7999
356
25113
5364
34108
41106
43618
74329
78557
79095
50865
48829
12389
30117
19705
82419
66387
48322
94958
69642
20919
66325
1950
78215
4860
64012
51730
43760
53681
55249
54443
89274
60536
31690
51547
49129
11833
40886
51497
94902
92011
19932
7859
31437
88749
51357
6982
87406
3374
39961
69240
59303
48387
82065
16922
75131
91235
38104
88509
90989
96728
33128
73527
87200
25596
43525
99794
99940
91154
76841
37455
97288
29964
44580
4583
81117
56263
6372
65208
69561
39910
32869
36443
25538
91463
53398
77751
98685
73106
3714
85852
23789
93132
76820
80161
58154
25663
48845
36783
51954
63389
46788
28481
59038
47653
55200
49431
39351
47386
32942
12407
73682
58925
6298
33446
91412
40212
64966
89504
51040
13334
25221
37435
69524
33514
50124
29903
41843
66142
66261
22548
20991
48709
87541
83835
5651
34998
42551
66324
37236
43036
72702
63225
64704
24847
43142
32828
78372
62186
46820
19310
77354
71488
39530
63821
76423
66495
76246
80942
22492
71017
26806
52484
55806
21818
21067
31742
93547
2507
71047
68596
56361
80844
96039
73804
3348
31063
998
5623
16891
21826
63364
23414
13198
79982
14215
46538
96846
1608
44743
41696
72999
29063
74575
61993
37144
31170
43324
997
62531
43753
87309
12840
74639
23178
35507
31838
338
28
30987
62528
42247
81535
29920
33057
50817
8733
64216
43276
83633
2987
69489
49118
75603
82385
785
49030
86226
54702
63793
59993
32440
10366
51324
47847
9069
42132
10380
40420
59194
36606
15273
80042
42275
52088
59923
56647
93508
63410
31937
63875
81295
15937
52853
31969
10118
10352
25090
17360
32362
32463
29121
4924
66236
52171
60630
24331
90435
75450
99107
7980
96261
53418
68264
3584
84355
42987
87285
14718
98595
77244
13812
1552
48835
34751
45532
16858
68199
8735
50931
81281
79121
22202
99427
8243
43419
67209
53178
58673
82625
90533
30308
28539
8117
22801
13897
34430
28911
50000
47480
42558
68013
6157
62933
41771
45904
20645
46382
34256
51906
22344
71971
26376
92895
10498
72034
80389
20259
18173
40933
60284
81218
72320
37976
66445
82075
16893
15290
90213
56950
40049
96233
33053
56974
29917
95137
5572
80534
18532
84910
8304
94732
154
48736
17902
78332
56884
88018
84516
87498
10199
16242
32099
86772
77041
37545
8990
22274
38964
32090
10295
6805
47938
47202
1385
82927
70718
20516
78139
47103
98377
66247
48497
35772
10014
59787
33206
12626
52930
4104
53581
26255
69904
46906
51096
68543
28400
40582
86275
80788
35097
92642
27870
21069
22772
77616
43768
56652
78788
36864
38596
19608
96813
69976
6361
91921
60035
1918
64161
19383
10086
23116
81556
3257
38257
60924
41792
24652
84465
32705
61093
72064
83200
95539
65082
26382
89981
31248
69985
11530
14653
40570
47624
17912
23359
46155
24385
7021
70766
86435
91524
11943
8956
48016
61005
43142
68390
66500
66667
65223
16857
4036
18050
9682
72382
23276
27063
75470
99089
42999
67702
62637
43768
19946
30029
67415
30636
27073
62807
95963
75057
93952
66065
84990
4643
15264
12910
46839
83237
1719
70650
87966
81994
76851
28387
69496
78874
47436
80108
55622
98931
90221
39972
98993
43974
16467
27477
75832
81972
465
23412
291
80779
27829
5774
59101
72469
43931
75243
80887
98517
41709
54996
74275
66205
89980
6709
21293
23349
23232
99016
10570
66049
963
65929
55886
59323
75725
28730
70222
62796
75553
95893
897
63809
88737
7272
60788
43562
25877
75997
63502
86909
41792
3234
68309
8297
94306
86585
86476
13306
45460
60509
16133
75978
45748
767
91049
26772
13382
18403
50162
20652
14646
14342
93479
83864
31924
28226
10010
64182
79717
25125
44269
63422
39852
90484
14661
45862
89698
61417
56477
92605
41816
25049
1623
76467
45292
7951
5564
36373
55300
5105
79236
67052
31619
32137
75500
24700
70216
33249
49670
46545
36526
59917
69276
5445
62285
72338
87985
9137
15162
4439
34878
96372
78559
90466
64076
9745
20922
38706
2078
30958
79409
71650
74526
80897
47248
52708
61831
91986
74323
72790
11983
86434
84867
28409
3167
91051
9165
22773
21299
57405
98176
60181
37604
13275
47513
42260
67622
61317
85570
12937
2461
81226
43509
65341
7541
92933
22327
51250
61690
53479
46257
55528
48594
30248
41737
4886
84119
87606
27421
44125
28042
65023
57093
57763
29760
49432
69344
27108
94896
13796
11757
96254
23774
94745
14940
9621
3689
94654
77489
96472
92458
2383
80864
72531
63795
92813
41033
71352
98521
61980
86570
52725
82002
83897
96092
9252
76950
47172
27613
5384
78554
93059
34283
3415
47801
70732
62316
27345
44096
71822
14591
98157
84915
29192
15596
1793
84028
88137
50137
41522
71058
63457
16537
8590
42393
23946
68598
40887
94333
11323
85632
25087
97551
17654
44254
67194
9069
72152
12022
62153
53223
2038
84315
3185
60333
54595
8791
12718
96746
9106
64796
52328
29881
56280
14789
30172
48418
89212
60187
22109
71000
30486
71136
58221
70334
49198
52640
22401
45917
50588
48070
84634
72174
59865
4864
86117
10919
276
29822
40585
64094
46310
25486
99653
45002
74144
55827
57845
35671
49881
41787
14487
23380
32916
95873
12360
45395
22987
63997
14192
29640
63225
4610
79621
70280
48873
91481
91949
3547
53719
89399
71346
51870
19243
33320
83637
55010
90661
85142
94385
30339
6230
84147
97037
87085
24514
58435
62250
5240
79007
1463
92002
78299
9803
28525
8461
69244
73716
90666
87197
30937
78104
96136
1188
38186
34671
1243
94225
29997
82079
22592
25133
83475
56210
26410
67596
60650
59658
52316
76628
29355
81437
40553
88772
44188
41997
81152
20715
96179
58628
73419
41808
82584
76383
52951
18332
79584
14181
62832
26521
21095
78486
95769
93367
86534
63407
98726
55083
82596
83847
20573
3242
36455
34447
21580
40689
54616
81985
69029
67544
36942
59501
98852
19717
7266
36668
35306
77999
57020
5518
57335
53507
44511
94803
28056
78999
24484
74662
74730
76903
22258
45316
7311
65112
7598
1648
75270
97887
1725
38147
35366
10930
77061
14024
10604
4410
54319
97178
11349
19524
92750
37827
12901
30359
64900
13638
40762
50803
90742
97002
29890
29463
27145
79129
48171
99156
75265
12794
66516
8953
69454
39557
55015
52970
97182
8759
28410
82573
73624
17824
77800
19198
4015
99056
79149
36757
65761
22375
15438
54835
2259
7461
57395
82695
49163
3729
35532
88051
1511
42329
73978
30662
44297
4605
39793
65338
52752
78490
98192
18673
16224
87402
56327
70621
91653
95995
65934
54622
89563
47700
2569
6858
52628
14596
1663
9205
94792
75464
20660
6342
74536
75493
15041
98224
72848
20193
84353
47194
17429
95344
26580
12818
29956
18094
31869
23668
30935
18084
99842
1486
73592
16174
50229
35770
94692
54992
82246
38126
49453
78033
65814
77776
72489
82503
16173
76820
97243
95024
85512
62767
58296
70420
59784
53731
57739
44757
16119
53051
42581
22895
88246
66164
7951
28668
15634
99914
35420
20088
75822
80551
28309
77765
20671
86007
68917
80397
17127
24007
80695
43318
37400
63317
65031
73371
21193
47778
94250
18307
54934
80001
61545
19458
56185
60255
27968
15596
41898
18612
78150
17680
66001
89885
97507
58647
53265
71836
58449
68
89034
51964
95412
45028
71479
60138
99
1155
76226
22591
8079
35266
88100
75107
38709
13456
78719
21425
42788
13030
22694
6397
54852
41881
80957
74609
88935
50422
15228
26969
16649
68369
60407
84473
31598
67740
63330
24961
83939
22385
37296
35321
4460
51577
17859
13076
24242
58884
67160
56833
73905
33484
62897
88525
43852
84342
50457
45001
89909
34241
33125
14704
25114
35578
5603
13208
2163
60
59868
40088
3633
53189
17956
67635
19136
51347
69146
79419
29409
57973
93054
39478
10465
72810
9446
12687
17558
57994
43595
84987
86003
44180
51732
20953
59100
96928
65018
27884
35961
2003
43685
31295
90297
83762
50348
35980
50817
26676
79033
36928
56732
96849
62934
62295
30981
95106
51223
64687
66125
53953
19687
8591
86565
54575
62992
89461
8790
44968
65776
83699
79684
6364
53563
90613
2519
38766
28794
17064
47130
58586
14733
15204
59167
77216
46127
48806
85870
76880
4483
66506
71807
17939
49136
29000
42857
21128
22457
34087
55396
94662
76156
30776
8559
89152
95437
96587
7875
88667
82911
88570
62583
67195
92643
37778
21176
78434
89334
78190
73510
55276
14415
87845
49790
31898
82733
97398
66501
7273
12067
36978
15065
14788
52131
51968
24257
97430
48084
12575
39030
8334
99542
85351
6546
21951
46610
38105
26175
64581
30385
39032
17382
71731
95287
11421
74275
50757
47578
81387
65709
37251
48235
5506
73157
25450
14894
70316
60190
68015
62953
24691
29570
34991
63214
85249
94259
56988
78718
1177
9887
74071
29498
73861
46305
28056
22385
75142
6111
54335
52194
88006
21132
63405
20105
38808
85015
57164
80300
22537
46548
22067
74902
13897
73759
62661
83405
12410
43701
95410
76125
86900
31432
87916
567
31729
18863
60120
84580
28896
11317
4529
36300
88630
14268
80922
14249
64443
3018
93497
6615
60061
48113
28709
8223
67282
80088
13521
46415
99761
78170
87783
38165
26702
59142
87704
66317
66011
53994
16033
50921
82610
86738
9821
56178
72748
8212
75257
15887
52871
57978
5683
94706
86650
7667
41545
11722
60100
12930
18626
65160
24897
11070
85869
49389
92765
5298
70127
20602
75386
7218
10225
8672
1048
74053
40337
171
94494
77472
91120
52266
63274
62856
1885
4094
37768
25242
72445
36165
86391
42160
34553
18423
32574
42768
35371
81777
24315
99492
96845
27418
86696
34739
43263
73549
6549
41774
87792
93429
24895
16360
39982
12936
77238
38716
43609
62754
29628
85191
4818
75802
41777
22558
19249
63326
48159
73910
61276
59056
84363
18785
65082
4489
83161
8340
46031
16390
94455
47187
30345
4741
25891
12289
52455
64534
40792
48799
79437
62147
49447
54799
59590
70370
50882
19493
54590
73494
15250
29888
8723
42209
3896
33573
25140
73079
80833
71651
65746
6716
10801
27978
49233
16373
81398
57766
7169
97664
61713
94591
46598
91691
35976
18256
56400
14054
77919
97307
41552
75850
96310
17058
59761
58023
81112
20593
25412
53016
48651
12456
43153
94100
85817
51333
18033
43882
24802
49204
67800
54208
12168
76658
23989
76240
37841
49016
77378
39435
19182
39774
89511
21239
47051
41046
71309
27349
51904
67896
81886
74947
62287
40782
76823
55037
4444
80363
53692
9839
91314
21460
15031
48764
19763
25151
21807
82883
36431
59637
60705
62756
27135
63772
27265
84303
52866
92546
34660
87571
81253
6386
95304
16691
65190
79687
25641
80740
19778
31944
31756
19037
79032
43423
24501
82903
37066
28018
83738
36858
50035
45513
22149
68145
98186
68897
85658
85427
79890
88108
60006
5306
29150
44836
78211
58619
52916
77496
7277
22200
4548
88763
95039
96872
49798
26325
17379
5596
75477
47729
56749
24563
31651
76858
21295
10250
985
90919
35492
75904
86693
51868
23109
45814
39400
31645
26123
7094
96249
23796
64222
7785
17043
43830
39016
90671
92238
49430
41597
1091
33578
36343
39025
51081
29426
46017
6465
97407
71036
45857
82859
815
83739
95736
90828
14501
63837
40455
83545
98804
68822
74081
55558
85947
15665
59715
55751
24478
94413
36715
22319
49144
82781
76395
9381
8081
51889
60167
32844
25113
6661
94058
67969
5933
61054
7067
71452
87861
45720
83492
58379
527
76444
97676
64155
9055
67049
95948
59725
12682
67105
91453
37843
16395
10766
48538
3418
76265
91020
85469
66731
68923
15776
64031
17813
19324
22173
67823
49888
14170
32729
56266
27719
74594
90225
79308
2515
76803
30845
36261
26749
43506
51610
39639
77556
49013
15990
88776
60415
36808
18722
93964
39959
85639
99083
46246
21119
17929
23032
29874
21252
50509
51721
28060
41219
93264
47587
62165
17829
46438
51483
96933
39082
97548
69263
19076
18796
36507
36781
55278
81118
17851
72925
87432
6523
87022
89844
20731
48817
27619
18841
89306
59387
58834
50719
42524
19681
22808
57989
54982
66718
37452
42562
14513
99219
21197
74757
25373
2202
71606
90209
41598
66596
59184
6109
27235
40229
1523
87257
3672
81464
77173
90541
57985
67250
77836
79239
78301
64996
32890
745
19554
86080
51655
88991
53269
70068
25460
17605
40546
60214
37006
17642
62806
61494
60887
93575
19138
18628
50025
9582
45603
40806
81061
89742
16047
85117
4738
62114
13084
78964
52252
8433
96835
26389
89124
46583
22555
48167
28230
37975
48071
53595
83036
14919
73956
7325
20948
70831
28984
40757
72782
10991
20058
75798
29548
86080
8085
59720
70894
3297
82319
80801
69064
32298
32320
825
71818
37933
35046
37772
43021
59564
16768
88103
57436
79477
16405
70684
26672
88837
28825
63762
9206
53636
579
33139
84953
57686
99183
82573
17568
53902
54503
22415
23516
73290
13286
24735
42283
87941
20171
49945
91083
35934
53241
89341
74742
7531
74270
73466
67994
57004
52474
81224
48056
5821
25138
94652
9363
21844
57063
17140
15411
1248
87809
24068
76453
72279
58301
43118
70350
19302
89456
73770
13669
60754
65551
11467
35516
92855
35129
19287
7140
17682
13576
10767
38513
72269
53020
88740
84639
83574
63882
42201
88105
94940
27649
97960
35990
31513
30198
74961
93794
73953
63729
10222
7688
65088
55647
75958
90284
12751
90593
93123
76681
75680
21489
60779
72423
92204
60778
57993
20310
27748
73713
49327
45662
25865
99725
76415
7955
92104
10257
57805
95400
97829
99645
1377
78681
97624
77210
52364
25420
72168
16385
16559
13469
91858
40309
31463
63982
27866
51240
24942
5012
81101
50309
22299
86437
60806
81193
1143
71242
27141
44641
14662
16340
47667
72773
32263
78201
22948
13249
5099
93135
78644
39765
4339
698
91179
92378
27905
68499
90758
38513
38834
51352
1533
60603
62754
28427
93063
47023
66637
3663
43381
6530
57988
42169
42428
49620
41564
41236
64452
91348
57007
65473
30556
44619
26297
49112
56393
2851
25619
4999
91559
43553
99505
43394
62877
84275
93872
52710
19274
95337
91050
72671
67570
49814
60156
12232
83535
51236
93680
94185
54689
53704
32398
55486
75339
78567
44385
29036
85746
37523
8628
46260
34205
80752
42014
2177
93467
90036
54617
95579
1261
67236
13725
78748
20783
77035
90319
66077
16465
52341
37243
94557
48517
21667
86508
19156
3797
97842
64416
3510
70514
88778
46095
48247
76202
21834
46461
41086
56298
5873
10420
95016
95979
65211
39675
91266
35760
99279
78455
74732
66737
4630
10548
37255
72615
72796
394
92103
18983
29019
96372
53595
15231
26190
16860
89462
9413
70562
32912
66990
34656
95990
91354
72849
58553
19010
11006
1377
37026
27282
68827
81297
91158
46385
34296
60745
86620
81745
83893
82092
62481
24063
65707
99498
54527
30038
96993
34116
89350
97865
84313
83440
64327
63860
93643
53435
30294
12917
8919
84444
73544
42027
1068
14496
9412
26372
22905
79984
95685
18795
34433
2668
70697
8854
58621
53772
48664
21317
65165
55610
30047
61779
45085
78666
97036
62338
26789
48331
21883
16218
5880
7995
43464
27895
93191
47925
91654
88321
43487
40847
71879
40774
87193
11586
46268
2203
94767
32273
36483
80289
97417
18354
12314
62941
93086
90698
92392
57136
73168
97086
40379
67846
87756
58413
7503
50394
33475
34806
87751
49757
37828
40918
32438
70265
2206
84029
98505
113
1692
6688
55532
31799
14112
25798
30933
45737
54133
19297
17127
4089
77295
37571
58845
19793
27506
87017
27108
61786
81822
35883
85609
1528
86743
34441
50278
79383
31079
43978
79094
54836
91624
67277
46403
70742
78051
56175
72881
39046
78930
80235
9676
72621
18358
28470
18931
60323
1884
63456
57317
55179
98477
69809
34314
19398
16784
57883
92362
12065
36059
12112
88852
17901
59315
47262
13603
1682
92872
45368
86870
22651
95615
49912
12882
58011
79570
32119
18170
57489
50179
62602
56364
3324
5874
27700
29781
9446
28692
69677
70021
52275
14951
99055
2056
64126
23229
6470
55272
35806
45160
23067
26302
40757
33480
67587
70379
46811
50428
59601
19415
4131
14600
11565
1908
77765
96266
19582
67540
72309
62233
41980
38205
31863
52667
77980
20411
32686
19322
47187
51559
28486
13626
30284
68086
68368
36093
3870
53194
71455
36934
12404
80954
73487
6306
40285
50506
17776
15288
61468
828
2835
21981
63018
49135
1964
82801
41742
71546
69657
88888
43839
58384
66402
96449
84619
862
5764
55733
63050
11713
45101
44780
41782
86612
93647
35180
14055
73942
72321
50697
82781
94982
37078
98293
78007
8592
41239
28809
21831
10421
6095
11169
42821
54829
70572
73282
75453
9233
61201
85418
37385
76964
66263
86262
85298
41894
67085
42141
41372
41577
34762
65003
85133
16215
83095
79234
34511
19937
14313
35550
21789
19308
96813
77175
45261
32243
82292
37029
63921
86631
438
68698
32421
35146
72811
79757
98386
17578
80730
95195
83548
99546
34913
42235
73012
73210
74140
64862
42420
96205
58764
44445
96435
85411
59284
51533
81333
53489
49814
20264
8555
6385
25309
1001
67974
15010
77459
51124
68762
42684
73665
6933
93578
88767
39785
46195
14966
93672
57668
27368
73090
7460
69365
75464
22298
56265
30888
20961
54623
97215
63577
51297
22549
55242
507
89003
12318
36445
76269
77320
94820
72498
22780
11032
1161
84985
21389
95331
82964
11694
97219
42046
4663
86984
71899
41486
33800
28354
41598
56679
3183
77205
97080
10463
53587
58340
57395
66613
71484
46644
50846
72462
95476
13812
50856
87228
29490
61873
87232
41390
3277
47292
84237
63312
12081
33895
97070
78910
72296
72148
91898
25028
85568
12831
97792
73231
82695
83920
84870
7247
61401
31644
17508
97021
10982
49552
23238
65631
31174
21089
19056
3034
17872
87671
2113
42902
17400
26447
48185
55405
23359
81078
49961
63104
74687
36983
6916
56723
70218
11634
86921
70139
77764
44348
91997
84641
27769
75607
93115
33199
4683
47506
76864
30175
46205
82989
34367
36589
35823
14239
85220
5820
41564
86665
11504
97196
59843
26408
11259
80548
66653
70362
20807
40932
66082
83374
66997
64181
76225
9140
46122
86468
50021
534
68720
8734
34147
74068
87046
96699
20575
41672
85246
64196
36132
32504
69712
8193
74287
81500
61835
21409
18443
48602
76017
93502
34575
56414
37853
64259
838
83385
34855
26157
57858
11427
66457
57793
31131
53894
74518
94780
89657
45137
16413
58744
43985
74572
3703
53408
66011
31653
71346
89765
28233
51612
35205
42126
89835
45326
12438
31332
2244
61558
51480
11759
91861
24753
26652
62948
76255
19323
92266
61840
81292
49490
90853
99165
97703
78135
97079
62327
23343
73322
47559
96176
49086
9138
34578
83779
3131
1140
93230
38347
12602
61971
97653
21034
21557
12634
94680
288
99270
65611
400
40750
80359
72144
3088
86599
14915
54186
80232
83928
95178
26768
17157
99009
71708
38242
43883
79957
86130
8283
89653
82896
14669
19140
94168
29203
85291
50087
58216
57584
71951
27861
71825
50269
99238
59779
38380
12991
68876
22023
96203
18582
80368
11027
4432
3870
38716
16254
81026
12408
7138
87944
33845
80028
61509
56997
35753
81094
29272
20723
59521
57781
83337
74437
77708
4786
43384
20294
23959
45384
30745
25725
70830
28758
4168
97278
90068
16410
63908
20138
38614
29198
94630
30144
27760
96372
43373
33153
20267
3381
75325
85046
18095
27434
7879
72664
44570
80794
31349
46096
29419
27029
90784
55955
67768
85499
39536
43487
97223
156
9593
68887
98852
51289
59984
17780
70831
63977
10009
97982
58494
59674
17981
24690
60364
38360
92616
41459
49195
88696
34887
30856
46965
45824
45326
58303
9095
86564
94782
97996
27525
22448
23737
89170
95875
57692
72723
48672
8455
7231
77662
41139
30580
89012
30590
75579
71864
95784
9405
52349
91312
64649
71456
51826
99067
11723
50096
50635
52210
20291
88882
88949
12499
50341
72432
58124
26496
58424
1109
10416
47163
78327
66267
75806
30310
35623
18114
44436
31303
86162
81925
6887
82539
33569
14189
59118
87108
68918
59149
99120
80548
36783
8419
18288
68189
37030
79849
30609
47644
16227
73959
56253
85943
7679
75111
69902
31518
15858
13035
67144
38954
52732
41433
63574
74268
49486
42969
35775
82120
91122
91612
1685
12677
69954
49803
88601
49499
77555
61895
31511
29919
53208
73938
5149
42727
50752
90994
13617
42233
46570
97850
40081
71078
34273
91142
93870
39492
59569
75041
85918
11947
75678
52689
30815
23314
83115
39866
97892
1873
30646
53000
34226
42220
15100
65424
26183
53880
72732
82224
93330
90986
49998
89956
62717
45529
52057
78298
23872
93012
82734
77438
5974
10677
59330
58479
32710
43585
26717
13914
79083
35466
81748
15193
59117
19329
97960
12630
14958
51780
71758
59419
31573
43546
16256
57470
39297
90098
43849
68820
78300
78940
7303
34977
98411
21600
21771
37445
33395
24551
6917
8564
37109
91849
16174
36506
95257
78873
39275
33390
84013
65274
51154
18075
9891
59886
41577
15849
2604
83021
65042
22864
93968
23398
58175
22036
39535
58546
61973
11435
1747
27893
67125
1597
92623
28623
99036
19065
49332
68314
7979
71015
27064
6313
52936
46686
75341
82256
9792
12242
76778
69008
8872
7992
86484
61575
59122
40280
49770
4825
88245
60893
32209
41999
79952
79167
61354
63470
29493
99011
95077
25341
2745
97879
24521
1321
65623
2252
30894
89820
34614
82420
29175
62258
9378
68076
56682
24377
12760
70028
90287
26749
8049
7839
34437
50520
42276
15564
89681
62707
40650
5928
50887
91822
78886
53926
23615
75910
57705
76618
45999
97730
33930
16277
53244
80765
77600
37407
396
4502
59349
47186
73161
88141
59939
54847
46528
57443
45524
90062
63195
32349
13835
58944
65725
81326
99593
31339
21357
6563
82832
24446
46365
58410
45855
83804
66848
71500
61658
98615
89906
99466
89937
70005
48545
15502
50287
65882
64628
93215
77351
59879
53980
9864
55718
49595
68767
52221
46510
25347
50226
25616
22088
53113
56341
95720
35670
74336
92292
50104
88042
6543
63758
6512
73042
90959
41107
47374
88921
47750
11017
82713
32749
24987
68225
2416
6803
847
79998
36779
14691
71059
42405
73314
13050
40468
40322
29653
90463
84096
28969
95996
93245
85453
5851
92086
63839
35198
89191
53083
82005
32177
80511
43380
38537
16246
23060
63638
12718
35553
87233
79970
1168
55721
39809
80865
54341
21472
60979
3754
91618
32292
62122
62194
16921
87041
63445
71133
51245
14446
95929
11811
81137
57781
42324
13892
66329
74115
45041
49
25464
40462
99844
45756
27539
66462
25320
56850
57709
52994
75090
96933
75640
62693
99350
1793
67701
62851
2047
88842
39616
57596
7762
84130
59908
57874
99336
50010
30563
21511
92558
41379
51232
30138
3122
94813
91863
12891
80333
70475
92716
91079
150
81471
67676
32061
87745
70847
67785
76599
31260
48143
48857
49162
79270
84693
46477
11023
22093
49485
52840
96399
47898
41261
35837
56900
18864
21135
62745
61446
66871
9116
59028
96938
25721
8373
86127
36930
59237
65845
30102
5070
38065
36117
46225
54849
86232
95376
20572
67763
42775
48771
17116
45990
16043
32441
79581
88716
14302
56699
96652
99063
36079
72070
99153
11981
43977
8280
38403
58194
83480
18441
26065
10354
65947
13708
79613
25827
93910
25553
83366
55887
55897
49360
51187
2195
77308
74645
89340
65984
70318
71042
98600
46122
2708
44032
31235
68450
74695
21289
26339
13074
45035
29878
33742
35571
38400
16248
7379
26968
21630
56347
25609
52281
82551
36768
18301
99935
79703
23611
80640
77345
74535
50081
34572
42734
44605
53315
8012
57876
81904
2849
96914
5155
13124
43094
58400
32055
57347
83119
55989
84111
21149
72798
16501
45250
20860
87883
13185
15811
58338
2406
30481
85761
75765
57881
79179
76314
89515
54252
89456
78932
23949
65209
5158
21526
68886
57449
24264
30910
50044
94681
59966
75356
3853
51520
10419
41737
44265
93476
93094
52895
81937
20029
58386
86014
11056
99072
20896
69001
98549
38442
29389
25771
57099
2216
89520
73860
57406
17238
78424
1510
14380
26128
50972
82956
34697
91430
24978
96165
43957
94868
12079
3120
54149
55779
15947
40660
40331
76445
98989
37480
16509
18507
82116
96891
71437
15818
45315
16729
6197
86197
93926
2927
3752
85006
89590
89758
22301
52423
28563
22844
57772
95340
33
56370
12638
63958
65320
89704
13928
86504
20662
10623
14309
31909
91583
35111
13628
71897
81120
49482
24460
94217
29710
95461
95762
68030
842
51661
57553
83850
22055
84271
30270
73332
15025
53738
23682
10326
76124
22814
37068
2553
82881
18983
1042
34964
85967
13366
81285
3445
85749
80296
8972
40331
27304
12208
56645
38322
30348
14005
90383
51316
82699
54246
48717
43713
4749
9778
81178
52085
90458
33409
22744
81182
40943
58538
88500
73983
16767
69992
28622
79079
32953
61419
63075
58625
49583
63031
74531
16207
22247
45688
1195
71096
51703
43541
5660
64970
78749
84745
26192
49507
60764
21145
68965
52105
47516
40522
76442
62926
33321
2940
92199
9753
9218
38908
34575
25236
98361
17150
12993
28601
19165
39701
28610
38015
64588
57956
91614
6230
47599
11881
33528
645
85037
20573
53853
81333
27178
84054
94099
31922
36876
91995
14896
26084
72739
97904
70464
54781
20126
20118
7145
64908
36888
47188
52835
35846
50519
59154
16451
60851
50075
6239
79736
87080
27424
50269
96237
25052
83002
87906
23486
79564
14101
23398
94977
60375
76704
12739
89401
23623
20282
46231
62619
20292
19861
69897
99736
1881
74366
39727
7664
44785
72181
36542
64054
44016
97729
81180
54500
27080
17589
11872
38220
86810
54788
17796
19600
57372
8112
18947
66522
10931
7152
95645
35648
91156
24344
68711
77086
66995
92073
65844
21331
32482
86597
72013
49047
14312
64125
15682
41066
30693
37854
30660
12208
26809
53184
31914
39343
17589
27729
76411
84859
33222
35493
28192
73816
69866
97231
41241
92408
29776
21149
44039
73180
68520
29869
60135
36339
57896
94584
74268
37991
85662
88761
43024
69057
85195
82639
35282
92429
46153
6192
50527
87956
96924
51558
30570
36839
3800
59339
61978
53161
76249
51599
61634
27143
39532
24294
88952
64996
37819
89696
93560
99070
20717
66524
51845
84308
27992
79574
33175
8187
71683
37333
88931
53533
83624
40338
68224
71864
67699
40107
72687
9146
98596
11856
39938
25994
74967
21702
77530
80997
59730
22660
56734
26925
47323
40904
93588
45089
79551
65501
79715
25594
85106
97833
56072
9532
99882
58798
86338
719
26724
58356
61762
18651
81221
68709
8776
60695
1873
79770
29437
23874
9542
34651
14970
36556
92219
40196
77537
77167
69615
16065
39325
51599
23991
95995
70184
16127
86137
83841
4601
22654
81479
28920
51154
37041
35687
95498
13623
17662
86316
35998
17395
76291
19825
18036
29118
40487
66672
85912
30787
31143
29761
55680
97067
30995
21326
15014
45898
75242
12478
44292
91769
60903
91800
84911
98580
37335
11845
33476
1887
26314
52878
33223
26428
72392
32755
88861
89658
40587
98381
16924
79570
65084
27661
72422
54349
53379
55043
17664
25877
67468
58591
68043
89869
46530
58080
99506
11573
28971
28035
64874
88695
42006
88781
12906
83467
48960
33271
20015
67725
12650
95365
80260
78001
82598
90620
51545
62416
28448
3542
78778
29142
14777
69736
27616
35995
62057
63970
73490
29800
92651
94644
7293
68285
89477
91889
82801
47863
54643
16472
68113
23567
64460
16
26227
36865
42633
99743
45159
29896
86650
79614
11971
75491
53880
45094
36750
60055
36674
35175
50636
19006
75828
88498
70134
51867
55469
70043
74384
21633
8620
28780
57156
78304
19352
94338
18821
86482
4829
88636
35479
26544
42889
60410
35758
97991
30796
39108
69371
39697
1957
4608
96389
18240
44525
10705
62261
85539
16633
89358
77577
4438
61854
59157
44023
22943
96433
75958
17772
93667
8704
6724
1941
37100
25620
47761
83511
47064
71549
57984
4049
29328
46530
43832
73276
47463
79719
51539
13317
77444
89145
38379
41799
61796
86216
78137
34749
55914
10552
8898
73294
76151
76922
94501
2685
28277
67362
15738
41577
15785
48792
86526
74924
70644
77475
20805
30620
54386
27503
87084
9934
19724
40330
37961
26364
85930
58274
56152
89692
34557
67231
467
29478
75245
49121
7994
24697
81547
27603
71288
26568
13246
1733
47609
34269
22775
12022
87280
60261
59034
71611
19397
65445
66910
5572
65423
76714
79127
2501
53224
5475
28114
88030
63171
69521
97886
64345
26867
43838
22140
40578
9716
31074
98194
71778
89397
63558
53987
42963
91385
86373
13194
68430
34432
16796
91105
17602
32801
58612
92366
33750
40108
74571
27066
71489
20922
92511
90493
44617
7332
66619
98940
25679
61023
60895
36271
36267
11933
20902
31343
31839
79335
64752
84515
92638
40265
8110
84164
37645
84390
98973
93776
26309
52881
82338
70879
10525
88313
18283
63128
77002
34832
68940
94852
79011
91204
46915
43280
97763
34251
60494
85344
78267
49848
94874
67608
8284
84609
632
71968
15469
98414
14191
97045
89093
17461
44883
80155
51658
61604
70210
75991
99584
40980
71227
48962
54881
21710
6889
61345
21308
59999
807
18188
63261
74668
31359
26786
93010
62571
5386
91918
73520
17381
86811
61139
64888
60945
94762
90002
55290
85406
65566
45423
535
19636
17467
98195
36612
91513
13526
24449
15360
4742
2817
27664
39272
75007
74449
44322
70311
2785
26606
11329
78030
56565
74645
24669
73077
70652
17226
99698
42811
58889
52397
82894
83255
59158
45390
37205
9933
23153
66084
17249
51076
3272
93865
27235
27263
15227
79422
18301
33803
72337
99170
59883
98793
11103
51331
9079
31490
99852
34020
56569
25391
85858
45207
39381
88154
83707
93204
7646
73796
92878
82040
22450
46996
43427
48663
91692
80680
42975
39936
48529
29932
63251
35548
5206
14654
80757
76844
49849
61646
3294
16401
78640
26359
83248
56544
82706
35254
37269
21447
67677
45106
97603
34564
94727
33717
57888
82642
81557
33743
74278
21457
40006
69127
86458
1537
97759
52825
66113
92421
59341
23592
55441
60744
54040
22659
12450
72652
85005
9903
54338
50634
24133
75207
92094
20401
98092
75346
58843
43088
33524
95928
28225
71155
48625
96112
1474
16509
12706
77906
80340
52538
18410
67403
44171
22670
69618
30723
23171
31108
23456
27268
53426
40702
78730
44817
47692
21343
22851
73551
31455
32318
52725
1531
72799
77015
38631
2842
99029
17587
78069
81233
8222
335
6951
22758
97236
2877
91323
65629
38075
92110
26175
17371
94843
16098
20128
85267
38283
37597
65422
17392
2743
84209
53006
92889
1564
88746
44613
33472
3113
51111
24204
97684
6924
70340
57987
40227
19900
55983
58625
42284
10550
69151
51139
48568
3303
93460
27485
15997
82100
718
98269
78333
40661
47400
92876
95265
39282
57878
56560
48805
86047
83868
61369
39146
67010
96167
98413
2633
70977
48005
59160
71575
18092
20958
79586
83267
11910
57479
73198
90602
77638
1537
803
22440
55508
9067
80298
86727
50465
7770
26656
12020
46887
89941
88725
11393
56393
74847
36295
50814
21702
17277
1188
80120
73648
93471
84992
23740
30807
20183
47966
44350
77117
93538
56419
64581
10506
35538
82633
17031
83388
9914
77142
19307
22971
71995
92437
815
70505
76437
20302
49099
95549
93138
4293
16674
88829
68877
92825
54099
91287
17934
44634
79216
99132
90215
55374
87272
95302
21623
86832
30328
19819
68983
7935
57602
36476
51350
86109
3693
85136
96631
76269
84538
68516
17450
66376
82360
30662
55271
72495
93582
33892
16251
2265
88554
74842
73473
3596
25662
58834
3551
66214
67447
29047
75020
53883
65815
13697
65331
47602
53121
45069
12676
35814
49341
99892
66371
66707
18452
69834
66559
43109
77434
10331
11074
57165
13581
10086
5863
4027
92173
7943
8849
94324
57579
27251
76077
49254
2424
38090
85009
23322
2278
47864
37069
43000
38607
98662
9388
66333
49608
227
46611
26094
89593
55471
42560
15632
85791
70802
72406
29134
82058
52117
94321
22438
34583
78255
44355
2797
69598
73210
95822
40900
60585
18827
25337
5235
55553
42254
78143
53698
278
10240
43797
75526
71071
42282
70305
81962
47879
82396
4763
73608
48228
19305
44350
25961
20301
24584
43694
1140
42769
94077
20215
84337
56777
27912
74713
20316
25982
70980
13921
45072
38911
57697
27373
56647
57370
39791
97174
23136
84395
917
61979
89214
21626
8987
44962
11002
94818
40990
63434
38754
56891
30842
63823
76473
49302
85169
54012
74841
22274
80888
16024
38814
6428
80440
92334
24396
42283
85803
45906
55988
60773
3955
17276
69416
99872
99358
99320
1369
59256
7273
15926
22743
69889
65108
18152
46606
37699
19628
87782
89687
88281
28033
35974
2817
94256
69912
35045
72807
3768
61011
3122
56153
66753
70750
31780
34652
72572
81746
84658
64858
9561
98142
35222
5879
77635
56048
40676
95903
15591
42408
97822
25575
20596
40563
57823
66939
91190
25765
11546
37780
65565
18194
9378
57794
32348
35654
7272
61998
39638
2523
47227
55611
38908
40138
86276
40472
14356
89006
83517
70912
97630
73663
59244
85447
46000
49123
8494
58604
54644
48207
96091
48017
39206
64709
92702
4276
53035
38780
15821
65560
56859
41997
18912
17811
94267
17459
56536
59521
59169
73505
9114
54340
24077
11389
72935
65793
5514
78157
88370
54956
22354
29991
92667
70662
44706
7761
37037
92782
89447
53864
63315
69347
40010
14571
13325
19584
81450
27418
30154
13567
76397
3232
36381
22094
45462
62233
50800
15052
78071
8387
72649
64311
18772
35471
25017
97931
89709
76137
19698
49074
52129
16532
14633
16298
12796
21328
39573
32939
57477
11583
73868
91492
97370
18679
97000
36588
74201
67386
58232
24287
76799
53808
6562
52256
36404
58794
37535
63733
53220
81947
8573
26882
57723
6772
77683
88060
60365
96924
7297
69153
71101
19641
8086
96327
95761
31707
88068
87781
62593
10931
26552
9229
45971
42043
12729
80180
42561
9542
1357
88298
46843
64137
67433
75894
24852
39522
85252
63251
29261
71582
1240
20403
3365
75965
68903
55048
12539
70647
16976
52261
99243
62349
92773
14674
55548
90690
88269
87605
28044
79697
99691
68704
25023
6219
7823
9480
442
23391
60817
66937
63697
31761
6385
356
26134
2569
43327
32646
69877
27686
66176
39033
67779
89968
91888
36753
39245
61622
52632
21093
69782
67394
89007
82212
997
90685
60362
27307
18738
89163
49060
63837
15657
76034
29808
92091
70011
51870
24015
26142
18218
87679
27061
93299
35763
9843
94133
66848
12051
82176
41100
12262
79721
96616
49944
99199
51139
32348
66839
70496
57612
74255
42260
88610
84643
10408
21997
76174
87798
73045
84964
14260
16632
39302
32915
31739
38177
3214
87453
40314
30977
87939
57865
36616
31009
35190
82911
9374
44661
2618
42106
41429
66152
21592
58599
28502
97897
64501
60375
55878
59704
38192
76508
90095
67324
8460
15702
95641
50709
72147
58328
67349
36776
81979
25903
72101
88835
19518
23024
48034
41272
93804
11007
24301
2216
24407
21435
27757
52731
5661
54425
6898
30556
41777
9959
45185
77414
59005
37022
46600
57484
50632
65007
51488
9748
10796
6787
15412
45130
1930
78982
64369
17119
3470
8021
58930
21790
36278
63660
98621
49413
42486
52133
78638
35735
25928
48409
29149
97134
31067
11666
91853
35886
23078
19954
96278
73363
44661
90344
46676
87282
83592
13217
44047
12987
33471
99773
16808
52737
79003
56019
84116
22952
44722
4000
11814
36547
26177
54268
82937
76293
64008
87862
7339
81959
79388
57944
78062
87786
33747
19508
14586
29522
22651
90995
67971
20734
11809
25770
5862
47233
61964
93071
92377
88576
42048
67588
80314
26263
48274
30494
41557
68008
98746
50865
55826
606
1556
7633
48744
57419
29410
78821
24042
19664
62079
24609
10705
51087
82618
82773
80407
56241
63576
59366
41272
85535
24832
78649
69262
51077
3639
17715
63866
30622
98717
48435
43481
54117
12163
54672
92172
14998
5357
32658
41835
15611
40701
87
5293
11206
79784
8271
94514
59922
55633
23142
24987
31480
98239
85587
4244
2646
19931
49908
19668
11563
82597
88547
80056
97223
44022
60869
24781
78812
21470
83396
11449
52478
77822
33022
52265
35187
8195
41937
75949
12684
39035
94054
90935
7186
86304
12359
55165
89285
96550
91918
44779
69514
47959
31746
15826
78540
90909
32737
75004
54272
92012
11329
24221
44146
91110
25971
46576
36909
95321
98245
15880
50735
17527
29131
30274
48403
47989
82262
87493
30981
69863
124
28684
75534
77791
77810
6077
29073
91836
60445
8150
8129
17147
32296
26219
26122
27044
43
4846
51060
54441
74578
97922
35462
51673
79993
20651
9027
12551
20000
20778
70905
24732
55851
3354
47580
65925
28947
26197
68223
22046
94737
69449
56863
8570
61436
80143
53086
41029
96189
41459
30959
46164
7727
38618
73332
92469
18489
59648
83304
18407
560
65664
14525
27006
17412
38516
36785
40335
49058
98505
79905
4675
42842
31309
8354
56645
29912
1354
30676
60536
12526
45338
84643
3098
21490
33825
36263
39209
74375
9098
37949
68283
60972
25832
18546
14735
40462
58509
46884
32844
33401
84323
14240
61937
75045
56070
72798
64803
16416
81443
5067
87068
46689
20524
27300
35739
82592
53137
78354
71468
20781
3804
4588
1906
11574
12876
73417
87928
21647
83370
79009
70026
42342
88139
77781
56147
79230
82771
44276
34332
19279
450
4159
96397
66393
56609
8888
24669
99988
21683
3958
94930
68637
43296
7854
29192
81090
85795
62038
86457
8489
17413
27326
59008
78534
51050
472
34672
40825
95313
24980
2312
78603
98061
15924
55458
20628
40106
58383
7405
37050
86054
75347
94685
35488
49189
62435
94845
14109
12151
42045
72834
21660
5273
75094
23596
85638
25996
67985
35477
43856
52360
56819
1028
66871
63494
4945
91422
87575
97860
7296
26801
55833
24586
47682
84791
97505
125
50524
52204
15173
39751
57113
24568
66219
91154
72084
45739
95851
24599
80805
65763
97138
37930
42808
17583
68730
56613
85883
45277
55378
90203
11466
14767
76245
87128
7666
48173
12905
65160
9604
15273
2280
54607
27325
45396
74520
93374
68454
76840
58656
16381
87583
28992
1019
94077
79472
59492
36911
7735
28169
21303
23719
99663
33015
77632
48637
58658
77709
62821
54426
24997
96524
51902
18219
71547
30826
62755
15617
34687
75449
55104
82447
76020
60626
11529
69808
90802
40131
5206
19525
61320
80614
11424
34889
11696
20397
65879
48920
25120
72292
41982
38755
10813
44061
96842
68406
79397
58314
32113
64575
87278
28696
37965
39333
36890
28852
4482
66054
80950
80643
97397
92845
51607
27197
23537
24758
92694
34051
19881
50880
80727
85580
80077
86367
96669
58604
98865
27644
1585
40270
13155
3752
44574
48347
25998
28945
45423
57194
65608
35208
28837
25366
96545
38349
42303
73578
71761
65252
82531
39758
93731
77365
66822
60260
2210
62966
19130
4496
21586
23992
37882
71873
91603
49074
87096
36473
60704
19779
37935
98541
32687
73918
43785
86622
31116
80495
52150
51267
7475
44410
71159
74410
49500
63308
17781
12158
95965
54401
94000
3115
27298
32646
33301
9146