55532
9805
77159
45437
44267
46566
77656
34006
67261
14131
15041
43971
7058
44974
8252
66695
71347
93869
10129
60922
7071
23249
84646
89230
85081
36408
11427
93250
50092
12305
20707
53245
6431
50033
48563
42708
60604
27700
69729
78410
75002
54873
82392
56524
92640
58825
97283
66477
43987
71192
80861
6984
15759
8057
63838
42954
4174
7562
91008
77487
12314
72533
16740
51730
99616
96259
85275
60527
31502
77231
44336
99182
41573
2407
75422
43968
43824
10198
37031
17244
11350
766
68233
68613
78054
56909
39087
52279
69408
26278
45615
11825
65352
44130
42360
15283
19726
1973
55029
96912
74513
94245
34243
53808
53208
31721
519
86408
93370
87389
56550
69148
45984
23315
69050
52170
55564
45627
12580
55999
15151
99858
65796
76618
40217
53784
63525
67644
49531
28586
89415
73793
38579
12234
78069
15516
54294
94786
89820
82736
56146
16049
93773
94264
38756
43646
74987
37325
69527
1453
1573
39372
42334
98398
29949
94929
37653
87825
14975
54596
57406
49976
19454
56295
4779
39087
8797
44448
58629
66573
87408
77458
46074
13966
20438
52265
83086
69530
25763
81363
3236
75875
34985
16585
20931
61738
76705
40294
83848
90952
27204
41780
80432
51149
71972
66863
95155
71092
87568
52021
25881
27844
57697
75597
46345
17938
26741
9232
20460
5724
98769
46525
36463
94767
20925
52861
77911
7123
52918
89519
16636
74996
79248
33267
96636
52907
28106
65947
22533
55606
91440
50396
50250
91892
17452
57865
6488
67451
26200
91153
38064
23384
87799
73540
53555
87633
6469
50443
61546
84710
87342
43770
43600
86916
65096
68869
55643
41434
86792
33730
18818
11870
27657
41034
54976
40145
35989
17752
96370
79127
11553
21336
8888
14295
83839
34653
90029
48239
78346
46742
53944
30599
90695
70573
34744
74865
58755
49847
95849
39250
24312
88954
71147
86578
40695
53062
72308
64757
78821
2372
21405
13730
84133
53495
93193
7003
2698
33955
74896
15082
34153
33704
95991
17535
81626
66190
42354
10350
17533
10868
77746
83294
99287
66056
57714
95365
54068
44917
25267
88915
87243
31166
10855
94940
20993
79351
77040
57084
93794
53778
22317
5706
40291
72270
73933
49305
65091
45997
9606
43227
57716
63929
39058
28985
90136
10394
72763
9693
2579
6848
65034
96010
25466
53061
83967
75129
27205
22375
39206
94089
92716
43186
23487
846
68096
76798
83900
49173
91694
46615
7345
49489
66031
51672
84857
58165
61130
16908
52256
27565
12006
77070
64443
56392
69721
77120
10986
1708
43888
34207
12534
22257
14874
4775
99108
59413
49198
68048
15077
86699
32796
31805
78842
11187
77783
27287
88891
23760
62630
40129
22691
92372
22620
72724
97407
50554
5260
37812
87412
52997
8179
26497
58042
8972
93924
58388
54016
41841
45292
63528
82426
23192
43752
40521
79526
76222
9405
41840
42062
46778
16906
27976
94639
19629
11344
96876
18914
21386
81805
8917
51106
61142
69906
64588
27562
81666
45814
24825
47079
49282
27151
20652
24950
41098
92980
30591
11041
17817
30374
56929
26457
99899
22564
71918
76848
89978
1982
99966
25011
98684
21279
16786
63641
70288
57147
86948
75906
94882
29868
63383
63955
66680
19116
21582
69200
40216
49274
61885
61204
93838
18332
76543
96027
36391
56306
97358
68370
31772
27318
5718
11257
18334
54615
85659
58094
65767
59130
12026
74807
42138
20174
33652
18334
78435
5172
41161
459
895
85028
79286
49723
82127
17746
24442
28765
55162
18135
97665
42822
15861
32980
25192
30099
36939
55440
8637
98056
95171
62658
52890
42278
24507
77872
2993
57095
24329
82473
65858
33310
12107
7722
42597
57186
62001
59359
9059
24979
86136
43326
43020
49430
5273
13038
5183
62151
50978
75856
71509
2260
42745
78385
72853
29246
38832
42277
5510
61303
30799
9923
43182
8639
38118
76073
90116
46929
27105
68252
74981
55335
4289
48668
5981
5167
76614
10374
43506
75019
68269
83300
51119
72932
27307
76036
24965
94969
42602
4223
75445
49528
33774
17009
82145
15383
64713
42199
17681
76557
19505
69468
98211
12259
30985
2321
28177
53097
65584
31996
23118
26760
8598
57549
20632
11900
8450
2417
95881
87216
61301
52700
60311
25064
52671
65870
62917
64466
84823
42374
78937
88553
36846
52326
44461
32825
29191
44922
73945
13760
16544
56981
20585
74729
13406
63071
99374
26679
40202
42581
60582
81742
79057
7180
12659
28231
83472
19963
76213
77312
34393
82466
11850
63500
63619
19442
59882
61811
85884
53905
23803
69370
10924
61702
63072
41455
89620
12057
15056
87180
98077
39538
46790
51407
16100
37393
98227
44649
82725
21731
27192
22817
86256
72665
75634
63401
47710
97509
71459
60216
36757
18298
60891
25356
72822
21038
90383
70460
65216
65021
2844
28388
33681
43583
35003
96216
74442
1508
52311
1614
74528
30348
18067
83211
82017
73790
72062
50179
9978
3231
57032
52854
99316
19802
84499
72108
76191
7803
60347
30612
19814
72881
73533
70064
75742
71491
90132
59151
71631
52278
25644
50987
61821
91864
68936
35949
87940
68793
55038
77677
98110
96312
4808
82185
36220
41808
16635
87857
49483
68119
14667
98252
90424
93589
34431
16570
82415
65254
48966
18560
4911
91659
46439
43172
69019
9415
95031
77061
83499
42186
56062
31966
62233
80447
24371
84941
53904
44162
37263
62496
41960
66113
11769
55819
7112
76330
13977
33676
78100
93044
35554
20919
43363
67475
47354
25592
2979
83794
88883
91922
71332
7465
32954
86528
29873
74305
83316
12760
95459
33902
76102
9027
51970
85667
95012
98607
68880
16090
84202
70372
39182
78161
58163
2848
83516
48983
40215
84142
87785
96779
44381
87831
4336
31021
53726
16311
92178
10847
69062
31186
20494
83562
61553
39414
85534
46261
73028
37464
3809
78921
37894
21248
33124
49281
44380
65842
22645
75240
21966
53939
70098
28603
65077
85432
53198
33927
79936
82099
34633
82131
28445
36814
68623
22116
2024
41868
14489
24881
33692
74193
71442
38853
65650
95084
76279
4335
79327
20042
14215
29500
98536
98532
15185
24284
13287
68592
27199
46843
68002
47150
93075
20998
88154
81101
46317
71615
22295
61496
80634
20095
47867
77159
49982
24966
94463
25752
16391
90532
13830
99906
63707
44789
70186
49231
46546
35611
53998
7354
54187
75643
31379
15061
76239
43833
69805
27756
52174
31596
69448
94339
50557
11059
54396
78861
32264
12684
15288
67379
2353
20415
25913
85600
68832
7881
49090
9930
67661
17342
70786
95187
63457
53637
86349
26063
4740
86866
50413
95804
89994
35267
22795
4662
4384
10679
4237
56932
81963
83342
53680
68264
12939
84592
27658
85296
20253
56507
34486
63967
97686
88047
29158
28597
95123
76092
15750
4604
86207
33915
16035
78928
88733
67592
41566
85008
92830
89933
82052
98321
51431
12625
75707
47865
59437
78601
53429
48476
79597
33241
88843
43835
54738
9240
37203
69276
94399
77063
20415
46575
64746
18708
7256
6968
93567
560
30041
23913
11028
16431
33534
92300
33517
65696
21567
64422
10672
70872
55828
42996
93769
28384
33767
64211
68657
7211
33768
41137
89546
58261
7887
98019
58189
35693
52320
28428
82380
21136
48002
46683
46490
42085
94971
74282
43680
54676
5578
28846
96619
6356
26449
72112
81377
82332
68649
67737
90222
40231
13288
84464
63131
45464
48932
84270
65684
88606
5799
38041
36458
12785
93456
57394
87769
31134
46613
17224
26417
28990
2483
43334
79284
79112
35935
97462
76664
69559
25947
172
12516
35461
58961
10647
39803
96283
7135
88831
17586
97093
84551
55943
63236
83157
10200
6294
79709
11776
12792
5785
83268
44255
2837
71750
85611
27428
45867
90278
96422
67832
34028
21675
69494
2855
6936
61652
31093
57244
74155
76151
99395
90077
16732
67785
80727
9096
19627
49257
39013
61881
51533
76190
16204
28728
97900
62174
55201
72121
39003
45112
7551
91357
52616
76514
76593
17674
26651
83347
12758
71442
28074
99400
85686
55363
87969
46915
651
78674
39750
29196
95290
61587
15753
77070
17133
77520
35479
12183
59744
67683
98546
22594
61127
96451
20003
89744
43703
98140
15487
41177
35907
79672
25524
42339
10178
74631
75988
29208
13527
58815
57298
38630
66245
24786
34593
70374
99971
72492
6581
33945
45242
21985
78716
63227
56439
11517
66180
57665
63766
52008
43908
6889
83246
17941
10701
73843
53590
54311
41492
57898
10585
5825
61864
57722
66035
32925
82959
3355
59264
44700
92809
65593
10294
57152
87509
70576
41467
10076
75493
17469
95948
10845
55806
50932
84645
48193
10946
65665
82936
88567
41732
36873
80469
77503
2578
96503
30912
22534
43372
3835
35045
18356
60433
14930
73616
62934
28098
93700
16096
6474
81854
31951
18121
25334
16866
61642
45422
57653
41556
6231
29958
90151
35403
69546
6540
59301
17728
76476
70041
22257
5134
79337
42029
53829
38437
77062
61147
18241
25761
72817
96081
55004
43918
42860
81555
9600
51584
69011
32646
93390
20816
96827
11652
70274
36884
21218
15793
96855
7663
59812
93012
68569
13155
14999
14617
62232
21591
18765
35425
4377
87226
69599
38504
262
10359
18006
58226
80343
7431
34096
14294
56683
21139
7568
24917
50553
34331
48113
72668
13286
95186
59100
8200
41363
12722
57816
92459
84161
76038
21040
56629
65723
32464
23853
64810
5065
11807
83924
12000
73429
42627
55648
20486
18683
10389
60550
95598
15956
32435
37662
14751
48214
37856
45350
81836
16899
16746
30237
15561
19302
33064
61544
14385
9238
14333
14163
91948
24609
73224
2189
11446
72810
81010
93673
41703
13122
271
98044
29528
2729
24439
79932
66567
98182
24482
82728
57241
96797
54656
55936
94403
78063
63191
64
23702
88098
88806
16027
67838
66507
70192
25178
86841
32313
6814
61133
47910
24447
80868
19500
75556
77627
93486
41695
15570
5819
88843
35667
79843
78303
89813
15959
6726
72196
30853
49266
49988
84753
59787
21191
14511
17521
61504
67179
65981
4765
23711
27544
60881
57454
16688
82251
63179
50361
45323
19685
79249
47854
34894
6611
97823
60281
59915
97302
21532
45650
53225
3849
60468
22053
26803
48611
57908
48715
79225
13780
22360
71306
42865
50913
67994
10628
51107
49712
17310
33474
35998
65785
26020
40512
72028
16898
43082
81799
78257
78314
47996
91961
61451
3050
45337
21902
31670
9483
87675
19899
50724
82441
70321
15907
21649
70915
27606
13375
78030
97624
1171
82674
23148
141
42074
78999
28913
47604
15003
14877
13672
41087
44358
54060
89144
52169
99945
17690
19040
9523
37658
26015
44297
71658
94544
86483
3609
71515
5453
42761
46140
23452
34774
21224
20667
5009
10742
712
95462
37242
86368
24358
44240
38755
35591
62663
17878
53230
38992
35287
44933
28356
43514
78525
42311
11835
79783
70514
93863
41550
392
68878
20927
44073
73397
82951
53740
26942
91716
19709
53215
34810
97053
56650
12688
83878
6970
72349
27619
97813
43455
81882
77883
26024
21900
50942
63756
26805
83822
35754
10291
5501
81664
23303
45198
87505
42198
44985
94155
32214
39500
22507
57746
3496
7066
28840
77843
63605
91773
14736
57958
21214
42991
33365
40676
35188
8618
30005
19479
85075
21387
58461
37291
44955
89893
85566
61050
40946
93294
82031
89287
82615
9823
99848
77684
43591
24259
25223
87709
92837
85024
97524
64529
10604
96309
3362
36512
93516
53256
19117
38227
98196
52741
36620
20912
96040
3144
80716
43059
31271
92355
332
2646
80992
38561
41187
27576
83064
2443
12028
55239
86952
9299
91223
93343
58714
22331
59338
99748
33439
42830
36732
14447
39773
47436
14393
21411
19497
54282
46832
49545
66376
11787
55042
43169
42439
31055
53974
95632
62739
89635
36608
68376
64521
9389
8077
35702
42253
61368
1503
52922
89554
10729
28643
81080
33556
50110
90334
7898
48911
33684
14678
9805
57309
53154
24545
83893
87705
27873
11878
1392
34866
9146
2354
52023
32099
63086
64805
58599
52173
57879
87243
45461
89275
67507
70589
42494
12580
30901
7921
74582
91042
98883
30477
81631
3929
9949
1784
10379
66399
33646
114
69228
71960
27950
35614
73106
2346
48266
95431
82154
21417
25019
29537
27364
90556
58518
27073
25933
77042
71581
77087
9330
55638
50520
27828
51807
11200
88557
7777
51510
24876
33296
54706
90444
15492
8882
40467
96823
21312
12941
24365
32445
23616
71597
50694
57872
259
61459
22673
45463
31577
95287
63005
27887
12574
51513
71446
93746
14764
59737
26050
37613
13960
79290
66898
33079
6619
51655
99786
12816
66801
77572
30643
87457
18167
77357
48184
56419
25459
64161
74361
66723
21305
39010
27118
60518
30788
88986
89245
27452
48416
10604
93705
75504
63445
22895
87535
13484
44943
83240
56378
60494
4526
20043
38459
22741
82967
16366
96286
40659
22225
59754
60237
64058
41266
89155
97577
94851
78701
45534
82447
17373
1250
77680
61541
20551
75775
81974
87022
39690
56920
18120
38506
47653
39959
2362
18979
12753
27468
37889
21326
97244
69528
70715
29840
50057
49300
14998
33509
83228
58302
65860
80722
36535
90566
47976
48698
37031
75009
65345
75747
84083
42067
80320
37907
25711
13769
77559
28158
60008
61466
2652
6102
47944
28297
61184
61296
22963
70961
20635
33665
94184
18762
30439
87356
73053
71837
61480
60813
44121
19429
28505
18987
88064
69246
33120
76139
90631
10813
39202
64424
94615
48371
22707
20479
76337
72656
94696
88790
73192
16657
99442
14249
38006
37060
1138
18105
59300
38046
78730
72106
85874
57619
67892
23948
48880
85056
88725
66011
18098
49267
31940
11466
94538
99680
4985
37619
24860
96824
28232
16362
7885
25672
96162
56414
65489
84263
56945
341
50396
68606
2795
96743
21938
43468
59925
12712
9326
47229
39908
97351
73037
70940
4472
98016
50419
85279
15166
79574
22007
42634
50700
76009
8318
78421
4411
24913
85027
4850
29289
62536
89004
76993
71891
55263
79080
72678
32155
44589
84190
34767
56090
28025
95806
36630
36765
41979
38429
45768
1957
90516
21309
96762
78892
68326
59897
55107
40956
93536
8551
7567
96827
59775
30576
52802
34805
970
19031
63366
97798
3021
45705
64342
6318
53175
38649
60732
49156
57231
98263
88088
3238
6913
7434
98408
40232
94209
61095
7145
84940
26968
59221
7943
19673
53310
35953
45194
194
41050
46796
45508
12972
66627
89315
81252
60478
31664
38371
56431
32775
50592
72441
29561
59731
56299
94567
30309
33261
66861
12185
4019
92899
14014
31669
4560
3640
67679
84995
18398
55198
40553
90289
44603
71466
21613
32623
97798
10828
62050
51212
53040
85621
13491
35328
28951
36816
2505
98054
69193
79884
61672
37829
45706
8358
47219
44714
88426
85956
18879
25023
88365
24455
52243
63303
40975
27794
95266
38393
86623
78661
61373
43139
33367
6780
8944
48141
70991
63228
39225
56851
97739
60131
84212
9269
54927
80833
51099
67837
70523
97963
57860
80212
17993
35256
3312
14635
91788
81940
37551
5336
55034
95816
22109
93356
87002
11870
5983
13848
2468
56234
56567
55704
59577
53268
49092
96372
21487
40688
1322
10837
32005
4058
86139
83770
68742
60301
84142
49581
54129
30724
69920
36412
76128
17876
46230
46422
2109
93101
18753
48180
76666
85391
20252
47036
65156
50597
50539
76722
61512
76003
49610
18240
59052
74652
16797
17033
36344
3253
77461
35929
39457
4367
67076
58061
58877
29298
32678
37339
50360
60245
82457
50396
52044
7541
38774
39716
57332
74841
51394
39266
5984
51464
38289
12005
42347
90112
17790
40040
2312
16359
49382
97264
30553
46968
77251
85704
26876
18022
48249
85064
56826
97454
32402
60033
22579
35282
81976
60248
34097
40591
73464
48122
76510
22840
75050
745
34273
58743
95795
44217
99772
71165
36923
14635
67242
41276
69723
94224
90382
63246
32983
61478
71872
73230
56561
10423
95959
38496
76373
89312
67995
68035
63504
35681
58746
13199
55079
69297
5630
25245
58150
14656
35537
13728
60339
82913
25738
21614
11309
28181
24926
14952
20891
42810
88374
15880
38500
2840
61537
57162
57495
3177
62073
42487
41912
55812
99937
63826
48
59416
89759
15722
89560
6199
44225
81940
19484
39102
95918
77213
84399
33099
48185
99447
57891
85274
45056
49631
9666
92105
78769
78218
87676
1617
42203
19613
82155
79388
7937
69846
8786
75260
89696
47541
53027
89579
62919
85128
81498
9274
24515
84886
60968
64279
68152
82748
17790
75336
2027
7989
19918
3790
61993
61253
44923
44331
16128
54505
18913
30450
84759
33725
49613
96128
75740
36025
43325
66950
31132
42412
33699
2672
10803
62656
57862
83740
18919
79096
1309
74129
52461
51291
10819
73392
77189
86986
47605
4094
56300
48475
88525
45245
96017
34270
52828
65725
9763
80927
12674
58155
93136
40375
75561
20928
30353
43214
83600
11125
88969
38166
95461
16236
54065
5891
23568
79188
24801
5906
5246
61279
89228
52604
20218
10303
40863
12827
64732
81736
55209
58502
52449
76504
15282
33519
72218
27913
23492
8429
29358
69945
27027
9959
31884
99201
47989
49797
55029
13764
81912
88408
91756
46038
30108
3993
84727
45686
2674
50533
91917
93082
65060
56762
44327
71980
76843
58106
94048
31283
37799
25149
50826
9549
4237
29386
40530
74832
19567
17942
97151
90371
40501
70006
71585
6766
699
74708
77832
50673
21644
25282
24619
69781
78053
20588
89472
65509
36689
71339
84788
78896
90772
52883
33509
9560
6228
15944
46337
55728
50261
61447
85545
71252
86730
34442
69054
21826
57292
29231
8835
69354
29781
31993
61384
85386
86208
79643
16429
6213
30810
70008
78004
44619
27663
4559
71973
31397
56680
48378
13230
99601
84524
6260
88069
80244
25994
6252
26220
17038
31554
78556
25623
75461
42248
97195
61142
70063
963
45074
15527
1615
21023
47439
25868
61712
83063
75006
48744
49921
63628
12822
20413
11969
69638
54192
1849
18681
97924
90658
23386
76124
6897
48968
89763
8635
89969
73353
61672
41689
91155
89681
47334
35958
76784
7277
36319
97793
6612
71667
90466
60432
998
91976
87054
88024
93128
46926
98719
52136
73655
54002
69591
90619
21137
454
94812
58300
41568
37152
46685
83861
51472
76429
89310
95436
40143
78702
16110
31555
51211
86175
29436
8992
24593
49216
4492
84651
52922
90045
55383
80872
92927
99671
86998
40824
64874
37643
10360
47360
19833
95520
9026
62487
75637
89644
93332
36999
39280
29448
55837
52914
9768
20083
99749
14292
99844
35302
49624
14322
3335
43566
33388
87928
51441
89602
5481
50271
1239
45687
75599
62142
78678
63103
56138
47669
95276
38330
65372
83937
8506
67377
34865
72364
24225
58742
55552
27064
17322
44495
1894
96004
159
62075
38610
81252
46276
24452
16536
90721
48369
10126
80587
32975
24171
77071
16020
25868
39424
20835
84937
16758
69853
53487
66766
88645
59697
61574
21544
29979
14726
38328
1426
52015
43309
522
54905
59392
23156
28895
88711
81782
70075
45699
48316
51331
96665
83977
92537
71538
60945
46433
19898
46836
16260
97843
69954
68506
48945
42036
69043
33650
17076
43741
15823
89177
1035
94361
870
52354
94373
57539
4138
26025
45793
36436
51220
19104
54414
32862
49723
38005
70392
31561
84230
29470
78180
89163
83102
32855
2916
49915
730
3047
57621
88379
65460
907
2517
37747
47222
47642
47476
32764
90749
808
58043
93528
93238
18377
1968
78741
7097
42774
72145
91102
28955
15148
88728
33319
9224
17631
16701
42622
43606
89416
6637
5684
27239
35044
52396
26100
2314
15509
72921
70587
99127
63132
56373
58202
79862
64673
48635
44770
47592
7006
88828
79682
46478
24534
15997
16986
57685
66997
69413
6111
22973
69664
48587
792
46212
73689
15918
29556
42279
89800
37643
60741
51729
88693
31967
91822
20263
47216
89840
13479
26768
13043
10754
10928
50127
48746
90552
13800
15553
33186
78720
65793
29038
42577
90748
87591
40171
28562
46003
19660
54563
37912
81016
14325
74543
15234
11255
12080
6885
91211
12493
28270
4551
88822
52266
90659
97868
85153
37282
67457
86075
63006
48332
21750
11734
10190
54999
55205
58483
23074
37529
21949
17250
25452
59357
19060
74543
84491
19704
34983
65000
39309
77949
85495
28092
86814
70192
49410
5127
80993
99777
39528
17867
69081
89449
57464
18095
55683
14626
23190
57960
24068
30465
31083
6285
84257
74080
57108
88912
64633
38460
50637
91404
70719
69805
55059
73701
53536
48289
88298
49080
95222
21363
11777
22822
66482
12355
57334
12751
83754
75216
83154
90007
44527
12729
71580
93095
31145
63613
85156
1618
82829
76121
61542
7944
49603
66048
780
9261
91902
66526
89288
76760
21090
8027
5267
76749
58529
11615
97880
31602
12649
24485
38097
31015
78247
12768
11420
61073
10951
74226
5507
56111
31786
21868
75889
30173
79208
716
6079
83269
25141
36528
63283
26599
50968
88149
37446
20694
95473
65234
84802
89041
33823
21452
17812
65180
76684
58070
54136
16547
18803
38133
48458
31394
82890
8694
66714
42679
23959
7494
38329
6361
91850
62281
32256
50219
59017
11413
22221
93183
26622
29446
80026
22337
96820
43499
70143
22906
6813
76316
68023
23388
95724
35514
8431
62868
16473
15134
89714
56792
79067
76987
2461
41930
59633
70071
2846
7534
54151
28984
31383
35728
25848
71351
15201
55306
22540
35756
92672
93744
55950
94755
9917
15363
685
73430
67206
20782
80256
42212
78566
94300
16673
17524
13013
21558
88575
61746
21815
95626
97245
2452
6267
72291
63124
6608
57676
76370
5291
96320
72529
1022
43710
44681
38381
63803
59310
96748
54632
99743
21755
81804
76018
32812
40242
41616
66025
92334
79792
53991
61275
86556
62074
96502
90889
66386
33500
56787
86794
89608
91791
51287
64810
20645
34436
73632
27659
8158
49976
85933
78943
55144
33043
35315
82462
58913
95010
14735
60523
41002
98475
3375
22792
34006
69139
25862
14610
33417
5216
80504
27636
51762
52375
63344
56772
93660
66812
15444
61121
45642
70389
37904
30808
21531
41154
38056
26161
94644
15136
27298
37659
29572
90020
90688
92230
98729
53099
31285
59450
1330
25707
86187
38945
40687
35075
50090
33714
8609
97194
36654
81401
88274
28856
90931
99519
14433
50086
25921
99053
92106
57324
67415
68988
49797
20404
74272
92099
43526
76220
4163
61965
96223
1479
80171
94328
34632
12781
59741
98854
10726
47694
57259
68444
5189
43213
77373
92274
12567
54684
31699
88509
99284
92031
20766
21425
78614
39546
72015
87503
49283
10281
7427
29234
73508
75958
21161
36774
84789
63165
89587
64523
38469
94707
61964
77969
20362
76585
40493
70219
69581
64876
29109
99298
52650
34607
53772
95872
42413
26055
47531
16718
3955
33482
20554
9010
72811
93539
20347
63839
29245
57636
5962
22029
21153
37117
39529
30364
56866
20232
81820
57818
59063
7674
90540
87039
19594
13368
17217
59945
16528
71797
88012
21945
7109
46060
84924
81120
9273
32835
21077
66471
10843
12724
84624
32088
17825
61745
74238
29617
63799
85329
90234
42736
70174
21303
52950
9288
92608
37733
39827
23817
54218
56464
49507
47212
13632
77531
27647
86663
80997
70389
61766
89846
9088
22481
57650
58600
78407
74476
88788
11485
98741
88058
43793
88369
5808
3054
54556
92228
17249
65737
88654
16435
33125
33120
46663
55354
44553
41444
16893
19418
58221
6557
76385
3733
48619
41294
57613
18871
81160
48692
8190
67594
63304
78727
65140
41319
41857
47299
42427
44701
81176
74744
1566
25657
8644
46596
32378
89118
67074
29198
3149
87235
20736
19065
54055
89765
41186
28923
2221
98809
64985
45594
81647
25878
81172
44992
67192
79838
16304
73354
64862
75900
10915
50729
60960
4869
93942
10515
58824
79032
82533
20972
12798
89873
13341
97323
36325
17779
66955
4686
4428
37835
85792
75990
87548
51687
50756
87099
65239
41593
86915
29487
27401
52449
45497
22725
46074
46996
72957
96484
73341
15323
46732
97162
77857
75958
89289
74439
30302
59524
50381
65582
20607
89765
69234
19306
83766
65666
5090
82918
95189
13161
8611
52933
21916
43800
3024
47156
54383
22418
26299
11014
23178
46991
52446
89063
19377
46920
14543
87986
18563
17207
83818
31910
27969
76278
29124
15417
86380
63463
73621
19710
80560
91395
77104
57967
78709
57623
29944
45820
85446
89638
93004
31145
57395
46983
29198
31208
98432
21112
54234
95569
51357
17249
86445
72032
53973
51361
36004
97356
90440
37052
14253
26762
61191
47842
39812
26690
42553
12317
73126
47735
81163
23172
87340
52612
84497
51513
55031
99888
19156
15762
79999
92269
2282
7581
78759
60190
60808
63027
26182
54141
47888
13051
22763
26889
78447
813
10809
67754
69837
66508
41764
21200
34598
76425
2488
68637
39434
23260
13402
85871
54386
22955
85915
73341
96520
56625
12308
69034
2845
69305
91334
98209
54030
74630
1787
83140
25134
77525
69520
73994
97491
42697
12501
89729
71356
71948
400
63897
81719
32330
42234
36196
72469
54491
41093
5986
97631
68256
68299
90163
85008
59714
31238
26320
19572
29232
55619
26100
87970
31928
68770
30446
83153
77798
92188
35989
28503
55302
13356
72258
71007
78288
28296
45594
18147
7473
64988
59141
72288
36204
11463
65378
34681
12109
80699
40405
99401
59692
52684
31151
55926
20453
60490
52127
53105
57961
36738
64157
19994
77680
97381
38038
9574
80637
18453
11116
95573
76203
83609
15427
56347
27706
11649
31261
36254
57761
54487
32778
55973
36486
73521
88090
96125
28669
64654
29253
64152
69356
28884
85634
69535
17738
6389
49502
10475
20311
94218
49826
32635
255
82535
76427
25060
45291
75348
68571
71144
21736
68121
55638
89857
79789
14329
33376
21619
46536
75448
1923
74003
66471
12754
30332
92757
23953
8933
73434
81512
27214
2617
72773
97126
59370
22341
35002
12289
80968
69599
82095
91913
10067
85151
4426
34440
67402
52468
58450
69402
63859
21268
96602
31122
8377
54965
83687
58445
53541
52073
15849
44953
70363
37531
35188
30629
59621
7034
67240
10870
15207
33014
71181
2489
36098
54740
14878
54649
17716
33277
12484
82465
66153
27000
91336
81390
68054
76256
420
97312
33103
9360
76010
2640
28587
95295
43699
2241
52869
64112
9798
32798
46082
6563
55758
12316
25574
55706
4496
98786
70964
77474
8816
63725
65250
26405
66596
14603
45480
53796
67039
83805
25270
88058
4820
71113
77486
8381
26587
34820
52216
7663
57015
81395
55501
85951
54961
99211
82980
82708
50940
99909
97271
75212
97508
5526
33309
83239
35567
15497
88930
75751
84341
31108
81738
16641
56364
11807
75799
52033
2066
5721
62490
80482
52543
81418
83847
48671
61537
88883
11772
39586
85958
3161
31247
53517
47569
82569
564
27290
29415
22575
72863
61312
88003
3575
6550
31820
65267
37804
64410
50722
42573
41459
13628
70617
59507
2015
95485
59846
37947
84994
51867
28021
46218
75586
78872
37301
64105
33747
61357
58686
6516
87509
483
45931
73118
98342
41776
33333
11756
98684
64595
30517
96650
66576
31611
14881
17285
35851
91038
41910
27037
4826
43925
14478
72690
91456
68494
14849
89930
90139
41357
15474
90292
23680
68165
56727
26424
82071
60750
79992
81021
70828
41446
66929
98151
97736
80767
5022
68722
35875
73129
41873
94450
6266
51737
84102
25090
58183
26939
43252
82427
79378
11545
32952
37897
80700
17688
7713
2218
33092
71848
66867
17467
62774
71666
87189
24514
53732
21533
83357
34899
64446
53013
83315
29440
56220
89942
54493
195
73610
63478
91980
68328
81329
37312
10785
79691
85606
50652
56421
71783
88345
82929
70158
49469
14453
92254
2950
52421
99007
85603
50106
45428
5501
5147
48771
38315
82514
93093
9413
33706
7570
46840
48980
38196
91791
53995
46137
64879
23970
94997
83604
94611
9242
26240
24088
22931
89631
32874
45095
24732
28174
68242
77013
86573
59728
56911
92933
79095
14937
21947
12129
53951
75323
28013
94120
54351
36044
83721
73742
53337
42234
70156
80697
64388
97255
13375
12219
20896
8845
43641
39710
48633
75294
47746
89968
43312
72367
19827
98900
18644
83960
1756
67211
30122
29803
98301
55610
53489
53094
8330
33698
7653
30693
33485
51340
22338
59773
63421
89994
62907
17896
46358
56322
93184
29184
31890
35699
70107
78002
75364
23196
78026
87951
23080
14556
77767
51470
5243
45470
50262
79956
83549
64456
69956
72327
45531
76786
60355
15391
12111
8790
12380
37483
77643
17384
93386
76937
60673
87839
30924
5864
57249
71063
79319
42337
1755
73803
31400
72653
28129
83191
10051
75409
63751
81163
76105
29427
91371
75732
31077
68051
1047
72403
93838
94181
73538
45584
42875
33556
22573
91302
80777
31598
254
42584
8166
92307
36464
9412
6783
93498
49011
8752
79791
76428
61462
42686
52651
23766
89242
80370
67410
94229
23207
910
36569
60583
53752
58977
53135
28828
16192
18831
34809
78567
86447
77295
54092
7500
77735
75038
24425
45753
91484
2650
69885
75134
98653
18565
65595
47587
13574
97275
95971
19251
97648
14180
56384
42275
12377
26892
92332
52515
83937
27257
41365
26174
98017
84128
5350
36112
48834
46878
52543
64359
42006
97787
39596
24349
62425
22547
55776
24100
27832
83217
9832
85358
87930
70491
88400
33154
80451
80013
91442
46669
70387
37389
94352
86730
37452
36275
36711
96328
26413
43952
64065
43139
59001
86673
18599
88388
54653
41628
76102
40343
67444
83844
91151
66700
24397
63077
92644
98554
2049
66550
26129
91849
29609
97638
47817
81742
92069
19306
47915
99447
15438
74202
39018
84558
3473
66468
23706
14381
30344
56430
22430
80057
11855
31677
84401
62957
30539
48431
72636
32600
38389
98817
47954
56312
94078
84789
3203
90183
28278
4677
95125
49021
66246
44410
25251
7873
34511
79556
98112
78350
90387
99280
22355
92656
80282
1346
80481
24001
20482
82578
42405
67134
4319
75059
26257
28912
25815
70272
64814
391
89680
29025
46670
40267
80530
20505
24904
18319
51948
91179
37639
90522
230
83611
19583
79167
70139
22319
77665
46564
61773
60563
71921
93931
94893
58397
5709
39799
49174
9931
65985
12412
86130
5153
27547
70507
40412
63894
30352
33521
62550
60414
3107
47886
17375
91098
29704
12508
96131
50155
88092
77541
73206
73478
19657
8146
76605
3014
15747
96072
18310
43462
93458
13736
37493
9111
42398
95957
22566
47074
21704
30150
79436
63852
4043
60619
81462
67568
86706
50070
13341
57847
45921
82327
58482
58364
27282
69229
65644
86384
3473
35341
14897
69640
8270
88773
70107
59395
21308
75641
44875
75570
23907
77539
403
48938
81865
37262
11833
10027
53051
60682
34158
66149
24606
87996
80205
74519
17767
41107
32276
18530
36335
13453
69780
10435
20733
45027
56604
64072
61865
40520
82742
18485
93826
72348
22810
16588
74827
35102
48270
63232
86987
83349
27274
88897
42664
94514
60118
90706
30907
77164
54442
93837
47986
35597
40940
69296
10894
14383
11458
60089
14721
93039
34133
24378
83777
60665
39076
28593
83406
33879
39446
60438
63712
57445
14696
3505
55419
28591
51795
21256
1527
28712
54291
43131
14907
15508
33364
11922
24651
34941
92160
67133
48625
61726
77025
86815
44456
92428
17325
44515
65233
75043
12224
55015
97464
87564
79679
53694
68466
94088
19298
49826
92367
85196
90058
86882
67091
54728
9835
2675
48171
23304
73741
33911
36742
55064
47113
84092
43318
39246
9308
18894
37645
30404
17548
47169
75168
84187
34624
19088
3846
1222
30336
56687
52459
30811
23844
42857
92329
40042
51844
15837
66502
33385
20473
41025
33029
1248
28301
82474
99316
57562
56809
99096
5465
31556
82165
50010
5653
57164
21405
89129
38049
73313
51611
53393
83948
66243
83708
28553
34727
61416
39596
74338
61773
72515
7296
53370
37468
68217
50047
65463
21366
22445
9166
44975
94503
12130
82936
22227
3659
21304
9869
15406
71825
10551
53079
16694
49183
82125
68368
84710
20715
63883
78942
87136
16239
54267
27089
21325
85614
22629
98462
60197
73131
99094
74126
56104
52105
75844
13613
4764
42136
93037
88610
12053
53890
97063
64094
52548
2655
78221
90474
21016
78722
35028
15545
83915
18642
16964
16386
5408
42755
95767
96493
40133
50008
27774
96187
67064
1170
18886
60649
9643
74391
97728
78382
84894
21231
39524
9167
81903
36506
77692
93500
64542
76526
23670
44575
21224
29697
14361
78904
77690
81457
49284
59589
61616
27336
32414
64335
83994
39725
79965
74530
49306
61455
52425
54215
48131
45301
95955
39243
7652
26707
9125
63667
31647
41371
92166
91515
351
91148
41684
9396
70788
65114
63678
490
74113
28860
86993
30417
81450
96551
53131
25403
16633
54784
96248
42756
72308
52962
48795
60738
64870
68971
24080
93440
18762
76693
82300
15522
15531
40925
81767
17521
56528
71371
88813
31868
53108
74020
15444
40915
2184
6053
94227
4002
8521
13389
87759
45233
29699
90239
29219
38800
31601
31757
94753
58293
61727
51127
56463
2820
41152
91953
72565
50202
97021
12328
44983
4128
8458
10284
19094
12120
6834
74369
64677
67862
14099
71011
75481
98583
32981
64516
92193
74749
28143
15122
61813
78104
63864
60236
91417
29128
31201
90355
34530
41489
14926
15440
29920
90117
20830
96729
93717
10885
62984
23249
60882
48920
90416
32731
73682
76152
5093
21289
976
74307
22824
27709
38860
59171
68193
17877
28930
11625
81014
13444
76209
24022
83802
92076
15381
29856
34892
3292
37230
17280
29267
76264
72429
53379
59276
82077
41105
65034
60569
86687
43431
62087
45410
23861
42125
81554
66923
73850
87455
69041
13616
60256
38248
8042
57886
28870
73290
75889
57181
71318
6935
72013
60049
43359
51392
17461
28894
54256
46813
89704
922
74234
86893
94776
51217
48658
32515
46653
46563
27041
19200
46991
25751
23291
4648
94057
67407
95903
17322
56455
71286
66822
9669
39609
41878
58634
26867
10487
76735
14435
70347
37089
66976
58780
31627
28064
41665
78784
27843
48147
20058
88583
90744
68455
88597
29328
91199
85553
54558
52166
66411
40553
87881
70730
7655
22544
85422
30305
82946
65001
3782
70613
22855
3103
59023
84989
89947
20696
20201
87673
1738
65718
93410
21328
15977
46050
95391
5297
64602
20093
81044
14410
64072
56357
7099
42144
87110
83708
2174
56035
16105
6169
90333
25145
98460
94011
59799
67343
81517
16392
10105
9332
80523
62052
90716
3171
22856
15025
80700
13015
26346
11610
12349
84106
72641
89957
90359
75990
23510
18738
60594
3633
54771
91451
91056
80062
76089
18466
13863
67843
12616
59617
17616
27999
64130
70765
1370
51028
88238
8235
44128
6871
50931
99215
30320
27116
14004
53010
59814
41673
13652
22029
61948
97561
97750
85779
69346
38802
41198
57379
55826
13076
41414
73692
60961
47477
43678
28689
75966
8115
43712
23334
59713
49142
25907
68507
23555
39591
10828
52509
33151
21183
6589
62113
44010
63496
50715
86118
94356
92728
90280
84411
64419
50782
3495
53036
16683
34777
19472
10516
71580
58214
86878
29315
23353
73738
36558
46987
67810
42946
47156
86891
4979
53623
97197
78817
7067
71571
12590
88362
20704
46416
98565
48320
31594
59387
39768
79267
5877
8885
93960
18550
10475
52924
56668
74835
48432
89681
88844
44736
3135
25973
11941
84064
36405
51521
16330
92322
76850
60299
62812
47653
39310
80187
10730
62480
76121
10032
44341
75698
43771
11662
24747
32193
11715
94112
93709
41971
33960
92954
94142
60168
88646
64828
47206
41593
73693
29781
85109
23029
87136
28638
68176
8728
70548
71289
92547
95757
75691
42989
35326
62094
2272
78008
81626
14332
53257
14598
54284
92213
61894
43096
29590
68327
99701
49619
69507
14723
28609
81062
75839
55789
37142
27637
26350
96856
60641
69884
97547
36638
36257
84757
19879
82880
42195
21473
11860
57768
87323
25896
49419
67161
40136
91171
63717
78964
75501
62514
82909
15979
15684
42976
82729
49525
81662
79870
37057
75521
42878
97326
40599
13939
52748
15510
14391
64833
74509
93078
65391
92663
65590
65940
46790
10461
80763
73670
21544
11948
58424
93490
96851
9332
52131
40318
59375
7482
16618
38924
17218
97794
39521
97884
60095
79574
33231
63254
83932
93821
39849
78835
4849
63215
9771
7367
18456
36954
85071
9137
92359
77528
32568
50394
15889
18790
21930
97783
19705
92122
45084
72225
43136
89540
88170
97794
81962
35704
76206
37858
50569
11053
15630
90250
16010
71280
9304
72379
18733
19186
81490
23014
94173
6603
94813
60470
3892
66999
54600
29664
58539
72782
2534
5697
42020
81694
91221
7298
63155
21564
36574
59594
11687
75585
15822
76301
43303
37066
87696
40663
83005
79322
4237
1339
89028
67705
37094
51463
4121
49650
92483
95940
42934
34977
75619
12511
73048
9345
44034
94052
26714
5852
30050
52005
50221
92480
82187
42888
89478
98290
46145
32890
94366
76288
21786
68636
57814
56462
38927
67486
85175
46095
92289
32342
2435
28104
53460
58461
83815
2311
48294
46680
39066
27687
79213
26275
90264
74955
45979
94768
35456
84662
15092
30324
99600
17035
60015
48463
13931
66700
95390
60455
3594
47463
5320
61564
90074
46023
43685
44527
35025
94484
19469
36979
86792
22526
76555
47409
69497
55827
17066
81314
60143
64122
48535
88947
36518
81280
16333
51001
97823
67648
2735
58513
51979
80029
20829
60342
57
12287
66387
27022
63515
94360
45163
67824
44655
27760
57976
97068
86181
69016
77155
6582
18021
8887
32966
47858
98545
55881
45772
38200
4908
18712
80062
83554
8695
87607
33288
68975
87145
93022
12355
29820
70701
3554
73888
32889
60462
91613
75912
64631
97021
91336
69592
3494
96657
98198
22231
15945
76984
50839
29715
24085
23899
6292
50908
30722
8521
15560
19494
58644
49995
8229
44879
5553
66910
39220
38841
6424
56201
983
89541
46449
83678
64316
65713
42039
65390
58476
64974
14402
87291
51659
29844
44359
88064
84938
20987
41790
27168
93060
73121
50934
30256
36044
83190
99960
26693
39070
2339
48960
40770
36248
82567
24927
10902
27480
29058
50582
38093
53782
66630
16721
67962
99264
41710
5557
22773
32428
2174
26861
41214
29997
86628
27551
55312
16551
23476
2490
8283
62027
49389
85053
74736
74999
14774
36588
14417
76014
90707
17295
10881
83352
80621
18853
30581
69877
99840
9198
28984
92246
5485
52458
15794
27293
41891
69623
7507
76128
90489
88921
70604
15014
77456
78235
84999
14674
46396
34157
62405
3557
90749
88358
81046
73385
93968
56576
67341
96491
81634
31741
6226
44607
38679
96670
39477
59731
59277
50732
50648
28730
19516
71506
70188
33183
85526
8052
16265
49803
40041
73176
92305
44194
75275
74577
22809
54387
3916
89830
74528
30676
48050
91754
30722
14142
42875
99930
15627
52920
46577
59288
60609
44800
82280
30387
10449
61759
54340
69906
47297
60461
58005
61750
88384
36738
48535
43825
81740
5341
65992
32028
37617
39465
28655
6754
59174
87866
78773
57060
26485
19730
62625
99273
84389
41964
35730
61367
43135
87905
84038
10836
97021
58590
24170
13946
13689
48144
82620
99184
99009
6871
48185
82183
26602
54437
16750
44928
50246
14329
39915
62879
88649
34566
87820
97753
49352
51773
50885
58134
61463
32979
6316
79264
26056
97251
6813
61365
98686
39380
3428
96980
32190
38674
59587
85605
66471
99810
48822
78313
64885
96510
60170
48893
86619
67559
47825
38483
30969
61410
35549
38298
76363
82498
77578
86142
98919
99154
62894
66833
1129
99555
21787
31571
15212
17551
35221
66284
35747
56220
89999
4560
92109
52719
40109
66624
67144
98058
72354
16209
720
36146
85666
57660
1318
12688
20264
58684
54962
68851
57460
43699
42244
74133
77810
17476
24133
74481
27424
43512
17457
57698
42891
67766
20723
22860
90012
55107
4695
53042
3127
67135
29709
54402
56188
36821
90774
89661
12098
43600
15553
34948
52384
18048
2086
3303
39452
11641
12972
88072
61901
75246
44221
9545
13523
21424
694
3957
69043
58967
67512
22425
5609
17235
7438
49811
25123
35184
42347
46527
53252
48253
93672
18945
53490
34424
34742
88983
37045
93790
73987
39952
32197
79386
59997
84685
21850
54632
27944
5112
53639
63497
96131
83697
29123
58510
40010
20971
17742
8319
31915
55985
99057
47686
11029
48498
85396
56126
54263
96969
83393
15659
12988
22673
97824
61834
77687
51044
12925
97112
49848
43148
11274
77432
42053
26870
27995
33411
67276
79967
21381
37662
81162
48641
33706
26471
23949
28017
79650
38344
31236
58185
95762
68246
76299
30945
45725
76215
87685
46129
61027
33565
90427
18166
30848
50628
46781
90517
83112
17249
94056
75981
40557
23998
20935
38979
30624
67437
28456
14832
88222
4200
46088
46273
19853
75619
83914
5761
57308
43881
49306
93536
56174
60726
33589
3581
95304
20796
35172
98179
25516
47608
82276
2540
58831
62982
46611
8609
66319
56777
20517
4333
88348
56276
57075
80751
74412
1256
70739
56454
77762
11787
81424
617
83901
23144
23395
81284
45259
38117
87430
87247
14295
27768
54078
1648
50953
16398
61044
48305
56671
33369
23115
13181
28032
23728
72671
83679
43441
82833
54346
96685
85907
60418
30166
78037
68564
80225
82641
32
87623
90437
60746
91853
36671
79665
52448
3167
13336
369
15509
68146
44809
15592
50809
82510
46547
16842
11392
45524
62264
79850
53137
44676
94102
70413
56698
10650
76577
29490
40561
32374
74058
88329
21292
29780
41237
360
98911
67916
15476
52945
75500
61117
72072
66719
73328
75807
96823
28262
68195
714
64140
64217
98208
31522
5718
14343
51519
64333
48720
95749
62661
45827
73975
28023
76819
35037
71976
43126
65571
51771
18453
54655
42634
29648
35750
30298
8973
4954
30170
32241
27149
19409
73536
10702
8129
30965
37173
7275
56733
2594
71011
16211
37620
20451
85559
26385
69534
64302
78714
19979
14597
31073
55451
95242
58459
32986
60445
49126
2660
52737
40339
15387
86709
26752
81317
65974
25450
54482
64125
39158
6735
72512
22046
9925
47286
87295
80692
15539
93937
2396
6665
98468
22746
20894
20418
42721
92152
17676
11026
19795
40443
33058
99666
59852
89066
53956
80479
57331
90060
57574
9569
92671
79316
87062
62286
15674
10155
28829
63624
48994
16000
95197
79113
72535
86411
64157
81913
44348
94256
69697
45513
26192
9347
72891
98561
48056
90977
43180
16752
58055
99213
98319
20529
486
2399
72610
19009
7422
59988
9825
66024
18564
97732
58331
86072
78254
25046
15850
72454
9348
56936
16087
69692
53809
48796
57918
12272
84410
3374
59320
36319
53630
23625
29883
75368
24594
11301
9608
1669
25162
83261
73436
83731
95282
72451
51639
28696
15720
55858
73218
24456
47362
83965
40648
45199
51762
4348
72001
3682
96756
46046
18995
41271
63903
56346
88419
43074
7045
78817
53231
95542
64141
93266
63447
62903
64607
76436
35572
30922
32044
90104
27640
43727
89808
69304
6784
36189
9676
76855
25486
65001
58689
51898
43011
32517
22357
71546
19815
16382
48861
28215
43366
93420
30171
48370
5510
91267
85538
28527
89844
72520
30354
35914
29587
52016
9437
34109
1349
27419
97090
96494
13381
36192
80349
35256
8105
95796
37668
92375
66228
90934
49502
49945
9151
1606
97386
46074
46363
83127
31938
12785
27700
74854
19291
90718
36092
74478
10787
3638
31855
63683
41915
66349
694
63208
69043
86407
29197
56207
47526
11449
32396
80212
94126
88482
76120
67417
55440
14319
77655
41748
71175
62681
77418
32779
20607
34654
85497
15832
61885
48500
31643
37481
72072
45204
50282
97370
26176
40981
98028
87890
77502
48016
85376
56532
27494
2121
63562
89740
2103
87701
81009
21108
57525
82099
48326
63609
67302
22870
65655
91999
77842
17857
73251
3972
92611
69511
36657
44734
3232
14027
95773
24705
28316
25556
66418
67557
5727
16706
18111
95043
46157
96698
45685
97265
19988
22751
16325
86777
9498
24897
69163
57355
98023
24891
68743
46220
88866
12071
79129
53411
30174
64688
22167
81310
43397
66912
26891
78905
70230
73559
83435
76227
66525
39621
38751
78505
84301
71392
99427
25611
25103
56768
70911
38821
58497
68674
74057
56121
5127
53967
68125
55480
21978
57054
18116
76468
34231
97695
85020
5007
23043
57613
99042
80693
89857
36715
20071
47788
86854
10155
60043
27962
86836
82397
25521
96461
16701
47079
22083
31144
4536
69579
87739
13016
36863
82669
58131
68287
33956
2851
15842
39446
6129
22082
17380
83658
55271
46361
87192
37435
48780
15173
82089
91318
33112
28378
43148
26760
87119
35114
60862
54516
88638
56149
2642
13255
84437
93778
96957
78905
85152
68356
79672
64612
25023
71178
65342
79078
91208
48891
10243
38827
94158
50256
12397
52073
20189
2151
64098
74662
53632
59891
12742
96916
95663
74700
49479
40991
38176
72125
52387
14328
17268
75401
50492
5163
65822
58856
77205
89885
58330
3399
96227
58549
304
41859
81438
17347
68105
87012
56862
79694
39195
67700
7695
9452
82227
71605
69741
78884
57619
65243
35686
98954
28231
83652
39889
6002
6042
85606
70538
70641
6997
2062
42020
40962
18763
81229
96070
81830
47219
20891
241
67064
52572
31718
91211
52969
28918
52006
85622
42004
76157
37201
64358
1929
50087
88163
94733
14158
81153
63585
32676
32855
86495
38400
51389
53048
78054
91516
56417
7153
55019
46387
63531
25978
46810
20625
79234
64452
30572
66607
90715
33217
67508
89719
75467
16306
28816
4772
78261
56991
80050
20561
56483
87756
67828
70191
2838
16684
67667
68547
21012
37908
55423
24970
4647
67565
77021
88001
58466
6941
83743
461
98269
86338
29048
82668
58320
93976
8624
38656
73730
33199
73324
78237
59986
21650
54033
67956
18876
84216
28212
28397
86891
88085
64695
80659
12842
30214
80649
5880
84932
83014
91172
60748
13654
59404
82495
90209
92687
25828
8367
44708
50606
58587
13420
96088
61074
91069
30756
12149
37899
82179
72510
7571
28927
9405
88915
25645
98205
67232
73754
92093
61440
38084
12168
83770
84734
73533
52098
13327
98937
77226
76096
22415
9789
33763
3641
549
91147
60488
23164
97436
85776
39181
21952
5050
77252
48543
80252
46899
25992
7916
32936
15490
67489
94022
53675
96362
28659
55480
83756
52672
77466
6552
64302
95663
77649
71030
62169
99558
72536
60111
10777
17509
92312
60560
97855
97122
65060
60720
11711
70569
9878
1543
23443
56649
6156
62674
8979
23923
57049
82905
80522
82955
92070
41292
81381
84501
55531
71246
91026
11123
51438
99263
55038
80990
22654
46296
98039
59121
30450
11377
14645
33491
20066
59490
75512
14411
47850
37767
14364
41659
92108
52300
85709
37331
91067
94597
52409
42173
18763
50463
85835
38611
80463
40163
20348
71463
8713
68343
20396
15656
50541
76564
24760
71943
41022
68313
58735
35034
83505
49946
65957
97318
39646
57469
98460
74010
53998
63543
53965
57476
58337
64178
87058
89779
8715
98783
43850
23058
94363
31181
7085
58683
30854
90132
7892
63953
18671
37310
28674
63688
91172
46865
5779
53827
93311
5231
54103
41743
32982
316
35183
58702
66893
84784
72153
22878
56901
80173
98064
74948
92287
99365
44194
43179
30497
79491
36530
80477
43915
74830
31036
43664
66365
99669
76985
80499
18259
9700
97818
61904
35973
62323
31772
58477
95670
79633
88439
47687
9959
26550
48220
41401
60816
91238
28002
66465
97749
58633
66604
73993
76727
4465
4422
34859
89040
1720
18035
37853
50043
76626
84447
51948
72057
20877
3636
37915
98996
30721
65217
17274
27816
24928
41963
71456
6182
25917
92493
10408
60073
41367
48765
33247
7239
40698
30770
79097
12333
79446
37767
64623
98782
74546
50773
84629
88253
66850
38997
70782
55312
33125
49618
60890
80119
53565
29524
12235
28162
65349
43217
95397
49422
18414
25564
11434
90207
71618
42528
46965
76741
67265
46187
22769
82880
60530
51751
99648
25884
23702
95195
4288
42616
91302
24133
6698
36693
5558
50772
8182
86837
37223
2812
75975
73293
46304
50873
96431
34709
95857
50870
450
86740
76112
16519
88141
52112
19972
3307
66175
56318
75907
77594
4062
42556
35379
49396
76122
90328
47922
38588
294
58154
74394
89494
28569
3727
40197
11925
66002
50297
56339
68694
93767
99033
20481
38644
55055
33640
36555
11239
31307
18833
89703
23301
90536
17551
15388
11151
40214
29964
90152
42096
76645
10053
22772
14972
68558
17253
3742
80933
63962
1691
94272
7863
98258
1651
22256
5736
25776
8027
76468
90309
34551
49062
84062
7327
51468
65458
22308
50647
68431
43961
33898
30993
14728
31111
81351
45200
57022
31834
63389
56020
31218
12567
50844
56309
63998
53676
21102
61708
9814
6306
36247
48840
2412
81884
11898
1924
38934
23048
96299
5245
88393
20655
68791
79019
95137
1430
62953
36630
39253
92594
56358
64959
73234
42620
94362
47611
61702
83097
90406
3371
32816
60624
7147
34291
6711
57097
60102
62690
49727
23900
76664
51210
83692
78756
68255
75586
86175
58287
5104
8182
42055
23981
82667
51887
24695
53798
57727
2394
15607
15512
68132
4541
71080
5246
94374
20208
98552
31308
25766
63345
78134
66175
35142
97177
68236
46786
78873
60545
17892
69477
73114
7991
30076
64975
59478
56891
21280
71505
97209
81321
19478
16359
13515
69745
19580
85340
71440
36965
86214
88986
37215
95074
30157
57376
74537
57002
10910
42289
12793
13599
49797
61016
29133
27218
52764
90188
92735
27473
22128
66943
84035
16255
17062
15316
10892
43103
3833
28503
2891
51434
12804
29091
29478
43367
16665
57887
76639
18137
11975
86987
78247
9898
39528
43330
6682
10147
76570
36093
25149
39326
92551
47535
53452
1189
32200
77025
20971
77292
64705
78816
50571
67409
51644
97308
9880
2616
71641
13164
95636
70017
61132
42621
25066
72582
3452
40326
46939
86050
94300
69413
61583
94220
38737
9354
31514
48502
76807
20121
86452
90383
36810
28527
31832
31787
90165
64834
50997
69940
76994
44534
99158
7021
98885
19461
9338
86462
26441
99444
5090
55879
26263
53622
17089
95188
72909
59649
16956
2158
82630
1467
97814
83949
6031
34196
80101
53810
65393
82180
67625
80460
92300
18326
77182
65131
41048
95203
86789
74775
71643
58253
32881
23290
20185
14890
43881
3936
97572
5337
44418
48906
75739
65448
91017
62163
64078
35734
57654
56850
47989
6388
56397
96907
48809
15980
4965
93894
9165
14876
32933
99742
39264
68640
50124
13892
31711
18894
8076
30059
90166
45810
76043
11839
92285
94733
10133
46705
95473
91759
4891
92012
76544
39117
99333
87995
99992
82209
25835
31255
63526
33167
20576
41610
77586
27498
95629
95663
17849
29229
92644
43528
76210
84585
39676
57667
24511
30484
33381
81393
25966
6618
32033
55837
22839
47921
47847
72627
76344
45102
35686
86061
29632
90294
9066
61276
84224
91700
6589
98104
98632
5954
16103
94966
33242
21312
23043
80361
37006
23426
65726
22541
15659
11583
50606
21890
15232
24953
47141
73034
88275
32030
67749
66603
33260
86322
25579
90486
37641
42369
90321
62849
59723
80856
52498
27873
86261
31767
72354
82816
6337
38247
25785
18780
11964
53822
46429
53335
51353
61923
71310
25328
11006
9832
76671
58792
19408
69324
47971
70559
91098
14949
63687
3249
18566
1886
91542
11038
71348
28878
7221
52615
60531
53487
78534
3194
69560
94589
24432
92367
88096
88224
12525
20920
41134
41426
75627
11434
91135
59980
88817
90161
45574
46066
80456
87606
2826
8650
58736
25411
18655
56701
60775
83968
90430
17827
32337
48281
82261
37024
53850
28443
79120
81911
29837
4854
28359
94259
10988
10052
38651
28784
2445
91491
86610
16798
57738
64723
48148
84067
65225
23463
81295
95090
98027
60657
53959
71743
63682
228
95194
69783
70703
4835
21608
27895
79302
57364
36127
87642
78378
91053
41153
62220
70347
36209
38264
97790
92891
35117
33696
88705
63927
17831
78482
44500
12507
75861
61699
76293
18872
21638
42111
16329
41713
90141
56069
14629
59473
2141
13935
33382
49632
2331
47707
13271
26089
38550
2856
70534
45606
9500
26511
19006
22481
33628
63220
17015
31792
21362
34658
81380
99072
6900
72759
86144
66547
90751
95416
55837
33831
37082
37377
80413
85830
23045
49733
79520
46338
17861
88690
25113
87175
84043
17182
4554
88828
22607
85046
24752
28953
79574
26386
13300
30682
95619
95160
63611
61764
12651
33770
99622
56789
54444
15266
24381
62640
42339
61234
58474
38159
80362
94693
86549
59958
61529
34380
25016
49085
9698
88358
69855
18185
99732
25200
78698
62277
47924
78189
59940
7872
6725
5209
71740
96903
30533
11463
26126
70245
27821
64458
35816
70972
56053
48527
65518
31171
59850
48564
19454
62683
36709
90867
56948
59632
25977
90832
42883
35641
7478
93235
50067
18156
54227
68493
39403
41932
20424
56784
96837
85332
35929
40381
52219
67177
54891
60736
56816
56877
31837
69821
83118
76891
13924
59769
59646
10739
87162
97507
44977
74377
69807
30868
55907
63764
59183
73680
82185
64994
88997
76898
31818
72236
17743
90136
14900
13297
28140
83815
76957
75727
47032
45761
25121
77397
61764
35210
8422
43459
96801
60982
28950
91037
67876
62547
3692
65112
30710
62894
70624
43046
89562
64230
52841
60712
79416
71468
98672
47491
12286
30638
41217
92994
57922
25568
73411
19440
37632
18149
24215
32018
71843
1608
82277
80593
64182
82914
52412
70291
48861
70531
59042
90947
83467
63124
64074
1324
46236
82418
73701
87114
20803
54174
72939
73860
79346
64644
26583
46945
28782
74801
30872
22638
17857
31433
76369
26016
25889
24188
61607
66697
61419
46748
81240
238
43625
84233
38998
57259
68460
81797
67174
47048
40600
15071
21013
87958
70326
13307
932
27787
24383
81815
9240
66307
41430
96665
40569
44026
18961
49068
67436
4388
47594
45811
49422
16269
37654
86235
23498
21792
96004
30586
75781
95851
6345
99182
53512
63703
36042
39995
35679
66162
38702
6589
92775
96675
36544
85452
82361
5105
38419
58768
35750
15800
44940
83623
32350
81502
49894
47787
18429
75163
47047
61586
53307
79848
96143
12861
78594
53893
369
48309
43726
86695
58073
10722
25457
95544
17663
84220
80102
43966
81898
62215
71348
35518
75508
118
69949
7980
75086
59470
68985
37505
46298
92302
51134
67854
7069
83643
48194
24470
3124
18492
28562
24204
71173
91580
63955
63297
16538
28248
47100
85763
76343
37921
21389
6940
44122
32978
9051
27288
99687
41560
28025
36106
55463
77905
65486
21557
143
48991
77063
11273
33886
41238
84765
60942
16685
34020
98647
6570
11471
16648
51788
97683
13424
70230
72126
94812
86199
22306
51924
34133
31387
51665
37510
75646
9648
33660
97773
25723
81817
58828
73079
98098
27335
54599
24496
83113
94947
22801
86961
90322
18775
34330
39697
77297
92160
12007
31329
38035
61118
36695
33554
2574
67608
94074
54719
78045
51360
48260
3912
99382
87945
75533
15613
47971
93590
2027
14527
77435
45835
39210
94183
24329
17704
84071
35864
31622
98522
97259
98459
15195
21786
38759
10603
12010
46211
70997
52177
76031
92230
11548
49579
43725
46048
23139
50264
92564
61465
62588
13330
34786
97955
93348
87625
82376
63741
99682
81127
17164
57865
53872
33819
69276
77141
65318
14181
3234
21713
67876
96797
65027
26127
97489
53614
71290
33499
24100
68172
43629
34017
84654
69320
34644
13746
61872
42896
79115
49487
31429
7444
58625
9078
7830
49789
52643
42781
43071
2352
50930
94445
12070
96953
24302
22367
52102
35005
34279
79954
85312
97820
42887
92761
92087
41210
51164
66846
89991
4992
45032
26419
92101
16093
28033
26986
94118
93311
45979
91738
74396
70276
91419
30376
98628
34279
16887
2139
64640
40821
77078
7770
74562
13910
99404
26688
884
92815
95642
87914
57971
39642
60067
74091
2779
69701
36417
7397
86986
57309
12133
8264
9679
4990
28310
53926
58179
44008
5932
82478
91000
37097
9003
37871
85381
60708
39729
25840
30559
82185
68874
82784
37087
3017
11489
68963
75442
46174
88086
36618
13520
45378
17149
99017
29803
50644
29855
71648
33876
31613
50794
83448
74689
19980
8131
27654
45246
51964
83093
93673
46366
55438
58700
80681
13048
82823
77075
99135
27590
10935
27049
95740
35740
38443
48076
55180
88288
26721
25699
56536
3102
97358
64843
19451
6730
64570
40709
26531
89349
37287
81740
28173
26444
4990
90969
30297
29129
39385
31130
71673
43203
82623
35759
95635
40590
40151
77871
76660
54715
95061
807
12638
54936
87207
24075
99333
50228
90234
67713
64844
11816
25630
96009
2352
92573
94787
60297
11081
41622
75168
34008
31320
96546
33116
1966
76595
21412
43949
91694
81139
83275
93481
2884
42018
29459
37592
4333
46539
46716
29965
71192
90399
66602
68928
70141
42014
73351
18423
84477
98241
9612
74702
89261
69281
55936
89690
59322
95089
98325
48001
92385
60510
21211
1490
6566
36257
22000
47726
70070
80414
812
1703
29505
93475
46913
26287
16237
96259
20161
69590
28771
1699
11480
40361
51328
18577
56192
82059
3809
68546
69158
97805
42245
15788
68866
55680
4162
74427
75267
55718
33249
2959
53366
87408
9445
96145
68717
45037
86908
68366
65672
66361
71938
21623
20454
8816
55747
28593
65338
24095
60984
20159
37789
65606
5487
33101
67380
7334
33283
85759
95853
60786
85659
95585
11251
78868
97006
55779
52546
36775
14150
30471
5387
81290
39447
51261
13766
2942
63155
6020
39975
4232
3958
81813
85058
45083
67961
4695
12776
36637
82857
27871
68660
46369
34279
18634
15248
54710
56067
63266
29288
98312
73747
59905
10442
1111
91948
53835
97802
25627
2043
76143
75843
36386
95455
46460
26618
41266
23021
29460
89783
74620
75092
67148
48627
8856
81608
51417
77942
14108
97154
43816
40488
83781
36201
16924
11705
16650
69000
1939
75947
6961
42504
99292
78745
89287
85439
83954
48231
38985
50322
71056
20103
16787
64240
4964
6514
81676
90082
35081
25206
85090
91288
44184
72943
27320
103
1668
10441
15880
13720
67771
91737
79234
59122
2202
62151
76899
27450
26373
70677
42647
36458
78681
23538
81906
19121
95009
46613
48192
29779
88511
7333
61146
60011
45449
31912
68423
6376
21079
45174
91173
63436
92648
64943
2434
7299
87781
37085
99446
77825
67648
38920
7448
30871
81016
84952
32211
12539
94716
14522
99379
91424
70355
85625
96117
29419
11835
77997
95360
19593
24682
49542
66925
16029
6791
80759
65958
13089
94844
85752
44465
69947
5898
1536
41134
17081
11384
87158
40731
86705
13525
92149
13392
85063
21078
47929
61734
47315
14001
55427
27674
95634
43070
40852
10746
82505
2808
79915
64358
56905
20208
54141
99652
67601
50049
10054
39149
29376
9625
90030
46727
20239
34663
34083
44243
64047
81691
43158
91830
20122
44250
74616
63128
25316
74338
76687
71329
13293
40147
44604
19215
88871
53067
78811
20874
99267
63066
89458
16857
92763
23015
90246
5393
89125
16274
61507
13624
84444
75231
58654
92066
74990
60546
24673
60960
19074
62538
26031
89610
24367
90418
76977
67439
33603
26055
18745
77057
48679
62099
79445
93702
5460
16673
13601
88631
67689
63288
56372
41673
70852
98996
53953
7201
59177
71539
21829
59885
96774
74753
15155
31081
44406
63603
44090
14718
72370
47818
25345
44409
65118
34663
33492
71114
90198
99953
46407
88186
89008
27359
5429
39666
12609
99963
65459
94555
38182
89043
45953
47292
78517
30381
63739
78267
56221
2955
94798
95272
35964
29278
43956
82271
30191
1676
39550
70268
61277
3025
19222
83685
84548
82173
63306
36413
63887
40710
89778
54632
27190
46259
79404
64102
51833
958
35703
40885
30623
76442
4879
49647
57914
4671
52674
72024
42755
99436
71854
39349
59779
14191
29766
93926
73431
73289
97779
82579
4498
59079
42143
10891
25705
85243
72027
28299
1647
12597
39971
84378
97736
84522
92239
10578
86995
87735
81831
97203
46120
94270
78499
79138
43932
69815
40072
52667
40472
99218
28934
204
78683
8402
70745
99438
3240
27007
63857
60053
3926
52188
66820
86685
70786
29332
89601
11786
6993
82253
78303
56243
63961
60865
27541
76651
10574
78591
81910
46525
4422
62920
63347
86603
13440
92198
36588
45147
53397
98201
3335
32324
32126
73817
14861
58984
30447
77343
98269
98559
5146
17072
23927
17741
45011
98735
93150
91187
42757
11219
66849
8122
67558
69060
53955
52220
47456
51180
74132
89932
52469
45144
47674
40740
40404
16295
60090
20272
139
86797
18669
38811
36312
84112
63760
73886
78205
23229
7245
37395
90119
6822
54099
44082
35216
40373
19465
75453
49951
13005
85372
57550
34604
36613
55388
94652
97119
37381
13485
13249
31694
14238
14488
69168
34009
54834
32707
69563
75449
97078
83200
778
93208
85006
85412
36722
45307
16368
64627
36707
18042
60260
47195
74306
97878
88339
7652
52660
73584
8454
40907
21752
80931
96024
92121
24522
16910
38169
68289
42645
85931
43272
32485
42072
33399
21874
75200
65419
68067
57069
58933
27121
28052
12866
9887
98686
34071
33678
12684
51039
72671
6899
50323
62204
90836
53933
3239
75364
96307
25707
41316
83600
47142
53334
25097
28867
94331
24274
40745
15510
74897
12958
620
16681
27253
91141
68120
47922
95959
2227
46842
11341
54795
97874
40252
8487
15912
95338
90093
52004
91483
5110
15601
85834
68937
10871
5516
45273
43609
85882
87234
75611
85742
42311
84518
76144
43993
18158
4647
56033
50258
55998
52730
3816
42473
29510
50621
65997
16735
83466
66466
6028
82667
75570
97970
71567
50793
77179
60104
42750
64959
92858
44275
82376
53780
95093
41719
5568
75759
75737
7054
73007
82253
26946
87196
96468
94086
9471
79089
23821
66351
57871
77111
96652
30634
62886
78308
37057
92246
5909
30374
83048
16246
81133
26690
10334
54274
46293
31739
82202
36135
34787
48945
49086
71153
96827
91900
48785
32932
40946
2728
90687
41940
46096
59710
30386
82226
91352
81244
41775
28597
67054
98092
14677
63327
61464
68892
81083
26316
8021
71232
65356
93092
99354
72672
24671
53763
22335
15012
99225
61502
9885
34025
59155
44862
5217
26353
79988
36091
16144
13691
70651
1459
38818
16916
56859
44544
83460
96972
73486
46609
89642
77579
27825
48699
22902
74326
17799
16210
55640
18096
55729
80321
58008
15389
26659
31711
27312
8047
77223
7719
38939
93994
2534
27685
39846
31534
29027
18998
38217
22792
6133
82186
79245
13025
78972
47102
23706
5051
64232
60870
66152
67669
67720
13582
1234
59550
84686
62662
67167
18239
2464
54219
13467
66876
95685
95094
40698
34014
8481
10935
32633
82671
17866
18402
81955
45695
44957
26424
31906
6230
53538
58791
58978
41376
21340
8155
51140
74263
41961
43984
20168
98059
84601
68365
69443
71956
13400
95169
79418
88977
78292
85312
53334
13745
60132
29694
61082
52610
64139
45607
24478
84781
80723
48292
5437
46050
79805
10784
13607
34247
24011
84815
9181
81158
16836
2095
81872
73048
71917
63475
85188
85839
9820
463
22109
31844
74791
52888
88618
50433
39871
9356
88171
87213
74627
985
83177
96219
21555
9100
77894
38948
68544
7145
59777
20642
1939
21146
81508
65302
46423
64412
48697
31084
53921
76801
66254
47252
73849
9057
50358
88211
23800
84991
62162
58005
82119
92731
81403
97138
10284
65259
69975
41429
87011
60558
18422
18613
48975
13891
94731
88453
69492
58097
47705
94442
29091
29969
5524
71541
58125
75041
67644
2599
97842
20103
93278
69540
55914
84541
83880
74893
68750
96181
90575
81762
84881
51658
28609
62928
57677
18586
55145
86925
15191
94037
97440
93983
74822
60857
55993
3906
44062
98437
84241
27121
80201
49090
66395
39361
35012
739
47187
69599
57042
4695
75861
86455
33567
60387
70263
32601
51630
22161
99341
89741
45476
42249
44079
22676
73330
23740
60044
91027
76638
19849
14861
59288
83542
23175
18005
7369
16372
96120
87188
95781
855
49268
4566
36747
25490
60328
91084
31967
67421
10605
4826
9010
7414
61803
17665