1172
73116
49838
40322
9659
15635
82201
598
37539
3477
27461
85038
11036
4503
32999
14374
25476
81422
82328
77955
7184
25932
34131
60624
11092
63197
87421
94507
34330
54501
85142
41935
83880
93047
1990
57321
40805
50413
8540
32570
50376
62378
37211
28192
90435
79007
60442
17943
97117
9095
40026
35166
86218
35016
34434
28565
27835
13869
61821
66956
33297
25397
65482
5183
67378
33816
40169
99813
19962
97578
9572
68509
44607
28614
16793
29822
94445
41143
38869
67046
25234
21443
30960
15436
46971
48919
87852
39038
82460
42587
59391
80493
23795
77789
84123
23981
91635
26318
23419
9890
98910
96754
74582
38638
97757
77720
91757
1839
59308
8495
89043
60883
38673
50972
60184
56411
92118
79951
7915
24265
23394
48733
90327
90319
31032
65368
4561
37976
39827
43252
63970
8176
41103
34499
97185
19496
42388
79995
19091
75758
74399
71240
59508
96950
34386
90270
98462
84046
22471
60301
18811
41579
90615
3889
98328
4036
69385
62283
89422
75755
65530
84643
4651
42405
97465
34118
42696
32077
26416
97582
58603
97309
435
25943
69839
8439
89956
76319
45284
29312
86018
81574
89987
26178
10915
82174
55
66276
43976
49921
1216
37917
5752
91242
16636
46167
92283
33277
31584
79143
72647
56691
6684
33349
23553
79715
23805
92824
5213
19833
22358
39832
57547
79020
80903
79557
94655
97831
88552
78864
60336
28811
20924
6195
71221
58691
23821
51951
62690
99950
67912
58447
91625
51884
53807
57930
25540
60505
51252
17558
6685
25603
71180
52587
87718
90552
52161
15982
64901
71902
32934
29308
94276
64546
47106
69024
33298
29918
56917
41989
42185
14017
78445
92915
57731
75232
95981
71352
71445
85409
46027
37517
28750
22471
86632
83155
1810
97646
1485
49649
34048
77308
78208
47260
83987
85094
74948
72801
84136
67969
79915
69647
75347
16289
31278
65101
39867
31162
66402
78627
2518
87119
66650
29965
65245
1184
70211
91538
88142
77810
30705
10785
71298
32039
20465
5806
65288
26449
58608
90961
59343
60877
13748
9401
45516
28136
71517
50328
10643
38483
59894
50531
78613
93356
10526
55892
24445
96489
36919
44495
1564
48422
33557
74587
44691
92533
26368
19879
9418
2834
27175
25686
27658
80932
60375
20622
55672
9535
15587
71443
47820
10125
69326
53493
24252
18797
34122
44213
23580
45167
61274
78217
95506
34274
33387
19398
85279
59400
45394
59307
56743
57643
64778
69883
2665
92663
75551
36360
44266
51566
89573
98880
96269
60400
14335
65647
22808
54037
87291
29670
60784
31840
13830
25851
17220
42956
16987
52323
68518
7836
87878
48990
53081
91251
47372
30773
13890
35557
5086
22546
89604
62345
30498
78752
20279
49443
89805
88389
25784
84452
78746
98996
39388
43754
52941
42096
11618
76220
61991
16083
30100
6141
53811
55217
63782
60789
33909
49509
85256
93452
20454
54771
14174
47616
50768
95490
31523
4889
7650
58093
95257
46760
68988
38381
99957
14978
95514
43832
70996
35735
71942
59294
69747
84005
82159
87026
36696
45816
82840
23456
23712
77807
12131
56987
42441
49819
93758
62260
17843
98530
638
60223
37989
68877
33372
62632
94842
91369
11149
34939
45506
31702
35643
56388
36223
3507
6804
43334
65067
2346
15375
15711
79836
74984
79604
8080
66288
18384
51341
48972
97595
21097
2121
22009
96884
61557
98669
57414
68098
87603
31256
12999
10505
27447
52075
50678
47444
83291
46914
18970
39053
82933
90241
80202
99743
44532
12060
30005
99450
44423
63775
87469
4183
94399
62047
77164
49974
61649
41948
57820
81748
1000
9107
39099
94897
59562
38847
33629
48838
80604
61959
97410
51602
60614
80268
74797
57263
53022
62319
61150
81025
2178
30746
61901
46632
84899
74889
3701
93700
89311
3752
65918
19849
64082
73505
65150
80738
14263
90936
84406
32961
37030
99981
88496
80420
4102
63211
38292
99527
78015
84791
97124
57669
3409
64002
53069
27045
24456
27606
44817
86280
93328
67787
1892
51718
46745
20846
41954
71508
26156
17761
28445
7058
48444
44665
75653
80690
26376
64937
82915
76603
38336
66176
46274
50438
52630
72200
83488
69868
61085
13184
44615
48911
10135
94110
48919
95439
70675
62841
81981
57560
89817
94057
45300
43493
14462
99357
75361
43114
90852
48538
24942
97134
96154
20026
99829
27995
6282
54811
49298
72500
47576
67584
57985
15533
88907
68945
60990
59348
63305
89548
41852
60539
59935
46584
38237
25662
84353
92710
49787
57819
53923
14326
14100
66906
81694
17108
2845
24724
66913
85850
91292
3634
40183
14661
56531
32342
49419
81049
32585
64601
70211
84273
5156
67680
43117
43147
34888
44221
15209
42939
59558
49516
16579
21922
59882
98898
69693
7033
27412
79199
34416
40001
79804
5053
67715
78813
9804
17362
41555
38439
80964
84543
52623
54746
75197
29604
5793
28051
16333
80634
40420
16926
12289
53513
50299
16243
83746
88846
95724
17801
48604
24513
49163
31793
43176
91366
23708
33844
59431
47982
55131
40035
72824
51411
36381
29269
45081
27501
69084
43846
15540
40473
76096
66986
24671
51736
25388
69993
16278
22353
79410
18980
69207
63221
66364
11270
45410
82288
36666
65174
36919
55863
26547
33081
98082
28650
34590
17955
57345
3391
36155
21047
6490
13481
34326
55620
29542
68626
57022
45156
17580
77153
27277
88787
33942
71265
25048
69915
57699
7642
41977
91520
16897
98927
67247
98063
92983
49694
76174
32113
3101
76505
84284
34413
72985
63817
62779
36390
58362
2126
64413
68372
59748
64120
41882
83020
38882
94008
94312
66393
45304
44935
21874
21430
95245
73816
41744
12461
43295
45348
71273
15567
16937
8958
24897
25977
73004
38899
41420
17639
74553
41852
99502
55234
92305
23942
45421
9739
20950
29910
42204
50063
77787
33005
92192
6353
904
90745
33382
15518
98529
4822
43096
56498
61207
58352
30553
15765
94449
13068
78649
88738
82088
56171
56453
72580
63158
80739
77690
26618
72185
64800
63045
90415
4099
11662
71541
84534
9473
38527
83570
90961
50439
24218
54987
65522
79972
11689
58987
31980
42580
23530
7605
45504
17346
38245
84674
74693
18626
30968
83402
65650
71632
61353
12368
56628
75620
6202
46297
28893
47938
58320
97053
77688
16123
97151
82078
69120
86646
57784
79162
76378
21560
82424
56188
91915
27154
19390
38915
14171
93323
94695
88338
24343
35210
52882
8306
42773
9235
92304
99527
12678
12516
82839
3800
81549
36357
18694
94654
3065
33426
1473
93850
62690
20287
40520
80293
3132
32313
78360
19511
749
58059
67715
74541
13658
33927
377
21527
74260
47097
60346
7209
12579
13730
72372
8874
25652
66981
98592
91727
77130
39573
34735
31970
95342
83225
1228
32479
74918
23369
51209
81778
89445
90780
4535
55602
18379
68285
82492
11340
27914
37065
4281
25044
73873
99707
87717
40511
61954
10231
86023
37564
10239
6977
87449
7191
48845
25664
28749
89534
41691
99066
92801
6463
55489
18720
36748
2802
55306
56109
21068
24889
54088
11281
15912
92694
46409
62325
82355
15582
73791
68450
71808
96255
33765
10696
48457
69677
31083
51153
5570
73374
26040
73493
62617
4401
85519
51727
26137
2058
39374
77852
77727
81278
88987
84746
1568
98703
24965
99912
22558
38239
37086
58543
85064
43864
98296
60369
21503
22501
53250
96242
72463
93132
28475
81398
55174
64793
52851
52607
16027
67663
61236
59816
88462
7248
13341
70088
56577
38830
79919
57570
97434
41862
83348
67114
94531
39809
80568
67577
90656
38913
47931
58178
31411
66699
27049
66694
84473
92839
35871
63039
57686
5062
7657
44934
60379
48575
89289
10066
59739
81959
94445
34593
43498
54825
94015
5325
26136
97277
53231
29966
42207
31613
95113
49069
62288
82878
84104
32611
71201
13445
27383
96257
75619
14394
12804
66075
75928
98622
38461
2616
83924
44817
36683
62086
79044
20041
63053
2808
9318
34021
26467
78198
15233
29927
3651
82660
10604
16493
17482
47375
39630
41166
87151
49009
24444
2903
50422
59281
99420
46719
52784
29814
52313
73976
22589
12034
61112
67030
65344
56410
4545
17787
28000
22187
55623
94719
60739
86728
64231
83904
21411
10917
37664
10429
78793
5921
26207
35088
87930
53628
67826
47258
11002
79832
18582
96033
50091
82497
54508
61045
32201
19357
94834
82482
93280
25467
67110
52142
42866
20340
74878
57507
24457
95576
16597
89060
81292
80566
26358
65915
75369
78802
95703
59752
96588
64757
24953
98364
77539
794
40996
19931
26489
88905
55872
61727
38556
51621
29848
31530
6830
25106
29941
33497
21102
16817
19558
28373
98421
52950
68584
926
21952
87511
1613
12932
87792
15882
41506
63197
36154
85663
81442
73977
40540
35281
14879
1157
83951
78574
98721
18496
51980
98810
69927
62424
96709
97392
71595
63059
39490
20471
56838
61882
94277
11509
7603
1053
39200
73084
77125
22576
5804
59054
95813
18625
39106
54124
86379
26952
15011
41315
42451
35094
29873
19545
68763
321
29595
11107
40664
21186
90170
64147
10115
89428
96682
99981
92480
80234
32687
79061
69190
91611
77284
70228
89740
52921
32469
7862
53236
80321
77903
61776
95547
47117
86622
95468
26709
50296
56346
51584
67477
90139
92085
80996
68286
55986
38768
23751
25599
54692
19304
69474
76271
91927
81539
3889
81572
25066
43413
39569
67349
13010
65320
91757
66476
41180
91931
11006
30369
11439
27189
36891
46884
97607
78096
96167
54291
87176
51363
88983
97025
49372
76292
97618
74030
20630
50193
50993
18195
21626
15682
56420
63266
51230
96891
91348
47506
22586
29056
85530
61991
76043
73766
91943
51852
92071
8865
89304
16855
42421
32427
47739
95510
90861
39278
31195
85428
23906
43990
93366
54373
86503
69939
30383
690
37324
51487
30110
28980
22475
52324
72345
54621
25921
22782
79014
3898
98827
32394
47225
4946
60102
92264
31891
38352
44809
80594
37482
81743
72408
24576
6245
20081
1276
41497
80847
60052
51439
64071
26400
77879
64238
71772
18847
5798
63005
81462
96639
49471
62226
55152
49025
94677
21175
90121
40642
72135
52273
15907
24014
35364
14540
29980
36003
89074
11657
23215
7428
51554
45920
21734
76306
72052
49017
74766
38384
8012
96290
70917
73467
13376
67126
70073
55487
75897
48498
85223
12777
32581
48306
65298
55996
79327
29968
80293
95318
17135
93731
63077
35671
70053
88118
72684
61581
13266
47504
52222
42281
87168
57828
13415
50788
41387
20079
54619
55744
25805
66321
38460
26714
16872
65317
56973
43148
81350
77936
41542
97234
20081
96005
76831
46563
90520
90618
9974
31186
16673
72334
93719
36872
73169
64512
92633
82054
18071
41179
12054
41587
44832
42293
90363
46934
44568
54509
21057
94660
92374
58965
80707
20610
5980
22737
41566
79775
26004
23599
76909
69716
19922
42832
99645
42484
12072
44337
9796
81865
73489
37245
34209
43429
85112
13531
13569
79954
57442
89749
76189
19342
99440
36576
17614
24920
705
43489
94652
94525
26466
1056
60360
48730
50171
9880
29454
49931
8934
39489
22810
55632
2433
34291
32062
51530
55558
78171
36109
17449
18661
92111
69162
55856
57756
76027
14018
98364
24420
24380
87751
75682
61315
57255
79279
4575
1439
37931
27133
71586
14609
96004
75878
43663
57230
54319
36790
80681
67014
74023
28525
56065
68135
84891
31361
56921
74439
86679
17934
61840
4356
4737
48305
97736
65177
73046
77737
30027
9852
14777
1975
13835
3454
8155
62093
46050
5696
86931
9218
39532
25098
26652
74369
14149
47553
79001
51317
76675
76132
48192
35873
9252
967
13839
30133
87296
89248
4254
34050
61542
12564
97330
17942
50023
59100
97821
97857
18786
71629
96376
15447
55437
98587
5031
10206
32493
9007
18644
28915
95698
93212
89066
93756
71129
32953
67057
54244
13302
89126
20414
81190
65108
5554
24495
2558
48647
48992
825
94898
33913
44042
70924
9594
9755
91480
6744
23567
76644
45291
11701
2761
51618
33027
20205
59889
6963
50756
30194
69509
16507
99483
85026
87384
80124
10785
48939
83499
21856
24495
25256
86371
55927
63216
92720
51032
58062
15523
11599
66969
13694
92856
69692
85380
53640
7037
51419
40765
53224
71312
55030
28763
14122
12784
8485
70208
27047
31259
6231
89672
78054
3877
56606
55134
18507
15792
55968
2228
25432
63981
18583
66814
58872
58100
51337
58571
544
31961
67714
83836
87837
46578
42860
16723
84761
5327
9580
91800
3990
94763
98302
59651
49075
12872
47807
2208
81253
97054
58186
70949
8990
67833
57936
84184
29024
29960
65217
25988
92193
22452
98486
87662
55635
99941
37378
26106
31054
20314
81887
87306
87659
61828
102
21141
59632
72963
63174
64824
10395
31174
10089
44267
28714
72568
48131
61606
18731
70723
61617
777
88348
92587
99250
91663
49674
61667
5844
82642
82612
25175
5282
25307
55067
1437
19035
46737
51924
94245
90300
57507
57402
61143
17705
76640
50520
3576
7706
99236
76297
2652
79490
86527
56968
83040
99031
17218
43102
44524
34957
54843
17895
99213
20361
6704
74704
35156
10018
73085
91886
87675
86769
26257
38420
53387
30474
33047
7798
57475
66848
91311
49992
22228
49268
93998
2480
43074
72051
60069
23357
52171
70603
83706
73966
73151
87929
61129
99579
60937
81826
82332
17286
44209
86692
94028
68811
17815
18661
87872
28984
46502
92213
62672
69991
46324
94516
47282
29104
43720
21783
71465
83899
5831
29040
55350
62368
62139
92083
1825
21231
90033
24365
92569
30169
87603
53025
89477
34900
22366
49868
94532
78090
42120
34609
60338
59170
21890
42267
76120
93029
38551
82646
79686
59191
23175
23259
22333
28216
96675
9137
39902
72767
72625
42973
28878
38375
1180
11577
89007
83269
73696
8981
47820
30524
57528
82906
94314
90403
31883
91427
23398
20148
90764
26946
42768
81881
82071
15217
87747
14971
99559
24029
63635
44090
94555
81933
85569
66074
59470
60119
73857
64526
4476
66403
72876
64469
18159
41219
83410
91860
62545
51141
89216
80341
60080
12142
20419
57866
72936
25200
87210
53907
33603
34059
39028
85088
43948
34473
9531
60341
19200
66411
40038
26250
22746
30406
29397
13756
80691
9825
73433
45770
70774
36259
94079
69407
69834
16743
48598
77391
47427
24380
65489
86335
92619
53204
44645
93160
57665
14130
65597
43054
20776
95405
65662
94967
55044
49895
90391
26732
80407
39264
98893
5807
62281
12776
28676
62904
61965
37233
49115
32572
38504
6528
41063
57028
61326
31885
18185
17502
12847
14922
22466
12148
28987
13370
89074
25889
90578
4580
56089
94967
3499
15470
74045
24953
57652
71641
56941
22892
97196
32510
55022
11506
96951
68802
38050
63960
42623
40952
67451
50927
25928
88872
71517
41819
78601
47890
55936
49104
68959
78363
12165
14163
49695
20147
18786
85710
56624
35119
19250
83075
18608
82448
60696
6498
49955
98279
32214
69065
79715
12508
3202
58189
39837
93111
43139
41268
58657
9803
99012
47517
62588
90866
3532
95799
27804
76283
15028
58988
88422
74401
70915
31167
7073
91263
3915
19667
67822
38865
99060
3127
90132
52208
74369
75930
75753
15869
82129
99571
73171
19368
51191
73343
96654
76298
67809
42211
60979
22673
62084
79885
81146
1260
89142
70741
56421
11981
71064
7611
87461
44028
89736
28849
14234
57617
96550
57432
90570
91465
93737
85204
31008
41397
40157
1814
29835
75788
15134
70313
83625
67403
71693
27742
94357
9187
17876
6477
46123
23388
76533
86004
91876
48034
76654
91929
47634
83299
79129
26176
42892
11879
87258
73379
10037
34794
27724
76496
35816
90626
20206
33592
92337
97242
94893
19498
29069
98133
44351
38038
17763
56157
16817
48892
93837
23174
22017
8117
26497
16267
31283
94089
6217
59484
93267
74987
95690
83505
81597
44841
53232
37762
79216
92898
36484
45038
61466
93257
53180
91350
21372
98939
35145
63040
67807
99081
10233
95063
90263
10547
71222
62091
46261
91752
16260
9371
2535
44093
27376
6291
2623
49173
64557
94301
97405
33680
19524
90433
88428
51167
8096
79360
58967
26446
54499
35321
20140
648
63404
77974
95623
17595
20379
84866
86737
59741
99647
10798
43202
80634
17092
649
63863
36151
84960
91862
71706
73307
8742
22223
12175
47276
88549
36938
578
94789
99792
94626
53433
51797
91818
44841
71086
58519
62431
27788
98731
23801
81929
36586
31572
9733
63239
46940
6709
17767
69956
72479
99684
51075
14038
77717
4399
67117
78490
2661
50927
74579
99798
95620
96791
32602
58969
33817
92387
16715
62639
6974
55829
3414
90318
80645
49704
21564
1902
67563
48761
5763
47127
11748
19225
51338
1029
5097
7922
85120
86621
85240
26071
5015
58719
60771
32342
2124
94054
53199
84998
78563
35409
90762
90569
50079
38738
98017
22864
70739
49118
71255
46255
16501
47936
58981
21401
76424
45081
25377
32457
21952
9171
73391
73422
69524
45886
44059
25960
44274
48869
29073
56034
48845
87174
84636
73988
49919
42315
82975
90791
18946
56077
96375
41022
53273
56313
2812
23132
5356
1063
34661
84229
26035
20547
27266
40229
28875
3823
63320
77013
3382
11493
15065
57850
48373
73314
77268
15209
23398
77107
92556
96470
10956
3991
54928
9724
10740
78213
14963
36460
46211
67628
31522
68561
22194
9206
49230
11640
41970
6809
42364
42929
50207
97271
40441
42886
73349
37673
73106
43771
18219
2525
74624
52637
37881
44349
89434
57444
70143
97333
89445
81174
4840
49983
36968
23503
95329
96108
12460
22802
45511
31440
54028
24952
58718
75024
85721
63742
99626
72575
57774
24486
14900
44582
10083
63843
54174
57830
55718
38836
79947
77121
79168
94581
72952
11083
5892
48872
76255
82923
87759
77395
24304
35887
61030
41810
89631
20456
33433
33746
16874
64733
43910
76221
22601
68873
22861
32421
60873
38253
9784
16097
18167
62798
9895
47649
84080
89411
96762
54845
21400
42409
86157
31273
19859
89640
83968
1866
98106
15601
87814
46938
61800
79359
25210
40033
66645
94274
92695
43418
12465
63282
80232
36895
90115
18734
90552
3043
32286
31072
66751
46836
3212
44953
57240
39013
32224
6182
7657
21173
57852
1435
95666
14647
31658
37228
25475
14522
22893
47872
27615
5890
63878
3378
16193
98116
67975
66019
4939
66638
27556
26860
21734
40705
51855
54707
69649
19216
79898
23039
32867
64654
94901
83721
99877
31808
24230
94902
14157
82145
95223
59231
3167
41358
70747
48887
47213
6928
80610
37163
70806
20611
1904
81135
83127
53135
15784
4520
79980
60088
96271
57886
39379
91801
17824
80787
66916
9849
66067
87647
71690
99350
17826
69064
90770
24410
53788
23227
52903
90273
10432
30563
75152
34445
65071
5166
83348
72846
75672
83788
83593
91677
12376
74457
80913
50391
37468
72941
33424
92837
33882
34718
23998
68611
82184
97979
50925
46
35343
65697
2230
30153
47293
58980
3025
98971
45631
41422
7049
36141
42251
69776
91723
56072
58227
8617
644
42912
12504
31479
62028
55947
90544
73194
5378
91810
80216
57065
11027
35936
98220
93970
43807
58064
39303
82846
13087
12726
85311
60571
13257
32984
12326
28392
11863
20343
76545
43377
99817
50552
54378
99174
82759
70095
70621
79712
63958
39802
27389
60346
31283
51694
67923
40599
78750
72282
41684
88218
55655
85931
96041
47439
7766
61578
8288
49508
52768
73209
22735
21368
38969
97874
74793
71067
28871
19407
23538
38446
62265
61181
15426
12125
89038
99234
77681
36047
34856
78724
57305
10116
21229
34507
4079
37997
99494
75210
1727
83873
15784
42370
78385
87160
34885
58863
12211
49384
55402
91104
47059
48755
537
61719
17314
44113
73264
47552
89427
56507
92093
93425
4523
77946
26390
77700
76210
81767
77898
82836
95562
49655
61462
57479
72170
8807
68897
38005
38710
36839
6544
4898
7199
89002
41525
70489
60757
14387
51701
52050
6442
79756
95245
47491
2311
66799
38950
64773
3731
47049
62948
84360
81613
37442
2130
55792
91865
78346
3782
82599
15622
87828
6583
62019
24601
11683
53871
17858
28800
46192
20644
20171
39955
18162
63035
29669
60770
90017
52029
24847
58592
50694
49100
99751
15933
57493
64400
9546
6412
25816
88572
66047
61355
36103
22203
82358
1224
52026
63029
77166
53042
70614
70584
65908
76773
10222
10104
27713
73992
42970
87888
83995
52321
87875
65731
48028
19229
40926
46958
83911
14924
34847
57355
18298
67925
40230
52778
12529
34305
90513
7220
8409
23256
21717
5709
17615
94072
88297
78220
20713
36069
69555
41204
77359
46219
33686
4100
91656
80253
63604
70383
19533
37787
31483
15582
52547
78063
23277
30694
37931
95578
73983
75683
5854
54438
48042
83990
86670
85926
16221
58667
67383
642
35281
36169
4358
6590
79769
27269
2324
20726
42084
85160
53337
82770
27694
89979
8544
56762
81480
93390
68507
50326
86815
12880
71435
93162
54452
60825
65418
4327
14077
9115
87689
22305
37499
83168
61824
84625
88158
48911
21709
26001
80018
39776
15994
80032
67684
90195
5360
94595
46393
44070
71417
47637
53603
16322
92136
8980
25774
70434
2496
72644
98517
81258
57767
50495
870
53976
60686
14242
87199
11840
34868
75623
88737
46732
97824
32124
45741
94270
69030
70976
9629
24694
9314
7809
55313
11860
21971
29414
3319
88341
23249
60678
41625
40952
84195
48275
96511
21003
82630
93820
34705
15242
90347
2124
47883
44031
31393
33797
7416
58992
73593
17874
98888
36012
72365
58255
8931
56171
28593
17023
47955
68184
18719
65296
96398
82068
33325
8923
10922
48017
29494
50828
38079
24559
48082
25771
92146
95671
90785
41888
44765
55279
58255
10204
91176
67849
64545
27271
18596
61986
97480
35197
22287
27450
59207
73921
45780
84504
61003
12517
65824
90002
7297
5925
12641
25067
49475
68787
78868
79436
58655
35352
16228
72816
58224
45843
97331
58443
5424
4710
24932
97350
77883
17306
26249
38290
34113
34666
46417
20395
7416
99060
50218
46045
73149
3400
75060
85641
43296
17448
70152
81793
37002
18235
20643
98875
28852
48125
67080
7284
44096
62594
89049
36037
23995
40748
39493
5781
13066
97402
64787
34396
86529
92538
63447
89329
32353
80064
36510
15609
78618
15340
2969
16491
37994
78797
55145
11416
6058
59756
56150
10793
74595
5827
83293
83093
80849
64560
98706
37975
8152
21717
40659
68259
41883
9081
20014
88094
78410
9954
99064
64133
34260
13557
56519
76500
14981
18816
61072
46902
87233
46795
84287
42911
77558
31590
46217
27885
8307
60650
62102
33116
3026
67551
20909
65544
35875
37440
9847
71941
81913
45491
93979
88673
83850
84996
15988
55248
15333
59323
25255
87276
52296
97463
75931
36308
54440
74068
98292
51625
68328
62152
49000
90219
68441
86621
19437
46821
28353
46387
92584
27520
21766
45104
75895
69533
77611
44677
39990
21740
73088
25732
62496
44588
50869
3110
84956
76308
77757
25092
55140
74294
14946
83240
75041
97375
1256
67629
29295
84194
45260
35253
9604
45036
80847
47686
35549
63004
32817
1416
4162
5398
81539
82021
8267
79941
9459
51221
66516
62780
51283
56514
69671
23862
21818
20975
42433
74510
30697
18485
97015
61771
84415
65861
70179
22910
74847
62648
30943
6569
27937
29100
77477
74928
42955
25696
96524
20087
87141
84137
27474
85466
82896
14738
55951
32054
27710
50288
55083
18174
10945
78312
90469
92187
70662
21199
86899
29342
22476
36076
48672
72475
84409
32146
72556
45834
59933
5759
51599
42898
48722
55251
68606
50229
9282
60226
61065
66575
65906
94117
22648
2225
15403
87777
90411
71605
38548
9415
82737
51690
72524
67842
36554
11039
87739
83083
6008
46283
42643
43408
11328
86260
46766
51527
15306
71916
20721
12346
20241
74107
94559
93640
32711
61628
75552
51985
65942
55685
77252
79689
19558
37336
99687
56469
27244
98214
35243
97133
67821
66390
67065
72696
55639
84688
11001
59774
72899
31107
38874
23802
89011
62247
96758
18860
51959
13800
8570
65114
45730
37636
38159
80930
67901
40576
79596
78535
20740
37232
58874
43785
67733
89318
16285
5700
56098
8493
30550
11995
63401
79355
98844
25361
47814
97208
21012
33237
95095
21154
56229
90671
74373
26926
15791
91664
77482
12766
32493
9802
59189
32349
88067
40182
29522
51816
20137
52358
92552
63223
16161
14316
26358
28107
33114
40886
41001
87279
11994
65825
99859
92603
17136
96852
25682
14504
86642
61353
58409
99028
60702
32135
88128
65789
54331
39100
87797
74850
97681
23047
32327
31198
2739
48022
69971
71953
51852
97155
12524
80373
81969
73388
60880
24229
95190
494
49446
80740
30168
54801
22450
72191
50061
65297
14304
51991
87632
31370
73479
9037
88237
63134
80517
19319
89130
82614
52551
74461
96756
83386
17741
5182
80709
62807
97811
40761
86115
4277
34716
7919
34411
23982
1570
73076
86362
23388
12250
75206
33288
97069
56941
64525
70411
44869
10902
68118
49484
8927
26692
12588
45121
74782
8087
65744
83672
96568
26732
2035
25527
83368
38760
26217
15242
58202
10939
39388
48031
57242
6918
76521
23761
21502
89543
19887
37732
18605
81909
67317
72797
6453
90209
70229
2990
25507
36613
32220
63926
80215
65298
33478
66717
4922
16248
52340
9958
65518
64485
69468
55267
6980
21715
26114
72785
51258
57543
51546
77627
91709
57821
24302
77555
50218
84761
29932
20342
9706
69083
86836
72442
91423
87831
51139
69901
56515
33802
59757
14051
45377
5270
67285
21165
13246
13647
38870
92895
30998
53754
65860
33320
79165
13067
58468
68437
32906
82659
98874
78061
15264
73098
17798
72
35557
45181
46292
99746
59180
33859
72106
70297
51532
71216
54763
31346
58200
24853
44308
33270
87462
82093
42951
130
1240
83300
61166
98322
89562
12153
19082
98071
72040
26260
67209
57375
41326
28278
23326
44755
21280
26432
21156
33548
6838
10981
63129
63951
3537
39010
75541
35580
5796
77326
38552
38678
49616
77962
24184
67409
89342
56599
58014
81973
40093
25913
12955
91673
53992
36551
58981
44942
51901
3660
66377
44069
48620
18435
62001
81186
15357
60689
96227
82995
30653
1818
50950
54612
44948
62202
28507
34707
55735
10204
51217
57305
87053
95478
49645
12470
26562
61713
63576
86048
17961
99912
26109
75184
97064
21694
86720
5419
17235
34647
16736
97549
39174
74601
13991
29795
37379
46308
11355
89930
82630
66794
42139
1180
2121
61967
62628
19897
4834
72049
34155
41066
72805
93183
42139
59863
91416
65963
34191
56188
30065
4001
59370
31754
76031
38772
41744
6339
32404
52978
15697
36392
1943
21345
14419
95791
10843
46971
31086
16952
95652
97708
20179
85644
81739
58540
36611
95717
37938
70123
21881
85235
9651
78007
28603
67250
89308
17780
71471
88045
19613
96243
3895
68450
73341
93852
58854
83882
77520
7154
47547
51947
97030
14181
86473
98494
26449
15658
41092
41000
952
88528
63389
44434
23166
87532
77122
25623
13731
94468
4035
58629
62355
84257
8034
57279
20664
12783
63958
73356
35601
19944
48651
12440
51929
88209
679
45813
81116
14652
63396
46220
58106
80804
82136
3613
73660
41815
62917
54082
31422
51949
19772
76332
24047
42023
18597
80340
24450
39337
51696
80145
72672
97372
34130
26376
50386
16410
25785
95936
38231
72337
62606
30155
23944
94895
69827
50241
92301
19045
2611
82213
76429
75955
40289
80785
76085
53285
39042
70933
61747
44805
34346
70909
8589
63744
54091
21136
89788
33192
25526
62371
48266
60522
50437
75955
16296
12444
97416
54198
46817
20898
47015
15353
17117
26125
87859
99779
42621
87523
3456
12599
29347
67647
89398
30829
79673
28712
30322
3623
72051
4242
96309
39341
82211
78737
39698
7351
5450
23802
79198
62168
81230
77245
48472
68871
82495
27127
46746
43320
35494
19331
17485
21350
2221
96393
7330
54902
49619
9992
25681
69224
61404
64693
29550
57065
82680
78454
87488
68557
36244
65677
68192
80988
21067
32571
6010
61954
86599
38865
18428
33761
84452
65776
98488
43823
98314
22517
85168
18121
22884
72598
51333
62059
21851
27660
13090
28241
66358
1346
39422
40831
59919
15899
44531
80293
66661
2162
23510
13395
35401
15866
84780
96332
11674
33803
90897
47550
52308
79626
35721
30487
33398
26704
84459
18394
80965
51070
1125
41367
95710
37604
66931
15437
34589
64251
19635
8705
45192
86682
69919
92902
40751
17690
76400
17324
45858
60556
30894
81846
333
90504
97408
51700
40577
67349
4878
7469
99446
33441
72029
71699
89775
87423
77137
90198
81004
16825
26947
98284
90345
23135
74313
16013
53475
62053
10096
33855
33414
77134
46299
86411
49235
29085
65314
38827
40086
92275
16463
48922
51797
81913
69485
65725
36165
14494
72021
61210
46939
35982
22995
43741
91909
48378
29730
27771
82170
53718
84980
87503
53355
83578
26210
65896
23142
56182
94881
99305
76096
26287
80944
27085
19483
65861
34209
24885
89699
11918
95536
10162
25982
35299
36099
33981
76833
77315
48163
27473
61469
72473
76356
94823
25116
59840
19436
48380
97226
99838
6659
34144
32858
13377
17052
41087
33364
33797
35271
69282
63919
36671
2415
15017
50496
18635
49159
25738
99744
77187
59677
43012
51620
22009
41960
3948
28354
25880
74177
8896
50859
19828
82103
34279
13066
17624
89684
99111
81246
32241
90474
39615
60412
65842
56715
73453
22784
28244
47269
44355
61698
25798
67912
62690
11249
19025
83743
85148
15734
20481
50169
22351
16938
21083
91852
55985
4918
76834
16028
53005
8227
2874
30376
29869
31627
78349
20393
30841
10943
52682
46278
12784
7350
17926
89474
62695
8468
57395
69319
38794
71379
83167
6286
93756
72408
69711
29706
20619
70731
48116
82986
4066
32041
88048
61193
59143
71134
44533
32721
17208
40102
37186
56361
57786
34623
86077
60541
72801
66752
10972
23053
94060
8615
54758
45136
53569
36296
68859
9635
11807
66932
42975
99499
87074
16662
14374
33242
51180
78380
56577
15522
58640
39865
27272
93556
12753
42206
60482
70653
98335
95991
32233
74233
50510
68117
16961
88952
41838
14977
34805
72110
37059
58915
5664
58777
97688
26434
91502
50094
97138
30688
43555
35506
97893
54064
79127
82983
71271
9696
23094
47414
61038
67266
21915
55348
73856
8129
22992
51287
12653
52882
90588
6403
51484
16691
59826
71613
6528
21001
14618
52274
66627
40440
42521
37759
32659
37795
20766
27756
96022
29195
39538
99838
61568
46052
90384
50971
78628
15836
3471
32277
63257
84535
91343
40426
53554
45059
77409
13658
58456
25765
21179
8505
50970
7838
32819
86630
91333
9145
20960
1566
73489
7363
70800
43306
83318
54184
32988
32178
68801
41627
35348
51515
23106
94217
58525
4264
4419
92576
27204
21859
71650
581
96413
9062
74884
36148
21424
88144
93429
60423
18111
61959
39908
26694
172
45942
36174
31102
71969
1225
36461
74552
76928
7608
44008
1607
97912
54371
32913
4427
4610
22678
45939
87612
90783
66884
76424
65327
73157
37525
49010
61044
98400
24118
91572
1736
29687
80549
11434
57262
83163
54645
99188
8170
2139
99683
84914
86982
60890
6508
29263
50883
359
56782
90275
83015
35299
99418
2449
82052
49411
44017
81854
27878
64226
18526
77270
73055
63514
89742
57984
75894
39800
53438
48652
82040
44812
39529
23086
49868
45077
57524
84429
24925
98856
68197
26468
91769
60873
84955
6976
87566
15657
49375
16006
53442
29628
12137
1873
39772
285
15449
58351
82511
27605
25164
82237
19073
99447
34630
69992
98721
46076
92654
85033
90668
86840
59132
25825
55782
89033
42571
31801
33275
45133
68325
35009
86382
96934
63354
70868
8962
48506
43180
65411
58994
33399
77466
76793
72145
6400
61210
29327
60993
80390
31495
69959
70504
8973
51745
15909
20326
67625
45934
78038
95090
134
39615
97386
36303
32867
85205
97536
83277
2205
31585
69565
70394
66462
52562
1238
16335
69428
14967
7949
24583
72884
54224
69982
70257
8440
25610
19438
26820
30885
43615
57221
40802
62271
73134
251
2593
40464
66616
47980
21747
55957
2770
5522
2761
96533
43173
28787
48417
80926
37416
63080
21638
15739
37092
90589
91805
23935
87527
480
90146
35300
69994
92784
74658
91629
67944
24201
15534
90404
23350
34170
63802
9623
52453
24503
87487
76839
58573
18062
74600
28344
82365
10711
5435
62664
83477
31075
43667
26736
39275
1882
86758
82046
36406
71184
17701
33205
13899
52801
97334
54366
61912
90766
90297
86635
88198
14867
38113
19847
4499
67901
92181
77596
61579
31438
78357
57233
80482
68698
40289
16981
43634
55027
93971
69375
1058
58151
77535
95700
80096
19283
7527
17096
60790
40975
39500
55346
41792
13051
50898
21255
85474
85364
63926
5291
63630
2572
56668
27199
93852
63301
62837
79067
35656
14044
27502
23459
966
13193
31762
38752
90736
92391
68148
66274
34597
29511
39823
98203
91453
16459
60979
72684
83549
63243
97824
7580
47948
19158
16631
60450
75480
36613
17704
6723
99037
28074
10941
99241
54206
30875
959
17867
44088
65286
36307
82849
57076
93788
3537
32576
50682
66728
72158
44066
14863
75737
87723
84386
11682
68063
55112
8263
5237
53225
24082
89582
30546
30100
32502
17408
14936
76074
69738
84760
5289
77510
72747
2054
29259
98484
78599
67140
46882
90942
50242
10216
89482
12258
86089
97794
42837
58189
94745
38216
18917
22853
49736
89329
4461
95404
1650
38298
27910
54195
98182
14122
90737
58852
94722
96175
35
31191
22349
69635
84584
42147
77054
92822
42845
4939
54389
54085
89244
9331
13368
60210
37071
29362
8920
22650
84198
70735
41386
1496
56386
81532
88580
66103
92601
19095
4840
51752
86523
78376
79302
55611
55840
92113
66605
17470
41042
42171
1278
74279
91003
83427
57083
58572
16992
80249
70901
10759
45689
36393
20981
3314
38275
38079
15440
88092
22142
78644
3316
47701
6912
35350
91680
99276
15769
19234
22858
23308
30310
52087
21757
71392
18628
48900
39716
21247
39093
19485
1708
22124
91401
25173
8038
76013
42375
17709
78952
62162
55527
62804
44149
59703
99218
98259
35681
72917
17306
35646
97965
31411
37618
52829
83164
84408
79542
77519
46244
80913
72851
5540
60479
15033
79151
53428
35985
38976
57604
72207
49542
72310
99970
54795
51619
31819
620
91090
51105
98455
52540
52387
36540
37581
73128
60754
83269
8835
57807
53348
9124
52330
21914
41754
59630
60409
46765
58356
51713
6277
4714
70259
88884
17910
98865
15474
69890
35235
83913
74525
45176
21132
25669
67846
23158
15353
10450
66258
16080
17181
99816
80226
74781
98816
64047
71874
74021
64486
95818
80747
16853
32769
26081
50470
35909
24854
60769
73682
48967
56695
86928
74944
2281
33521
52563
1966
17947
6938
90497
12016
54915
91947
52811
2769
38160
28903
80184
75510
21627
23543
86962
3356
3279
134
90847
61566
85178
33489
6801
64907
79731
55978
39401
84910
97143
79120
65234
65613
6761
72518
44136
48758
13554
54332
59373
36694
69034
20520
90792
61243
33492
74677
33258
69574
18305
67053
2122
51589
51535
4861
1965
31742
25984
96222
63266
20523
74172
85981
7492
38723
22264
13872
58300
53382
18854
53173
78416
43705
19693
75066
23394
98373
80723
64132
71194
13807
87984
13743
61662
30111
44337
62443
68505
97825
73159
78068
70743
19629
43955
41719
57932
90194
72092
8963
75908
88662
20779
30329
99536
8346
13767
2062
20516
26453
52799
93772
18971
78737
96431
41326
21061
70478
3187
69765
56549
52581
97957
74095
66911
54635
66520
10207
61033
99171
83960
14157
82043
93715
15844
72283
18564
61069
66845
49619
15739
61256
60744
18446
32072
85413
41230
14868
93527
81885
60278
50351
52116
41240
38810
94832
58821
3742
71843
99300
89398
38976
23019
58903
96545
98668
47070
2046
71953
57447
58753
39153
73360
21503
4003
80297
28359
68701
23825
31956
80295
14227
19941
23667
71948
88409
62739
71835
39648
7874
57493
23926
95029
57886
65441
61929
27877
52507
82
46126
7627
77868
25704
12240
6053
86199
39404
69245
41337
4954
32885
15058
79024
48536
97537
36871
45400
86259
22581
71645
86650
22584
50753
43398
51286
20140
57023
55314
2631
19352
13093
64038
34556
72971
57028
87589
69596
53882
50778
29721
75315
79347
74192
88455
8873
16808
7594
56875
41963
53675
57518
30469
19592
66166
6453
69239
27443
13143
21868
76584
30539
96559
99676
60123
75566
83036
30914
51898
39761
69881
29084
7798
53928
10018
34425
72711
10277
38011
98061
7455
71117
61188
96819
91155
36682
29624
18859
31294
1401
58630
82614
46381
69558
75327
9526
19871
45743
22250
42801
62943
1552
21110
5364
1797
67677
7666
63192
62833
73342
82181
16237
67593
15396
7060
82573
19115
27648
7736
3984
91215
11931
60034
8322
86233
89371
52639
18241
94622
84351
41132
88316
36968
27623
40659
78098
18129
31432
18499
53607
24902
34421
83557
35107
50346
24144
11584
70227
50727
69932
65126
75889
68329
72844
48836
10097
96011
85911
32955
6835
4822
17755
83093
48920
52848
44057
45985
21145
47581
77813
50592
37888
9634
7910
7223
96493
15515
35011
80741
35755
51453
77654
47532
9817
50651
24223
19639
47360
2031
3596
75606
12556
41520
27654
40687
2331
12156
19008
27836
96049
99108
18495
82766
18545
84753
32959
12108
90674
97946
26493
42438
43849
77247
35933
92258
76856
64279
81935
43731
58729
36219
68981
97171
39620
98068
47201
5063
72701
30528
14785
89151
77741
47481
25470
91476
77459
78686
93737
52389
28385
27933
35354
48456
35138
12057
5414
32106
98537
68704
393
69681
71853
37615
16228
60964
60497
16691
75413
57465
71415
54891
2686
4378
94620
32643
10872
82514
46897
24569
97823
45134
96292
84353
67749
95062
15156
33946
87510
24519
10813
87086
53147
47897
98582
7450
90743
27876
48580
59602
71539
60727
61763
58989
26688
66308
61139
236
95854
13821
74489
88910
77300
44982
34968
88112
39659
20854
39413
26734
29547
7322
76521
79098
74495
33704
54044
97747
42745
15747
51532
74774
46565
75952
82621
95964
5401
46289
68726
33269
18301
15732
65944
40087
89565
98875
56000
52022
20551
61701
76463
78626
18890
37958
15530
38911
84887
66201
2200
66327
80484
18153
41142
31537
48780
47393
33394
33028
96751
72662
43776
53230
6822
43365
52652
70992
91496
97184
66899
52049
57581
5125
21818
38288
91488
60396
48359
71455
46970
74202
30726
14065
45156
81232
43570
25731
59
29872
80044
32143
71319
5541
98663
13240
24399
1772
18717
26976
69734
38233
66316
87909
71606
57560
32424
52626
54807
84425
10651
93644
8280
66826
72885
48437
80780
74291
89500
89088
81652
7299
77045
83083
79940
16125
92903
65680
19694
7029
19774
26311
83620
51379
54864
83063
45653
37594
29679
63844
49382
19068
24130
99670
4190
2990
68010
39474
35190
88259
24515
69055
10888
59027
35135
61226
40366
78999
22709
9611
68155
31657
25577
41708
73600
87147
56637
50276
66296
41778
65799
87618
61576
90286
54456
27229
27100
28056
2143
45287
40490
12170
38898
75929
39073
18794
41074
72774
89973
58373
2033
10380
77194
31108
82541
49070
34691
99090
17534
7785
89848
62314
97259
89975
77991
47941
84096
67530
84126
49450
85743
39982
35467
53910
73174
62103
82593
68531
33004
87299
99650
78688
54542
62790
1941
31662
36479
19650
20087
21584
22694
91983
99673
41792
20890
22851
55794
16694
44684
52518
93773
66804
42482
2498
63150
98936
59998
52203
69033
91276
32627
5851
82138
43491
91224
57664
75652
13517
16854
88807
86817
64940
80876
40516
65096
60476
31917
33697
26081
41120
31964
3720
33688
31980
32987
70507
22540
65147
85918
62478
83244
6594
34045
1015
49459
85263
42669
49364
77292
91444
95643
85701
17958
30080
40776
24407
29316
45298
96838
42267
81525
96887
36217
76199
81488
22576
48748
4156
3886
38632
49354
65482
65394
93240
60165
21116
13419
57251
29669
6065
53992
72864
60117
85234
44587
40706
11863
25129
18767
34479
60446
48469
37575
45814
26745
70559
48668
80495
32421
99644
31867
89082
52780
70943
31078
4397
35023
16397
40214
7803
57054
50923
94737
55872
57136
53277
64214
44140
18308
76435
98479
82238
70875
79103
86460
22131
84419
26570
54162
29294
45858
48061
95621
67913
4884
38295
19619
97453
32461
4182
32474
26099
48042
91129
19219
24101
16882
84514
90767
935
87764
13727
7460
25884
61618
12615
14255
65090
40023
71883
41731
25945
50893
92900
7184
99205
49407
98129
37360
84569
69108
62896
21816
17325
88681
98588
69383
95552
82808
58896
2166
2913
68541
78669
8027
23593
28675
61649
75484
61990
80235
50393
13415
64457
76241
5218
40444
29567
59842
6366
90287
73399
62032
47609
93744
51378
3172
29989
95612
31717
95479
57978
95923
49609
30565
28873
20655
61192
66556
80573
95357
13635
23925
34845
38715
11065
20213
57963
5773
21269
6875
74456
65533
29922
49467
23182
37948
49380
52819
7835
49222
56408
66028
7391
70777
84126
77060
13026
96342
49187
33846
16131
10850
24471
74426
21482
17744
82210
19947
5858
24332
96902
54642
51192
67251
64
42224
33487
74502
22525
86923
39209
63044
31631
31332
80914
73601
64319
57934
42771
39681
28135
31554
89448
34848
350
38421
13969
71117
14321
63950
89190
82647
64958
38372
51916
78172
55574
16255
80601
46426
45268
20269
18100
10236
99660
40668
61966
74746
83084
41119
75440
16494
82912
53086
9205
36247
16008
61930
27164
2523
82373
32752
96086
94794
55399
36189
76007
38461
3909
53268
15069
47572
42689
45780
74534
74509
99147
76779
92207
19964
41945
5500
86146
29941
28456
36724
28606
70904
30758
30537
31455
56360
64350
24374
64083
51732
61211
23053
23359
63272
85406
46017
20820
19152
66468
56126
30546
3309
87717
77295
63527
28751
68736
32888
56957
51477
36424
70596
15034
59530
31672
53720
10895
62676
99190
16873
49491
59307
38445
44464
93335
53981
46018
75449
61739
17888
39630
82526
97381
84517
18952
27716
99721
24818
14500
26577
82698
96000
79966
73452
31789
28966
10094
76023
7250
98945
38486
22405
94533
94120
47570
10887
10070
18557
18673
46201
2100
31258
76694
39081
27209
18959
82972
48077
57215
47154
56190
26753
87666
25575
2187
21302
71818
60288
80031
31558
65666
37310
33699
79724
21017
1912
57658
58774
89061
89419
60893
97045
82398
49631
22427
41564
21224
29048
90470
77041
41397
63900
32482
41605
21582
23985
68417
28674
73697
74545
67460
81221
25884
2668
98914
6430
79000
43857
99129
47583
29902
96471
18341
15102
20535
8179
48767
14173
24246
28864
10331
56766
74098
84890
90562
83870
16087
8191
20234
96218
55396
33519
7364
98168
24273
90361
73280
2027
62786
69186
85411
24629
22192
83295
79376
11844
34253
24909
50200
68374
78917
58060
50021
75705
39783
86061
99361
69327
53501
50714
2078
67808
47708
44868
11687
81875
76260
75029
12600
5202
2213
72989
16739
18528
5472
98011
78212
63790
98755
24175
65260
78051
98398
7048
42028
14794
78816
14284
66257
11483
49897
57018
94938
3119
91376
37090
71952
41490
19808
626
34808
87205
1802
29488
18633
22952
11280
80911
11917
48341
17818
88511
63448
6935
74175
31584
98368
87677
13929
6171
65627
3195
81777
6330
32218
65608
240
70252
68815
4832
69529
96242
48252
94164
92616
39018
90765
29047
47831
67720
8283
53160
98153
25074
56011
22481
66145
68584
47224
49608
15500
13430
22379
74801
87845
8352
9130
32495
55
68683
53900
38250
95824
12183
87542
76204
58056
11343
7041
21772
71860
77014
75671
10165
86768
30090
7274
46141
56930
9759
72337
15050
93053
57263
82420
23137
6098
92112
34831
34377
89917
88745
16131
90307
11280
35035
65774
53276
74320
2541
90624
15554
79763
1345
11503
99712
33733
20807
63948
860
84213
42971
92174
56111
54996
2295
42533
32599
3063
29797
73813
15679
53580
72411
53706
41243
70449
83185
29023
72439
7809
91631
88960
64135
35171
42950
42176
1255
82713
45218
37648
52085
31592
21352
24736
46034
26954
73150
53793
40530
78519
68836
4570
18900
31685
14043
49009
64069
19608
30488
28231
88445
31824
79724
47747
87759
74805
16317
63062
93581
35376
69388
79944
13334
98218
91036
5898
73719
89008
53219
14099
5789
37593
91730
37830
35454
26257
16898
5249
61163
1961
24727
78467
65028
24712
53202
36287
44432
64701
64320
53849
96964
16371
33818
22386
53827
64214
45637
59512
76905
84279
80297
85463
31354
50869
56509
57196
36497
1913
82252
9034
11392
14551
98191
55902
99163
33606
87488
82171
1800
95112
97979
73524
52486
87668
37036
52635
63811
61213
64836
32777
79548
11858
42995
61318
9590
38537
30040
32191
74660
74915
15811
43970
69079
37494
65341
66288
5136
94353
27272
35571
10740
43591
21784
95770
19447
6604
73723
18128
40617
68547
88662
12483
12568
44041
52189
55246
16899
24915
64185
72330
12333
3840
53930
40840
51815
72923
28725
83013
65961
33724
28452
6339
35608
58539
96324
87564
10180
23049
62874
14523
948
46521
72932
32079
46732
2795
15825
93653
65643
56733
58654
75321
45882
28392
18685
24221
44691
68861
96865
936
81664
35596
78386
76353
62709
74223
41366
3856
36052
60071
58170
36127
34202
25238
99528
65125
84931
28277
53295
6751
24801
82320
97755
51197
32034
90370
12889
3832
39363
42279
90651
67756
37943
35024
67211
58146
17492
95735
11618
19018
66530
41487
57407
87726
6241
50520
73630
20999
1644
5754
37891
79805
69993
11745
86200
15113
97197
75497
62018
34013
9782
9098
14480
71644
5738
23622
53243
97949
22113
70179
96022
25472
32505
73564
78754
80646
70157
36648
99824
47618
70220
93106
89846
41738
68016
83978
83963
50043
44880
64398
89119
81815
22081
52251
23022
55122
2313
87103
23735
72313
42631
55832
33017
13792
58631
92058
28750
17817
74560
42003
31677
67674
88244
62823
69660
49019
79275
49935
14333
10568
74088
36624
9625
2665
92347
46454
22372
74630
65520
19044
72579
6609
60671
94345
73826
94733
47015
43032
86877
41228
58661
30324
73153
98015
90697
91459
54285
94200
11613
23338
32285
39382
16522
13942
91178
64208
51010
85524
38184
41824
9271
63243
57452
88927
45905
89027
63417
19757
26745
33184
94965
46786
5616
94876
42570
85456
48528
83857
20999
87366
50590
61306
19480
3537
88914
74375
86671
98708
6681
94959
85879
86630
27093
70099
84221
46740
57202
13063
77298
2733
56986
30548
31064
30154
60320
15529
34325
34455
65275
77055
65952
9425
63665
62107
76925
76778
1097
11699
70065
32911
16971
82434
33523
52212
90224
59085
37544
79888
63524
58573
77439
73692
88748
15575
64492
53092
9373
83716
36484
73118
37671
21750
41538
31382
31641
49064
37987
56235
33705
26403
3178
42590
13758
37481
87252
2843
71950
59684
43450
11631
86764
79344
18162
64967
91532
34278
51900
7847
90824
87238
940
16234
59486
89294
23055
91936
92521
20359
29043
42694
63802
49309
67303
69543
17094
76351
85888
18175
13485
3363
6611
78539
6554
90940
60660
66386
87034
58981
72659
75781
34173
1727
51038
5135
69770
19783
4779
51376
99284
51039
9944
26384
34129
84920
81272
59577
76498
20572
30106
73511
25069
84638
3375
9398
73597
42850
56176
79667
51505
48232
52909
21468
94596
81140
39525
67941
46413
9972
28640
26901
53845
14697
1041
89715
33454
39009
66077
71008
66886
46918
8752
80870
62928
63216
13383
13712
98034
6889
2665
5474
6782
91969
69982
25146
41490
17795
82992
71401
7873
87612
80117
68256
82652
49754
42207
8513
76019
21568
79285
63081
78279
32629
57374
94579
22234
183
80462
87149
83633
97916
59804
32008
59323
38960
52046
50978
52848
47964
40687
19341
7383
54978
71479
76081
39165
51089
52651
1660
11349
91947
5482
37556
61250
9837
47610
8984
3841
29079
65515
37950
77542
61603
42815
37397
23577
93492
77413
6138
84041
32866
1455
29274
32530
81575
17856
52475
17134
5377
35189
35701
73075
41700
46924
67221
39680
69732
86069
48837
62862
6098
16520
63274
2327
28490
90015
61728
67081
60599
10306
59077
3733
30368
20786
39702
85454
28045
12766
83402
40500
74896
79621
9595
51810
60797
46176
67914
66485
60115
68263
40907
3942
62480
415
67935
83541
31172
90457
70421
16488
36700
66421
12971
74430
68703
89642
38132
30598
65997
71893
11206
55561
37767
54386
84560
70077
53440
91320
70614
85452
54765
10644
37138
2637
42446
19466
72086
20564
6307
10623
22214
81953
10982
87631
55744
75703
69374
41468
19752
20258
43709
15640
56771
76003
12230
2929
20108
6111
5424
27209
33689
25252
42895
48234
39634
38616
63667
85937
13456
88095
11382
61075
99851
22452
98911
85152
90105
857
43334
82267
54636
84192
62375
52097
65156
74101
13252
23423
66282
65471
62131
15694
77647
76269
26445
46930
92657
59119
14095
71013
10676
44359
89724
36208
76760
91561
90709
22870
35058
86463
85625
78014
83873
98540
31682
48951
64802
5999
79500
44068
89227
72481
73282
15755
7627
51219
94237
60773
87974
87563
3209
70687
1431
29713
79456
4745
7658
31091
52850
11638
81718
80909
53427
45436
91924
90465
78356
30525
17957
20980
65614
62471
41315
58652
89930
30332
36888
34348
34815
56981
9714
20723
54282
95224
10282
83188
63040
98911
98294
99140
81857
11265
26248
409
18755
13916
81014
29660
80862
52454
33068
52072
16845
86807
7589
13906
58909
97256
735
7989
23445
12176
50761
18935
70617
83181
21958
64327
3961
79505
43185
19394
54904
72869
143
51870
71838
53758
45344
72019
88549
85014
99187
64655
11363
99960
88047
19177
34040
61876
96222
86916
82000
28603
64963
99947
5611
1500
26081
12802
96487
96253
90470
98477
88927
7854
71013
17880
65986
42320
25413
14716
46843
33604
87636
95362
95152
21339
58914
96282
6020
48087
28898
86991
77527
35923
12646
49323
63746
58920
92402
34589
22799
72466
34724
17753
64671
22968
75166
72087
50463
26317
21165
48222
81040
57128
58822
49514
54917
3757
56507
75127
92445
57923
23995
41005
16041
18328
29754
31242
23847
77979
68066
3209
66401
99678
4592
47495
97710
91479
82303
69103
72502
79151
46328
13036
29684
88899
20975
84964
37126
34495
54851
52768
60049
55078
4651
78215
21057
74716
17666
33283
26900
31458
60568
62869
77610
30917
2710
30895
13693
33106
43818
58356
556
86879
35983
25173
402
12028
28260
80827
28468
28841
77948
77828
4533
28558
7173
43656
45811
33929
99223
2354
99144
91653
88969
10015
53516
62834
73862
53889
62925
52517
26522
72858
33679
56167
90250
56117
22647
35550
19198
80220
68089
25128
15624
72252
55150
22206
46410
30468
48117
35143
16139
81172
16511
98799
42588
88887
39847
77202
32179
19026
60323
48299
2281
60107
63032
37651
38012
6078
55776
23267
98522
22983
95906
13790
85186
69520
8772
66248
81855
13080
5273
80839
50516
27421
91617
57463
6504
617
23164
57960
5211
12724
7439
14889
18723
53951
81857
17001
25937
92628
4319
64918
48317
28389
63866
37746
86924
88388
4622
43539
96398
25081
22393
87473
12798
23807
88842
15297
99337
82966
6561
44054
26049
81992
7629
5420
35621
60229
80257
56796
46872
78039
92064
44411
7682
70728
58156
52335
23238
18441
13926
70888
30608
24971
77191
10063
8070
31626
84355
10634
4553
15979
18341
78366
60984
86101
45854
49535
71420
26752
96363
66191
91704
39534
15457
59419
77960
13238
82854
8474
74614
3443
63864
30692
55154
11208
83530
6380
93183
74398
67732
95342
84214
87582
78124
97843
21040
53149
9724
86320
36960
81228
68848
61710
92158
33561
64811
52363
5668
98843
83185
73663
59213
87713
86256
7411
5728
88779
15082
8203
69227
99314
9766
4420
60026
87585
63885
60386
7656
17579
57092
87558
70674
32012
97899
21047
13663
63150
68047
22985
4072
41421
20494
46507
983
49406
36765
38542
14867
61644
8840
46494
76542
55098
22961
74257
20014
97965
63414
31626
40220
47796
53477
44075
18490
8076
18489
99125
97149
90945
59898
75037
57960
71580
27394
10798
38976
66523
27675
52671
63688
11499
53848
60809
80350
69513
40647
59021
61954
67543
72142
20615
13034
51670
73436
78386
50067
15685
39057
79946
55432
44002
95691
71411
56153
46028
11342
17119
97782
75811
19596
71592
5408
73052
86074
56730
27971
85971
48024
76006
63965
62940
38670
1522
30763
17015
42957
18674
66029
65015
33706
41791
57746
89006
45699
79386
24662
21083
84991
36742
22589
79121
98623
1648
38739
50419
56333
13214
63588
88178
23322
99762
98904
5558
5019
11067
95730
59473
82192
72687
22172
19523
2576
4749
74230
33181
98768
43558
21490
50273
46745
97676
22626
89049
30849
718
35884
27376
43141
65727
47926
31160
59001
96892
87646
75330
47901
87300
78820
5262
71608
76263
97201
92916
84538
32385
71931
69934
25269
58889
22424
90128
18891
47424
53131
67671
10980
77870
46122
47521
92035
93234
19803
86909
94509
62653
35619
88903
30145
90001
24232
55068
46742
19481
9243
3051
67971
17563
40357
41333
17176
48002
69786
76193
13077
57377
87717
37379
65827
349
5484
89383
24190
81961
15592
704
33899
89183
48101
17057
7345
61345
36528
11925
56963
38018
96560
31346
31430
14221
27331
14831
4731
57851
31825
28538
58682
42098
1080
7281
30426
59282
43966
65571
42348
86536
10411
74778
96494
22269
2202
14598
87893
19698
23638
73224
81155
76703
4542
78993
68722
77774
89266
76992
131
62114
36528
34646
56821
82197
55091
15354
55988
4116
32428
24408
39131
73401
26208
53677
49090
33404
69313
89411
15729
4876
43079
26783
44634
38122
75596
2901
23197
29387
97335
86347
66425
48090
5819
24809
60829
85074
88143
62659
85611
81373
30651
81438
90591
5061
93089
52852
52513
48333
20304
36887
22769
20089
700
28859
51120
30842
49627
61788
9165
30864
86168
6024
1267
43090
59743
40167
28649
71633
73082
90291
99939
82650
79780
65098
16487
64229
47646
67152
8529
60443
871
14433
41299
469
71782
1161
45572
23708
40331
93394
18435
78816
25169
2697
77512
12716
33320
75340
43347
10362
68811
71658
37988
64644
32071
93749
65585
53694
80335
38451
73904
42353
23073
9913
78443
35013
13522
29661
70912
15112
39387
6189
74570
49018
2563
10172
34434
19333
4879
59320
84196
65713
66698
78955
20128
14416
26281
14404
37466
57985
934
28296
10660
40694
27204
69683
25175
20318
92967
320
47243
47737
82340
5633
31810
92895
37519
19054
16392
7509
80138
31867
78709
41800
53269
11798
82771
71353
83576
36949
6154
33099
47855
70868
59828
16389
75576
68275
48611
33536
30343
89713
48064
4203
93457
9084
80032
35550
88300
59882
27486
73476
34951
45628
24740
52360
23253
8912
78875
82643
2182
43976
34382
41694
88771
31167
62508
86693
93291
8234
42264
39119
71047
18531
24891
9820
16007
40570
19081
2617
35459
45175
86658
62371
81777
67622
55463
41957
98972
57742
37055
48243
76567
31996
54832
6790
54002
59952
43721
61057
30455
35432
58239
61431
11256
48020
68018
20830
41891
52794
92852
71276
39548
26382
77262
73014
27515
50404
49043
43627
6715
70561
35105
24491
37537
7958
12670
76145
22568
4574
92794
11473
23080
57930
38208
97528
68880
29736
8622
74305
32134
67125
61341
40910
19910
72536
31104
60809
2725
32187
78242
46920
35984
86693
10629
29828
11346
29078
17849
8150
5717
12704
64679
2763
90135
44029
45267
83898
97177
52075
78913
13959
80982
80128
18485
74902
20526
17102
42103
45443
62317
99670
41641
45345
80304
37879
74922
96094
80705
6159
72324
43270
3161
78793
90595
15792
53563
93618
82461
83041
67768
86470
50478
98340
41827
88918
42120
29248
93503
13569
21487
51811
33547
74023
50327
87771
29570
66858
7327
28866
4881
80187
49094
48276
45998
49776
21579
70228
90204
44264
76727
3877
28573
42363
75710
34387
64939
9293
62716
60919
16514
79640
56740
19804
23241
56861
99271
10022
60926
25718
68986
19115
11707
66092
99645
3482
70621
22600
32254
84564
65252
87601
46548
8106
74040
62784
56706
73716
82670
61257
81318
95920
25102
753
54564
24445
46549
75843
20930
82017
58858
90005
15926
98336
58133
34879
57327
39183
22264
6673
66783
43048
4603
2795
53364
24239
21477
96382
99049
49044
13711
88969
91119
21637
96299
18598
70120
68217
82749
28992
29963
27001
50582
72399
7448
16710
76054
40883
71422
52028
55119
46076
55722
80353
54958
68187
29703
15689
55224
49045
91876
91487
49683
29440
4308
92099
8064
56417
23404
51985
66130
27437
35547
20947
83400
36440
13679
36403
14694
508
4456
14655
9946
97788
97303
95287
21247
54347
165
3092
88926
89711
67633
72607
93454
64309
26033
16320
4486
83514
67651
74013
91163
92711
49066
99945
47224
20253
88703
94752
94082
52554
39204
72930
28468
8960
29891
67702
81697
53264
33099
61097
27014
27728
32812
51715
7710
29566
26008
4240
84059
85857
31116
95496
41813
37603
40499
38525
86936
65603
93849
56817
54324
92221
70259
61
84209
77349
93216
96997
3455
94732
50618
6371
40727
84812
7837
9682
6885
67646
28469
3021
1374
32752
13953
36596
93014
12717
91364
28157
73169
41211
89258
33781
48345
15936
61475
59898
55064
32418
89967
60705
42614
58974
42256
62042
77734
88995
35722
80768
95411
62355
65921
52572
35795
44206
50801
89405
61148
37294
66558
74180
13665
23175
23238
82851
86070
29350
54558
17294
68496
10460
71532
22797
86443
97772
50663
48312
74690
9619
31586
37630
87318
73460
59729
78679
97644
67892
91683
9163
20951
83930
91629
94026
15708
24494
75494
28244
63223
97696
8364
74666
26700
81077
95280
68255
95176
70246
89090
47353
46490
79396
31221
18089
73203
3925
47708
91169
18784
23436
38156
40067
71207
79422
36327
14931
48555
1273
91250
69353
74027
48321
3148
58145
55382
84689
33287
3468
99271
80307
22323
39846
69789
17985
11650
40411
33874
97259
49925
32148
40980
62705
37836
49732
1536
91136
23837
6115
42351
24197
20328
18509
73689
47580
92798
59169
21886
88640
11501
6637
69267
63975
93595
82675
88799
12495
37947
47874
68341
68708
3876
13921
23737
61333
19816
39720
94215
32573
31151
25040
57277
25016
35583
25751
33789
26559
99739
51987
88321
31853
34415
74464
60759
63241
83708
69628
52878
73872
68266
87951
25310
777
20728
65178
52543
45234
98870
79375
39900
73271
25934
29636
98670
87205
66654
65908
134
92313
19956
14782
34687
9211
7575
21827
88008
20081
1749
23979
15838
33314
16084
89279
4682
805
44719
2938
44100
22741
25547
29854
23201
13120
81905
3306
98713
37864
11136
47051
93263
60330
36317
28128
96330
56262
27647
937
84234
91993
65390
18729
13939
9405
59138
94166
1144
37319
85949
75437
43539
90485
20973
66445
31650
16710
75613
79573
8925
751
58148
32775
24606
77119
80551
98736
80831
97654
23262
90553
90586
55283
61183
7163
77942
38551
7949
95758
66463
7644
11282
45535
15411
92530
91411
74594
22158
33268
59382
43423
12130
90723
83812
94459
43355
27736
97430
21801
61412
59800
69230
11008
57071
25312
80649
14480
93308
78340
7779
33839
4050
59633
10428
67474
3604
63951
4133
76487
58804
42795
29978
75576
40932
70780
43293
52398
75349
39552
20936
77057
51715
32931
65947
88004
85575
45758
89126
13542
55512
94427
93312
95697
12590
61673
25964
15031
38035
73384
5901
42788
57612
99914
71547
87128
48975
10150
20576
28694
22246
26686
85647
24235
33973
67461
80212
7618
30568
10416
67613
60804
99494
4835
27818
56660
64163
78733
21434
54996
51198
54315
29553
15380
12351
60780
67167
70631
8889
41128
92251
90620
86275
38669
79401
25510
42880
9721
69671
25362
5039
90571
70805
91283
76615
82303
99408
40230
94861
26829
88876
47196
79072
44934
27353
14113
96810
68634
24635
2388
3118
92531
34300
22745
10689
44837
44239
517
42419
42615
93903
70340
31393
75436
36315
60090
58474
93270
99805
44462
87526
40070
19470
95896
35468
12308
3816
97658
82971
15405
70328
76927
76574
52215
82837
45512
12490
7269
51686
57554
6921
52327
51063
66554
7767
52971
66899
5462
87935
29422
50130
19239
58967
39427
36590
23240
96806
31194
59531
7861
6411
73506
22065
75097
2229
62360
95981
1401
30539
73936
71122
78905
10514
1635
65465
1547
55188
7051
94849
39152
66099
97764
49422
80318
70221
45457
37185
38054
39104
62927
42500
96847
33379
56680
70382
63272
7620
53212
40656
3653
2691
20777
10266
73537
91957
89708
20940
38905
64490
41895
50759
33164
80764
27166
89389
37780
29935
27960
71446
73362
92314
94937
37161
75742
43772
25855
47883
11838
64284
78019
51367
34045
34408
33046
51283
89284
70526
77988
69642
18342
92433
45419
15030
20781
80486
61501
93512
70521
97105
70944
73769
22553
90248
38576
39095
12434
33664
23713
7377
7877
86314
12512
51261
66646
83207
66206
26773
40822
29393
2343
24183
2981
82912
35160
32550
70452
35081
25152
86016
89942
45697
77201
78068
88047
28455
55064
97667
58873
4404
49272
94179
56664
22651
33558
48071
59539
41236
7839
7343
16486
55600
85522
90749
66241
61296
3568
5265
61067
32317
6084
42068
39378
77674
90002
87094
23876
22694
83524
32421
15871
70234
59088
90631
38753
40866
31199
85102
38585
74927
29768
56506
27762
81567
48183
71863
4939
688
81825
89727
10497
39220
61178
14482
91112
49875
99539
23653
44683
90064
60538
31044
42650
67114
35813
13122
81070
23021
74020
47224
62856
2391
82709
95295
28940
79528
54008
87478
80391
65288
8951
50552
30481
16406
56609
18066
61172
77512
60823
8034
13560
87969
7220
30971
71244
52900
64610
22824
12864
10187
12530
75095
85764
41540
64730
95611
52566
74790
37908
68386
63525
80360
12533
28669
52958
82614
87337
38728
3043
54168
13040
5292
92063
92315
23702
33430
38294
7093
10009
34600
80992
46569
37304
15469
81320
20915
62982
31689
6682
58375
63916
58986
56414
74363
90437
10212
73498
56386
38754
49392
95630
39942
65712
37808
32708
86941
44385
20297
17277
16736
3485
11509
25268
37363
16181
18056
20117
72164
15825
62934
34739
38617
42109
8698
69977
84659
49692
44498
10631
32762
24588
95941
60922
97115
54762
93288
19858
30356
38874
81765
37111
9893
99737
50019
17523
50514
36267
31829
60306
30995
88358
76843
63039
41623
33138
65915
74112
77554
97623
11357
92373
37196
33229
10450
59382
84353
21475
67994
7464
66638
57357
27234
42870
59672
84735
33814
28464
24291
66321
3107
84301
96580
68780
15366
2709
35692
61384
54529
27679
84253
354
12057
26985
37120
80480
79899
4490
81825
52300
62976
67531
51299
2999
2323
7503
54569
70683
394
41679
10766
83536
62463
58940
98390
19702
2254
99166
75308
4422
52006
8618
30476
6139
21569
64523
50687
60794
4450
83945
31781
77180
14411
99499
14766
93575
26169
24426
11756
4128
42721
56736
17729
45847
40420
75799
50765
98197
41383
26712
30058
43741
218
2159
22965
58200
93921
55081
51247
68792
69148
33117
80707
24026
37360
72127
68177
8905
37549
19573
76361
6261
2589
91393
68749
52196
96882
98198
96022
70672
52098
29200
54042
10475
34735
53362
95001
35876
10911
9460
321
63085
58496
73389
63800
17494
65449
23125
80163
42130
39669
47224
81751
57165
32321
61352
94425
56447
444
72590
73801
48846
59937
49303
19962
76664
22507
48144
72285
82547
50208
83246
85747
99828
26982
76790
2410
2203
77117
36195
73079
37495
48579
99977
95816
73956
34748
24141
34588
90958
67922
64400
44240
59818
4077
27227
60671
65598
12015
17837
83853
93580
41613
74401
81635
6565
41968
47854
83530
34220
49001
1382
52898
69800
84942
21157
74074
59584
18946
91528
79225
4610
67199
57914
446
32458
93014
18848
89137
69284
75600
5333
2337
12950
39201
71063
36081
87248
35966
603
67286
89189
90812
74624
72379
67745
82911
89081
2510
4398
53081
20878
7847
50918
85082
8067
30741
63067
99993
50778
53630
56413
30638
75071
4853
74197
32671
72225
43887
71159
93491
99579
38277
37638