97164
55950
29542
27248
92769
59906
2853
18431
45663
61546
14087
58477
64877
74999
22927
9868
11436
93221
63261
69673
29152
87014
38920
61070
21082
74763
59980
94490
81945
89845
70742
48235
39268
43351
15703
62884
24708
43290
18912
36118
80381
28414
53672
59425
85354
62691
37671
88834
83346
1181
65834
87014
52971
25959
35725
21430
37299
75082
91859
16209
68516
71356
2791
22469
7720
83655
39461
85050
72070
184
19209
46649
28833
22872
68729
65302
76015
76425
78116
52742
94394
60062
62589
61728
75547
34110
47707
69008
85596
51121
19220
58161
49489
60946
74692
36400
56286
76663
11013
57802
79237
2679
1292
90083
29770
60143
17119
60986
39611
88135
2943
71269
90629
69113
70156
52133
67244
22267
78477
2964
35891
84744
3428
5654
66463
79851
20944
58571
69568
90506
34481
89272
49865
48455
49461
31533
23159
58939
99494
91238
42996
9730
72534
14181
50614
60542
93338
63329
44330
67523
35946
30313
92028
89088
25809
80359
7796
99549
43408
62406
43199
18823
48261
314
76870
61897
49764
79609
70901
64245
39711
35630
61194
71026
20858
63906
12030
6824
82778
47637
6637
89342
20615
53464
86865
93375
51039
9705
56706
36326
32281
13962
67607
81215
18133
31337
42543
88799
42158
3053
6679
30830
94675
48278
14254
30533
3049
59971
15178
25555
49152
86434
32876
87737
88777
9851
52436
28913
94437
31918
87153
32658
81755
83286
7805
51381
74173
671
58803
49094
13236
79524
90942
2325
33285
39313
50688
82077
92848
82342
95283
21111
12455
91902
86238
98211
43067
90644
14127
75533
4732
34109
556
53237
25125
98542
72548
39527
77924
12955
57675
92081
12446
19651
98129
48741
19857
44462
37619
38491
7448
79673
72829
38794
56780
98089
53928
77511
65916
26278
40118
51430
19456
23744
37195
23724
56565
78554
45405
81023
36939
97692
82987
71281
13639
9688
14497
19105
98702
80310
19926
57525
48702
93564
49911
82954
73455
3094
46
48110
83221
28724
88621
98873
77338
30523
52321
73369
50659
43961
34849
52443
10201
28168
16920
53151
35579
90148
67119
70881
68391
1463
27573
24958
46561
90846
7872
1318
40780
94472
2353
432
36293
46670
89362
45513
27989
94879
91819
43566
95969
50101
45823
85467
60995
91120
40465
2817
98579
29911
82038
71972
91002
63068
6030
41851
1123
31283
53566
91739
37547
83822
79691
94540
87668
51368
51020
67526
62877
11269
14602
15482
49696
83335
87828
70015
75936
37961
54522
49402
34803
49701
97210
71125
9617
99296
3897
70051
80803
33516
1036
43091
46263
30833
50791
12281
15151
77384
26851
33104
66096
75393
84334
26067
76522
44027
28380
12227
25912
20110
96754
6424
58327
26341
64155
81564
58142
65643
61271
59408
39494
99889
56867
26513
84418
10335
73277
82107
43262
65228
5048
61584
29713
46681
72475
3984
6972
26487
44512
1889
21020
13840
48080
49300
9607
45908
3366
46104
40520
43746
69398
51742
789
82151
18052
91125
97956
95356
22575
12765
80358
71500
69617
39997
53046
43787
70969
56733
49371
70427
27931
39124
57995
9929
72114
45214
53836
63114
59345
46399
66547
99050
77947
37201
3573
75705
5124
4372
60163
99707
8688
92363
55120
10615
94882
88971
21706
90153
72668
52326
48622
3147
14562
1091
67748
44569
55181
31055
57716
83001
8230
20385
23773
31502
56406
85179
86178
8561
55672
63799
12948
54170
3098
32820
94988
8531
77967
32814
53582
36614
53825
84826
63765
90610
55239
12334
40700
26559
55647
8386
42146
80364
33746
97568
79005
35979
82620
96197
95447
12280
40359
30132
69368
96510
7561
57152
33235
59374
55207
92651
75994
43104
90612
81691
46317
55089
80013
93043
4602
31747
41995
553
54315
62732
70131
82515
72757
56789
10273
37127
97700
69511
66386
78243
66633
96831
71217
88798
70286
67804
79003
3893
49198
73689
82229
11823
24893
23972
53750
85400
13103
17534
91887
45334
61762
51692
62307
9876
18625
26503
39705
98371
47995
48939
24180
46547
87974
85341
94140
93570
20321
99454
99227
7902
63159
51870
92035
76474
18819
70927
37403
72215
43140
87979
55970
82178
28865
67362
99059
46859
58053
64955
31660
86480
87391
6763
60735
89259
85032
97905
12584
1569
12162
11931
71290
28622
51449
19616
47909
74371
38046
31330
32712
74240
3664
8672
7811
57959
79762
75111
50579
49082
51096
74205
75462
45776
92278
96356
32967
12852
9035
41251
84914
80251
81726
10494
62487
27426
74492
50210
39832
78946
42234
10743
25481
27001
4275
49643
62718
37408
64964
41011
28523
25226
20386
18986
38532
64734
10274
5764
58027
86197
57385
12112
2417
72447
2788
72667
43545
42555
32376
96020
65229
6380
24097
62232
65806
11137
70401
31853
3538
44095
82761
90898
57781
11026
41429
55372
30150
47959
2663
53741
11382
23213
74669
88645
92335
97623
1840
19051
44311
66490
93394
38670
95456
28369
92601
7663
1288
98982
63026
60376
67899
2339
741
21047
47349
93098
8801
6164
40519
59425
88501
56004
4476
8943
78432
53655
66783
18870
22945
27953
78417
81157
59210
47974
3499
38460
78637
11560
36052
24727
47319
42509
26255
81745
61496
30259
31815
43105
60610
90062
69792
7601
52467
91101
84575
15779
48178
5121
48384
97210
70180
99501
11410
22965
26447
85774
95835
73652
58754
84228
77394
6378
1348
87601
99999
70378
64724
45853
91200
73198
56320
2324
94664
84347
43096
23378
26976
20290
58968
51302
64123
44238
4115
85857
22753
49100
21080
58906
74192
43585
9357
84019
46785
88059
16366
41801
22498
38330
43118
18188
8821
45447
49638
9332
44254
35298
46652
84305
75852
76454
92683
67199
78505
29395
91379
27519
39630
16560
41830
54856
57264
69252
19498
68005
27999
69708
30168
46868
26631
55868
44984
96916
44319
89300
5962
58939
26342
95102
18411
24332
28661
55720
41413
17394
26204
27793
16548
28659
95918
95581
99996
76368
28492
24568
5330
78366
97101
23971
38380
59224
26947
32676
71788
55462
32692
31965
68945
95879
25377
56570
33122
54229
98382
31336
80244
33529
77392
49098
4947
36946
31005
9795
72262
59596
95334
53569
86409
21239
58449
61470
7134
68130
63624
28468
48476
39846
931
88502
43463
31088
61672
18910
45776
97316
84175
86538
20532
10319
76252
51000
80343
87750
51600
76237
39418
97699
22996
81084
10133
59453
54974
93642
43103
63413
43578
85408
78385
37135
5728
87415
76653
81874
58023
5045
55031
54489
39928
37783
53703
72343
52549
78128
35979
56895
50394
50245
92901
96066
41490
41256
77990
97772
95717
11808
39708
39328
47097
60875
2235
59748
41552
87555
83353
66605
9853
49985
28543
19874
71453
79985
78403
12078
20780
86737
25273
65447
34831
86431
2431
11022
56992
9980
34664
88369
51153
12899
45500
29725
7142
91684
85988
39131
69114
8934
63617
85387
6076
56352
56457
88843
71225
71722
97163
23296
68737
86224
73192
52565
5086
89894
69697
42115
91092
35016
2097
35236
52038
18317
22267
24981
77185
86124
85220
50411
79155
9539
49297
39760
14296
75824
19813
56846
99392
2892
88935
68293
96360
59381
85268
20522
23041
33726
90524
47107
36743
46285
17733
57398
96812
66079
41076
81030
6250
31295
29055
47091
595
50581
71248
33017
61260
66253
54588
58965
61142
10064
27861
47822
29471
81587
85299
37013
91952
48852
49532
84705
48125
79160
47178
17531
93894
12539
70474
49490
59884
311
66592
27003
99061
14028
32553
98698
86481
6830
84031
66414
91614
92019
73938
21485
95182
98989
717
98756
99372
10587
35561
77355
21951
44186
85222
10933
48409
59196
29101
83566
22625
26234
25280
25810
89054
57040
52749
7724
92055
73415
78889
71472
47125
64202
54410
69364
90706
60156
79843
66841
7
25517
71444
35399
82743
82922
93217
77900
59105
80225
20243
21132
23976
29514
22489
8607
25955
83953
78031
32597
86713
54425
52741
85303
53511
13739
9711
2632
3267
59831
83191
26275
8370
13993
18885
77048
89440
23238
69443
8808
83836
82781
27849
30594
65662
77776
80389
5123
41282
67527
17788
62378
63232
95992
29681
79572
97312
4864
71078
41414
25347
18861
30244
45207
45685
72103
5038
15805
87105
71100
72769
12298
92873
4482
13183
13862
89656
41142
18083
34127
14826
4898
72963
68805
11937
41285
13381
53551
73560
64998
28015
10683
33831
70866
49305
42075
16853
49213
66980
78015
2491
41213
86862
82585
17644
63042
4957
93879
66233
55132
70897
89245
70514
8398
660
34195
36146
61548
21156
8065
65411
20420
99110
26857
86980
6278
99732
25894
486
88158
53760
91404
63453
11762
46081
99875
43198
21787
96536
83087
50750
65214
32392
78815
95345
49858
10412
67023
7325
28043
70328
79042
13746
95777
85247
68650
92770
68397
77372
22476
31284
77510
16375
52846
51001
92348
82751
42889
85151
66507
50618
86908
49025
38395
63498
90572
26150
79064
95472
31950
15974
99987
24082
55105
27287
90765
72934
60168
17714
42848
65208
48446
36087
67665
6165
38375
18193
158
15647
51935
45616
41974
60568
95683
35713
363
56606
72653
15821
12938
88026
40948
61602
63245
7656
13479
12182
87877
97361
96004
81691
50087
55804
98552
47432
21443
55216
50427
20843
5921
21360
81027
53452
83852
92643
68729
73256
8348
98374
13965
7984
5408
66663
67130
86464
44561
39391
46980
90644
44686
21403
57559
13120
53323
5126
13548
8628
34579
26619
2631
96538
38737
29244
41487
71800
64773
59140
24966
61844
54026
81479
91893
79533
71711
1247
55887
24396
67570
5838
55485
68326
87163
40489
29623
92395
30470
59421
26672
87501
65691
62506
80007
76207
18072
59984
86080
7480
83844
69089
47200
84119
33222
47382
52298
48997
85466
3744
24930
13436
25063
59767
13577
57628
80705
41092
6912
45846
48752
73212
13924
82675
13343
61669
4231
53507
41204
17299
76873
26460
56902
6598
69356
40714
37116
54858
79898
58371
44454
60052
31505
34957
94479
12403
93726
82362
97156
17249
73104
90196
87522
46550
17691
47395
95670
52566
88047
37733
42580
83613
7725
90826
34680
34907
16310
87570
47894
4955
92455
28720
76947
94843
31089
32102
18483
51234
80971
17543
33879
67870
43357
6109
66241
53701
20521
82476
51792
15647
28282
21568
46495
59127
37916
43528
30150
13608
52023
91019
56327
62686
25106
4517
36381
63566
24291
51843
6211
13840
93039
91956
32890
94446
33219
93466
63258
8998
32120
32048
4999
9909
37041
85105
51606
7125
82683
82134
54105
12608
18653
59164
4517
61384
18987
28118
40814
90494
87821
33558
3159
61391
50424
60049
24328
79638
54332
81392
70604
28746
88361
51979
11590
27126
28562
54411
7110
68819
77282
15687
37332
49920
93619
57243
19002
21055
4325
87314
60620
15808
86043
44184
80435
73497
87798
80781
9289
93878
56135
73722
61308
84517
92772
15135
86288
5195
14492
27554
50050
38838
59582
20193
92832
40788
14858
56914
27040
91877
1785
17291
84863
93544
99265
69353
87361
81512
76209
31995
61695
1077
35240
96772
33032
16501
70138
98635
92061
71314
5019
69743
28879
13925
88735
40095
62909
74941
44372
55514
83817
97248
26780
61930
28742
7417
50752
27687
33113
3058
71388
76074
7524
63782
19073
80336
42539
85544
97395
52222
32611
87081
81650
80380
9228
14032
75209
28862
9422
92766
44799
73974
70128
8067
18200
58309
40275
13482
35170
33111
72728
33968
19198
82298
25657
8879
55305
42289
91479
44876
10654
66731
92051
98036
91941
57346
43224
79884
20532
95763
52044
33244
20423
58612
51841
7388
15523
45340
64449
13737
34113
93881
21373
79665
61413
74741
46666
82966
69136
39528
29261
54577
69862
80350
70874
17280
71364
18192
65835
47443
95487
93993
30530
27588
6075
7928
21941
44897
10810
87516
34588
55129
42532
69151
34163
92180
72177
80823
2907
3466
47051
81179
18966
75679
62875
25679
8511
63609
36795
43559
37918
57840
91777
54175
64985
20945
86203
75401
8151
6850
35696
86594
60450
75264
11415
10195
30170
87020
521
23425
86490
81820
88623
32436
13374
24779
40293
23667
16310
63032
91528
42370
35696
82862
38822
73717
89605
31362
54012
87698
65830
26997
72181
9208
24902
98861
1450
18736
56688
67289
61995
12701
32522
24899
69383
43601
1294
83075
78800
27130
73647
2804
74618
48143
1080
15818
73121
57702
62858
91531
97413
71136
32666
59575
28372
93759
29967
21253
4756
17368
37923
79191
83664
80323
83674
45884
38383
16667
39801
74289
98330
22010
81221
83138
71408
52438
98205
57088
30205
97020
50823
52056
43738
64204
4691
33328
48190
17704
15339
69597
61368
42524
85439
2056
64081
5292
2060
7098
84660
76972
51852
37601
81528
11152
8462
77523
80414
27427
50820
96218
28382
41004
3346
73613
58754
80775
10170
94122
67421
59579
75257
3672
91854
14337
91160
46570
91738
38951
2788
26830
78404
34815
31449
55378
60279
5827
50910
14777
1967
67535
7428
1149
80427
53613
27284
98091
72540
98316
62224
29224
5929
58571
78211
8020
98609
24729
17919
4094
75733
6051
21094
78827
71575
48467
24698
15027
12084
79104
81611
22853
91771
99502
15862
49910
93522
2250
37365
2892
13449
72618
37937
2178
57115
88665
49383
69162
76323
2449
34115
97119
47580
28987
57372
85067
63618
30707
40577
88960
38757
32551
20743
41200
40577
98561
55919
74508
16946
53590
35969
10261
86537
20273
83437
42427
32417
15603
23460
64800
36308
98791
56269
13560
87564
38974
72259
42639
48318
43689
82207
7808
67529
43562
944
67059
68569
94406
28707
68812
23115
5243
36559
73689
12936
43551
16815
99043
88504
18568
15229
49379
80074
4101
37467
27908
66639
36789
26846
82982
58402
90078
23415
27672
44377
8417
71374
38778
87886
56716
53995
81939
44475
75556
36271
92414
33965
28821
48813
74164
90715
24095
54528
8586
58626
83084
70873
90739
83435
68003
11685
91613
42307
42299
70911
52428
58015
20719
50945
11012
15884
7460
46500
14545
58746
16810
77759
1384
96649
50833
97557
9438
28650
72675
18891
21619
35057
96318
52388
4382
27049
27894
13080
46033
56381
63335
33822
81538
940
66412
31834
75531
30982
97411
82435
31157
14033
26574
33533
26192
83580
17095
22760
14789
13078
1339
11083
4200
75349
16002
48482
21081
73044
99143
21521
85254
74909
78617
65320
35615
22238
55156
21006
56390
1272
61354
20716
98925
82373
41917
99217
83732
17078
68677
50502
1482
32218
64012
14655
2226
53991
23011
63019
51776
40724
4393
67484
42648
4594
8864
22062
77599
72915
34190
65089
45856
88729
88554
76312
53751
37938
7346
92011
31307
78562
23570
64095
77518
33413
70776
9252
75684
59349
65121
5452
38532
78795
46984
66103
56259
62745
36807
77545
55016
99709
69286
6510
4140
99638
67680
67171
47034
64774
23341
14861
20249
79481
48149
12958
75869
60219
57605
93706
50271
5923
89378
53500
50297
94940
66405
43774
41839
64385
97538
10769
11845
50580
9864
63160
63387
97252
59018
14138
34107
36374
74383
71416
58927
96349
36802
34111
19891
31920
70021
69684
86187
4661
84947
91546
99370
65799
19535
35809
77968
597
33223
30343
73048
73057
597
54448
57471
2812
56962
38828
33661
84261
20188
90923
23935
76100
31174
54472
26590
6366
63194
68874
19157
76743
99712
18665
89128
96271
56644
137
13386
73086
74202
94887
42127
23356
68879
41922
85806
79317
34731
17740
47495
11913
10601
24630
41942
76853
29426
11766
21204
7590
65446
60029
65355
33630
98361
58891
78346
55334
54123
76245
74090
92769
31195
96714
2346
39468
35719
64014
92837
35286
39157
99197
66509
58968
18489
12824
10949
65650
89940
79025
24159
27853
94270
1352
87760
21497
55776
4701
84534
70463
89135
6695
86941
24682
49512
96555
88397
23971
59989
54372
55730
72127
22659
96779
74743
78664
83673
61699
35195
28314
39487
98626
7262
8289
96749
10061
216
48609
48293
22648
53118
29653
624
31015
87498
58027
22458
20296
72181
43784
96780
58944
31860
89295
13729
17601
85026
51546
68166
57854
51919
14920
80572
4544
62880
87702
48710
90679
67231
83559
29043
60659
78159
65376
80597
28744
65292
48101
63512
56162
94408
99674
75592
21794
17124
59778
13519
26635
30331
71428
99080
44360
36297
75467
42570
4322
28079
52025
8183
17779
3645
40694
14155
61784
19659
53530
95944
86391
44938
70019
10702
11760
71461
31836
54253
3977
87042
33586
69455
4993
4673
24642
16394
35656
76362
91734
74082
73432
1539
93182
133
22578
15815
6179
77116
84114
49274
27126
41517
87120
30964
51675
28200
88577
19977
22011
38424
30011
8945
67137
89643
23001
88614
79044
3943
85834
66724
46134
4634
46741
60806
33593
36796
8743
89168
55156
60419
27308
69425
56921
69539
30560
59859
14733
38407
14415
51969
85572
96982
91150
33487
43241
53121
4683
31943
71389
61789
39961
39701
33204
56630
12816
66800
52295
41695
75384
30253
47732
90680
65102
70524
29986
42229
37883
99103
85817
97196
20481
57439
82829
50072
18706
15371
61157
47198
42396
81786
43295
14184
69470
58928
19144
55645
85465
3308
21278
32372
92471
11013
28887
17729
43907
78646
28644
82578
58404
46509
860
14658
1791
56532
36301
77932
6328
82144
15772
10085
97853
57311
85894
69514
50972
23134
16782
16786
79621
76996
97226
66475
59210
92894
33596
83778
34115
98377
79829
16166
3944
86844
56108
7104
67241
2200
45525
44686
66694
85929
75567
20195
97788
91021
18004
62410
68917
79266
80092
76336
25513
82646
24056
32652
72913
17097
38295
39978
61879
73030
14281
4002
69166
30877
70340
7970
46877
30456
90745
130
90650
35092
13415
33869
61757
28890
4335
24925
79002
86565
44071
3930
64575
10294
72848
58652
27432
14193
94764
4824
15349
34825
81061
26282
37310
48451
48786
49098
43980
69792
42442
40956
29617
3142
39775
28931
51759
99880
81135
33067
73930
44525
28788
67264
90319
84298
60681
69125
61696
99783
14358
91429
58521
14130
47915
52198
19829
32035
33925
75153
78187
16619
54267
76206
32289
92658
95167
2671
39437
88623
3425
69579
53427
69848
64305
56680
36551
12493
66037
51768
46809
11870
55263
1595
68708
84094
81644
72450
66435
76726
17316
16799
53024
31169
9407
20857
76021
33600
66304
32582
55112
65096
78701
46411
34008
28002
54971
2961
3921
64246
60001
2770
32110
35046
79569
32943
91190
97609
27200
86105
72481
46234
73426
66681
43862
50689
49341
61074
46502
69562
33750
88198
25365
40192
72710
84666
49632
51446
93330
11153
85144
66776
21284
56455
88800
22750
46804
42942
75486
11218
11909
20293
45534
63637
72129
71868
74902
90841
71356
37807
83945
96321
32286
70698
63925
37896
22194
96240
41949
77023
99048
77946
76859
21818
21640
23413
3758
87734
26630
8752
34375
54079
37040
45648
13066
32575
39527
76901
62699
97833
37336
38744
94021
50838
72055
65401
85737
55957
37285
6133
39750
56156
68040
48652
25844
96850
55395
16065
31142
79263
51495
40910
47792
58303
61130
53838
72742
48950
21071
85731
15588
62465
48608
3891
70996
9968
18995
44621
90596
73317
50345
35020
65844
76146
53528
49453
35870
29631
84605
7624
65434
58117
33144
28741
37302
13873
96524
60202
59836
19651
96920
89076
72073
41287
27701
35321
19702
79669
8836
81035
16268
32790
83060
56774
70174
52326
94700
14874
45989
56839
14522
64817
17514
78710
24829
94218
68003
65431
11495
72913
95921
43276
17518
88480
25341
29907
96870
3744
76120
38743
63323
1725
18534
28624
87528
70800
4987
24098
90311
98377
43171
1763
68189
22719
79712
23150
85124
87908
32093
59457
44822
66653
46317
83734
44653
15135
53315
54435
18502
41816
90282
60448
67724
69217
36994
35679
87722
15308
86805
75604
27768
95450
12126
39935
97067
5064
59062
81616
4190
37595
78672
93440
98097
6876
16823
754
11087
49603
42437
84222
79714
40224
19646
50300
79889
5206
5347
60244
78954
86639
86877
11126
81905
91033
85774
81426
41338
99786
33223
99709
1094
530
22628
27399
85657
33659
10572
75440
95183
26449
94913
45531
34277
19239
42037
46683
43199
94446
23299
14510
22254
42406
36080
10849
97668
94609
80455
64565
97499
95073
99743
10796
5513
98577
34904
36884
67196
95599
67872
6155
30809
2910
79626
63374
80337
56620
5927
80426
8128
49931
11423
75495
41081
23815
9860
90079
37637
27846
63842
30862
63072
56999
68608
20084
87890
95755
95372
69129
99266
71608
79407
81404
10749
4476
94882
91120
56889
50681
86
68103
56862
32618
42259
33731
57906
38311
80595
47810
83733
64506
36609
48294
76395
31994
21994
35499
90761
75182
6857
92208
85416
77561
28843
34238
53284
43971
61769
19439
33879
10509
41783
79015
10579
11764
11806
80596
90554
44443
2687
30256
6331
3534
75878
67662
62843
61074
72235
5217
63080
62843
74331
74124
26741
5944
76114
53914
43664
84596
11752
72440
21741
13798
26089
50068
96575
95238
69333
37719
76512
16530
91164
95004
32805
37279
74302
49158
33781
71513
44133
91921
77544
49536
61841
1385
19773
49801
43381
74514
66334
40776
40427
77208
10857
9672
22388
32692
2497
96626
36317
91658
42233
38494
36208
73271
30042
55648
75244
208
34980
36836
11106
59809
22666
17218
95395
66393
76108
766
19435
2346
45771
22734
84186
10430
96550
73454
87220
82828
90588
41688
92575
14561
46889
34783
5616
60403
471
56738
50421
1918
73317
67900
15242
40252
1570
86607
10094
93225
23341
19426
49860
57121
27707
84239
85308
78503
88669
14763
76174
73293
20732
11394
7264
66313
44434
49569
79766
59117
88116
28992
7300
52049
90375
55288
21372
39046
87256
99910
27889
93541
6197
6351
26566
95501
60034
77797
75823
92882
29856
10270
66981
31713
73129
7057
45054
44200
86770
87591
25447
58295
81727
567
63976
74763
96775
63536
97620
74679
1152
79110
95862
53505
75714
48216
2226
41248
96242
47255
7703
91263
34580
33640
16117
55109
2992
25994
72225
81925
33391
18269
82114
22308
92354
79582
21206
34654
67108
23551
99587
40527
24227
30230
3280
32033
51725
37841
45266
508
427
59351
95483
52848
69127
62822
35064
8471
78707
15635
515
87590
2926
99479
28666
62774
68819
70860
58433
66283
26957
78981
57238
90833
68392
48808
21781
12481
3866
56600
55826
10291
61181
14243
83038
89175
39688
89001
52780
74525
64664
27778
67315
80069
88415
96280
48129
35454
30439
61312
60131
27005
16082
90184
66785
32553
47878
3283
72941
74486
20158
37519
70560
48642
56257
29287
78483
36839
15996
50737
73255
25197
71169
58560
8037
15042
69262
28221
31324
14725
10789
35576
52230
90309
12390
65293
31696
83267
14939
26864
7504
42209
9369
26534
47341
94163
18483
69975
94108
46318
23518
36363
87232
18895
63705
49529
12531
31117
95755
22964
19981
50692
99039
22173
20138
36049
33218
22040
10749
73791
71388
49954
32145
40499
22647
46978
18293
44534
32464
97178
79468
67128
90383
21622
61846
37548
94088
92673
81860
86457
96096
99301
55476
83489
37202
56572
2282
54339
7486
83345
55118
77985
4434
52333
77947
49620
99973
90388
82040
24234
73786
88743
66726
88546
97448
96938
12550
48847
70026
7597
54840
60953
95343
21722
23478
90697
47664
56615
61835
73887
75839
44412
19011
54688
92104
73132
94439
35810
28435
12689
68858
26782
27093
23046
7680
61018
28267
5041
18910
57116
4390
94474
85297
68299
94049
34465
25456
41734
15383
41066
57568
47804
63164
70950
95079
68648
16174
96564
49517
15564
82177
92550
83983
63018
67402
90235
47754
73031
81447
71608
59409
97229
61549
55380
29188
15539
91866
90872
85084
91694
40544
96517
76415
99105
30114
5447
5385
13393
57567
43018
79811
60111
95838
88097
51049
6354
5380
21108
29587
55913
50374
14590
27040
58730
64178
66662
67191
69128
41022
30205
52788
67653
7365
52564
45075
701
32898
81003
94622
52533
55385
65208
9290
30309
34443
16365
32817
49340
23454
58391
4125
54266
31433
84253
56640
96920
20047
52499
51350
9008
18963
89719
7433
28724
85820
67398
12761
51846
1431
16103
87931
43745
32485
48361
12573
33968
46950
33983
95900
19344
35788
38933
96178
3010
94869
16937
50281
36223
3572
60944
61977
18231
99365
28945
73144
18800
36626
75938
47156
33389
69330
40755
37120
94100
59627
12134
45988
10373
96310
53322
19447
91367
19404
2828
19682
7331
45703
31066
76984
40195
12221
13623
4743
36772
99155
60320
67700
98976
96223
96076
2225
22344
72812
83909
327
20417
83667
78067
17886
53040
16112
49543
83005
58931
44902
60653
42637
41920
61256
13710
2069
8189
19878
95707
37735
41383
24088
34923
66007
96026
49825
12839
36187
2563
79603
80520
42706
25184
4024
83764
69368
73489
262
31431
91513
11231
36602
16932
99424
58837
15217
38570
35637
64820
22475
11153
31950
84839
2152
93936
75590
63286
90176
48435
86925
93827
29136
84624
11709
284
14767
6471
70631
98580
51093
90956
6075
72204
87666
14446
26847
11280
80787
472
88990
12970
15014
22776
64417
13702
97666
4176
2561
69783
91264
79173
93081
78043
1885
13131
82602
80857
4669
23733
24186
4914
86105
47428
57117
64138
41840
9899
63060
86194
11368
733
1849
65773
62852
52098
7615
74888
975
97012
31685
54941
74119
90099
78785
74868
8574
72396
45247
26083
34301
60303
25811
96046
56650
67093
25751
25511
26427
70600
31763
26589
13570
25442
69195
58677
50143
43129
89971
8750
16314
20214
7955
51370
86239
63963
34769
45600
56531
67275
37076
10075
85272
8725
2153
92059
39942
58045
6920
36582
73291
56203
66264
10591
52579
73485
40703
19706
80490
60074
51823
35136
63301
22193
51997
16256
91357
17653
74773
92197
8866
81672
34165
55546
91586
17263
36943
76123
8415
19273
10655
52524
79551
31916
55735
66298
15435
39589
59142
41667
28969
3345
58110
31048
81834
19628
93289
53292
16693
94804
99689
45796
76958
34820
87257
64730
53311
75208
25748
95300
44132
7324
25786
64197
11602
32180
92212
44102
29453
6316
82490
2185
79654
65293
44126
16921
17869
53660
7684
14182
61469
33427
48649
30886
29726
19339
53666
45936
98426
26619
2462
36987
56178
4971
47575
92002
21970
40704
77350
47887
96648
41864
43222
30581
37470
87068
37946
10654
61875
4599
13495
89669
66852
17029
36593
86354
21553
9853
41613
32304
47978
57972
7444
15735
33117
30818
53446
17505
1670
29976
48202
99172
86132
91696
84291
41287
41862
87760
59064
53302
37723
69093
33369
44977
90704
14223
63360
61892
82993
76432
48588
29046
79731
76559
67321
39960
94061
25595
72362
45469
10384
1889
96144
81901
69799
94342
81202
82951
50988
36413
56206
62646
5090
75376
12793
34727
30827
18354
1095
38822
67432
48626
22878
47280
58534
70857
22295
42725
75350
32863
41527
77731
88884
62585
41677
39742
38511
11226
5943
31049
72113
95516
52144
42479
61498
40402
15248
44222
39213
96308
8824
83014
63547
50634
14325
24781
94247
39536
5159
22258
60782
14361
10119
41422
25116
24684
44992
44506
77108
36849
10759
75754
74251
13882
32086
54968
1207
67300
984
13328
33479
59681
59865
6248
33465
16671
889
76809
94385
76379
19902
72465
57752
46419
85543
58711
6159
7860
90319
57664
85115
93011
98971
41747
35692
79879
93972
78329
96556
9020
48538
46954
19629
52534
70202
35345
66099
45849
83766
56977
61325
60156
75952
15149
78811
2198
57227
82776
45351
62006
5109
86581
67064
61726
79385
5620
7028
14748
16042
31747
75871
29967
94896
41781
66966
34311
6197
64830
31435
21935
24616
95890
56983
53241
68628
41688
87561
49491
65360
33548
59305
99697
42846
40690
46410
70745
96545
65868
27198
6176
10164
50967
95700
1766
15228
83089
58872
28982
58556
93819
79921
48946
67991
91415
370
77694
50144
60709
51244
43524
69480
40038
94541
46229
38601
87456
62107
8278
51035
86103
69512
77801
67981
18986
84460
98491
80704
94755
9036
75494
92635
28547
25941
96106
82582
34217
24203
21409
85679
33041
32489
83695
21777
95026
1875
7224
58497
90438
5190
93470
30990
2088
71578
72901
81303
90244
24203
27023
14199
38843
50402
17792
78873
59401
58034
75522
21514
8252
65801
76373
62062
24443
42466
14425
67271
67746
83312
95244
97152
57928
958
34838
50570
82625
46538
85918
4802
37374
83849
61974
63971
77884
40975
33645
40103
63096
42665
12283
69680
64925
19166
69954
8015
1154
53724
50617
11243
38509
50448
12199
34383
24672
15650
49293
75664
90437
43006
22440
8183
86042
67318
27419
1964
59148
33497
54713
71492
23821
84316
19163
81543
22759
90233
90335
9155
19597
65143
29265
40151
44356
81019
29641
87861
28800
60094
38110
92013
71077
19305
13999
51652
69471
53717
97380
12923
5305
73591
9989
76857
59880
55398
69566
38906
47106
11805
16436
37581
69565
74370
77510
15930
39211
62136
58258
71362
17630
9401
91905
90343
49330
74116
96113
41585
61416
26120
97839
7240
11566
97335
38606
87907
10396
7661
71597
78371
79524
4054
94963
73209
74087
88740
5898
38698
85319
81539
41551
77731
48872
14289
21950
27597
25147
18543
46926
43090
37433
33196
42571
41008
80893
7985
90271
38563
10992
14036
42056
22041
22493
2689
116
84509
82448
76021
5525
41692
15658
65172
95202
92267
74708
45772
17678
76731
7381
42398
83365
43558
76847
8146
28771
76924
84883
86304
76359
65264
2730
39028
18558
7047
64726
25557
49799
73915
4367
38171
95538
99945
40046
79413
47140
3088
31547
12373
35514
2191
41159
93150
26327
34287
19807
11864
85805
92765
77954
72368
72814
65050
64946
29742
11405
35285
82192
99
11391
52528
59559
34075
81361
8301
91934
73549
28605
81216
96831
80877
86982
14130
49811
38256
86729
90492
37746
25483
59514
89268
17385
82894
27442
41611
31148
60150
70923
48457
17293
35394
90365
24504
68410
29093
43636
58759
65035
92658
7335
85671
53715
26299
85873
17148
87566
69439
32226
26096
16072
7522
81021
33778
23735
2541
60060
4326
51231
80404
64910
74254
28625
32973
49309
91550
28254
94933
82385
20327
97681
18123
75809
88433
25516
18306
13024
16370
11249
29950
5709
43651
83111
15635
50628
8207
34111
76202
55626
23600
76075
6289
96870
49504
45593
98708
95667
70329
86893
60153
62743
13989
10731
45324
4810
63222
81836
68064
86013
93034
43155
67677
40684
70797
44656
83754
51232
19931
3601
22299
40176
50873
58801
88801
40118
14803
96763
45775
23322
5202
7285
5533
66
57744
99196
45413
2981
35858
1600
16467
14937
16679
20739
23265
13333
56842
6684
85558
41413
47910
5816
60728
48221
27844
46354
26295
72848
51021
65481
51283
3115
87290
55452
94905
89245
78647
68231
98260
24823
83908
92013
26290
43406
26052
50836
52367
41828
24841
25802
86099
99283
26187
2706
10630
20683
5078
49528
11046
4449
89321
15498
32962
23601
1424
11864
1869
75066
78798
13819
7594
87441
67997
34406
99579
86059
38685
87638
57021
66866
39567
92904
2266
42579
46441
8730
65295
97933
40601
95859
62020
93999
51383
32693
3135
48000
31072
93312
68871
24203
69757
85062
75658
73247
81671
72021
91614
63158
6194
89016
75958
98027
11235
96725
85284
54828
51689
11841
81942
27682
963
67080
79033
81850
97003
74273
41468
47512
15420
15577
11979
9756
42718
81075
9760
76487
25737
40223
264
59152
32730
45165
71970
87226
39408
85676
77544
38955
40447
73020
38147
71399
13720
286
95542
57717
60198
66906
84670
12514
17986
53047
24840
68144
14120
74838
37679
63398
17055
61084
89510
15509
14870
68911
32057
9537
88192
20037
99662
21335
42194
7946
98051
5178
88790
36560
92740
20105
26716
67625
16322
98287
65830
75961
87841
35513
33716
15849
68243
50946
38160
9258
43340
92181
24312
77402
99897
89785
49069
50770
95700
31291
3327
90447
47642
30473
31743
37842
11047
49372
26196
53375
24000
91146
97128
25838
25404
24014
93068
71325
83683
49792
64220
63236
95492
41381
62072
98475
59747
90840
27150
47182
87866
66355
50731
2050
5050
25950
35235
4885
59990
38906
51010
10851
8350
87028
63458
74735
35071
29285
84537
39508
60831
67759
46089
62380
25235
48601
45134
56479
52305
73042
53728
71746
9256
38990
56429
27155
37054
1475
8856
30203
39105
37153
93701
92478
27312
34551
83715
68688
46082
28479
14301
462
90094
82262
91229
23048
61427
38930
38525
46692
92610
40245
75664
75088
82278
24057
71149
22351
5478
46299
36777
86550
26892
3072
83627
60002
36485
41788
65669
26732
28487
46368
10284
61500
34154
49050
1551
16154
69401
16043
79573
45420
18722
1938
15944
6260
57410
29152
81223
83555
79212
85643
80218
14332
57437
88393
66032
60718
74881
60981
29279
558
12063
12303
85539
75076
11942
66403
5841
25954
76175
79453
21266
68238
59423
54606
63743
65874
60727
73004
69828
7339
27010
94155
23131
35334
67682
93990
17293
47753
93747
68810
59144
30039
52620
34741
13218
8888
55521
94345
32048
1180
15972
24735
42238
73748
77754
83919
87617
43711
845
42565
17656
38746
6353
36449
81817
53489
5981
86102
53004
19434
74697
74013
17146
61956
73909
4362
12877
48860
78641
34487
97763
27594
5366
56901
15517
78122
92569
80069
60292
45119
28787
74159
65401
37182
53678
16831
76702
78904
56872
64000
97779
54509
49733
42919
20958
52049
6309
63015
41795
18392
35377
65262
5937
90361
85943
59837
31476
10278
25154
4476
8162
67349
86569
58766
69067
71513
74409
79572
23073
46335
11445
6463
67093
40685
85002
65128
85712
65456
7318
48265
58520
78291
37478
92035
87813
27680
98559
68780
69850
38065
15342
46947
44357
31363
38978
52051
75667
34451
10128
22672
75921
10358
74220
41153
52622
70166
14357
47759
6594
9182
27892
99408
3101
64317
77522
12421
95876
83327
17880
429
59364
51273
60578
81425
12880
10723
63858
65160
39082
4301
81176
5514
86775
19476
44900
50910
12199
36947
28097
71654
12238
7017
75044
53911
41360
42121
64606
55279
52126
69676
68951
11108
26544
17478
46296
31585
6645
47528
9646
28888
19002
81832
97823
70729
21720
60001
51875
55696
94695
74580
50516
41318
66718
4616
26099
77329
47697
6493
77461
40603
82531
22185
25940
57690
38620
21732
56223
9687
11586
18834
82187
9130
73536
49687
17618
96643
72043
27887
60147
10044
47593
55998
1297
76490
23712
56411
74595
21771
34682
36287
85920
5819
54013
80377
84521
83671
94499
87828
71567
38865
5698
99716
82416
25265
76540
43761
48210
45498
36214
9260
1351
74977
8257
2375
85377
10559
49947
67668
77739
45406
44199
67384
28230
88138
14532
43969
29062
61324
5729
9342
27039
32530
31268
65318
84862
56290
98222
68280
66577
36842
25575
66580
3069
72515
66592
23261
48522
62473
66671
67209
67154
65118
11773
13298
67772
7730
26819
84613
7137
66844
18885
90622
57519
44873
75085
82114
27756
70162
82045
22778
20346
54388
71431
9367
1810
96917
59554
39761
20979
99690
77999
34552
92912
78161
88639
68398
27649
34504
63047
82805
92696
44729
75566
49755
75120
40952
93748
24361
60340
68206
23091
64132
81492
76439
44332
71120
18352
4877
20767
97551
11130
26463
6393
39553
19911
75002
30008
24446
8746
48561
32801
19901
41314
15341
18306
35413
66589
50452
41707
61421
94210
44932
62863
96000
95179
47183
75569
2139
75670
95088
93618
41969
13083
54089
10224
26278
44373
63780
45030
69074
72820
44083
80257
99487
43622
85022
96376
3616
21543
66787
4774
68236
14568
23290
75867
64994
20717
3348
3807
5905
26854
79475
53590
52492
67692
521
31268
58353
76602
26167
32503
95742
65153
67716
1203
38416
9405
11988
65059
97138
57501
74782
50482
8059
90526
98471
93542
67258
58712
1929
88578
63359
60623
36028
17481
50184
22981
64754
18186
98247
24286
55252
56146
33444
72289
94710
39274
769
3415
91248
4974
42807
85129
2578
15500
65322
45113
64854
55010
84248
73030
80156
41970
54182
22559
18724
28059
10008
60275
86344
48823
97293
51091
73967
20790
69670
48915
37579
17168
92464
64011
96234
32936
37665
41977
22682
35434
73810
11850
88300
24202
48465
8449
98607
60346
12649
55127
27798
8188
10449
71417
27113
90656
479
35362
24730
77425
37519
65603
79910
2579
9995
93695
69627
24206
24746
31103
92149
44132
8985
46717
52412
2377
17840
87274
46692
72660
44510
78841
92584
21806
24718
50590
29873
82153
92774
3789
86007
33133
2554
13941
49300
89441
33280
26990
93656
58355
25362
18709
24583
88258
94736
28130
71387
41116
92300
73014
11915
7923
10836
91494
31024
50329
81798
38214
87964
60693
29649
55252
3663
10357
86049
55817
75568
6191
51123
59314
71053
50994
88538
33497
13883
33199
50430
66522
8605
67153
27147
27080
22640
50446
17034
4743
51455
55797
4414
322
87233
51953
28108
83371
44979
48421
47063
77655
5930
23112
60240
49614
63834
91068
89191
881
73892
16792
47418
10800
43716
91138
34248
51406
408
86123
33631
3132
2519
20964
73909
74996
55473
7202
67584
79820
26315
45857
26685
54527
83906
62657
31356
35163
7355
5072
35220
99904
20171
82856
40111
88266
66910
63260
99411
85865
54241
54721
16004
46308
40098
29361
73634
41252
7864
3773
71228
99463
79433
78670
66513
14064
48426
88405
66239
67436
36004
3790
86357
49397
79462
81379
51263
27787
88326
99860
23224
53557
97051
38506
80011
71458
45888
59694
72651
46336
63551
95767
89810
82217
2622
72427
712
7172
83831
42775
78397
86306
49719
9729
265
7002
44523
3493
39597
84284
53253
84628
63715
9779
37251
57552
18384
12638
37256
80646
3059
27953
56375
38389
61815
68528
16147
26188
59172
42413
9935
90153
44959
93277
34575
58326
58681
53798
85427
33764
47694
41914
68836
43936
90200
19718
56720
96347
51320
97175
78452
45146
34691
94829
53850
64874
7146
98081
92811
9070
96501
33307
71787
82419
20036
9395
91594
30536
40222
80038
85474
41206
63232
56478
14152
3246
76567
78827
51174
44772
75083
34740
60658
17496
71809
21165
45813
27759
88394
35476
59300
42416
12821
61536
20345
51012
66268
72677
99647
87683
38901
29974
33592
45316
72502
67490
49386
16401
84716
3649
36714
91106
17684
19303
26252
47296
79033
25026
56376
24048
35708
37311
17063
69760
72079
87619
73606
49205
30150
41946
7779
93451
455
31790
78590
15721
66506
34961
55601
90386
92194
60213
33387
10239
35841
70501
98757
68616
66982
11181
35105
7375
4525
56675
57539
42981
74899
98544
3577
92168
48966
76589
35390
28567
15358
8312
23702
30076
25564
1075
60022
77099
77593
77595
28712
85288
25999
91220
70257
95907
29311
84522
97409
60510
92841
10253
94720
23454
85153
57242
30581
9731
55219
89577
83683
35492
75861
54718
6388
57595
76897
26206
49801
7918
13308
92572
22460
58170
27428
23229
60859
11179
71016
46770
56770
34068
28841
15026
99561
83790
42074
30746
51474
47787
30802
65489
12393
75802
58222
54750
2634
13572
52384
58831
84451
64233
66778
85832
51814
2400
19730
9085
96550
93983
10033
24880
51607
34182
32839
70572
36078
83223
1038
20295
20975
36934
48249
29450
53382
39003
9178
65020
54728
72907
51165
38482
93112
96876
58776
52729
38473
7056
30929
45016
3190
81270
51136
59646
33071
27179
75190
23598
33958
39248
65467
11311
91042
79763
38543
2835
45464
20660
82862
81880
94998
63214
91474
1605
44489
4835
61951
94634
80383
45699
36159
7554
64798
35252
48274
65826
64764
84212
26137
39307
85432
3437
33118
45955
5431
20958
10087
25098
64347
12790
13582
64883
24612
70158
88415
61254
44597
39116
22108
70060
98178
45932
27097
11668
57630
31924
66198
76888
90869
44978
86722
19274
9446
76635
66451
38094
86093
37421
32073
10760
89494
24509
92058
42271
32505
40664
298
94988
36889
63038
79222
87147
56148
43561
55031
41649
26989
89359
37143
82903
27318
75328
67658
40750
37549
16315
12281
45162
46741
29419
52745
52348
69064
65296
83518
35318
50449
3455
74632
23519
49070
70788
3329
39385
3397
57972
53861
39300
62116
25185
27213
46404
54159
42389
54453
84813
24949
77942
10140
93376
44463
23874
67361
46029
90891
11480
7673
65082
46089
1166
33058
4649
25540
87191
79087
68222
98721
36863
25483
75742
37379
36218
87310
19985
98511
29562
83408
2627
41977
51043
60279
13645
68440
21621
73565
12535
57718
19515
99230
19992
84989
29571
40480
3263
96241
16002
0
77755
89539
76945
97138
39792
28362
41117
7262
2735
95278
91047
22888
15704
58733
2355
85685
95618
56447
78703
2779
64602
38764
37084
87300
14117
78785
32266
68782
81793
1090
17381
25494
74669
80686
80539
57577
29648
81865
84950
73439
98924
65370
27473
15775
56391
67338
14896
97603
17945
40303
28140
91899
41914
44796
99972
23534
40895
14454
12882
1535
4742
63788
36029
26498
62716
89002
37779
354
93058
10455
97219
47256
63894
52198
98093
93126
89024
10153
86018
78648
96431
87804
34642
67429
88412
13689
53492
23917
20524
32811
49891
30163
51743
2564
70414
46642
59733
66222
30942
18436
17606
99887
28785
47073
39284
57327
47337
79393
95506
29359
8377
72704
34821
90392
19433
33882
70704
27770
7298
88307
68524
67586
8268
14195
34161
49946
16599
44270
85710
83531
60695
48032
25886
67902
69320
35552
45808
92066
84082
66939
12737
45655
99
49873
40439
62683
66532
70901
17177
69060
47023
27259
23576
26827
29706
74794
26932
47486
27849
73641
16518
23956
15095
65420
86357
49241
46545
58496
55235
17710
17579
58671
37982
48728
6556
50030
24759
16481
78465
34548
17240
11365
57185
41410
89624
23514
12567
96997
15464
2912
12727
46266
8570
70160
60057
67618
85360
2538
75646
61124
99523
9911
50673
69419
28152
48069
33072
8151
97183
80082
40234
78103
82258
16018
71252
77861
21203
93869
12285
4514
2345
40235
39975
69393
22104
47082
42756
59335
38765
28276
90810
89963
57269
30951
88963
18810
40666
83528
37920
45559
12132
37198
45806
96859
55577
2938
33870
3566
51449
12892
47278
21547
50719
49811
27125
29983
31796
54069
14324
40064
76576
48347
65293
65114
43994
80749
75007
86338
82133
51283
13733
5489
6565
50423
47876
13941
22424
8903
31443
27449
26268
27061
27502
76433
97746
81137
38249
22825
8934
84973
99243
93338
60818
66821
35953
65866
14533
31433
52724
39329
98267
9687
89276
60540
15772
34949
91594
41281
91495
7962
29250
30472
76509
44935
17519
95864
95917
10864
57756
66373
15394
17278
83175
69433
87407
53792
62526
86604
64295
14388
24337
77517
56479
38964
37649
1512
63538
33938
43150
11815
15893
72894
85830
6505
35217
47711
84015
13526
69269
48443
74143
64026
79702
34367
44039
64247
63711
19521
38160
54688
46027
35622
81053
85387
35920
37557
75075
69943
34010
47635
6851
66540
95468
73652
83955
9282
49705
58608
17721
21824
99754
28814
13529
48999
73331
91149
31637
82527
17512
61522
2719
83158
87710
74742
63782
35576
73226
36971
65961
73451
42065
7599
76557
92897
35133
77724
23074
13025
85170
26203
36806
7576
72398
7576
74466
21709
57894
49740
88353
82562
39072
7168
9988
5763
54163
7872
33597
82085
63135
25248
43909
3502
40475
69097
24103
12218
11898
60926
91981
56371
64069
87075
89323
7296
45525
84537
80413
34970
34096
84554
84663
41881
39166
95270
88326
12290
9980
41085
25204
17775
1302
68220
68740
92688
57743
73935
27917
72539
57903
40245
71161
83905
28460
69107
37862
99170
64816
20734
77728
95034
96480
60117
46053
47548
92329
530
34604
21220
33488
6082
93387
61717
94274
96532
48599
52796
22900
65176
13785
90272
10623
19260
55143
40604
58020
42260
28401
13596
69770
72026
33534
30674
40640
41681
14685
2216
68994
22124
26884
66018
60639
65024
90498
93235
27653
26768
7401
44013
84804
13853
15784
89653
10766
38473
19871
93835
10012
34916
53935
5927
49211
53829
88986
33065
3160
59148
41329
47081
3269
45801
42991
79548
40220
57004
34048
58673
66008
7012
16065
32581
58487
70150
83108
65391
66391
39553
5469
54572
85523
39229
43190
88301
51894
70365
48714
46287
81410
45549
42479
10268
15609
70079
95827
8421
99365
57586
45535
43364
58882
57081
87595
41231
74115
9728
54535
57707
97504
78099
36670
4942
24584
94399
63451
12620
13139
68695
31024
84632
61378
43927
50289
65240
14407
4142
96943
53081
74465
84264
25412
84827
90656
13337
90056
74814
53617
50615
2150
24091
65610
85606
88413
32201
44758
8726
74018
86434
51846
37458
6043
45183
59695
94249
48785
93916
91698
45350
1712
32412
4985
21736
48231
84673
59763
76052
35318
90940
71731
17693
80353
62531
90884
8056
49412
66379
22837
5812
22239
74960
42482
26866
79195
2814
16672
40464
62499
2031
97605
11770
1160
30636
35737
66132
47691
3121
59453
57295
28943
75241
81780
3133
2730
71770
66706
50563
90512
36131
15734
51546
20202
87061
26606
11236
88103
95609
70547
24479
7425
12549
44600
98037
96311
88991
56896
10586
2764
89006
45396
10752
65511
24546
37444
34357
24232
65504
41210
21612
46040
4117
92323
787
59959
27044
17607
13284
44852
22697
34843
10511
12687
16554
86859
96299
79210
15448
87385
19674
47990
57359
20314
12470
72506
96965
64758
40375
22790
223
68912
1494
59969
31420
90602
18831
80358
54969
57353
70109
17423
61000
35321
39872
57720
64554
93596
9618
18221
71044
4491
61273
96628
88412
13276
71875
21154
72965
67139
26052
71052
8433
87821
8147
45414
70138
46691
25032
74433
20275
84858
86253
17241
1517
6559
38217
51197
53696
11154
56192
65209
66991
57131
47559
65891
27369
22091
56266
71075
44056
39861
17228
50527
23131
35890
35232
2838
99712
14187
14283
92451
89515
26128
56502
9034
62782
53307
90739
27840
42579
13403
50947
22279
86914
64294
88051
87534
97335
64543
11222
80447
54551
23869
36345
89457
63720
7404
78125
22740
82208
47700
33847
44173
64153
9224
7099
2118
97931
27087
33639
58202
15064
88930
85953
86459
25348
8712
34209
67887
72843
79094
63837
53559
41437
82812
1979
2436
62716
95242
99689
9433
91928
44737
8142
27677
75758
17304
8006
53700
25335
68942
48201
48115
88325
97274
40160
89474
85679
41256
51
77194
33852
329
2880
80851
96107
66295
53199
57873
20520
71713
67063
84373
20304
4871
98961
84198
5973
17928
50498
79770
20944
67231
23194
69677
17166
37393
78641
983
71334
40242
58849
93180
68442
84129
75810
12015
43509
6896
22041
50181
25860
68430
99020
51350
31758
41956
23624
72732
51450
74280
29452
63921
33437
7168
81152
97241
98175
22634
88997
72749
90297
67089
49697
60364
35932
24498
33395
59021
31495
84418
75907
24057
21919
69268
92250
76138
25671
83196
17479
2871
15460
33646
48503
92045
84497
41436
67748
34021
72625
87908
48045
99414
51146
73732
70028
48624
34099
33582
365
68571
78445
79478
74623
22790
74174
40942
53070
7542
881
22912
96488
42520
95625
53151
99010
42407
64773
47148
31382
70447
27846
67980
30438
30823
83793
69385
59282
15983
3162
53793
21968
60241
41209
63393
65592
73527
93081
53564
72947
19486
1400
84719
92127
23447
71899
65613
57142
33778
68856
60655
98927
9114
74049
48351
31401
21660
3846
53911
22576
20995
70466
39920
75926
73357
77534
69845
45925
63399
61584
93136
7076
61255
93140
37409
1977
50044
93316
4460
99208
66757
88683
93036
87788
99109
70
10454
95015
11997
89846
83102
45519
70053
34859
81674
24663
69347
2710
27980
71340
13486
60133
63640
60847
15786
48669
18990
29667
88703
84526
33286
2919
86880
12272
27082
63356
3893
31271
29984
52352
44625
51751
78861
5559
48843
21204
87131
61467
16153
26720
87053
62611
21431
36166
13149
28485
63361
42197
51916
26545
52015
99300
18370
13963
57577
92092
53917
88553
30917
87285
90714
1117
54952
73982
34048
40336
89598
10258
98097
9533
97344
19512
79521
99361
51018
78461
73791
99133
57565
49846
826
13587
95389
38403
95206
11551
37165
79350
54890
12127
81441
19517
77581
67147
50751
13551
53152
40603
33596
27977
941
75063
51925
19794
73365
76038
74902
22774
29216
44103
64040
46652
33489
18953
3558
78344
41446
27234
77038
85855
85181
68018
13825
74319
59768
61108
25560
70702
51712
68888
99541
1148
14373
56169
63300
72642
20129
76091
35451
95205
96778
47762
52907
8546
25927
51884
16024
58627
29679
67432
5229
35912
70639
16701
96770
78698
12867
28643
77599
22485
72125
86607
9073
47773
80496
85748
14918
63718
40512
42332
56569
31139
84786
20440
82364
85027
19119
33614
57818
81137
81298
63940
28159
61797
97623
96182
79538
33288
68976
76464
86653
2884
41097
46415
95743
57674
21953
18313
14299
40131
36331
89151
39291
67109
88608
15712
95261
5536
39941
1692
90196
49252
977
2410
7256
8437
838
75517
30135
57588
13777
31667
11249
49145
46479
94438
92410
32458
86310
89703
51184
56405
24392
49349
32891
24682
18702
59455
70239
56965
71367
76927
8343
67179
73596
94642
26526
94966
79970
78165
69792
82998
65280
83972
10007
71949
87441
34294
51737
68222
43152
96334
59826
61991
39866
85045
32160
21877
52920
85829
41897
61871
30157
4279
21807
90657
88538
25604
65959
53988
5197
69458
77093
83293
81843
12794
30474
24648
75666
59262
41081
77604
8550
52541
21625
46267
11718
23972
45473
22985
66094
18702
41187
89096
19670
61711
1180
60976
77845
10284
62432
36856
87261
92314
72295
6534
21780
7251
88645
84077
76098
62547
66728
8113
3646
5891
62927
68049
5231
53390
51678
26418
647
89816
2966
80100
33240
99937
72756
32122
50920
24161
21793
47096
63014
59008
8289
60501
18042
59101
69127
62735
79084
42106
97290
84252
23191
79463
64306
40768
4386
42319
40653
71154
38331
37782
28978
35475
5170
98827
43376
87041
27621
88583
54081
24220
29373
63466
92349
37721
85533
33998
94685
37669
68926
42804
36207
43713
96436
24220
93912
90533
12737
91801
26133
46018
88906
93577
77751
87245
52132
77273
70565
88523
54684
71335
67456
66178
21607
79777
32776
50445
10237
58101
29077
3288
69584
72762
72287
48479
70223
39303
80477
89805
1937
46330
40273
82903
64285
84140
99771
12175
72855
46362
4492
84603
32033
49994
43010
60167
7408
48392
40822
75920
65973
84228
57410
74079
8369
83876
61982
91403
28585
63909
4757
38505
75462
79457
97344
7232
22565
85331
35351
68279
46873
96132
9263
18004
19427
29319
87964
82473
52419
44981
71146
89454
9583
10190
12169
97916
14830
64077
14279
44978
71117
8499
91319
53268
29806
45548
41395
13878
59232
83211
46008
40306
9654
87711
53565
31129
89949
51582
44487
49548
9169
98161
47744
37402
4504
34012
41254
61490
21329
91961
90802
39622
78632
34617
63704
21008
36791
76480
46077
67963
41799
53078
30457
30889
4691
79992
69865
75172
87168
29990
20138
9468
85265
64840
55815
77724
84484
34752
40600
26452
30988
92171
72616
96782
36189
69614
90301
63697
60223
6079
2166
9916
31004
52815
55036
17947
78326
95492
90411
58137
65885
17640
84362
72845
36329
2858
77526
44695
4471
93096
53896
67852
23959
95782
55527
44708
11840
55775
27662
73611
47112
84440
58623
53061
53794
72865
25811
70071
44979
91235
4788
34839
9206
68271
12516
4626
69992
30420
41905
70930
48201
52055
13627
16212
61288
71974
24189
41694
16567
70304
45225
23423
40823
83168
31045
41987
21621
60552
56294
33800
95443
87183
35431
89234
58259
50238
80969
12045
9993
83604
67536
3242
51054
16818
46597
95715
25372
80007
2275
18339
17599
51652
50557
6648
26655
51693
91677
34284
27659
72740
15939
44754
5192
22833
58855
75492
8572
83117
96188
7020
67897
43461
4954
71179
39054
28179
80230
97992
62216
84370
10284
463
16057
19313
67170
39241
76992
90207
34158
50847
70522
92080
5671
36207
85557
87936
70349
43972
22465
78741
53759
22603
58631
19282
76796
71604
33249
14865
62657
73421
48523
70700
85021
68614
19230
93597
64741
9530
72261
50481
51638
18788
85246
83054
66709
35338
20791
26764
44400
44320
16029
11610
38722
70588
44199
4634
10355
13
44028
35833
10153
86646
70290
15111
96704
20248
8249
27613
60424
99016
25838
7750
47289
98576
167
72376
79630
68031
63043
18094
34350
89900
66236
90395
34009
50903
42267
73058
46521
54069
93205
89010
26192
52335
93616
76432
42434
66653
67944
91183
80544
17382
37885
90902
95364
16311
7946
32502
28862
19536
26098
8900
78322
54363
52401
56100
27643
92511
25662
53248
52090
91218
5813
7660
10564
83597
80036
88755
17957
90145
25374
84648
17863
42305
83581
94533
41943
20535
95452
59957
66282
68920
82322
11612
60400
1579
49601
36271
80462
36866
84273
97531
72990
33644
34000
12711
66262
29800
79649
94707
64868
68180
71115
34895
69113
7332
89285
38524
86023
70605
37091
63362
89607
65070
93389
30913
6627
9319
72430
37548
87319
85738
18501
8259
48047
28999
64054
63112
38121
68621
52788
99465
59301
73175
59591
37851
16012
25962
52573
694
50314
97214
83796
10559
50639
5345
83722
10092
87956
58773
85151
18634
72644
90147
71515
36792
6712
94443
26951
69920
9534
86933
32177
42716
97915
64595
51861
73621
77408
28518
74401
79820
25792
21511
70680
62843
37938
7746
28339
15685
4942
90827
99752
22110
44163
24003
11365
75896
59226
72631
26369
24235
50619
65402
85461
48574
22906
48177
94887
42433
87359
65241
44471
48993
41458
12189
20220
16316
49314
16663
52868
40429
11063
68595
44379
6858
57870
66615
37381
86111
53419
37810
24793
5764
22843
43482
72568
97106
11155
50507
506
32486
86636
91308
75777
26868
75892
64675
70595
66690
15955
63757
39345
20630
86549
36222
4190
17541
3464
45832
73360
82796
9963
77124
70844
48493
13875
42302
70049
76967
70327
36935
72468
74863
90316
91367
74861
97822
82145
24034
56203
82412
36380
77924
68023
65398
62007
97722
80538
32708
15459
68316
95575
48195
6291
55080
63164
42472
18387
39840
24202
86771
91138
70019
69758
744
25421
64617
90758
97149
25849
63827
74067
24816
81130
23858
87319
96354
40466
74854
15629
89308
29937
54057
6464
57248
4416
52501
89161
57623
22861
64499
6564
32097
77967
11402
46088
48175
93239
21567
81343
7082
1367
90377
75473
30893
10868
69111
86324
6403
29723
64491
26737
75493
30378
63190
96086
67901
36884
49634
59034
94911
24895
74559
43895
31713
60790
66335
50559
75631
56780
76889
78879
5727
81013
30635
15545
56914
15502
94762
85143
31981
94774
59816
69167
52843
43220
72685
34416
62666
94064
82750
49676
32998
79828
54229
51248
21073
850
63839
52933
84423
90628
47937
31282
18599
48065
18637
76117
99780
59125
78014
75487
38595
35110
85722
95252
50894
56481
13506
41692
23852
25566
24895
81148
77345
72054
92022
82760
11586
58148
47913
92587
19201
70177
28526
37574
79819
30790
60103
94728
42496
85453
3130
9171
80320
99526
29443
68716
50713
75964
51549
73492
63865
98624
63427
46885
73120
11081
87893
2563
94806
45215
1183
85759
72837
88571
34247
23471
6648
42353
27410
79533
54727
49412
86333
32843
62728
89949
83440
48420
71371
38266
25679
91205
64226
61038
75340
34681
50190
90929
5879
45765
6872
1812
31407
88811
20182
41117
29902
32081
75000
20236
64242
53547
55421
17900
37271
76050
22848
63227
34599
60591
5383
75202
27858
65547
3354
59808
4522
85439
54095
41902
86991
80247
78379
37594
90222
42306
95392
76151
77788
83160
1843
50067
64079
52375
59951
50500
44175
49694
52976
39618
9562
39222
99611
93796
400
99220
82378
28486
48226
6730
94322
54296
4094
70115
59873
79152
20881
89312
76909
15640
27307
38705
36018
34061
43527
51883
37895
25139
69211
81923
61437
12761
68849
94704
4884
19238
69379
81151
36653
47899
27539
11276
50031
34070
65107
44549
5220
74438
17169
36583
1800
57453
4497
10741
92567
80625
4541
92243
52537
88963
2562
91056
63710
34652
12167
35671
98429
64220
98789
16051
72405
1631
24328
54830
55095
79396
93856
30044
37879
14994
91901
16679
68869
25601
56762
59334
46135
27244
43820
26900
95003
33142
54045
95873
61945
25453
99484
56820
66731
83196
20386
77931
49528
74654
49769
32984
53033
48034
39596
73568
99291
83092
27921
37063
66000
59226
87367
93294
36900
45579
15741
60751
88030
18437
53887
65530
37338
6042
29558
89204
19983
51200
1284
4156
47082
72164
68538
15989
43364
6184
99493
23480
49353
84537
65742
80971
50984
36072
26521
86639
38608
69396
93328
71407
66018
7512
2074
35313
68171
65003
64257
16808
45822
77112
13791
95383
15110
93449
53737
98576
66487
35813
75917
48555
3908
22647
58337
61308
82972
98574
53223
78456
79585
39700
48490
77506
76926
93970
28346
79028
92919
5475
42181
66098
81635
35396
99683
17817
7557
51711
36899
12925
19212
4096
11519
19979
57376
43659
97137
19022
7346
48936
37312
57776
12259
58313
32185
50001
26954
35583
79578
25571
41006
26724
23404
85831
74311
44430
27807
7359
64467
83902
74614
43274
91964
76974
31480
81276
82447
99440
89234
40953
81178
42956
86736
10272
18217
10028
63572
20539
10379
67681
3919
23581
80804
72175
12365
9527
94588
89090
32959
25150
92840
22572
41456
94813
2556
23511
69494
37136
71166
69808
98425
38792
99900
98663
44972
122
80044
63551
72516
46240
12799
17144
62155
69291
82067
32072
93089
94258
35688
74108
33327
69717
37947
1903
3001
30055
10199
10296
73449
73781
37256
45299
2983
72708
69993
93885
20232
2104
74687
31206
94686
9522
34942
40751
46840
60242
6912
6573
99504
19654
54371
30317
1757
84602
18079
66269
47297
60046
17461
2879
39363
53028
68971
6853
86688
34046
17322
12946
17811
68458
33140
86850
83700
38025
42115
59447
15965
87063
58194
57378
80959
6216
74782
55742
23629
39446
80218
99865
58116
68721
99553
8331
34145
42974
38111
47654
90260
23828
53331
91137
4752
59806
14614
12831
54443
68846
50979
30842
9918
73816
98843
47397
9160
53938
61072
27578
77942
88997
24292
59264
5550
64801
28390
11483
27318
44442
56345
94974
71575
11786
18196
84609
20932
61753
69040
74517
25539
80933
94955
16651
67098
53357
7077
16509
37917
75639
25561
11474
5169
71188
4792
14315
40161
93665
18870
55948
64313
90133
65877
23486
17540
85085
69815
36247
92666
33418
33861
90318
97817
87443
87263
4751
55037
89313
52206
26941
3756
80091
90056
978
45306
25146
48375
45385
4359
8090
44432
4350
96898
3478
47592
79342
29798
30367
33010
47118
45350
48507
92
15364
13381
8898
3228
98264
71825
34993
68226
54597
49076
32203
49489
72074
1038
64599
59388
71212
43637
60604
65642
79252
92417
61850
76097
82223
10363
7236
90843
41659
15569
86519
16955
30252
13792
98794
87126
96928
46312
71419
6026
83908
17520
29319
88333
67633
96119
78493
78253
61751
38704
31973
19985
29065
32692
54763
39415
63002
67494
64990
14941
76209
19719
43041
10197
52686
42152
80033
8557
59954
82486
95465
31145
37798
47814
51545
28021
11963
39512
59398
17374
82325
4432
68561
76935
56068
35705
61966
84032
48142
42836
29896
84175
95501
39624
66485
21501
7492
59132
51495
35089
81636
85117
51053
60792
99646
93450
56487
11412
85082
99651
98001
81024
85331
59459
35082
81340
91695
76534
67093
91858
52275
75908
83351
43690
34244
8178
8395
19848
83268
32939
3987
88472
91523
94850
7323
80789
3183
76642
38386
39840
53197
78230
13003
60567
77489
16667
84265
13739
36861
82455
64083
55361
60967
84954
59903
17664
53756
75645
91535
74000
30917
29064
46304
74549
94212
61034
22925
96238
70122
20596
83707
82545
17551
5496
5665
90360
90490
76367
12818
36493
14267
38464
39253
72336
78973
65015
2673
49190
51269
48908
87845
62053
19111
44786
74361
10754
49191
25818
1420
99974
14349
6087
21248
40734
19725
4403
39558
8940
75594
9134
73368
76414
19851
61971
60925
58252
74207
20106
96723
21627
26601
90806
60452
76986
84986
94384
11577
86313
26155
42295
57434
82390
64088
27056
57758
35513
43985
9751
3766
4049
22832
77273
99553
71812
19960
39837
76662
48970
9086
32139
67027
40266
45175
89361
99924
34989
57510
2436
64877
52142
19292
82342
15520
39658
95808
47037
65012
48247
20650
81384
89328
95513
48095
47532
85190
83075
93264
83939
86130
55004
26100
93350
35068
48981
11787
72536
36368
77263
43519
47503
41360
42216
13906
84346
79939
23374
70681
94167
81464
97075
24893
65679
23342
75670
78541
70234
4246
10588
31806
21593
615
86560
3691
97439
5713
95839
35378
80960
87273
33973
94053
34111
74314
45175
53876
7982
94304
79523
32559
46655
58489
59775
78899
36564
75951
4304
8045
93962
47682
36124
3500
13238
28774
35025
14923
92291
23320
26599
35888
56993
74953
71709
20196
43652
46439
76125
94617
2366
86263
55409
55794
16043
634
60549
12707
99006
96819
93371
20967
15074
21509
34012
6218
33222
40199
23930
4806
49469
62106
67148
81455
70227
86295
59866
21641
99137
22184
60952
45861
81087
11637
40414
99920
4870
4866
32152
91089
80906
86716
97775
38082
76566
18876
23750
5252
8448
5348
36254
28581
677
25403
79447
96076
12819
33347
31488
34074
92200
83352
97553
31283
67854
54161
18967
47397
35310
77644
10125
70784
30983
70641
44141
82208
17724
16030
27757
89936
60322
67951
78581
28328
732
4927
40481
89887
47589
93074
18579
93611
49648
73587
20742
58269
11805
36835
28059
96068
27245
94881
67310
81611
23902
97651
19524
72935
91026
76999
43756
38578
23670
16667
62163
93783
72014
23163
48238
99407
66047
40969
1330
44629
32020
97327
35507
38465
29240
54894
97224
64426
7672
32523
9698
36124
69422
33061
6854
6013
39233
86836
28117
90798
14933
72916
75099
86449
31714
15387
78762
97976
19059
67577
63456
22902
1850
51096
11697
38779
18017
12617
9042
20238
29465
5599
2342
3546
86744
43747
46614
87756
46785
11461
34777
12093
95062
89613
28087
77446
5701
23510
5917
56644
77329
4266
19211
25963
83174
59544
82403
50583
56082
15213
7540
97639
5950
4409
72802
59417
43421
81996
21661
64646
52750
72503
45896
62771
21099
92685
41185
6255
27315
89964
69753
60537
48236
18674
14701
95777
23817
94197
57990
4552
81957
28704
56825
64299
70678
5330
80518
52977
24610
91392
13517
3359
9274
2064
47337
53980
95813
9273
81091
75288
73349
50658
98108
90306
67413
12853
39678
90174
89745
48745
46153
64505
9062
94329
86249
85992
43674
49134
44706
78216
56604
61583
72725
27160
75887
34348
73698
38884
47779
88099
94147
91195
26868
24236
70664
53364
89584
70889
96319
93436
411
57208
1849
2490
3579
63757
94823
9818
88973
25016
15709
79765
28810
90099
12752
89096
25596
57523
85389
48883
25926
12119
9548
22986
39731
17482
71600
23902
8687
79822
95316
20534
98849
32352
64569
58673
29301
23775
96439
60612
1208
92877
60593
8498
84324
45135
16728
55974
51082
9031
34573
5087
39449
61899
40611
23356
40305
76266
486
5531
49596
30965
3287
55849
45067
33282
9718
58555
4217
60137
64197
17979
16388
48450
83898
45695
99009
25411
55162
43742
39911
67604
30908
61600
82710
60395
67971
6976
13291
78517
66835
49078
53120
43295
26953
35067
47439
41295
45658
59724
95327
73675
51733
55639
91388
36551
26409
38029
10942
9782
80250
87347
61415
89469
17894
13373
47768
25608
57926
48182
40368
8004
44758
18239
36575
50692
80263
71888
41073
60019
69981
78687
56209
90159
93188
13751
584
82303
2400
21391
67921
69690
58551
75689
54331
4303
98628
61757
58948
3887
74932
42514
66143
9459
60719
19094
70749
28245
56795
56357
81128
59354
49025
24933
89873
73286
10846
22331
50136
62637
97588
8645
19136
50245
26811
98150
36177
70010
77116
91779
99596
8310
69088
8725
22134
91934
35593
9102
6111
82193
52717
3872
97673
41767
71494
85018
97094
80091
28209
20156
82711
72348
83345
22818
46032
27356
81813
31807
13169
24312
71314
66101
38016
39890
51424
91604
35100
35115