90730
83228
72838
83190
93888
62903
70909
7988
75581
14287
39855
19905
62953
57183
43175
24514
72404
9905
89380
43674
53828
7550
27019
18187
33620
27003
23970
27286
81698
64951
87389
61258
42069
87745
66081
59180
70941
93855
36835
37057
25968
38700
36630
33600
1846
27299
34545
23248
28944
64134
68186
38827
83939
91190
98573
46753
62090
48294
72836
37041
22746
51615
22877
61079
22459
43323
24922
55522
78647
74054
91366
21345
87859
78621
15007
98764
35261
91696
76401
22081
78616
9728
82613
35307
1324
89508
98664
70433
42704
48443
44608
12974
14938
24113
54479
12020
56274
42889
32800
76083
68725
51772
4918
76458
70322
39012
86657
78768
35670
1763
52013
89199
37308
23627
83160
73284
17850
76136
97584
78149
11137
67948
76882
33146
43933
33831
10635
43006
47240
25827
70933
4907
3438
48725
32192
87207
37113
79369
85842
37235
88378
8176
55552
29391
7712
79092
67162
58967
75998
50143
63103
50924
89361
18747
87600
76874
35358
51938
74972
69540
27888
31868
17513
91698
1513
27017
76251
51557
63418
13841
54987
74319
76155
24194
95769
87461
79935
90031
12272
3486
67995
52755
2550
21374
76502
64746
30719
4861
92386
59963
63360
12341
59192
49858
42394
55678
6340
37988
90018
93973
7377
91506
41649
56243
50727
28123
51043
98956
76075
40759
19562
27083
53784
62797
35701
98953
98082
3061
13034
58241
83678
30209
13319
36924
27849
51789
30962
86377
15416
27811
14268
18345
23450
72276
55694
58174
55069
66248
39833
60552
49073
33830
23822
57126
4762
32742
78614
58991
43032
94971
71787
99913
6607
73340
63028
54444
11734
75941
13469
67109
55893
18072
44739
71947
69136
2608
92164
95736
99193
67623
1520
72918
52002
82843
47644
65370
11474
39485
21777
27117
11469
37113
22504
54488
99606
95837
19515
27884
64397
70053
93148
66732
40211
81419
310
74880
70199
64813
57302
21027
60529
92171
69470
83888
85706
15252
45045
80012
21019
50000
47925
82628
67618
23239
87145
56336
79083
15046
72573
32867
70403
44947
32123
94612
58026
76919
98059
82501
77563
41161
3646
97687
60885
69874
53877
12014
18201
44241
98705
33238
77204
84396
67469
43424
57556
58543
74260
54772
79169
40269
83656
54158
54335
4983
24322
70297
13170
92610
96451
10428
39374
94648
86233
52685
34652
66880
73672
80770
5839
30205
17127
18860
75974
27229
87526
87214
96328
28018
81686
65965
39471
21003
49176
38908
61921
36038
80259
66673
2529
37285
33637
45421
49805
90039
36933
65110
53299
57613
18774
82386
67549
42355
67951
51461
46125
2712
50949
46516
34723
47600
54723
21833
33695
56891
81927
17607
55478
33493
194
47922
6169
44449
23655
46569
84422
70309
5383
16250
31518
46834
73364
70817
46078
7329
35937
23566
7010
1007
95023
90292
53395
42817
17203
89611
7892
80853
39193
14776
54466
33165
17760
8015
7584
46778
24387
25373
53913
18884
61486
10235
11793
7583
65476
95868
38898
18953
82309
69873
88645
31646
94199
61503
48448
61166
68512
44146
89969
12332
4593
33332
53327
19880
26693
27052
51153
1801
28894
80310
12968
90125
87744
10824
30572
44753
22336
73710
64681
22409
47936
7644
36707
14654
18122
23410
62055
72239
51527
46346
22732
86988
14725
76200
98837
29043
38090
45727
35192
93935
34657
96561
60697
20215
36158
54376
79342
90232
64342
42382
14585
42658
66883
8578
50620
93290
34017
8496
17125
71912
34393
26465
53075
86169
36987
37672
17062
40153
47591
46004
54246
57487
95293
4068
33837
96015
34318
31158
94063
8741
69695
47380
19753
14385
11108
48480
62924
5541
93281
95009
40044
60999
85019
80084
76383
34387
44089
6409
91952
42029
56901
34926
47374
49922
96766
49769
8167
21049
88985
27206
22204
4675
75432
26622
68280
79972
54671
93505
49059
27700
26314
4699
66586
38231
89033
94477
66318
380
4099
7346
51895
57783
58773
24730
7890
27181
74021
31971
89264
76117
30355
59317
4119
48844
33432
13352
41434
23411
5290
57504
64321
32430
78446
77925
26956
42981
64772
63107
42
40142
83381
5196
31922
3190
84917
39720
58291
16992
76875
27186
5127
37040
13311
75025
39916
86623
23582
5998
61994
102
89682
76297
11442
85450
71226
4626
8320
84957
77655
1397
12780
12265
63539
14190
50721
15817
20809
50023
55802
5943
39625
57788
27789
77268
33536
99581
88478
13609
55276
56903
53228
80904
57561
81727
66531
17733
68476
46090
20030
65731
2830
48130
52717
64460
72804
94421
26532
58986
16459
91538
28499
89679
72987
97045
32834
92290
29372
51226
18598
6900
21658
74632
31714
74037
4310
96756
45016
53603
80689
85743
54075
36008
25318
44471
13987
19924
8470
16187
37269
76516
58401
25889
74266
26757
19083
63746
89028
52602
90737
3831
41082
84712
4990
74830
70825
48719
66612
36811
14321
63181
43624
46856
12116
29393
83952
89507
68268
67633
38595
33407
68377
89394
96261
38949
74982
69768
74300
7263
5342
4150
6888
71181
3436
210
81426
43293
70539
41595
12021
1238
20131
64751
55398
8233
86516
77630
32780
26771
59707
68048
82218
22781
23838
54813
3288
25574
76110
38644
34519
56535
81685
5470
87331
79283
9173
90447
11762
34552
16238
63822
20059
92210
74324
2706
34586
91156
33425
71765
46385
9467
89421
42012
93230
55060
65282
35675
23481
50634
88611
84265
41559
51409
42409
66674
75535
36982
88238
35280
54403
73214
8489
18239
63307
94666
3837
11695
10537
32628
27102
3867
8860
1984
4117
81927
45182
44355
92916
56472
43333
73779
62801
61579
95673
74553
26868
78237
34236
67685
86848
14982
56002
9062
74571
11087
61278
9728
71495
15325
69812
18561
70610
55767
76451
92463
6255
6391
7991
71700
57444
21169
85321
89497
79133
72289
76980
92669
72682
21633
30187
75210
72780
88787
8329
1056
87552
48241
89487
63729
68466
89466
16720
53649
4548
5245
49640
94052
10830
97716
93690
75347
78032
46046
90636
68334
30208
27622
44532
42953
14532
87125
30399
46556
51362
30896
21538
28731
57913
15976
29744
59014
55750
99594
23112
92486
9392
94334
62956
22249
4023
82033
37587
40385
15343
99923
98259
63245
78552
16512
55112
12169
99193
83743
85035
20530
15330
73384
20773
91576
29097
37422
67949
22105
96810
48441
14643
95924
7378
44310
48678
85927
77958
84724
27961
78921
58707
34735
75118
74311
21236
6649
47807
5661
6386
54726
7569
74300
8987
53994
99616
2655
85844
32327
45446
39533
24842
77166
29272
36897
24508
14767
68835
49469
96441
72927
82296
39321
56854
2550
17441
59576
22675
4216
43188
61000
47242
78364
17620
6248
52017
17850
88129
36377
82105
11397
47683
77860
74711
79001
46889
34702
17056
57213
59671
1289
55604
41405
69661
90098
4954
19710
3297
12302
95616
32479
26540
3253
6540
80875
35792
25243
40728
70103
45222
64492
88690
27124
28880
70724
5683
59796
62116
35451
9942
35655
11262
11590
29144
36195
14409
20729
81872
45359
99222
4885
49014
81840
3217
55463
80851
33350
2873
28479
43877
13581
51740
78382
41647
40175
86800
44108
55842
98933
19606
4020
43971
70784
82642
73000
51825
42648
17443
75434
98130
71803
38963
84440
264
77664
43393
37095
88380
84880
65569
54333
46718
62498
20514
90679
38381
55330
19946
8957
51961
17764
16866
3658
94847
34904
82740
64295
43953
99122
58083
48714
10720
16140
45724
66595
30767
11081
81505
21963
2560
99865
83741
45172
82055
73532
3671
50510
47933
50104
58441
19750
98093
54088
74922
29436
70554
37413
64886
24187
74854
4104
83665
70623
91203
599
11078
97856
69768
34244
29559
78307
23300
82729
85018
18281
41788
28907
14391
38738
66097
40218
43855
57141
91367
26664
31829
7273
86115
53694
66863
89967
54394
25241
46724
76300
29150
47581
24548
21440
70829
53618
2454
23040
31984
69650
95895
59783
35817
125
807
65050
61031
60058
78796
39939
57671
32375
208
55210
18665
73969
68794
20507
50832
73101
62411
69531
27260
21265
16612
15563
15242
4911
70128
81523
41192
14547
77777
68020
22279
21862
99918
18628
70147
88644
59942
32108
64084
64013
52740
60284
66359
62755
59641
91074
15322
33302
54690
63013
48264
30246
75284
329
5225
11895
4412
71641
88720
59334
28345
3365
12938
92018
61271
59974
76906
60476
34931
48251
29355
16808
6673
93913
84529
88689
40902
50263
53655
99087
21144
37266
45702
21824
31832
57680
80718
82159
72604
47300
53163
37600
65166
5775
63443
72519
51474
27162
18613
92403
14671
20696
12348
78453
87213
63410
74881
6034
5674
26146
51333
71768
31395
1949
81486
64929
34285
50228
1984
19549
66410
39032
3984
76082
13165
22402
21320
96183
76236
85957
13217
49684
43404
16890
95083
41113
90060
29814
29686
70932
45619
83469
15592
25622
42735
69951
84082
41977
90383
85103
11293
34953
9634
8634
18100
11675
77164
81617
31680
84481
66809
36248
54389
11013
51497
58384
80672
718
67571
88183
54182
4156
23045
76472
67098
32706
82668
61007
13535
12681
18543
72716
84982
20016
96667
59677
97234
57471
9447
92941
95629
69187
67398
81691
15867
43661
70692
51696
43867
16824
15534
93005
83592
36846
98478
75395
84263
23102
66173
42074
52614
21477
36200
74399
31226
54493
84892
16056
3778
35914
57074
33559
79802
92209
3580
13442
47596
32599
96200
63571
59306
10914
98551
27029
47949
91627
32122
87724
44916
37871
80829
41202
76497
46480
4049
13923
16507
11295
23754
39392
53512
61151
17352
54577
55713
16916
95859
32681
23409
14277
22109
30913
32729
36650
43329
58231
90043
47352
79864
36069
84032
78727
43411
91087
93073
4731
41471
62386
27741
12070
92896
22189
27894
84560
16706
91979
22357
43211
33553
69625
87726
14050
83328
42940
61116
82690
29458
19291
22448
27554
55815
63592
26370
48799
5877
69361
86657
28852
5058
27170
78196
11947
79994
85282
36446
82247
15783
69778
63153
29288
19447
69889
18647
21523
24842
76894
78904
13790
51098
25124
83286
10721
89401
62927
35086
3135
12311
79954
90545
62943
47459
6133
13731
87450
84686
71544
67806
13475
42991
54132
53620
2603
79196
31401
50388
15381
40114
16258
58103
46324
40988
62611
69482
90540
35510
29987
53555
85769
96962
95789
32419
84141
32934
25294
73883
53588
2092
60144
45614
62591
27293
16261
86388
51610
54000
72739
18114
9411
87644
72885
93783
65715
7995
58386
28500
44242
66583
62259
37274
17393
83504
98032
83955
27082
71705
9633
45704
38449
33927
84032
78719
96015
4452
94462
91622
7790
97230
49403
25222
84347
56876
83809
12924
93956
84559
80591
14354
18823
16285
11541
74411
35658
56344
13481
93395
93245
68198
92210
4434
69834
83184
1829
98789
50904
83414
87992
85788
50849
4175
51199
11678
52324
36386
57941
89279
52670
16223
24601
78964
16169
57009
13946
13845
48517
74324
64035
40469
60470
87115
12269
8058
81618
26294
54145
90680
27892
9229
94102
80069
14549
11062
56452
83678
52414
18005
13455
99384
32814
17991
7214
5539
26474
93912
79125
86537
75562
95555
43065
47940
46810
55233
32972
17457
86707
16364
26022
50790
78315
20482
80416
66154
89617
7229
70105
89940
70622
67174
63170
67341
83699
67975
86294
20911
60508
55048
49027
93524
80217
70341
33808
23457
63944
9150
89205
67129
65549
98585
67119
60961
45124
83109
13262
94600
9306
2779
86676
3260
29445
35042
63389
60017
54644
35279
3668
50352
91667
7640
76312
73235
39878
27553
27669
50591
88586
27806
1996
14102
59416
14071
32982
72614
99352
70794
41750
50009
1958
92713
25483
87596
35314
32690
30823
47391
80508
23106
77715
86567
18582
7599
98825
65981
22695
69490
26387
94770
18017
79428
30761
84922
80857
55134
49769
43207
51753
62408
55906
51859
39347
37420
31248
53143
76265
22478
20975
86773
94840
76500
69859
2724
38009
7888
28162
5881
96353
57760
88455
61259
33532
88831
95998
87300
13541
97669
83924
68129
7674
35295
98367
67648
63586
42643
95300
76771
76045
32715
31230
17646
59563
18117
78070
42584
46866
69042
14679
90225
38052
45974
96219
88677
21460
47902
3251
50466
21798
22929
52202
42358
74621
6114
76993
31046
64152
80943
9032
75948
93496
28010
39871
1840
19879
68682
16005
14200
66040
64830
91977
66629
13199
54633
83217
81321
43617
24106
63667
50978
2932
79648
73006
73561
45487
40387
28803
67428
85458
75556
40475
62056
45043
45669
39755
72617
51159
11190
68936
51469
72982
11155
41246
54463
35593
57986
25318
76708
93451
75375
96172
40023
19529
15452
13619
77145
34936
97667
89911
15702
82301
23720
75209
39234
95933
92207
41682
92857
6947
71129
10789
61647
44571
69058
11029
74628
94098
64510
93569
70214
31034
17357
49614
60024
4703
19844
56256
76505
25086
95811
19237
68290
57527
84142
87329
33379
35651
5079
18716
72144
32600
65768
99974
40298
25336
21421
87618
96641
5726
66635
36625
82582
1147
3604
17963
51597
20281
83646
52924
37265
71256
7528
27151
7748
84232
25833
73135
51333
24904
60516
81058
51225
42224
88222
51580
45655
22567
64185
5203
66407
62683
13596
32547
42340
45322
96220
96721
64211
83238
20222
46388
12523
21748
43924
67046
83341
70778
59739
71251
90106
307
96076
70682
79207
35440
75066
30496
87246
32076
42851
18359
93092
92096
17057
32945
85273
40949
66943
76359
84856
52318
43550
58260
63651
19983
2986
51700
63928
23590
62350
8464
51430
27505
70379
85657
62078
73281
90306
37872
54638
74064
96739
62728
70240
54199
63918
76056
93143
51671
5381
47220
33810
78877
93604
24006
87409
68393
33535
46516
96095
39272
23541
36458
80629
60358
1638
27148
40592
4969
94634
53911
13653
98077
93332
42179
31086
89016
27018
20955
61316
56903
91695
43535
22038
31852
96985
75985
16314
19269
1133
49363
77472
34098
70675
55945
72947
13149
38067
2495
56600
78076
99069
65275
97254
79432
70748
78326
50817
63908
88575
13328
40987
97452
89161
42494
15375
78911
6552
46102
51565
35867
87447
18391
66787
90011
56784
74751
79922
29528
54075
60910
69919
24290
19169
30337
13382
31216
87337
93199
76457
25830
36839
3393
5504
71445
42041
5222
88869
32875
34299
82734
8310
91913
63390
63692
95094
57027
45548
34278
87392
38535
4730
23550
65017
74096
22834
48438
1682
23268
20399
23678
88860
14840
56949
44393
57712
30919
1707
18682
35826
48600
21593
2861
20868
99736
23351
7605
17580
60816
88738
53148
67602
98923
11182
42455
37366
15226
18923
56217
84588
55883
6250
20141
67746
74470
51999
10901
33727
4320
50322
82424
99753
68954
40538
60483
43774
13163
34890
25282
88994
93457
71566
99812
83430
9916
80390
1847
67146
52264
42299
76803
86363
61320
4063
82336
8895
82564
4543
42472
65379
99550
15276
73324
12096
14828
10867
40602
6534
95943
35742
88385
73562
53792
41266
73528
89582
98385
18042
91775
59452
27559
85295
52189
51345
23843
18960
59538
54512
48723
62483
84586
80702
12365
47484
34380
79155
97894
71857
27635
20064
35863
92677
47359
44967
36752
86718
20304
59762
8218
17786
197
37170
40793
56891
45374
1762
69752
95341
30739
52177
15202
21424
7584
59411
66655
75695
66564
80707
38107
21135
3234
51490
33553
46848
23509
93502
34601
77329
77831
24913
24509
85295
75171
65817
30292
69701
66937
48881
23837
56440
64969
19427
81263
56507
12937
58641
67418
65929
18413
2954
10833
60082
45028
34503
83268
24861
66538
85713
31268
75446
37856
5702
99619
64945
7880
61316
13347
54407
16252
61198
38202
71165
98510
70777
11099
76570
31500
65841
51550
51352
5795
85201
84520
36087
98431
12793
24393
32430
81505
3650
80532
54588
23175
9711
95094
68441
71997
54934
35276
6144
49907
88941
97992
21402
81170
41223
41756
87716
29771
74375
32261
1455
91212
14150
90025
6828
44980
38296
13511
47548
12101
71895
35311
54452
35638
18518
38270
82681
32121
131
10665
21735
89041
98968
11881
28016
24459
54383
48522
55636
76749
31846
29244
1790
92592
12501
47045
93084
13916
89279
17689
21247
67414
19305
86783
8815
82413
39378
92276
21988
77896
60067
36059
40530
53922
22761
39737
10250
58142
70476
19096
68570
4441
44312
25082
52897
77044
99340
19635
88798
84074
11555
46536
61964
83393
51265
76254
35206
82160
74500
53499
24876
38979
17628
83927
56785
90435
51699
92601
80996
31042
94047
91510
83419
14978
11060
66706
1684
24463
15242
25452
10896
33824
36299
67774
46365
30089
39554
91107
96220
58481
19891
47022
90366
73881
55303
34908
65570
11860
69607
91685
22387
41956
81171
95705
75165
36714
50799
65
71601
15234
1618
28760
87321
77938
95086
99208
23693
71129
87326
88072
26781
99542
584
71643
33070
47394
83270
83499
38591
95425
4204
11005
70324
9047
99882
4247
50200
65045
86247
70750
30756
3947
77817
68406
8620
29143
18457
23256
7770
15651
59619
37385
8453
52671
96816
66010
12855
92896
75562
20975
75757
19484
95311
22952
62529
46001
4980
88371
61277
54051
95454
85425
88670
55091
12907
88826
29038
1933
41817
13641
8351
61953
13557
28881
9911
85875
38155
59859
21568
15366
55504
27937
43438
76273
90566
62077
80972
33162
44958
33638
42075
847
31553
39992
98087
91591
62030
81024
63118
20884
82398
67057
80813
80270
91072
59427
29145
97953
90776
8228
61380
5274
19002
69317
23361
19890
72997
59338
33778
21397
93581
75825
77252
52825
40313
87626
61025
38413
31295
64835
58349
72688
59700
53880
39790
48916
33564
3613
15993
4838
99139
87396
91923
45291
56734
31413
51892
10224
3101
83787
84495
8069
35776
76608
28628
67176
29751
37422
87494
15598
82887
3578
51734
52936
22664
92592
74256
8291
56870
92881
15020
85066
12505
79237
26822
89575
52364
70636
3973
20335
73497
62058
94791
11528
64418
21596
91496
44697
38398
24198
68991
77023
28426
26878
10308
21725
90200
55212
11649
32394
75045
1323
27847
17641
23990
29660
85460
35287
56509
66796
73342
68884
16310
883
81794
94570
51571
16151
47316
33383
28637
20826
3459
53949
57717
88080
3181
82703
36221
64861
17031
23031
94203
69698
8344
53504
64684
40750
1539
61264
46791
93298
97953
40374
89236
53284
68689
17103
71302
26417
38815
23158
30817
19534
61907
24115
73377
85862
70422
44396
55024
86600
37548
25998
87464
83269
71939
72217
98867
82089
79835
23442
56127
95101
53630
15902
25379
80518
99370
35333
75182
27013
98440
48799
70232
57380
18751
39690
61934
86893
16546
10885
87596
92278
93113
21699
96399
31370
33259
66016
46857
71776
88036
39952
22186
74130
74384
31014
89125
17804
10341
36439
95702
63717
64867
1584
34719
45187
3461
89059
64837
80782
23420
6478
20074
56460
31129
70717
32159
91981
85851
76139
20805
27749
94857
11216
72235
76430
56770
24062
8241
1893
74806
19612
66873
95021
53912
45504
37394
10424
39040
67248
33662
89469
61584
24325
2732
76601
88021
86223
83841
93466
87564
45490
53624
88398
47535
72917
17997
33142
9755
20047
38574
88880
50191
77111
46752
86768
55828
26256
56899
28141
19304
81641
61445
58516
80393
43766
61864
22196
40366
39358
44907
1755
92276
12636
57409
42792
94978
56316
99141
81324
1489
26909
83226
69827
23901
18239
19067
43144
42965
94341
15739
69907
10518
65492
63250
86224
88216
6127
81581
2755
88801
9065
30111
42407
70280
6149
81508
61210
43972
46845
62168
77553
78504
55525
62491
10468
67888
41231
29865
89498
99641
61286
44095
62557
69089
1276
36062
36489
4836
34697
76000
31118
38168
42136
56857
22531
16368
66585
94296
53139
26568
26194
13155
50905
30967
49309
59268
78398
85833
12446
57516
34776
96173
79088
84793
28545
23897
84065
12770
13895
14526
4312
77966
86609
11980
64160
32735
14261
77639
653
19957
64043
61739
17514
11825
27247
59573
40339
67452
71726
67016
94903
63755
2989
32130
77752
94891
47711
46794
44332
63504
92079
39539
10079
18389
37548
55061
88232
82435
77200
94312
56059
52482
50485
74441
44565
702
58486
50469
13702
43056
71137
82371
68379
26569
69108
33824
91697
46468
98582
43534
79003
34315
95282
45356
20111
17888
7869
90373
20846
33559
50352
88372
91347
52641
18967
58094
5180
36179
40655
36055
87290
17378
15320
68505
20776
21255
62205
27839
40919
97253
38568
85905
88010
24485
23925
47571
9326
97092
49777
55696
76725
84152
88548
85487
65504
57291
9831
396
85388
29265
99875
9587
6590
2687
49998
10249
65304
72430
30933
7057
37528
97437
69368
56914
19587
3788
46188
78110
84618
30083
10432
50125
71911
61752
12511
7176
67508
44679
68875
11012
60992
12044
81102
52428
40689
20461
96820
38084
59336
41956
70782
65524
86003
88509
59121
88020
89049
68358
58956
49703
51936
29387
49637
8075
1277
92766
75012
50686
16887
86277
29952
80594
47623
72752
65316
72002
46678
36194
87652
64107
46719
79464
96584
21548
43741
76025
4563
40470
6072
603
8917
85976
57549
17052
43994
27159
3359
43366
88333
16215
77112
31288
21159
10926
75771
83459
45574
41104
18229
18719
15732
37679
62604
52434
45737
17286
25568
83827
96676
65835
71189
30579
77020
13719
98812
22705
4026
46151
41362
66904
43865
46717
9933
15446
40318
40737
23301
18897
53655
40407
19801
39571
49562
53094
2903
67241
56891
64922
9694
71027
45269
41182
53228
25539
38185
29075
15736
75330
53140
72308
32976
18142
37377
72642
8790
38846
66914
87687
68171
93446
64142
46660
38623
88461
35471
67553
60044
59786
73841
41275
40576
75248
50229
84256
62514
62621
27501
22068
91215
60603
82259
2047
22689
14335
87408
41128
51655
94852
84264
65095
17426
38452
19726
65930
65799
7858
79562
96348
7256
65835
68678
8208
17596
99580
82561
85458
7902
71149
56027
14048
70896
42022
43515
55004
59674
47050
43661
21547
46074
14970
19372
60904
47040
36172
80756
96470
98042
74669
89950
98790
61049
48385
48778
86372
82074
95744
60414
55505
5936
65865
90983
49449
78103
81493
78559
85521
33231
58626
58756
69730
89265
40637
75888
17129
47122
87379
48927
19146
63659
26801
48346
45419
95699
3529
38468
29203
75343
41964
26705
24376
62196
47010
11927
41354
10941
47290
13339
169
87732
46217
27369
76552
53611
1593
41387
23710
51824
50207
80434
92399
28308
28206
72614
14417
47516
21725
28599
23730
83757
9811
96026
99704
39724
47229
66936
3802
4564
57792
88834
72683
36743
13847
50554
48484
47478
83633
19419
73288
79559
79911
94029
89980
2744
85644
43289
12381
93676
98777
83726
4699
30448
33379
81851
87198
67596
29039
70286
61360
59082
28765
69498
66928
73015
69294
40328
3838
9931
92372
94316
27013
26488
74377
29190
13181
55373
89200
2929
59589
75351
12251
2544
85183
83100
71003
33793
58721
64332
17483
87828
53946
19672
43354
11716
10271
98210
56192
65352
13490
16692
12038
55351
68357
77736
49004
27944
89322
35303
81087
25524
96906
23454
52073
87174
80519
23090
67371
88214
12822
7972
11695
42868
53935
64911
84334
14530
13389
99928
14035
54380
39296
99159
69833
17107
73028
73125
426
63973
9129
85923
56177
24071
25080
90932
86541
31593
10538
59453
66146
73432
88175
92471
43796
37360
37686
69050
46848
99956
11764
23765
75213
87628
47451
70682
86522
26508
7880
1841
50617
32461
42828
34966
5144
47085
20332
24433
20756
17387
61561
83067
16808
95918
75129
36805
42743
72373
59789
51071
68002
7838
72830
33810
76571
84748
90220
64343
6780
50972
62990
30981
70619
69701
43584
45164
130
9636
29488
89870
74828
89482
71377
66649
34090
98743
14708
49758
17107
47045
54700
16287
15338
56121
35004
61118
97582
7523
43287
32814
16273
75961
89664
66493
94825
93555
7342
27890
85295
20818
69827
54000
47376
31847
52433
99380
61065
32573
24947
16115
92118
97172
1746
64032
92835
83743
6969
12195
66782
55555
37515
5604
78380
83743
18866
54101
44791
86444
72915
11945
48998
97605
93259
51503
79362
3058
61728
33106
7142
31299
95677
94545
34109
48822
8871
3215
81748
52504
48691
72818
85863
57889
7132
90402
11591
26412
87542
30779
70731
70178
21420
48005
35419
55898
15296
35074
6754
13741
54014
93782
76111
79332
16193
12187
65778
39368
29472
81676
13929
45199
39554
87490
91742
46781
62364
18591
74998
12930
4854
58067
81234
21116
54667
6642
65441
27169
42829
26536
21632
50868
6784
45593
73235
23238
93217
2142
96562
1197
29123
40171
14623
48011
27550
3778
72992
27300
33859
52157
85893
90584
71632
19107
36534
46066
94400
5589
78987
31561
67802
79124
16518
52858
16770
66848
6448
34435
77345
18902
69982
99001
51606
10399
86637
2241
85168
78484
29468
67098
18232
5490
46122
79506
25418
67279
1853
93952
49306
66717
56873
78284
29853
39181
55427
47293
36514
64492
46768
45056
51916
95505
37527
4082
76604
77553
81493
44276
4863
50939
86510
31836
34638
24646
69305
6502
4084
48205
38708
98020
18268
71137
3745
51881
30886
63450
30896
82790
79578
97690
35830
99321
14593
37076
74675
73765
3663
32931
34166
35035
56607
91142
20543
88003
70151
50201
90671
66509
67824
82116
14730
64761
73937
20722
70252
77386
94799
58919
33088
87618
18882
32237
90010
45425
14699
67673
48281
69926
81223
71986
9399
37081
67757
24183
70513
60068
13709
33547
26055
73544
18133
20669
74860
71902
60423
58133
27001
17999
93402
89368
35021
44322
72725
61403
78665
72967
92955
94401
48096
44384
385
14313
28381
28674
56205
42475
20322
55612
31441
36046
70309
58475
7293
72427
16656
9064
31770
43758
20474
35819
80269
67078
55763
52394
89456
28485
64111
45627
82880
5211
70858
19322
65522
89952
31413
26580
80909
72729
75005
35952
36707
18802
27471
417
56769
37513
71621
35207
49892
53891
44717
6373
2151
11090
58845
22102
92958
68762
37068
37790
12111
91627
11178
41153
34408
29664
62280
90687
31001
85347
52925
60636
17869
60496
34393
15953
57327
14124
10944
82399
13992
33528
78752
86083
44889
76713
92615
20779
75079
80522
61545
89260
64790
4396
42698
48690
33915
53480
29422
92707
54995
1256
30298
57134
28399
2249
58115
15943
32338
31397
92917
8075
19841
94287
86572
68573
22675
28247
51390
76472
30664
58208
44463
35200
41460
85614
20566
60628
13099
84805
76825
84332
37408
17356
68073
20548
90853
94381
92572
74751
85308
64223
39833
41531
15473
23635
15643
3979
24865
41681
8631
12037
80717
23810
82234
79471
25697
83598
2055
40831
84958
73128
22319
1468
34659
37275
69644
60483
90745
18525
58232
85575
15351
75477
67170
77602
77525
18892
76876
4118
31723
940
34371
74484
28440
39748
20156
7165
21364
1065
58756
57940
29221
97054
95853
71111
80307
33023
67078
27372
65463
98052
73407
52324
48090
98025
86766
66586
93681
73269
26826
87280
83706
39335
43493
79147
71302
4594
16412
57754
75
83670
75576
14956
21558
88484
75726
4976
17212
67044
49015
68179
87361
1432
18816
72210
82558
44849
24467
83217
2711
42568
50272
22856
63148
33778
84900
52895
89237
89296
58070
28942
96685
7508
56844
67404
31063
29486
24286
66849
43622
47060
77925
13530
45801
43010
29326
66224
97140
8446
182
9868
29966
91721
89817
35232
57286
12574
1359
87272
3382
7188
8632
96144
81180
31668
26974
3557
78
37282
82787
19453
55945
30846
10793
77018
34206
2447
48958
69136
4116
69287
87072
48887
88084
39111
32356
53976
58109
5696
87073
32194
78543
26256
7047
56148
15742
93907
3117
89175
62949
50486
29305
56426
80879
3724
7262
88307
78469
43101
62756
24858
56034
61126
85589
26106
59662
63728
37018
78496
89891
48757
16160
46406
57254
73232
82386
95813
70661
6578
45504
67089
3569
69013
90065
51847
72849
87355
89344
98421
40
67247
37511
61864
67200
74876
93535
8951
15215
77074
20777
92711
89939
53027
613
40150
14778
72329
46526
27952
47489
72570
49740
96957
82757
37562
20963
63901
72597
88062
37148
64768
87204
36081
53845
59864
57613
11200
68456
69852
83164
69
7920
32404
22868
14303
71579
16103
37827
1154
65626
91239
71215
14103
66733
834
3554
62868
27740
7024
21601
44482
75049
73507
12842
29625
40132
30653
66155
65520
52066
55782
62357
83560
18436
49169
74484
14494
59787
94553
62465
86826
91129
46273
10649
93204
9981
50530
42516
78912
9891
10756
73360
94743
95531
70625
7043
35641
5305
22371
84340
30560
8749
3717
5583
22883
31882
44209
46642
47564
1518
23642
16872
97284
53661
8011
23867
62802
19719
54603
84419
12261
16368
64625
79039
10128
14110
36055
13282
12786
79506
14482
77562
7564
95197
46130
28215
15892
24021
94696
4725
66385
36214
83694
7373
93217
35795
57673
57424
36141
41254
86317
52095
6937
37276
69102
71755
53939
50553
51696
5062
63300
63232
13966
43940
3586
25722
34687
46161
22115
84732
73993
29614
56964
8973
37116
80120
19605
2844
67109
4611
16328
65214
1780
38543
21518
92960
59549
5039
37212
29147
77941
16110
58006
83412
91992
85604
99223
66849
15116
3392
18100
69924
78574
90228
51446
74540
33570
67629
37259
71397
21555
25370
20390
37602
60612
8268
95665
33996
63148
18795
50155
91311
44052
46173
41143
53855
14147
19227
77201
51402
20176
72105
60978
94800
79455
51399
36854
98229
40671
88491
78458
81121
89207
38305
55388
14652
75460
21793
40740
8512
23369
24990
7606
77074
3826
38704
21570
60550
60471
32772
83733
60072
89301
72000
59776
2358
34278
34677
65030
83510
18179
14436
46138
86547
43695
48358
1356
42767
76363
55811
33311
96004
16374
49088
14630
29079
89230
87566
94045
94910
20724
85426
67
5596
61111
20790
51128
46915
75942
24822
18649
80133
21564
95183
14351
19155
39916
26766
48057
35369
80133
40830
74287
58066
63041
29256
32749
42625
48923
65177
92429
83508
17584
85425
50854
76409
32770
27834
88261
89142
60487
8290
22829
7591
7424
21156
7594
24620
31337
92867
87295
27090
85890
75386
71068
20021
4292
15360
78991
64831
62441
10991
29623
70437
21280
8202
55090
71280
12932
35102
26281
35569
97801
27752
82927
13138
98833
10566
87925
48778
3958
64646
17028
50339
18033
1726
86550
61668
43745
49687
73385
66037
88763
84419
49391
49714
22913
7074
6094
17480
30835
13693
32328
52215
71606
15732
43708
16051
96285
22453
88286
73521
88278
90077
19932
21347
57842
56763
83727
88822
23350
25122
13695
16623
86133
10306
92542
49209
22265
32550
86579
39519
60811
58012
2863
72101
37428
13228
73501
53598
70532
98746
8225
59475
71716
8730
70346
56982
39824
2121
24698
96897
87804
56704
48192
86516
8842
52
69040
38554
64361
37611
49554
98462
28177
8459
99044
51350
83481
54613
12420
73772
33477
15765
65602
30608
6922
33776
93632
55589
2891
76644
46039
17613
4579
58023
32795
95268
40634
69465
29002
14188
22926
72135
44008
51329
27383
46940
21301
98063
42109
21084
50247
16764
16564
27641
62224
41054
40517
85248
32007
39528
97800
53810
22762
10727
51457
15650
53643
84309
3118
94401
9966
69165
68153
20772
80480
72564
72897
58649
7865
20795
81696
99828
75762
42940
79781
57781
80669
36966
57674
62933
18920
21950
59587
18344
13411
30432
88769
74954
40869
9158
20659
16927
34227
54370
61716
16726
11673
90694
71341
96960
85534
3504
47619
79531
90455
47419
75054
3751
63283
70026
86496
22208
29478
47694
16273
45021
35355
71024
17386
25567
20355
93049
84122
12175
65036
2659
27708
45440
55520
94383
75399
13093
19782
68212
85887
35902
27977
52679
89044
86991
45585
83925
37466
63099
13810
22906
78392
7884
24024
38769
44138
20765
17666
35750
67392
28498
32441
50060
22880
75810
51792
99612
37720
91681
9031
36205
78253
25357
41430
75691
79659
41929
8688
63693
38013
36051
3841
22430
92891
48632
70291
69027
1944
64035
36871
60973
49864
19512
10884
32362
46720
17903
38998
14648
11320
11884
47371
79600
21981
19667
3532
40474
73918
90302
16850
67231
33863
57953
41264
15957
38635
32257
56686
6494
16917
63199
51126
28634
82215
35126
94393
27977
81264
38934
61736
4098
12533
51535
50016
37843
21015
58932
47302
18951
18440
54681
25649
1285
75559
41124
81491
94961
36098
68130
18964
90576
64467
20620
97032
13542
68076
45295
70126
18782
22809
44081
40025
410
67403
57787
12480
56093
37147
71040
30370
80063
19244
41834
29648
8965
89395
31823
75970
11167
98371
97318
98081
3063
36053
25979
81856
99886
7106
28009
30497
64946
92555
52134
3395
36231
15513
71101
81256
67047
83031
50179
82655
81334
29944
94842
18215
25371
37712
37212
51925
24332
22025
27761
49856
38721
98353
45095
42807
10262
29135
94781
1593
19203
43677
71926
87848
31490
97091
49236
30314
86433
41001
52935
60968
53208
16345
61397
14218
27639
7170
45715
83623
39762
50928
81215
44245
29767
81324
55634
29151
5775
47998
36843
91050
24544
74675
92710
74012
35719
66150
57337
84476
50456
84794
9577
47389
44090
47265
24675
14274
98903
23329
51752
31269
51373
6450
71737
49760
83676
47550
66630
12719
45687
43578
40549
13693
15692
82537
27693
87971
28493
80600
4348
47200
90976
2197
44919
25988
27943
72781
91748
74377
85585
38881
54760
25989
74434
24817
37557
69806
69896
42782
41514
73340
88677
54469
56799
34254
70140
73147
64904
4658
97481
35406
6142
56267
17534
3621
97849
44504
28396
80298
73949
92193
90335
4228
69136
18268
78033
3953
62996
63493
576
53508
73692
89677
56317
53855
98495
16059
46631
30483
23645
27545
16334
64342
87426
5242
27394
65473
15787
47063
92365
60807
91354
35786
28393
29079
97677
20400
23370
12828
10860
72313
40788
33648
13281
7674
1908
58281
35786
16417
85757
96273
25537
96005
29941
19573
36128
45115
65005
17733
95626
16581
82103
77241
31911
44008
67943
77703
11797
3310
98938
17352
60858
98385
40266
41573
51174
39236
81225
18613
15867
9028
76216
1110
62491
25688
46261
37499
88137
24308
60926
82558
67740
64243
44662
70864
56139
25630
2867
65857
27008
99095
89186
55191
55904
32560
36474
32855
51592
98173
77759
85670
75679
87728
71930
41982
39750
44494
23102
53784
49358
84657
14695
11271
651
36603
14800
69518
80743
47913
18529
72679
34246
5057
29349
5786
34277
7666
81035
48940
92214
83999
57559
34539
15675
590
97978
72849
55341
91511
94612
67490
3921
5415
53474
92342
3499
87249
39453
94051
84094
2830
50851
12120
82643
2063
5126
14740
92403
44091
71572
9154
98921
44469
2144
87955
61496
19213
91553
71891
3104
65039
98972
59462
55506
49686
48273
88362
59265
19853
60513
60866
54151
49467
18727
38458
32401
67598
95888
94876
22526
21694
88346
90212
59024
5859
75526
74100
16628
11796
89337
29444
75422
58365
40298
78077
17205
91787
15575
65286
80475
35544
51764
10469
48761
25364
30151
6283
44018
23622
90936
82523
4401
70885
27323
86832
40835
83490
61642
38075
10916
9081
9795
2191
51813
5818
95402
63434
52926
96465
46307
54080
16685
56777
10318
95907
1914
96619
4561
14865
32645
80982
35998
55533
21137
71115
56186
96128
58732
39232
21047
15760
77992
65381
21308
37750
30614
57818
38220
57592
27180
91700
87194
26
78691
24072
8494
88468
10207
62521
1035
22477
73966
95970
67582
64042
72605
61853
84067
11073
76303
37075
98745
97089
96973
13049
27508
56609
44488
86626
92623
20527
18910
84546
27324
87223
3695
33427
27752
5523
81410
76323
19017
86942
71051
28080
85255
72024
2045
63905
53247
13528
21238
10285
56836
87360
50266
55201
64173
54329
91993
71564
8796
233
21531
14253
93579
31570
5580
36212
78943
52876
17192
59720
21969
24921
92909
92009
28900
73695
79981
42702
63727
75623
95482
64284
99388
75163
80877
27435
50765
32871
21714
67028
40668
10938
56924
51
25945
32124
56632
61762
43432
79161
42982
33537
80703
11483
28554
72553
41861
42194
90163
99934
27407
94127
8246
92374
65452
32528
98706
84979
23330
7907
37920
78934
4077
70624
55448
79955
8210
91995
93882
69327
18747
77284
84135
28170
13140
73944
55538
5210
51356
3755
95723
77122
65826
33983
36764
65037
3389
27857
48615
57175
941
51415
25122
31331
6555
21586
25910
47738
71972
27700
83919
2899
67283
3248
62511
28669
58402
99386
66620
62543
96445
46108
93299
88095
10110
85876
20986
99503
14207
95540
98371
66489
74901
24796
19158
76782
22214
24397
10417
52339
18358
66720
19827
3970
92696
14769
71685
51827
18619
43621
93278
54331
67151
77998
40658
14714
66486
85895
24754
45295
26092
15944
8411
10403
10699
49603
88367
39283
42047
31086
71798
99993
73102
22231
765
27668
22038
80192
65578
90337
35780
55734
12130
5998
69730
8591
71025
93248
70110
77834
13812
32407
48516
75354
50608
63244
86381
31040
77967
35420
98579
3520
58674
41356
10077
51564
36069
45509
91754
28392
5851
84650
20475
40994
32537
26618
97713
46651
56670
10715
85667
56836
79182
31846
79004
93986
45780
62338
72559
11667
85821
7208
60994
61745
6143
83816
2465
55091
58276
41524
18045
88903
68503
41455
9339
33310
28682
42218
86946
31202
41632
18238
96017
18368
28172
50395
19698
31774
95351
72096
17752
34802
42469
25078
12961
91008
91897
61123
91623
74117
58774
39643
46825
47929
38143
67268
82119
25386
48888
15323
98862
41467
1244
50813
86104
1028
21216
46506
42078
29118
37732
12508
84591
20423
11651
69399
83219
95202
80759
28473
38403
24897
9566
41307
5246
33538
12348
5121
4640
24429
42695
37184
54195
87568
54297
94531
66390
92461
88802
32229
92239
17688
79539
49621
58827
22403
62161
14735
29333
9725
14929
39890
1749
74517
46309
39723
58838
6188
87600
21591
70383
89294
48439
53210
62514
8605
54923
14263
22942
47710
24209
20841
70789
42752
3373
6235
36232
36641
29053
97679
28317
63530
18706
55229
35362
12357
83921
92691
46930
61064
5001
80976
70156
87608
57827
25606
32611
29204
97991
828
7297
43681
29743
76679
28198
86333
66316
66652
59225
35220
85164
58301
52006
20218
76308
36372
99093
82429
67928
73826
88893
36594
75961
34104
96979
75826
91835
16540
14380
99129
78989
37434
29669
44854
99904
57996
93847
25366
97899
67474
35270
72222
36628
61984
98331
18338
31775
88872
21626
98424
97026
86177
55947
53293
93386
84951
90126
10457
34464
19220
93484
92170
98052
37918
46056
12118
98003
30035
44884
19134
1699
61541
72073
94208
74757
22518
80826
57805
61913
59201
89999
61529
17084
86383
5221
62198
63573
76742
45145
380
31927
7883
91826
33131
43443
32448
99143
43637
41316
71245
6732
43917
49645
88120
3400
68882
78681
94555
7737
73137
28269
19743
55495
37189
98875
71474
95756
22871
53651
69707
65325
38416
29488
39749
73645
92441
79421
39764
60356
20205
10846
59445
67520
47342
93849
6569
27413
25354
2301
34294
75720
49954
91868
68899
88627
90146
97219
79913
22757
17343
74556
88161
6432
19110
41341
44242
29572
15353
64516
97815
86462
27246
53680
49772
31510
33474
12152
82577
69488
43088
96625
96497
36150
88347
58114
21049
1538
91895
76974
16588
87564
381
40787
68833
98172
58369
22316
12354
99631
37110
80319
32219
94815
23791
51175
92576
87832
95947
10658
20105
37693
39923
55785
8008
33659
85170
27184
68208
99233
2845
34844
98373
15756
99261
34738
25099
50459
14422
36180
4544
42581
57431
62944
49873
47952
81179
7400
45317
44834
49733
58411
33187
81806
22695
51023
9797
52657
12781
14098
17535
93582
4647
50927
4166
64701
59768
91435
71587
82056
34244
90817
70743
42945
84831
93477
76968
42899
97044
36258
87985
62359
88692
74364
83887
76834
48247
74837
65274
61466
51516
13931
87859
29764
72357
30695
3709
32773
34991
91603
53547
15481
3028
49144
79639
56949
66859
17945
23314
25416
49538
54568
74223
21146
19249
89991
90671
59276
46739
32257
76437
66640
69538
57015
24564
35145
52525
71686
54416
67710
62113
76806
32825
73851
40387
85253
6655
69766
25835
30963
91531
78049
33616
42030
97347
59392
49517
32266
22119
12747
45779
91938
87057
83781
40356
60879
72898
80769
7462
34754
75551
54191
38468
1821
18572
28332
20821
29615
22470
61947
3818
61392
50317
38985
70997
33584
92931
23120
38819
84532
44488
21455
4810
31060
86960
64716
77847
95373
84711
59005
55990
14270
76775
66573
64046
7787
1736
43727
58020
68909
67091
33214
38789
23622
79085
21685
70423
32255
99601
49847
81647
8699
15711
2781
73478
68988
94072
27363
23658
83380
95444
36836
52081
35472
1146
91084
55622
59472
17967
7556
68134
43078
65133
94196
69626
72689
94358
28524
8261
20858
94851
96208
76790
82868
19062
36670
48577
53183
11533
15620
11740
28020
83331
55030
42833
91949
54818
13006
72115
39237
84628
94049
83266
56623
31670
71410
59417
15491
16597
88901
61108
52377
68033
60711
41665
51097
16878
34991
51977
55469
86927
26072
3974
95545
53741
82406
14989
29933
71642
31294
99090
32940
1493
2952
54681
1575
92864
83838
7450
51983
88247
24998
34531
66027
54603
89257
36915
89789
1250
45828
39454
56769
6604
6645
68615
37565
77314
85035
17116
59202
68493
74094
28123
18187
62383
64232
83978
52530
84584
56512
39650
44223
27415
6650
36371
95942
95843
70455
64519
28053
38059
34277
39216
35082
37315
720
33699
42880
61604
56958
65523
299
52525
97593
91174
55311
70818
75220
49581
74614
33008
41878
23990
16284
97671
58616
98708
49900
96028
3333
91242
65254
73955
21474
85234
49007
41412
36028
44062
38843
53908
23031
19005
62403
1037
16961
449
69027
53870
54788
53000
75999
27331
86134
63306
11384
70940
10598
20037
56516
81917
17339
96815
91142
30612
70511
31245
46843
78465
62396
37783
96277
70010
2716
52202
55845
27408
63261
24595
30819
77101
80392
72378
34603
77181
65524
85114
47015
73239
28855
90513
44304
83210
71993
62511
5309
30404
59422
37014
75902
45339
61837
67892
7172
34094
85274
73701
18748
15590
79474
27393
14983
40122
38034
93168
98971
37091
79353
9720
70353
82761
43473
37060
705
6756
53059
30161
60176
61331
58292
84587
21231
58581
90427
68538
7626
34376
95475
18118
55001
32474
21259
25735
2422
37077
44891
45321
21337
78556
10981
77281
43676
40820
19899
90309
44466
81969
4192
7081
71143
84998
50776
2471
70840
87517
51305
82585
96809
27700
91398
37796
49771
78905
8183
40853
23281
96452
51908
17458
31746
64529
43626
5779
24624
10917
48899
20028
68822
17930
84854
75308
84463
80648
59124
20926
85227
82531
96712
9477
85411
61106
92685
86277
26829
67393
88330
53909
76527
99035
30649
61539
5354
90354
50098
50732
63661
12089
66408
6631
3888
58238
1388
1497
21524
77728
9210
64239
72963
28511
56196
87964
81262
80337
27168
47621
36123
23972
19377
46962
18611
36805
71249
58838
12878
96132
20482
47540
63046
7218
45004
20850
45612
2358
41248
21367
30959
84701
29856
3497
35461
93809
95603
45540
65901
63220
69076
45957
44204
45682
76810
2783
86278
60546
42804
65224
77728
5983
68469
39212
977
36814
14769
12637
4099
36475
70377
47517
55457
68047
15423
58570
54760
433
61191
42418
11758
63650
83727
52492
12752
9901
42753
51059
73725
34154
9521
1666
30235
37095
57901
43572
72636
64456
8602
54031
60390
13953
8391
67591
25493
99418
11160
19410
10019
55982
91555
96375
96060
95096
70164
95363
1454
23667
38202
43612
88772
56596
85281
32344
50641
53405
95172
17925
19667
98123
7321
40685
37335
27419
33874
37610
22722
46723
2816
51792
67451
35231
15788
75136
27561
1274
83403
4131
99838
58381
80745
67393
38183
32114
31059
80635
95980
45811
26083
16290
35475
88551
77259
38434
88900
32701
6118
95417
9055
62741
3030
89074
63451
56709
94660
21752
57359
71490
8811
16191
90643
89552
22064
23519
97090
61314
26171
55316
62007
41809
75045
21236
32732
26588
81274
88817
90664
9455
82467
69082
37079
34500
74219
83746
94741
43790
33958
78707
52460
28971
93016
64650
96335
30435
76184
86876
25845
25450
49372
57636
98324
41127
38525
52512
8524
84729
43284
94867
55105
43898
91641
90683
2189
10840
7824
91614
9105
47904
89206
51641
90563
77645
68710
17261
20500
71511
24693
31411
95849
66008
92713
87026
88076
60731
86790
61289
24677
33464
60617
79813
36412
50878
17981
81691
25258
4300
48874
85409
17170
49517
65626
95002
43585
16563
28329
33707
91862
75134
41911
92254
77111
23100
21281
72475
33640
4516
62897
55209
56951
85819
59633
38098
16329
59888
31001
47574
81628
99395
5073
40150
58221
99827
37802
31153
56548
32241
78740
89059
34287
29547
40362
9159
29719
54784
19449
68255
1227
61903
78766
77764
77776
80520
1277
57313
72428
78540
60220
52554
51848
15843
88000
3445
86227
88648
59125
55998
67939
5754
72479
21617
85822
56888
90745
76461
76830
69963
10038
2769
97926
72482
85590
96100
84065
50926
25322
60153
45156
46263
33939
92793
72386
3507
58353
45412
78865
60938
71415
6630
59153
54379
22247
30663
5648
25628
81796
40951
98137
73959
15784
8699
6925
705
59792
25099
15760
57302
36751
34715
97535
36233
92204
5290
39181
10302
30838
90931
76489
81342
10059
6769
81766
51399
359
68357
48593
41944
18822
82843
65770
24803
82015
68436
98393
94404
72623
1956
81038
52770
99319
41108
79609
51066
55519
50910
26571
2352
57091
31575
51024
37901
89226
90126
92833
70735
43668
33985
18032
35618
82017
26034
72293
37916
27619
44176
63564
62891
64305
25885
57140
43184
85894
93252
68714
41101
22378
58149
78274
62996
70267
40861
58018
90012
48153
86513
85918
13243
90665
82676
76541
87835
35998
57878
99535
22907
94342
46526
26318
17889
32584
86856
39772
77169
62591
74260
64397
97190
80312
86337
93266
56849
54194
82957
63418
64818
64533
37711
1017
75687
6195
86826
59962
32282
72617
19782
50984
75136
21676
54350
47999
76033
64187
37081
97429
3273
61158
71237
13619
96487
71183
1760
17385
62802
24277
2803
12693
57641
3421
99468
79528
38351
62057
63185
6232
77673
37437
5879
81128
89680
98730
97475
97435
16819
5065
15168
46538
17590
71052
57440
35247
26374
56435
65539
41368
51990
88774
5105
36940
32013
98717
46622
48383
6724
10129
94361
55869
49005
6898
56964
38095
1935
80277
59865
34958
38956
31397
90641
25098
65381
89248
71837
98295
73545
62709
47461
58698
2031
33983
48641
17281
71646
25703
31533
21653
67833
91806
62260
72572
67869
17750
12348
10330
18251
81427
45992
45085
206
3448
54040
81397
94149
4185
41862
72704
46098
60600
80512
49953
1663
25864
65305
20532
61985
97159
57129
97324
47414
7769
7334
66913
44101
34163
25427
84290
81149
37413
403
64790
81858
24818
13603
43116
25727
83103
13985
33979
9501
53307
94719
11595
33586
56873
94345
6015
36329
20592
41669
46177
16009
27408
9334
60058
26251
40122
49481
39708
65066
10930
62227
71445
58152
48836
99763
77414
18211
13214
68550
69687
72808
15497
5565
88103
5531
19834
46717
94613
81510
17201
11273
58781
69437
54994
81162
21915
57453
22530
8962
61985
60112
60628
59570
78469
38922
68534
66081
69093
17272
20683
67462
33418
20452
62819
74977
81601
61553
6524
28210
38961
13923
45420
25699
79668
71997
6236
11651
366
47072
14216
99561
63854
38575
27905
24986
45425
75161
73583
41133
78382
68912
74112
55484
40378
7713
62698
55921
55788
23616
57674
17561
52760
59789
89427
38731
70234
59828
81898
24629
74767
66999
33924
76586
50527
4348
55731
26929
42778
57819
77463
88843
11790
85774
99254
49652
48803
41277
22886
39217
91625
90038
41754
51322
67174
57743
35988
99401
26300
7381
76695
59661
27870
48145
41265
21317
58006
68324
17608
51323
92486
50743
1483
16195
58453
24116
70489
55358
14418
81662
4727
77639
79334
30068
21130
6199
94962
99275
11898
8877
15753
98028
37699
7703
13523
49041
80241
51657
33399
57123
70804
60121
32370
71399
8201
90620
20558
69617
93029
40213
35792
44470
79065
755
97054
40884
77324
264
31564
65610
17630
52490
34298
30212
64058
11332
29842
14565
13984
52672
10824
50680
12391
62012
961
7165
11613
84599
35148
42588
89612
73434
51970
90114
91965
32943
60674
5389
36732
17400
1552
78041
55371
52477
68319
6533
90798
49332
43830
89922
64843
89439
44790
27167
45960
29903
12511
9919
11457
98617
32004
57165
94808
50202
30329
24975
74163
93360
65842
44806
38363
15926
68412
20670
28258
83623
58437
36611
49090
31105
3541
65748
25680
14085
89747
14723
27956
53821
88858
72288
52341
34381
84886
70056
28584
75783
25246
20070
54328
47858
99591
76922
3017
12697
98148
32005
86407
57506
68155
44543
73689
12879
66403
16760
55282
24376
86969
19672
72864
31333
21135
96196
6689
53208
53791
38344
45663
62520
53661
85236
77087
52715
35839
42669
31195
53748
70927
62705
55415
96485
60701
58635
89455
42779
36339
48632
97770
10136
52420
16005
20073
17452
45565
16865
79736
95325
70530
11475
77505
18538
5083
74977
10067
45677
68840
66117
51429
70591
22138
72050
45854
21732
55345
4277
52700
96025
77784
47823
78322
43130
32085
63762
26525
70795
42321
69095
80183
90221
86804
57776
94033
78689
21368
9299
35543
46240
13712
67756
86807
63789
72514
91347
36568
83497
51889
20651
48945
30144
52746
18576
33340
79632
68167
23863
68243
57884
81949
77779
87431
45692
80532
70501
84928
1986
184
76591
1160
75793
98610
55842
24930
70418
79269
71683
91242
81671
39693
74787
81392
12897
18520
95774
83088
71878
60623
10796
76330
7855
82672
41077
77158
38060
24080
19749
32385
90117
60045
49894
70179
64041
10760
48776
41223
70158
18553
16114
4658
59321
91296
99391
29920
62846
60081
88994
7282
71788
85985
98322
26922
87426
92785
34070
16662
95697
86356
1932
22570
5272
15703
59958
75195
36055
93380
70761
30999
80030
54401
51637
11410
48941
11221
28440
4965
37767
28467
91666
29081
69365
72606
26127
7247
79157
48154
39710
61112
90970
86345
99219
7461
45577
85656
76946
45120
30097
33513
76058
47747
67157
68228
73045
168
42926
27211
37530
9572
8329
19416
62416
39672
86957
51022
26411
98964
84138
70456
63040
9896
89786
93612
10263
49733
87032
91334
63594
6011
55745
99916
73791
14706
12529
36093
85547
50618
67582
69234
10753
8078
82810
70800
24562
28542
32100
51748
25196
18273
28870
64825
40157
72469
98652
10149
52412
31342
2152
49056
24428
10469
47558
83369
6043
64190
4418
75088
71428
7525
49723
30158
74506
94410
50209
87323
75737
1165
44347
57052
29768
62954
80021
85447
32622
90087
17428
96369
91865
32761
9781
84145
22608
1551
13996
265
85797
48098
98208
2677
24366
88961
30942
23797
60811
64044
18227
29144
17943
36406
25911
10035
16566
58549
65611
18539
75073
48243
20724
94834
17687
92038
41395
6053
48367
90645
5398
87004
36175
74497
98238
71606
12807
35407
6203
95090
58198
92422
13379
56540
97070
58328
84820
33790
95026
57891
5531
23754
53788
63839
68299
90972
33570
36037
91978
72036
67200
65099
20097
24450
60471
18918
44312
74218
69
41156
56625
60288
42513
3604
17491
63904
49263
48561
83995
4369
6476
32049
45004
962
62431
45125
20230
37637
83577
93503
7311
52821
95494
91289
30910
56352
81188
33973
66305
68824
89702
79110
57512
19078
80813
61579
47956
34124
26761
62169
9620
38380
49314
48684
6968
21707
3956
4529
98455
52413
99839
41901
29061
60885
80945
53017
96691
85715
66370
45907
7993
20241
89643
21440
92168
93882
72095
36515
70261
77069
81662
35295
20933
33838
10480
3796
72998
34434
72045
48879
55250
17429
74124
79102
93255
77669
36185
98397
67947
19543
7598
52322
59297
34128
92300
70333
98954
69147
25726
54874
31786
99248
13104
24995
1017
42455
64482
6254
12977
7904
86509
74514
21210
46209
87388
99979
40107
50630
39869
49598
23278
94712
92064
90843
77611
16383
33151
7995
59687
66813
96424
62224
87654
72517
80113
92966
34683
65655
64965
1866
47819
37323
69105
18428
10709
4910
85267
97528
26524
22955
37079
90514
83720
97552
71921
71786
82522
82716
98644
88703
78969
84595
62400
24125
53232
94555
61725
41594
45671
3390
12888
25493
2989
65226
10867
26850
9770
27779
99260
69501
17216
8987
69447
93530
24061
35816
14834
32326
38004
75957
70143
92989
7253
43833
54120
18713
23886
38809
46312
83342
48215
89616
11648
39133
90393
67580
66685
20914
80886
4113
14229
77429
74905
59804
69853
18750
85366
52305
16978
4480
61731
6311
96437
18429
21278
38805
54852
40383
60563
36997
88405
98521
3889
58658
99694
42501
38452
17111
87161
56627
74977
19191
8038
87048
52448
77961
71931
65224
46389
2740
54291
61688
88564
29605
16893
68942
63501
96502
55742
82169
9836
22831
94874
47517
374
95631
47818
74126
42245
67518
7738
93738
99304
39821
16795
22542
21125
61672
99992
89428
54374
48389
75821
15805
30302
37917
51374
47369
12327
18825
63292
26312
43927
46789
44876
48915
36345
21364
91121
18335
50718
25405
48599
50603
66105
36288
56670
21567
67331
77519
97587
36925
63182
26390
41539
55050
9109
47524
71373
89512
64416
26859
37564
31127
57663
22855
85472
9986
15867
5186
43800
43975
6474
16505
72368
97775
22539
95367
84832
85738
63115
1934
83754
74772
70675
71141
96671
45152
71422
645
5504
70726
4660
19330
13190
1799
97624
51817
75520
35656
83873
39530
22030
27471
81132
56014
89959
64095
480
51991
80342
77170
20108
59049
25719
47494
94126
97124
61326
54465
33648
20991
93685
57466
75548
34882
52024
23174
74875
33085
12482
22054
11340
62418
71710
99602
16194
90587
96237
10179
51892
63687
76159
31269
82843
82111
43568
2846
52212
81464
75247
97854
70537
54677
45241
43307
77703
6875
18530
52515
38886
75143
11534
54411
21325
43967
54849
78410
8647
77576
83448
73440
49247
74565
56025
62979
26483
83960
78271
6774
4040
75588
8212
51836
32706
90176
20975
49092
53478
15538
91673
86668
4951
76570
17247
41926
67067
94773
36162
43537
13324
69699
48469
7127
90363
37267
91455
44582
11257
87300
68925
93084
97922
13566
84726
65161
15395
5501
26616
27712
5234
22498
64643
14502
79359
68156
25011
94171
15797
14515
34072
91937
20711
61480
85969
35541
1356
84254
60448
10461
97683
41682
17541
31719
17489
15554
45379
13818
55187
60312
10534
38512
72430
49962
67341
29445
18370
75555
68294
35181
29062
29215
99920
3507
54873
28965
7506
27789
85911
44815
42997
96370
83890
89990
97725
51784
43000
51736
79464
15200
81992
71001
37739
20764
95488
52858
53084
40075
24460
60586
36790
99042
90317
70858
90395
11955
59425
46129
16953
54637
55653
83753
39937
46554
7382
99413
83484
75456
91952
23995
67196
69262
76056
20409
61378
80446
70466
36265
53217
31982
16830
28093
91904
60664
13870
5023
12300
61047
92735
31165
7004
28015
13500
23029
42236
44501
26148
61770
80763
37684
42031
81747
77604
16796
74081
42296
1651
75121
34842
31125
64775
62596
77004
17849
27037
96992
51067
7260
36668
32178
62401
98659
78589
72102
46451
84420
44008
39409
60430
30505
56295
41951
19041
80127
53753
6091
14426
63780
33482
20290
32474
86266
12770
53751
89925
22068
24347
64374
77228
48859
70713
47932
15565
3595
97185
99706
16051
94282
24313
41813
27538
57317
1938
33552
69810
76205
4530
31675
60531
82078
35033
86717
29966
32043
18189
4183
57542
36742
67943
15716
34834
75118
55675
90379
81705
22257
61879
71531
11391
38922
42405
18595
12039
11231
48119
50899
24468
19451
53710
85815
61849
50895
41892
90716
46298
25329
83839
53097
64041
70903
4530
9698
72313
47806
8720
78967
78844
29094
11656
67939
81390
78695
53616
57537
54727
55088
55078
54112
6794
29105
94841
21865
92262
54470
70177
33174
91643
529
74844
26058
80211
16674
53272
77005
70783
58784
22896
48284
86641
21288
8524
31763
82173
44664
57122
7760
45608
16108
77854
11462
26021
72153
5379
12401
51827
75108
71586
83389
20051
84735
25757
51205
5779
70852
49641
32275
18913
45603
77086
1938
94446
81228
198
46561
71055
11284
46849
5597
56877
90483
22593
49084
77932
21516
53433
7776
41794
19015
69810
8881
31359
33288
2778
18671
60607
72127
12274
18291
27469
36030
7759
85602
52174
76812
35898
72206
87986
70994
12830
89749
29767
57894
14697
92077
99707
89106
43463
51041
50369
95215
83
43156
5889
82045
9211
15614
63782
36135
49077
55498
18912
38314
11942
75536
17151
60557
49143
20570
70421
92289
15455
29494
81785
73582
12267
98130
4700
41217
15324
3568
80088
86944
99067
81323
41695
34053
91884
54594
44674
44359
88725
36717
38698
79218
90243
6644
48570
24282
11577
75963
65689
88107
13574
76253
15217
24988
18440
88247
82072
46139
28868
53101
76360
65304
51058
48181
67288
58403
288
56523
8339
47092
78927
19632
25660
47660
50941
46248
10952
7697
37549
16021
9855
65796
20696
9187
59535
62705
65882
79111
13131
5065
60743
44329
51032
87433
91986
61154
85356
62420
79911
46555
38575
45191
74215
31761
29298
85019
68724
49556
18426
95347
11655
55083
81351
5158
38162
20811
93845
46615
47129
91261
40083
80456
70578
6816
63669
62310
30212
32950
95906
84095
57740
97764
98119
23554
24760
73513
70460
72808
29539
12819
25139
73409
93887
18014
28996
80720
47319
56604
69659
98876
27724
62276
91106
88125
15241
43971
28084
43528
38228
56185
79282
19242
65753
2634
28631
20430
78903
57904
7651
59312
17384
81271
79756
15688
28541
9047
33691
49620
39035
46892
53354
6227
18616
46425
12871
32888
7366
14576
83368
71747
79661
65114
25450
80060
91304
66975
48998
97061
8773
77026
36355
45693
66042
10785
32019
13774
66778
80411
36374
77048
89430
41023
28506
76795
67396
54693
80364
81894
23664
17322
74147
88932
78559
6899
97007
77642
22045
4161
51879
40822
77082
66484
46649
28188
3181
19713
37185
25916
7115
88960
26739
38370
85923
13463
2298
86545
20754
25852
89492
24175
55317
8625
69242
20767
61250
88887
7098
81030
51310
30687
60877
84282
71169
847
11821
10243
95417
43113
4776
56234
38790
54464
83879
42421
76722
55708
34669
82068
93417
99350
69440
70215
87845
25139
62113
30206
56920
32968
33000
41503
43287
96985
73997
50290
51335
90437
29980
84637
47426
34372
47238
92087
20799
95327
26937
96566
96966
68083
57895
67371
35012
97379
42361
56555
85116
82488
6844
71029
77936
17778
23141
45622
69460
30786
85270
14413
34013
58659
13342
28478
94299
898
67283
37389
9085
81287
92660
37848
82339
6768
54593
78553
32111
51502
67843
38086
66024
49501
41770
92165
56933
83500
24371
84346
73028
17366
57244
25020
77785
41292
70900
98979
68949
76366
78716
19393
57825
89849
50241
43423
43012
23738
67373
55906
52059
23546
52660
18440
99632
54482
78744
59577
86281
51606
7844
25057
57288
41368
55626
1465
36417
47241
10234
52231
70369
74779
88344
42100
26023
93976
22885
89152
98336
14647
16761
31112
13029
70738
39911
4755
23596
80655
92401
23485
91147
31125
6978
37562
95706
46928
23900
42672
54517
21164
2057
86404
48943
1253
42828
81203
86786
90780
38216
55313
34037
71643
17180
45477
13853
65435
40901
18964
9667
84001
41405
38197
71892
47468
15440
1589
5266
1251
58932
10212
20416
79150
50299
58780
72621
75020
54331
77796
26446
49952
90713
72289
51505
30084
77320
67708
4876
95602
98397
62845
85259
43301
80989
60898
31463
5202
29736
2606
24867
71219
45673
12858
49843
71742
89096
31015
17129
92074
88113
32802
99929
2360
48163
60307
67891
51012
13581
31340
54314
12927
71521
54927
65809
3264
63644
72674
8729
41806
46693
2752
79275
84671
43316
59623
39293
1980
55521
96050
60168
34858
81734
56339
55422
71282
88607
55942
58739
7292
81977
50872
44940
67180
89956
68519
77897
73084
85327
31844
44140
50750
26641
18547
34209
35876
28004
66355
18496
72564
3560
49583
16051
66524
71296
36732
52123
80177
99848
48850
39127
17196
69285
41773
27730
88304
91914
16167
93867
53059
5454
86170
58826
76202
98354
8621
95052
41452
11959
37440
59630
8276
90040
27167
83333
27457
90790
35041
37780
39587
89378
80636
37747
68569
33520
44359
95767
61647
74612
35506
7659
3209
20181
70357
34014
46999
54204
30929
40469
7566
91692
9123
21085
21832
34241
83587
65211
66536
21103
97968
41396
32303
64717
69437
88851
75274
94933
49797
58844
55738
85037
88622
85988
18116
43985
14057
95467
38850
29494
49508
54876
7358
4630
57792
33989
74859
80983
62019
45841
38480
67347
36889
52736
54596
48504
59046
52888
21157
1288
22179
76048
22253
44674
55739
11320
57800
15988
58828
76523
98559
62829
7083
25277
26432
35533
95402
22548
45961
49287
69420
20067
43626
39608
4063
64940
5289
79643
88799
11926
44250
53594
24419
52584
68851
22482
14556
29697
30886
99235
63390
13431
13620
72635
4203
32835
61172
54366
3936
73106
69896
20750
43446
33603
29458
80488
30843
3415
35882
80690
23069
39635
23692
71791
34488
82358
58420
35938
95559
34136
30072
8419
70719
45871
79355
68796
54454
20753
29033
16556
50074
22933
48092
27205
66364
11238
76718
76437
3717
30123
80870
53404
97682
96612
93775
80277
54237
52556
92876
26900
44698
55409
23372
70663
3328
54393
61364
56893
98870
40121
18167
63345
89458
90754
37312
61546
4581
66367
70404
64138
50624
3931
152
21282
46906
99643
77183
81845
60430
96302
62745
61727
85604
68085
65392
74815
12026
69350
44348
24870
47511
45409
41806
24750
26537
14458
64223
52067
25177
85702
21747
25966
42508
91790
96256
87675
88523
30934
29030
72656
11255
34267
11111
2757
70467
5307
58600
94923
32223
51070
53252
99801
21546
78075
57436
43249
6596
20336
66705
5297
9746
23656
61357
75005
56863
9302
91596
34749
99286
24318
93672
89352
49420
74229
89304
3693
91872
63460
25056
50377
30092
82344
48985
86449
66013
81475
69537
8744
4806
40513
34626
27984
3474
38133
54825
82092
40929
78456
1275
58985
81766
26583
90300
81499
53745
60193
76788
73501
34707
69346
18398
11837
93945
97247
83196
43900
95302
90841
6183
39964
94592
74900
84
97397
66785
65619
18711
64744
25973
77239
1153
87007
2701
63797
95010
23407
68417
77151
27058
24817
58548
14349
30046
37474
1599
74342
93963
98843
99986
30107
96942
92845
75105
88845
39589
27495
70770
80590
87784
88897
39456
98787
94804
34882
31297
85063
56573
57894
84665
61838
19280
59740
95418
15496
85809
31172
14949
39383
17335
14820
99540
52164
95355
12484
54591
37966
34252
54463
13761
44848
37277
46606
20822
23198
75492
72110
22133
15571
22275
11348
4067
8016
56
87081
93556
63363
45685
27095
54757
58896
94756
51344
94715
19396
96325
11978
74008
16478
31723
95844
31340
59100
82393
82727
7970
11761
28005
49663
66583
30904
7789
95061
34725
77442
36871
19980
72055
2716
42247
96048
49270
67976
78726
64215
48875
31345
98691
62820
10186
85806
27583
89609
53598
24736
80105
3
11497
37292
87254
49325
86749
61367
21215
13168
23368
94084
28508
25248
85208
2181
64664
59115
57175
49381
54947
47177
10508
51175
65859
58088
92104
21581
92558
41759
24484
77681
9889
67861
32107
56431
44186
29915
20884
29365
80162
63714
7664
31627
74936
26878
71504
86474
73392
1975
42274
64213
71090
52126
15903
1427
69919
74892
62165
65138
43066
32056
30868
12639
7557
6889
98906
73659
78648
44914
64813
52884
18238
22398
70213
21300
78719
52279
74305
99475
80066
54526
9189
70926
67783
89279
63485
74626
59021
56890
17016
93173
39868
68063
15529
28475
54861
50198
23158
37228
44187
82387
24755
54317
97690
70918
28357
64390
49766
71394
45017
57787
24667
57707
18708
87587
77174
16695
82834
59292
26292
65524
638
18640
50787
33457
55104
33315
5356
7643
38449
15030
91165
12617
25809
85762
95537
58184
16697
56881
91189
17153
12376
64784