60634
14903
56938
90260
45731
84098
30218
30775
10002
48450
66315
28697
44266
69913
2080
95728
73213
71767
5901
45782
90203
60953
46981
40064
70310
494
14095
55904
23470
14688
24073
67281
82576
86061
35283
32415
15394
85574
601
25796
35910
63551
5956
9002
14127
44900
69879
86949
69451
90849
29558
58224
46888
90624
34125
89910
73029
40589
95912
54642
96073
86768
44804
84909
6296
39334
41838
10722
77028
61041
85265
97440
57931
45857
15677
49530
58288
1618
76280
49100
15998
17069
37526
9978
2816
72403
95284
57498
90551
58193
59391
3891
49782
92111
4868
81024
79509
97397
37508
4133
40657
89698
12561
46441
92639
36595
36587
68165
61700
38771
92869
62793
63454
61380
15485
60214
11082
29700
76830
6919
38839
29770
16821
41401
3793
37217
80984
13714
41554
30144
47727
66050
41345
67928
76009
96853
89910
22726
81690
96142
51593
7166
16124
33805
51235
37304
785
36923
95819
32665
67428
36171
67034
68550
12639
31985
70286
32246
16906
30461
26171
80600
35604
51436
45126
79558
13162
37558
31437
62367
47313
58883
28057
14688
55867
18085
64733
82743
29578
22867
35710
4414
91292
89291
6377
18085
47231
58380
72761
74905
55978
5605
24666
58454
72237
55536
72326
77743
91902
55375
34229
86349
80791
13744
19480
96718
87532
23651
81042
4474
43033
83771
57434
68497
15675
8822
69839
6144
84862
89225
44620
90871
24420
46632
17317
38267
71276
50105
88452
59717
65991
25094
88761
22082
91020
73202
66756
78086
65649
12259
56859
49738
15882
42084
70844
65535
53397
64787
96219
562
67049
74721
69471
15002
42205
84668
86107
92982
21481
99753
90391
92055
15403
63305
48411
11133
68956
6888
48658
64162
15781
96851
34313
69392
94078
23421
94480
72461
60213
52053
17196
45014
49510
63085
57765
4708
85115
88537
25656
85664
50577
93198
4542
10157
31418
66386
30283
25415
51229
38258
53850
76434
3864
5520
9830
23947
5406
68790
64303
90465
10039
40216
1317
14976
82123
13585
90889
15751
2709
59817
63719
14179
84503
27795
48190
76913
47430
72497
92815
33893
21282
66861
51063
8686
17235
59202
49868
74414
94179
90077
62843
22221
15398
96090
90061
16093
85743
43853
30757
88523
18940
38688
8062
54333
68868
96768
48463
67476
717
91102
75401
16960
43892
94233
74267
52105
45619
21435
45641
36373
31721
31435
28610
93683
16278
92763
13691
26342
53147
97122
13093
51397
78516
3410
29219
87113
41599
11405
47415
72965
85608
91620
47611
23989
69914
12313
43169
11132
50452
4367
16349
76788
92124
2433
68091
18363
2378
99619
49873
760
13498
99900
15592
51909
13178
90948
17596
51612
89043
33677
59575
61247
66004
52489
55221
12876
12820
80017
8711
9105
25699
26865
54102
69319
76509
49758
36002
7828
53938
3383
69266
7470
2073
29798
71694
6835
55482
49105
40038
4373
6414
87306
68736
43555
72896
12729
53354
71047
53539
44932
44588
86493
20929
1293
51962
79489
77641
22516
42059
82386
5903
57887
60042
36101
49164
99358
87333
88906
90164
84378
34718
12401
13825
46159
20251
27734
70615
16625
10426
50538
89977
44498
51511
71593
79057
6699
59920
96750
37749
94021
62950
1900
15686
2380
37208
28369
97742
42195
12740
83917
53962
9032
73743
43283
28332
83855
75170
84166
27459
82907
75581
57769
12795
86761
70899
48968
36219
57226
54097
64614
60387
54321
70494
13442
64798
70983
66251
50996
15232
19143
29667
1269
60891
53697
32042
52662
89325
2644
48887
89639
25864
72797
34041
49946
75089
11776
92249
97126
46596
21805
45286
68030
37019
61903
95053
58202
34064
47776
11189
20678
51419
89057
82584
79696
66612
10067
31343
5952
24066
59261
88297
65470
34850
12906
72673
37035
68449
67780
63444
1662
88672
33435
21540
42668
47911
44054
74576
26954
84254
93328
47808
55324
39237
63604
97757
35219
50635
84055
12388
24858
31880
16926
15914
26797
33531
21484
73698
86020
99905
24898
29881
18668
58699
62464
10094
32370
36655
77918
66280
86320
26959
31626
98368
5334
2014
10590
69045
61470
60314
463
91159
68719
24588
83696
32808
29114
15986
17010
72048
40195
30387
25778
73838
26875
12769
36869
80356
30420
12748
97711
87829
93740
43471
91947
64283
34540
63632
78266
59930
49110
70411
35759
25310
74420
52084
43271
64004
79990
54391
13485
45979
54073
88256
86443
65800
57447
77374
61017
80880
76731
22018
50531
60993
37060
8441
86297
38404
4667
56875
47206
62463
96862
19367
11097
84554
66122
491
22970
9604
66677
11452
98697
37158
71439
73499
50068
49168
74761
19927
46954
8425
5096
77336
5769
35739
75557
39786
86237
2284
37797
73024
66979
78998
75141
19535
83746
52827
95198
89728
57480
7605
78984
51111
48228
61602
59039
57470
97012
70850
39741
87242
35413
70258
35618
42212
46893
92733
91750
16739
26515
28598
27217
43764
75827
50838
47998
11832
10251
19586
44146
41909
31319
73260
69525
46815
47458
3725
88093
50081
79541
58658
97078
84984
58206
52595
25369
9207
24168
74398
45446
39656
70878
30078
24315
3892
17751
22275
37584
2276
56091
27041
8291
88491
33747
12027
22613
66366
32521
34429
62833
19122
87584
60436
85011
65630
77540
83422
75699
43820
67454
88610
30608
45351
84531
96059
23237
23438
57520
37339
38905
30635
81129
19841
41449
71788
16795
72615
92405
24052
62799
22252
33137
53708
73333
12403
4226
88132
21652
71768
10375
60063
95129
80916
61871
28737
86223
6795
70444
63918
89187
4778
58982
73104
60282
17830
55319
28232
75642
62643
34089
24360
32096
72678
72151
54647
63975
38845
69142
85328
5317
199
15454
38542
8269
48766
9608
62951
60605
29994
21922
63374
68508
93830
76190
38254
39129
62465
8678
56308
90317
96679
77019
33468
66854
67558
49460
73200
94053
52002
74238
47868
71014
50669
61562
36563
34126
309
27971
68965
69584
66946
52654
60207
21102
16063
33060
8613
52098
86628
94164
10591
31348
11120
85552
50783
29192
27772
60220
49322
40965
73117
34663
6596
93587
58406
11027
87639
96935
45339
38482
87835
56242
6792
7238
45628
39177
53242
14981
68542
10778
11112
41455
4652
53155
34299
41145
48581
41973
49242
50403
56797
45361
35633
53150
44579
67883
43243
33994
59597
33762
65901
71831
10533
7251
40839
26015
99469
22730
76386
41864
32784
37140
32989
87930
58635
40146
55404
53363
41021
85572
93348
22768
6885
79881
65090
25306
45356
70558
58167
88407
36451
93622
3234
26023
51813
60974
24386
7802
25263
5981
15254
13528
36644
16882
85658
30572
30609
20436
4978
55826
98657
24032
23723
81114
70986
51946
23990
86483
24191
61192
89795
60262
17521
17735
18961
83305
70851
57596
90010
91598
9276
92487
27527
14369
33605
50687
33247
43173
30240
87318
67070
35453
91003
84206
67876
80866
54432
53695
88175
36530
95026
50560
74387
62655
10416
10136
63389
56988
39157
66218
13459
99565
46871
44458
2183
90757
26564
36623
96583
45219
16130
85342
31460
99721
65445
73035
92792
9322
91982
36241
54774
3536
3746
32194
93980
67727
39873
8329
83447
29475
96677
74557
16510
63093
31790
19342
17265
97274
30807
79673
94472
55661
42893
64028
39779
18289
72561
60626
6415
66892
16965
10511
67231
26720
42373
7571
91401
70756
44191
25796
35008
38373
93361
28831
59439
73595
4956
54157
16066
95516
88991
41016
45786
1163
63796
37468
1539
86937
87164
74780
76679
79631
12484
48224
65345
49125
44840
95748
80054
58803
85196
14509
95735
45591
73668
12779
47610
46341
42738
74403
98533
12774
96657
80413
58444
44636
74930
89485
56990
77993
73282
6717
74426
70479
95275
44233
83120
92394
73617
3694
46119
7324
14521
77951
69405
19677
17066
19643
42103
95715
80083
18433
11691
27811
28754
40354
95145
79853
305
86935
99811
50922
40040
39519
65468
75309
65210
99303
1551
36437
99934
18580
31792
99915
35671
92998
3047
12311
43970
22248
82982
88838
98022
92581
56102
80085
20591
95356
42160
29347
21023
94848
62439
79552
88394
3765
75284
10366
40249
37290
23478
18200
68257
8743
44713
22724
58517
54485
52878
27012
55149
46842
74058
15786
41265
18966
62699
87620
291
41781
95758
42683
89200
48759
56698
97322
67673
49872
95610
79727
93907
5759
33336
22384
98308
64911
40876
12096
52291
40916
13928
5820
70125
82658
70940
56326
14008
77036
25993
13796
8634
85428
38290
81077
28982
57199
16038
1610
32136
95396
31966
60719
72708
13681
66571
90416
41330
76174
52464
81313
57551
66579
11675
49231
63294
46630
52788
96009
31348
66473
15385
84097
45304
17593
81610
62247
8188
39182
36546
33909
21196
6715
41191
97537
22593
76395
89033
63449
56285
57663
11941
91485
67343
98284
93549
10279
64698
6701
37346
30779
35561
62770
79964
72742
77735
2980
57483
77383
97484
74197
28008
183
40122
62500
94092
3189
66599
64585
69982
74392
52051
73710
74034
81783
22748
79393
99038
53727
63365
35272
58589
4222
35490
23842
4110
1913
42531
95559
35385
26921
64096
61107
38461
21224
60246
2870
51203
7275
9636
2806
46224
9416
96684
15922
23173
56062
19586
15076
50747
18295
55682
83636
20061
29732
98253
20490
77925
34072
78577
76293
69734
89560
83588
42143
77552
72795
1216
64776
22907
53520
7892
30210
11828
67362
51353
29906
38625
43562
41914
41289
22021
25545
14579
91663
2173
63866
94012
20482
56188
87217
2273
16423
52243
94349
98055
43916
30840
54205
21871
20803
96660
5671
48347
59410
22420
22109
70818
57916
95479
9133
62689
3071
10998
59289
78857
86241
26742
15572
81917
99656
27172
26686
1977
63390
40156
57004
49371
62349
66698
55346
16939
26708
45627
79837
74018
52237
97109
97532
7957
19318
56990
68507
43505
79815
93279
41089
74415
94000
64858
33545
89963
10628
29991
29973
90889
37007
99002
17886
16590
35644
76828
62171
72150
42208
9256
17502
84818
23203
15061
17161
41984
78276
56412
65360
95182
28717
27705
39697
16894
45785
13016
1229
1517
80563
40848
40182
33206
11438
34661
49920
13004
54881
82939
31616
54762
33506
74998
29360
3214
79703
99892
20398
78148
87813
60922
90240
19157
72768
23285
97621
68711
45443
40963
47504
80226
47884
40703
18249
56890
38606
98246
82365
57165
98375
33411
34350
13061
52038
43484
70546
20864
61622
34890
62736
85787
87933
89453
18506
84635
37826
92127
27114
73657
65014
8573
59837
88212
47521
48275
91862
70029
32563
42361
79000
21167
95890
61337
83120
4692
55881
40537
83756
60161
20513
16635
38945
56874
34725
79306
17292
18762
69951
83949
76895
10593
71029
10364
22503
33888
73322
48185
20717
11289
27187
20198
18956
81177
88634
58591
20686
92862
2589
8135
65806
87648
65690
44433
6291
33803
82894
99544
66328
56387
96489
77949
65460
82467
46690
77750
76733
92369
37770
11483
92886
56085
60576
69193
13959
29417
59113
97356
16655
67709
8269
53203
55201
9390
77232
91849
97019
8842
59265
18476
66013
96797
6279
30861
39587
28430
71695
23837
71565
77331
39494
68891
86271
34901
31684
33864
63989
48806
82896
60414
93125
93309
45380
27268
5817
49483
73629
70218
72735
95273
65623
89224
35746
67400
71671
42941
98513
10427
446
54051
3928
42014
98121
95795
78202
28190
92964
67165
64187
24296
27005
97499
8621
68907
28954
31603
19821
37028
67416
4532
74811
69428
53011
89680
22406
46619
14609
68184
40286
2279
39446
51564
89639
98910
82825
21215
65382
75774
12305
5087
14444
67539
22097
81051
3633
31550
36845
89258
30635
22968
48414
5881
74048
60643
35272
31995
39463
89165
44044
55633
85045
64353
2682
54226
51221
22936
21549
33612
57613
87166
65360
54176
9666
86321
24994
41638
88483
14620
70363
20096
29246
21406
52408
63776
81065
96391
3951
13770
14906
82358
22311
90254
37798
22874
59815
19304
71783
77677
67415
52634
7838
26882
5193
31360
58606
82876
88347
45122
6661
23458
55155
58315
86217
37264
52413
45932
55024
22873
3982
82251
64346
63794
20966
28790
9569
54648
41910
9832
38730
37177
91301
55189
49399
60258
46238
29912
32503
1479
35235
98939
48886
93399
22847
54779
76903
98484
91640
69878
47760
53066
49381
52791
3256
37775
37202
87862
2260
99880
7924
28178
60261
18038
46691
82880
82117
6469
63423
30798
61172
78753
49215
32398
60003
71607
74274
72140
88819
13556
82770
8754
54731
72369
18541
50068
77465
28166
61195
73400
41404
79197
63655
23832
4153
34399
78167
33770
89036
29048
60421
99704
17942
93024
47965
48032
57370
54400
31302
56335
74759
16155
74229
97670
25407
58800
97272
35985
30543
57406
23267
42665
23580
4690
30586
56193
54416
53581
22456
24467
36989
83999
11247
3603
73759
36486
49701
73525
82786
26284
71183
50383
9364
42140
92699
88178
65176
91485
29791
75495
92185
98667
38350
24040
83739
6160
22065
43426
83362
93492
27798
39313
71282
88262
99380
73821
78256
31258
10634
35057
33206
577
66096
26246
54430
49863
66765
69104
94203
17871
369
41123
99135
75077
48402
17903
23966
28381
1968
86752
32978
99767
52399
86408
53874
12070
26466
24725
18101
29966
11837
81330
30087
90076
15087
44421
32283
23120
73511
12225
66139
93593
72282
94537
94296
85863
83256
71191
8954
9769
66081
19534
35062
75738
77143
88832
78526
28029
71781
30943
54758
55774
36683
50541
93689
35627
70309
77932
74640
31872
81567
70136
50011
48973
94140
52801
64622
36426
43539
58962
18528
81951
99610
32520
57375
15411
76186
56368
28588
40357
17175
77871
76284
74914
26228
46869
57594
73851
81437
7910
22460
48816
39481
64574
53129
12924
35341
14331
7490
76733
87188
69202
28982
44266
30894
47794
85568
94601
17714
91323
6504
42901
2920
93886
87975
12631
82214
56570
36140
23411
37611
29250
89168
68942
4155
80517
16780
34078
14384
56458
85178
37331
81260
98114
20857
32014
44926
842
55261
47115
10171
72382
35970
42024
84521
42030
91862
72515
42882
85486
84056
68551
22329
96595
85719
63414
33063
87614
69050
91018
67697
64918
22830
30565
84457
39014
70216
82287
39867
36973
95468
75885
72524
81017
99301
18762
62466
45441
96612
5100
74917
22846
77760
33477
95130
28465
44702
31634
13385
86003
52438
45404
20895
3112
16770
49830
43760
87388
4814
13478
47094
36719
45634
23131
92918
49747
4471
77246
26372
30799
95485
18859
3830
76149
14801
10139
61509
96594
68473
17072
5737
3465
1899
47545
24335
12165
84382
69635
20133
19218
15501
48045
30980
74157
60247
83769
69512
34877
57879
92358
54040
34561
27057
67417
95996
80264
67790
98286
54218
54062
38176
42728
37381
87617
81019
28924
61351
89584
92935
76383
23599
12222
13631
8572
46001
72404
47612
48648
60346
68681
96463
73434
40135
90078
42646
40265
13708
9574
45222
90632
64678
83411
50709
44154
24561
78642
12678
55238
44405
71962
75961
25303
58524
83913
45042
64567
46940
55047
9707
50537
30103
89417
82100
8643
58827
97697
75791
63235
54086
27800
12033
68580
26127
34277
72628
94127
31555
91338
11360
52725
20449
36068
45908
81508
32196
99493
42325
48595
25076
41403
26752
36090
13150
51459
96177
17645
15271
80264
83129
47353
72009
92114
90475
61619
48190
48251
93383
31781
41527
58585
71343
7301
87309
92415
66772
58887
59211
99509
84715
38594
96720
52800
47984
4027
91801
42144
39833
24885
19411
83163
54838
3534
50566
32535
75345
59223
22210
69747
46172
60901
41731
41292
23697
39117
51366
77648
82991
9203
39835
40060
30668
81060
24985
13519
67524
82448
79115
84569
87891
25459
14714
75404
92341
59468
34346
54172
92479
25698
12870
40399
15665
97226
81739
58595
35300
33998
40320
64313
24521
41260
50867
21702
49261
1214
50154
55261
31317
5797
12417
32304
91174
53764
51889
73465
39243
75214
65326
99616
62832
78727
11301
72916
4057
44735
45309
66055
52308
9707
76816
78374
53016
32608
38247
43005
30623
80400
93043
91329
80617
4531
7334
33350
28553
66670
76455
77336
87251
16124
60289
33034
44005
56624
82398
1403
30527
76946
88250
52906
685
45446
67646
73917
11564
67494
80884
98506
64593
53673
46313
59469
20617
54270
18577
31686
8405
30729
34960
78336
80215
18934
27572
94444
66088
46565
10830
8740
28265
94130
2752
94700
11926
75813
74660
80672
14215
23862
26278
22618
34433
84176
79177
11108
49533
58783
58511
29884
17619
7940
12573
36043
10285
7786
49090
49687
70785
91855
24058
48218
6595
54855
80946
49381
32645
39147
34583
65947
50580
80356
60086
23517
75151
38911
6476
14419
40663
69376
25113
96902
26652
41399
44343
40628
98132
43706
74285
73446
84879
23396
48504
57370
53831
78737
44342
63662
44651
34914
76253
27175
41294
12309
35511
60878
69606
68122
32329
22899
51589
78801
50460
52688
29462
35743
24012
81689
83404
97653
20475
3476
8904
84925
8792
98473
74107
85741
46436
64005
84905
59417
8916
50309
92883
81714
11230
26851
88106
74116
92560
89848
19690
37165
97195
20924
71322
73424
35108
3258
37559
32070
8971
69256
31931
59731
23982
31115
60140
46879
93230
85406
9991
68635
29170
22232
91187
29228
63832
29864
85469
30271
21407
19435
46027
6541
52868
60070
32527
38905
82189
92235
86801
52470
67314
46176
23980
91048
2032
64765
52563
1685
17321
13084
56941
37102
51081
25917
62433
55465
37656
99340
48206
50132
61799
30051
9282
93384
52692
45600
38083
35334
77649
43550
78108
39118
87346
69916
86945
10966
96274
38893
2955
87754
2045
79679
49503
94122
64536
41921
13459
81831
15239
9398
26529
50350
92074
20455
26181
28237
43197
59645
86681
29503
18887
74436
68240
55856
60154
34727
54539
18157
40948
53127
68596
44242
28645
42787
54277
19154
53421
84982
45191
71971
63561
86839
77973
28781
98532
47090
69071
98173
54168
3138
12298
65352
2579
77480
4906
1580
29559
52851
22830
52798
21602
52692
93770
13859
71009
41737
82078
54381
4543
8873
72284
18772
55372
63697
80391
22419
85322
18805
19153
68135
96547
61255
55641
78354
34686
26744
68076
87848
86132
6341
19304
79368
92928
30710
13949
16957
13837
62122
13312
59151
64674
76245
12363
58546
18190
65883
78807
86225
22892
52373
51497
53117
96259
48172
36282
52146
68809
13690
64255
69052
74867
38634
86930
75148
60212
76103
49991
64643
12279
72074
14101
48446
39841
58779
9397
72225
35370
33258
18154
93500
16065
36275
51870
70959
94205
133
28654
28185
37516
32041
30825
65506
46534
91150
24488
68807
31086
67829
77779
16817
4860
29333
72654
18432
39327
98345
46659
2022
19224
91264
89131
59903
29489
81303
3675
7837
63668
63613
94287
79745
31773
84896
73971
52496
45441
93360
11077
62725
882
5586
54315
68437
5596
17160
58477
84367
86747
93137
11632
51738
92859
10285
60734
91176
97491
23727
90459
68197
70453
3509
21343
56266
65721
77952
69707
27465
83237
15120
44458
79758
19127
15107
24176
23579
73223
12297
73946
99208
90117
65000
84243
47441
40175
11154
14377
89710
49662
48208
24399
52127
31225
4195
30785
77443
5530
41783
84928
68152
35904
23760
48641
32222
23844
7378
33162
90699
15796
33394
43452
12524
86948
22753
72264
32064
12293
22024
58926
9469
22455
10388
65643
86650
36673
93325
9856
32522
98331
50833
51701
27073
4212
60218
60640
45918
3144
95086
19250
59639
32806
83543
97114
75363
54639
79577
69558
74074
90889
76408
32874
33097
2831
35940
62804
3677
58020
96994
35400
75404
2723
80328
92992
82418
28580
83069
89936
27823
95536
66653
85192
99316
44613
16913
8235
53540
97798
40848
40295
6143
38184
60805
55752
68532
45750
33615
55841
23042
23240
92811
11162
47872
57164
14430
84158
18641
78772
78465
22879
76110
94925
23597
49647
37417
41241
75111
72915
12295
67036
25245
14934
21290
91870
22131
20859
25170
61994
70331
41311
35636
94098
25779
39510
356
77503
97609
55255
20653
57115
76741
33376
59033
63184
27428
875
28061
99967
46050
25504
3250
55297
44243
80123
96419
70311
85770
39374
99137
96380
37780
46050
98636
636
19426
68044
43530
16995
72894
88847
40049
12197
91783
71363
89703
66590
51024
75469
47147
5248
50454
15116
31323
72656
40058
63875
66055
66846
64875
2377
59896
29889
32898
60948
18307
40451
33479
74465
62684
67190
62823
65934
12151
73844
51827
399
93807
34669
36720
33734
36797
34620
88906
16501
9260
48884
87011
33116
3540
70559
58985
72956
84855
36093
81251
17590
63624
97467
95125
98107
73406
43631
77866
62387
33131
32923
915
75100
85130
30426
75223
45531
70291
43917
52662
7421
54266
77103
4927
82931
92272
81434
18591
32803
10298
28899
43787
2410
93714
92697
97013
77476
32396
9867
19614
29461
37220
79799
80085
30505
38341
90703
11722
7145
10349
28684
43644
71860
63805
60129
25632
71837
18676
35507
48357
10114
58698
87444
97238
54068
96272
46720
91063
12068
15360
62012
24703
95742
43370
31009
40074
18090
76680
31274
97002
95477
49499
37545
88813
94278
8022
76801
46005
82753
81287
74599
73908
42383
28328
74258
63702
81254
3278
7868
3871
46114
23221
95788
1857
39435
25706
52988
10314
63506
16710
78083
92567
56244
6209
85598
81006
43118
42382
42389
13939
90908
34079
9544
85
35813
67026
25587
44316
48701
97258
67033
99777
61519
50487
24526
47995
90118
77398
72865
55944
9000
31544
65315
1231
69317
16645
60519
69218
19633
71792
20605
6737
88800
68221
3832
57141
68246
4030
35602
40528
58585
11397
70863
26328
80471
94892
7879
99867
82228
70084
91790
31196
57871
49343
27335
93278
53372
28700
70043
41512
25491
86490
52778
88531
17293
39365
20435
55198
99537
21785
66132
4862
44208
89071
13977
78172
99868
58165
39139
64384
45879
18997
79813
11489
60136
78215
76160
39626
81349
76661
50836
10881
25764
48657
7374
65918
15853
28163
69853
1870
45365
95425
74936
36171
11399
80428
33601
80155
51753
95703
50977
64564
15935
46833
20934
743
62809
34454
95121
48738
38664
11646
66574
94940
84205
30514
75490
3152
38819
75570
55750
61087
44076
10986
91411
23
91256
76370
3328
54655
92028
81827
59510
58544
47723
30410
31970
72080
72984
1633
17740
15337
93506
63958
16564
90182
96493
94968
52592
50221
54469
88860
59176
1936
47395
65968
77551
65525
76728
23608
78086
4248
47290
22649
11502
50968
37284
268
74473
30443
77674
56765
88992
99478
5993
86039
50470
58338
79774
66231
67102
25800
2388
11766
6991
61075
48688
75783
8850
84949
44434
49461
59850
52604
29929
50543
97535
7283
55966
87729
59679
32173
40157
45428
41705
1247
6663
87601
65548
26465
95007
51697
95780
27611
76432
22124
40227
56198
14397
29475
37631
42480
60224
5030
69744
79736
60198
71766
23397
98930
17797
95747
56899
23928
18939
97110
83938
18541
36345
72034
58717
2467
35921
80010
10417
33838
56066
85115
41976
92638
2681
3410
27591
65388
5496
80759
24069
90516
88499
12152
84307
11868
44993
73481
6253
54065
48913
41057
22651
72905
3969
31266
21114
34237
2609
18349
86936
35130
1393
56472
84981
4474
47823
13151
88121
79853
3329
25844
98062
25876
63637
30854
47819
97162
70600
37452
25533
11440
97437
88159
27514
56377
33705
53560
21569
92341
65802
87675
74431
99110
55912
14549
3658
59396
6065
4347
43142
77643
3906
17856
560
93707
3554
77352
10222
46369
14029
27865
19891
62661
28545
50789
32218
92541
71024
89795
93660
79953
2182
2803
98153
66733
35026
34291
17064
12127
52176
43053
39440
89496
48381
8626
69658
19517
84775
60860
92186
69995
55734
92694
99258
85710
46866
39923
65665
82541
78589
39685
87314
13097
4100
76561
48511
78333
4089
63708
42510
75764
27779
71923
13256
96351
6159
83535
12582
89410
51202
99727
42884
99785
32746
84049
81591
70386
61241
32378
26720
49576
37114
39687
91325
52027
51781
99703
49885
27676
17774
18473
81126
99795
80019
9092
9651
38988
423
97015
47113
63714
39549
79481
77548
96016
7254
99445
14522
25496
41940
72202
82857
4887
4573
73147
27060
91935
58568
2181
4614
63149
33516
95747
55076
69822
70772
13731
37156
78588
66623
19196
59368
85504
52483
59500
79317
55155
68142
78332
59467
83194
8621
39064
39495
97980
63698
19058
49185
24268
83020
14990
92162
23579
12040
6053
92174
84041
83980
37600
90265
92982
79103
50985
93432
8160
44024
53959
96174
2279
91506
57677
21779
63997
71060
49929
20534
66290
41849
6117
30530
24723
62373
94821
3068
50274
19668
92788
92638
76122
85486
33471
57296
28998
95851
36439
70290
48932
605
84556
76130
23002
50468
47777
49320
55951
56033
17843
35839
82684
61806
77210
5546
99570
63591
25559
38735
95909
34808
64996
37156
14868
60202
69509
57066
66609
91383
3418
20879
46337
15856
98583
69864
76538
59595
4165
2849
57790
64401
25124
36835
69313
99733
77918
32591
80397
15673
10377
88833
26906
19138
93521
46013
67295
89549
74686
76225
94935
54405
60427
10020
10663
9690
82361
19752
65525
24014
95055
64417
33677
85979
21952
82716
92223
91885
39912
30355
21654
40073
58864
52416
71836
52964
1163
77420
74897
87630
93653
33091
77678
13031
21479
33477
96236
12655
62021
96097
584
63341
78477
60746
92964
36917
71401
60563
78196
22227
48739
49045
62080
30220
24271
13584
8407
16377
57300
90678
4776
238
80087
4361
99859
76592
51509
5661
88214
52118
81327
73703
63027
47330
32797
55265
15803
9480
75596
6071
59687
3880
69147
89128
93542
49479
46424
91653
26293
31590
97807
56228
62857
55717
62512
27735
13324
62835
24804
89895
1295
16728
38966
88706
65006
33214
53266
32780
10903
94611
27372
50073
59017
24795
62535
65403
31089
42816
5513
88764
21182
70344
91126
72848
82575
7896
17524
65045
22349
69425
89748
42424
73448
47625
18474
57731
36123
11930
4295
33804
2255
70291
12083
82616
22523
51118
77810
83598
69144
38065
16272
70914
18268
64791
93861
17132
89122
70365
47064
26238
15926
80121
97121
86345
36819
75597
61280
78596
58731
6471
84818
43355
27672
43708
46810
40231
96437
93798
74074
99906
65754
17607
40733
90469
56004
97441
87909
86377
23816
93804
44746
55115
9827
33674
74422
75386
39414
64020
45021
67052
43477
97579
43327
20649
24504
60375
99199
61525
42597
20584
32984
17905
16265
54386
69353
23482
82798
37487
10568
36395
24429
83516
82621
31663
54498
95645
81292
82669
79334
59454
44191
54825
54192
79433
73588
88917
90663
31819
16981
54560
33675
45559
91281
85352
92249
60478
87020
40949
46868
81904
65116
62341
25254
61549
5340
30409
42800
85565
52469
61416
74103
56132
49556
49443
62243
24118
99594
77619
65046
2809
65879
48582
68265
71880
91827
71236
30893
74453
81271
51461
19911
81866
3767
14432
48006
25755
38493
64323
97491
3416
99256
39430
55685
79920
20572
99357
12345
87914
91551
80449
89494
96226
39964
94434
43056
33697
54843
85608
14962
74265
76078
63576
78585
18040
20458
82816
4664
52827
57367
99615
58934
12827
22489
34761
27924
34282
41029
22438
14592
12855
2689
29101
5742
82741
33608
5245
25313
82994
30634
41874
28274
66489
50430
21564
85590
66015
14771
52264
41789
78513
90883
52239
48308
29099
19892
58180
52057
87167
53744
2659
94912
85171
30016
20246
73721
561
39545
42960
30250
60984
30988
8449
58640
28197
34137
37051
54558
32968
42483
68549
25874
1261
61990
93284
50695
84188
45409
71954
43157
37137
4407
1393
1344
60001
60888
976
97469
81484
31112
96457
65722
54748
47223
54491
56538
8587
56616
39775
44380
11789
43117
53975
35544
34089
78146
45809
82269
11447
7681
85504
64198
56612
20180
71402
68168
767
45278
74041
52994
37800
96513
47240
99284
48069
90348
60396
54959
84125
74774
83147
30599
32072
55047
37465
93190
16173
99858
56264
53289
6302
75460
51349
76355
8878
6517
67500
70546
29560
37253
74385
816
53279
68943
4713
246
19748
12328
39352
56703
89454
46310
14562
85103
55453
7400
6301
86119
83712
31374
75184
10593
52663
15619
67135
60445
95038
58133
39817
42006
94091
17924
90443
42161
60454
83121
31320
58384
49213
37393
51144
58802
34771
57249
60432
796
73086
81856
24499
19988
24077
90449
7163
32358
3503
81411
54577
43340
24703
4024
98272
76012
99126
5909
23899
71791
93337
45195
77108
61565
94988
30991
90177
71763
6711
43388
6805
69707
45870
13271
59080
75918
92306
80554
13571
38738
45293
32572
19367
83220
26506
17266
77269
16044
99656
27016
78629
62745
44823
54166
89893
4652
95634
2756
2762
17739
10045
14934
75866
17819
50139
95540
23239
31627
46078
30694
3132
37384
67538
27610
63505
82541
71141
60088
90026
69383
2409
65764
96786
92496
68870
59396
21651
29263
59400
94415
15195
69567
81636
12396
47098
60018
98236
21560
73038
35111
70927
18494
77995
15435
9526
68090
39563
64783
42129
45955
88958
8396
34915
94320
6595
26836
269
91226
16786
56170
75371
83861
96879
86394
81082
84943
21062
47396
12946
7033
98867
36376
11899
2707
46582
92703
41851
66741
30679
60974
60486
33621
97795
40195
66018
32948
36160
91241
20257
6007
59979
2577
77474
80781
9449
5099
4341
43815
94108
50614
7374
54612
43504
74917
26003
39066
9789
16413
49865
97946
18343
91723
76162
50394
87436
93803
91476
48675
61602
65652
58094
524
63439
72625
93269
22456
90098
40834
78909
46342
19763
4992
67826
63073
12469
83314
93118
9697
55816
10201
9298
42120
28861
54678
15355
44742
49055
87795
84366
92060
77104
36849
6948
62084
22441
90194
35426
99452
76955
11292
14039
44149
92432
6226
89125
2587
44095
79400
30908
28036
16851
61720
74065
33413
17167
26537
93240
16613
43730
24740
39481
77617
47746
82492
62082
97592
40027
12243
24414
38006
78097
74526
18908
13448
6594
54100
38528
26302
75213
46436
85767
38740
56645
79507
79915
40074
93651
96128
10884
85813
3679
82108
48886
2117
98097
8941
29841
83268
26819
89091
69160
88587
49515
23210
17263
2701
39755
93152
82853
8738
78889
45581
80503
57478
72250
19266
29132
57193
58083
68608
85166
62801
94479
84094
35495
75234
51263
96486
22332
94111
55764
91297
82131
74758
26341
76495
82785
79838
83453
57941
61500
74807
49250
76429
79925
31640
15360
78241
55174
88580
21262
76409
8358
98483
25269
33690
37028
39614
45835
18111
8519
8925
78312
65633
20619
43192
59070
41004
94804
69221
60077
8980
74163
22748
10321
48086
22885
92717
43392
20744
93044
37896
48212
6983
93696
38487
10423
78132
52644
64655
9378
33851
96373
73326
81400
40082
15529
77451
42161
17904
70031
72007
88556
15483
87108
13961
7605
35893
46685
67818
58117
9746
10165
99372
23352
5705
63747
93505
62800
36645
46151
17887
32254
2208
93652
95020
60030
90055
95014
85593
59878
79814
56244
34971
93405
41325
91800
42039
56873
45339
80643
22710
93878
56099
23498
50442
15012
88241
85799
49217
46942
61969
88457
71296
4482
91475
57753
256
35977
10754
74004
26413
79474
30173
19031
85647
30134
50078
95425
27784
11390
20771
24644
21044
8555
66304
7395
84790
3463
58044
84280
88927
70468
17531
18499
1169
69672
35728
13527
35175
58579
47259
68881
47465
34
60050
4818
71056
77709
9395
40463
82714
85338
36594
4728
33132
87123
40379
81049
57983
11014
90362
86691
94278
65956
32223
95375
30723
88311
48837
36490
81926
68599
8394
34447
50959
25040
43232
85465
37656
29955
94606
75590
538
80366
21256
22732
40467
22700
46059
65957
10757
78480
95124
17043
6966
41292
96919
99433
16258
73559
63278
97506
94482
40410
53619
62565
28659
88940
77779
3132
96513
54346
60228
53966
5417
36010
45312
91784
15394
60639
11362
53719
68464
92078
74761
97892
55773
60170
99902
99316
20508
31833
23727
1127
89477
1087
82811
86010
65526
12147
84877
15856
59607
80113
20203
48872
29955
59597
72448
66213
79740
42145
37420
32804
3774
861
69523
72472
85968
78729
55484
83165
37469
62270
74617
13627
47557
23236
50309
70515
20355
57069
48404
16192
82517
86483
34538
68765
30875
4308
24704
32536
34755
41998
63273
5396
48849
66266
99465
9026
4844
98091
38733
60405
68612
3835
10241
35988
97464
41956
35552
81338
21241
37141
13824
42027
72384
84384
83526
48436
94785
70795
46232
19581
8282
15731
71320
6051
32272
23265
67580
56992
24734
72561
45951
48852
22746
5457
19359
36656
82002
84520
48564
67258
95612
33687
72549
39086
56330
10217
4705
91722
29828
75836
69302
21920
59794
55629
58053
66670
38761
27391
22851
62814
15708
80259
99528
5548
83676
97270
62290
73200
66809
60414
63896
80558
15303
1691
7789
55026
16119
44440
92694
60552
3629
64950
20037
68085
93009
74241
68993
86389
73842
49257
29897
5441
72855
19895
9672
54730
84038
68119
64912
42596
36826
99331
21667
45486
14382
13568
91278
13437
27053
15574
13577
50187
5687
25994
99928
67130
48209
68842
9405
89903
18618
54426
35939
74654
47424
34941
20532
22679
7268
77635
77453
11854
74632
92384
60843
21347
90482
99271
85598
10822
32874
1280
70747
65619
89207
45407
99530
79850
94832
23990
75369
5335
19925
1722
5213
15477
65010
5711
39084
7080
94930
5100
99917
3805
46686
77102
65512
81141
65031
26880
51102
91751
62608
7972
88205
20248
5206
77736
35974
760
22863
85648
14032
86960
37573
63909
3031
22476
18382
98719
51642
49701
77702
95537
31970
87078
41156
59408
65592
13886
26104
1448
87696
77644
38860
84533
80040
20555
34248
39200
26637
64687
758
99821
98533
57985
60254
64452
4493
44380
92347
23765
83391
46544
24647
79725
89558
9716
95970
80524
76024
75496
34112
97264
17094
3099
49808
22753
80791
11982
64184
74114
905
44344
75378
88722
87519
35888
97828
18037
60712
84093
92670
53957
93887
88071
71976
54901
58123
19768
66200
94199
43396
1991
67288
84707
58447
39665
20178
12334
78199
58656
87624
37603
42815
63050
54872
29959
40070
38857
11425
3633
42970
41138
83492
19348
16775
43245
26397
33168
98482
69334
72226
84091
11979
65958
296
51201
35956
26682
94780
25738
51847
1320
35890
65921
23629
41661
54786
87923
53616
36013
35377
59740
27613
4517
55515
12544
66305
67546
94894
54378
85098
24044
36697
26957
43077
5501
21156
52872
74854
64372
79513
91944
6118
95950
53450
69629
92315
40652
12599
4974
54690
77644
42101
84935
69088
70280
60025
54850
90422
16058
68075
77460
42906
77730
62162
74900
33225
40108
41976
15445
1104
81256
84759
70655
92289
29629
39709
690
28192
31264
19606
77702
34054
16532
59249
72670
23030
79146
55076
74692
8618
88299
54152
117
25900
47636
79325
1374
9222
4695
94710
61635
50678
43502
69060
37852
21478
49626
22054
3314
43641
69393
61079
9058
25196
26784
92241
96793
84408
33745
62582
70391
9060
71911
47603
86792
55188
12237
39453
1787
79458
84238
39396
23001
23324
32795
25671
30448
72845
64522
61817
41136
78982
56181
22467
61362
91002
70072
62102
22420
48692
43518
60608
54690
26047
67035
2125
22630
65645
99180
17224
62198
41621
42711
32260
14161
10158
262
2096
49718
66420
64397
20712
12609
62887
47637
99690
3829
69478
63962
28122
52671
4698
28421
11378
92252
50304
53487
63092
81169
63292
62419
58370
87154
68878
11785
15660
77168
95369
48771
83210
8904
34980
6816
5423
7338
88474
8892
88963
54095
87635
80747
40560
33332
29228
12583
12165
82108
3775
6993
35028
60083
65864
90459
58798
54518
56481
30496
25163
53457
38938
53224
94193
98822
81614
92019
56624
10731
47339
88077
11746
90891
69485
22641
15253
8792
24660
85209
72444
29030
58500
31068
54195
38675
76245
25324
14664
82129
67198
3436
60952
10762
86058
4369
99509
54889
97358
17792
18019
49758
52777
2658
84553
60434
50509
11636
41511
40151
4041
69957
74184
4271
99959
470
2931
94703
26090
39173
87363
64512
59627
31644
73033
67945
13034
24541
77519
76071
42943
6350
29718
71653
77755
76764
92635
55340
62908
55263
49081
59367
83834
66442
3930
26042
97545
87872
17733
57163
40790
39504
70758
83023
22762
32047
50246
8332
83449
42944
38728
85633
74203
9101
13221
69948
51245
4301
12055
57259
16578
41582
45213
53866
22921
12657
54354
8398
77211
34905
51160
31068
34258
82844
15666
56444
45092
77478
18718
33695
39501
42612
65834
55970
33412
30324
36331
39504
27664
20371
63770
71724
40289
54994
82551
51344
24522
75460
18662
41898
50196
25144
81053
60102
71061
82761
85447
71389
93397
25261
58814
99966
74234
37635
18423
72741
8790
73340
34157
82062
19440
68138
68881
41371
22833
43395
10221
86152
59821
93337
18234
93642
91596
20315
43785
77324
5533
14275
40296
39013
93830
72031
16911
93529
96192
41302
17538
64477
55487
13906
36900
99336
70744
3524
37894
3779
70551
98728
26807
30970
28099
94600
16143
65716
7536
37358
7103
65186
67729
58573
20282
35590
31216
92726
14504
87467
36599
63608
66452
86560
69903
60492
31768
99451
15736
82995
52051
51819
54404
70987
1280
96567
79246
81505
1858
91668
1472
84774
79282
20472
36386
22297
87174
73165
32312
92235
26246
48273
38770
81264
26385
57233
66169
15168
48168
76803
44547
14859
24873
40946
74862
85336
80185
3213
6754
52705
79391
81483
98250
62024
8903
19827
55808
45395
81937
86825
54613
53134
81566
8767
81587
39663
54733
37199
92781
65948
32705
34102
94921
84130
28680
56099
19876
79082
26192
57137
14243
76385
51916
90610
48217
4253
48043
98783
31972
21584
68282
11405
81984
10290
64037
98232
87879
66837
55313
46854
81224
83686
78719
80421
2390
42866
12105
88243
48913
45376
44198
9098
51858
15394
34220
30780
88469
98440
43527
41321
27449
54979
55623
44576
48549
87640
84795
76895
45544
78653
35292
7666
88561
27244
2891
80496
3994
34971
55832
78337
26516
77941
8073
33450
86383
40022
12650
86226
34190
31811
66611
68415
53964
97075
10851
93414
22366
32780
40357
29732
34819
49315
89553
91450
12347
37798
59538
51541
20661
20729
81101
90338
68422
97732
56576
30855
58060
65836
12373
62016
48209
40823
79988
51442
93907
83589
1555
63167
74983
83159
37262
24156
82318
84459
97948
25687
30579
37007
24735
22587
74689
45010
96953
29761
33535
53839
50430
92080
60753
41240
89234
23603
56928
84540
297
7564
78748
13610
75362
76294
30361
69627
66536
19356
25448
76044
64362
13202
7822
45629
87164
39547
76164
7154
36945
83480
86924
33052
79647
25693
51967
1917
58744
44853
66414
95845
24991
89884
47315
82138
70332
88555
34131
63239
40873
75150
56309
38070
89573
89516
31307
43671
66976
34049
39918
53705
55916
50189
64152
39596
26457
7393
33954
56794
44336
19069
60113
49588
49634
81710
43246
29078
92185
16180
65057
91559
27923
87374
90779
76153
83486
93215
68295
55837
34180
5917
93742
50742
37848
42506
511
90745
62852
48348
31890
65100
57101
28210
87990
83045
61880
6667
60784
39768
78353
40278
22747
10628
43999
35429
63483
62428
62435
79241
17541
98702
59846
37509
35335
30528
90890
68517
5023
73942
42571
84292
40363
4061
13693
77379
17260
56719
77741
72268
18803
20504
90562
36527
73685
35068
68057
60081
386
36001
58468
68609
64921
8135
70374
6162
24609
68880
92491
71385
84786
61823
94471
88065
69472
46870
10766
31172
51998
3241
8344
99263
96405
76250
99831
9879
64430
28194
17503
35811
53050
99365
76172
81797
77978
79746
79347
5595
31485
15570
8900
58806
53239
32670
93134
60295
48520
14837
48346
50248
1707
32607
884
64313
2324
52808
97528
39961
9684
55491
6201
47525
82310
78368
16445
26473
82715
83276
29660
67321
65393
29362
40681
60064
83680
88184
45953
48021
27943
25308
38551
5351
4261
84
43348
27469
7446
33326
40189
69819
85098
81419
3884
20956
78404
71326
19730
13042
97554
50324
7951
48903
31890
39032
30065
30987
37142
74046
3872
37101
56934
85255
96299
37789
4328
85239
82244
51922
37872
53918
87096
94824
19509
94345
37905
93663
77073
9890
34741
70708
45849
80565
61971
74741
29962
92663
50010
93303
46231
65204
99380
30805
42452
31244
73353
6947
8593
48262
47819
64314
38681
55632
28499
68570
60814
72119
85134
32278
18435
50873
54885
15147
78664
26969
733
51131
72634
3708
5416
21854
47992
33640
86896
19093
2934
13076
88111
8571
85426
43420
36725
92696
90992
96750
60524
59975
29045
46712
86995
75276
1089
56926
50331
85633
27432
57235
20246
14359
76271
58816
89213
55530
87452
13552
59510
35997
39508
72350
25419
2535
46453
81845
52893
48836
53439
55627
24325
30818
93499
89544
80640
26382
55085
26202
20855
11405
43877
2771
32162
97792
57744
36701
25900
14760
41968
16902
68371
17396
12160
86282
77230
21771
40674
86856
77768
86291
14581
73760
10608
20218
13352
67818
70033
27826
73951
82814
70397
88595
59504
27831
33802
87072
73587
94761
57647
75168
63885
39657
195
89329
34111
50977
76557
18135
81479
67429
69331
54239
29038
84463
32744
47103
16131
46753
74291
75895
15251
73419
73170
55164
58633
82768
92887
59895
27498
62995
5277
54183
40511
92027
29034
81541
32750
20628
81414
43970
86611
51333
42210
95770
53918
94911
71529
49226
55713
1029
80295
20007
13882
18254
74035
79086
61290
89008
80407
1938
24607
27622
8672
9195
70171
70290
52887
50406
44291
98984
54215
57907
63724
25143
44145
30625
8648
56005
61568
22988
59479
21583
39813
13515
54523
10744
17205
81353
51620
93155
66228
88611
11678
36248
79718
99949
42847
17856
77832
1815
6451
38200
74754
80918
21828
96214
45822
24878
5846
49250
63925
5102
8700
52479
16566
7619
22977
38676
38508
73473
50825
96407
55321
72052
88024
59481
34568
34429
85469
29712
16863
52180
58050
55971
24683
81917
88609
51786
85078
20626
1071
63058
39511
1725
79579
79503
54106
63625
50592
33408
95086
46138
99249
91325
2781
41239
2221
31759
86118
99382
89650
58006
56722
63122
14446
9751
20589
72868
86181
19548
95682
69045
56097
66260
50603
14623
64399
52070
2632
35499
74293
89996
5945
56025
64589
19615
16378
30216
28535
31462
42828
5465
7131
7733
14272
95898
91538
85060
56180
15771
17740
15537
98071
47697
91371
24267
70056
9316
16901
10355
99126
77340
60150
45082
43680
49435
51773
79681
61925
53375
20866
59204
41800
10850
63024
70521
26509
61511
5280
60826
6887
63232
77605
83105
8316
664
41843
34989
71987
55226
25996
97473
84213
63717
83296
13922
27749
54173
33669
36157
28556
78336
79569
27655
12138
28662
27779
27785
7245
51524
19464
60120
22135
19412
23721
75971
39168
72863
43270
57748
69754
70686
35755
188
95979
29555
48795
49182
17067
62784
64108
99262
12320
86711
21275
17839
16227
41241
6158
59863
38247
828
48845
58269
87052
30352
99565
48605
65229
18400
9281
87496
35688
10262
64324
94949
32981
40050
14308
25216
9343
71038
1849
1687
45666
45240
51862
26714
52374
99304
82050
70854
26683
4688
80740
69225
60138
8643
40984
72555
67065
77259
28151
52937
96750
40131
46965
29095
58969
4461
61429
89449
71696
18234
38569
84176
6937
88428
16908
84219
13478
10294
88679
92015
98503
5085
13686
80815
48632
97763
6057
25834
57780
73644
21870
59097
50746
5624
98018
6653
14949
59397
18326
83463
87706
81474
33540
45010
67476
66823
20360
41057
575
55508
89095
32761
12822
10683
15431
55867
69452
36435
58320
58833
65885
19431
7501
47844
30537
28104
23886
64839
44674
11253
24842
37518
401
9071
24150
66535
17430
85790
44712
34986
6778
42794
7691
15058
83109
63229
43656
7606
27066
63591
61559
38510
1726
94552
23775
22701
9125
86065
33073
92954
43137
89541
75826
87328
59507
30171
60654
80065
41017
64086
30435
38321
85090
38737
21102
70109
16144
25539
5762
63466
62221
27410
54013
26389
54826
38438
64544
30345
45980
23849
38948
6969
35055
25178
86748
83816
39637
51
7982
12967
15691
70866
19645
86861
18044
68625
84395
34833
67165
24569
79245
28257
35824
2571
54977
43770
32573
61826
41650
89613
26614
80205
38992
16530
39791
97148
53948
63804
15821
84954
74779
49051
68215
42755
29226
12759
47647
80380
57369
53028
20894
97304
60809
27128
76881
78596
43735
22689
18208
59205
67429
47483
88591
84991
44415
53866
2099
2047
7092
49701
43050
58220
31344
88174
20939
52764
23956
77058
64487
66492
39911
56260
98500
83517
90891
95637
65830
48513
91486
60501
88236
96847
42933
22083
69448
56522
65386
76366
69343
41500
47135
2094
45366
94643
70239
48980
7883
18870
45795
75084
26319
93366
12143
322
63112
53581
18296
31862
90512
71282
92932
50350
26591
95053
86270
38770
22037
14754
25647
97170
66467
68530
21474
86082
5199
6073
64981
97729
62414
64127
34566
75993
32257
38128
55234
11438
59626
5017
90773
42038
9172
20253
15169
91001
8315
38820
47381
2761
94727
72741
54941
55153
32709
71388
51127
8575
56752
96692
34628
88493
89487
54732
76486
97802
16218
69325
90782
54318
39453
58459
8997
29750
84468
52195
84239
59391
4544
69019
59132
86311
90691
75552
68317
15216
25659
80708
45942
74173
31517
54397
12450
50863
82951
40245
74611
47353
30826
21535
50817
54344
10196
97363
41993
56602
26927
54982
30458
55280
72022
50850
96567
89993
5633
7578
71254
88929
2703
26478
27882
99740
14698
287
76205
16113
79590
81215
24502
30479
69931
90845
33287
94970
22328
77276
91183
18928
56844
1050
41302
26803
65525
34572
98835
82587
23946
67569
94319
87643
7893
40232
92180
24669
21797
11963
24544
91365
23495
17618
75928
77358
66298
52217
43706
5011
74470
19485
84679
90904
78773
53987
39336
85160
35503
76323
63584
58247
44252
41511
96561
27320
66518
7065
41877
65164
2258
97089
78369
96661
25674
57969
25275
21511
13123
57796
54769
54124
76834
95716
2268
62623
74017
85644
34928
24595
33621
1127
14882
6447
48131
28612
11635
1716
31960
61192
52942
9786
55056
42947
41772
75603
86757
74741
78456
56568
97336
25313
7275
17734
56875
54985
55184
69962
24271
8813
45749
27765
12520
48879
70464
17956
86264
42959
43242
6587
14725
68237
92359
67019
83584
2254
96550
60281
98177
69403
81922
35471
28955
98382
95437
92170
39780
84330
88663
54108
89356
75820
69960
54734
78789
65340
3394
81164
14315
43665
11240
20942
33349
76526
62864
48371
68597
58690
81593
63256
17788
97680
78390
24591
51233
14860
13672
92022
17131
10956
43643
31653
91192
8477
92541
84668
4390
1314
99205
10947
26980
38851
90619
91579
98145
87437
8813
39875
20718
57571
62562
43209
55002
8760
75217
64533
18091
59766
3974
83599
53520
27127
54732
49759
11430
50031
39872
4221
16994
93877
58011
23784
18285
47999
34157
29304
24240
72589
8017
85010
5823
62276
85407
61636
94370
29989
10019
50436
471
78851
58334
7154
72723
49198
60871
64813
56398
53615
69954
73964
98547
20986
89014
45885
73342
65923
86078
42563
58075
42723
9069
36918
62202
69929
5629
1407
29604
65448
19121
20639
94326
13865
97409
9213
86534
53985
20996
20138
65810
65301
93996
43281
4836
34071
26978
23590
6223
84997
36492
65789
80155
32266
81613
25326
59232
94089
50130
96179
30028
46289
33597
76656
63714
81031
28732
24298
43099
12442
54253
8159
41123
33204
73462
32694
40231
69138
51428
54386
10914
59678
98743
51631
52686
39669
44170
71552
53636
83041
72024
53420
9241
13825
66422
59886
63115
36496
2418
72904
2258
89540
91170
59103
84317
42977
94612
62628
79670
55345
10453
46402
23214
67819
54684
29629
18698
30419
44329
26640
35959
72417
36234
75798
43973
3650
5033
52972
92686
42531
11846
47189
83532
86329
45199
41557
54344
76938
7466
56373
15862
38541
39862
40458
66736
56802
63809
22296
54155
90097
84040
75001
44874
82565
16483
91184
74761
87769
38983
51454
51698
97476
1211
20386
13409
11801
57030
45840
55971
81093
87018
58450
19109
80447
56682
80403
68862
10255
37644
16996
3
45908
24046
59348
70186
71783
80433
7585
67476
8384
52930
44477
91006
51290
26876
71641
61569
34187
98714
11704
37205
39622
27059
92041
96989
85038
25555
75335
27417
98159
28373
20503
48733
62394
96312
7050
79792
73807
63438
26643
3516
79173
52024
84470
8240
47097
76545
67127
37222
33345
95618
6502
64524
89699
14562
7068
15962
21447
65704
81729
67472
77431
68566
29570
32085
89824
70266
89973
40312
98139
8948
95230
83218
86844
45720
31497
47826
43557
49219
44135
4219
74505
62855
24651
19001
32158
78291
31895
77013
38790
60212
52921
7153
73736
4165
68220
37616
948
62377
41393
27858
56113
56024
83292
5637
53750
6065
12490
13811
30961
10214
43242
69639
59303
89829
59928
40274
67750
30698
36085
25661
14737
91328
22139
45067
46838
56825
65063
65254
91885
85995
37499
86638
60647
87802
12170
99348
80871
81628
92842
45117
17011
50446
69757
52842
61041
50505
96949
80923
33809
46759
46847
48970
71148
53513
61940
1972
4522
6637
20682
54762
50334
94200
73724
68247
81959
7355
80102
64971
42820
37239
71508
84481
97732
75901
30742
42237
76726
1943
96596
53406
73936
80601
46935
64830
58373
62268
62052
91731
30383
2427
17742
71753
83827
60299
76535
71384
69402
91802
1937
71567
63939
2197
39778
66518
5700
89957
17691
40314
51074
10844
71908
85534
55855
82371
6491
56915
79574
76279
92540
3734
6498
50130
15963
44596
95816
70259
33127
26963
90667
33774
17123
44794
65981
97580
75357
29929
67750
59754
47354
34954
4253
48770
14248
26671
62673
65002
28102
41314
33164
85804
74801
56850
24013
89448
47906
59234
56269
20877
64286
51335
33299
94791
43090
74498
59840
51511
98426
1452
62435
5024
84612
97526
51206
99222
38656
4845
77557
57802
82797
60838
75531
99729
14136
15732
60291
20546
1115
70970
11202
20772
75623
1573
44572
9298
50074
36580
59436
61450
97799
95280
10056
52060
96639
55820
1240
96576
62437
34743
20920
67667
51530
80014
95543
71306
13793
38999
26682
23678
90956
82417
95008
16068
38699
38017
91852
25360
46288
97733
45791
65268
82448
16059
97277
44675
41053
16511
13247
27437
62991
68
85091
88311
63822
58535
625
92217
50015
98582
46032
58171
43010
42661
20045
20731
78996
42698
43863
28929
73641
75615
1370
98033
67891
19377
46467
45190
26724
12648
14908
95574
29581
94872
84656
7944
52515
67140
48746
35688
24900
82202
22616
57151
39752
44202
27123
75130
87103
73264
35420
22601
5450
1118
59533
19734
77521
19746
47908
99444
6510
18826
2592
29476
62155
52728
72389
94557
88786
28802
8124
6767
73485
68113
3230
5464
5723
32130
88347
74941
73382
38543
38865
23586
38828
9433
20091
84450
2420
43234
99995
38605
58637
24156
93601
92494
30630
85893
35234
99180
40176
42064
25264
62982
59511
57256
80557
25399
5656
85592
67863
72049
82945
33505
6773
66815
49834
94929
50916
68826
42902
76306
23580
60704
277
52055
32519
59791
12452
23881
52598
47236
48669
27848
14298
95816
83776
28965
55982
19470
68836
31539
12909
56280
79248
60499
78141
12843
33327
56533
81971
74268
10490
21699
97761
89946
46028
76163
8124
89346
90013
12813
64452
46842
54596
49922
19923
29369
85851
43234
48736
25056
91700
73217
33197
39275
56495
41466
63224
1168
74568
82105
51860
80628
75652
53273
53231
88459
18020
35052
67846
64365
88864
46184
73825
87758
54670
80576
29019
46081
65706
96977
47894
28240
11476
20910
47313
478
45325
16215
14085
76506
45078
11437
8367
68973
29251
94598
76435
77325
41595
89880
57468
86901
75196
88843
42714
54946
32522
2561
86198
69818
10060
30009
38886
40013
75462
11985
29870
26312
1424
39663
35344
62192
88603
57409
13337
53249
89743
53390
30385
60766
34190
57788
77094
46106
94654
26679
88355
35645
62207
64112
33362
96776
60120
63212
11460
33907
19295
55490
27395
70964
60910
39945
46704
86425
26055
90900
15562
21020
63332
37105
36823
27256
38728
59850
78865
41446
83683
7795
34546
88063
47741
655
49899
65970
50683
24439
48713
40382
11972
94662
9939
7762
59778
65758
98240
89726
63671
76459
68511
66400
28450
43023
62938
66497
6060
12007
77160
30940
66934
92536
38963
24396
97175
54995
14460
24810
95015
36867
13808
75900
62667
90633
1084
54529
41048
65680
30112
80224
22104
35477
71486
15197
83591
63185
23021
55643
45313
88384
27427
13492
50717
50805
20428
69450
45838
27343
27760
82768
51857
11305
1586
19362
73317
56466
26313
31291
70336
21205
46412
9982
92499
87122
19206
2160
16353
97865
70045
64114
16251
59328
94432
38525
64802
89508
3337
1623
11121
12898
6222
56804
867
63663
61151
34468
89429
44275
95278
21491
64408
40543
85975
45186
13900
80137
14031
46450
48519
59808
62687
96445
85535
707
4593
14812
19220
61241
60078
8492
43455
75922
50316
71581
58003
52819
46835
11364
43686
65228
65024
93971
50901
50021
89379
79092
58929
4546
69722
97449
95428
47411
51993
20087
45169
82505
74127
17952
60370
8701
74471
48790
65628
16196
47467
79404
28400
56409
86809
43011
88794
92331
16238
26738
70281
50997
51686
88631
2149
18342
51051
84252
78008
19137
94281
73518
72686
59262
26604
35867
77768
23637
20947
26696
36629
54692
94644
49045
20629
33936
32640
45292
42175
69274
631
39002
79858
83254
71981
10654
91799
12341
47007
89199
77210
5483
56476
55411
6546
41922
49396
78070
11257
95965
32027
28427
21971
35820
40525
20939
18912
43599
57308
70050
4552
77490
57098
46536
34578
38050
45612
9297
48727
46920
48178
10472
96849
49653
40571
40987
15209
38155
4790
46552
27637
42929
62654
28406
29899
7831
74551
37669
15625
3151
52321
86166
39381
94021
51585
15246
31994
79693
49302
72303
93217
69232
96442
90194
46886
54973
86802
54139
54821
7066
14739
39761
25569
51015
7139
40572
89471
46685
24284
95646
76669
72735
61449
52717
39062
23408
40029
56422
82927
44354
833
7036
54947
57786
73792
15348
87043
83183
83163
33258
74598
74415
65969
65944
96460
61681
23687
61119
55172
98292
54708
68271
84016
3093
13063
17794
67221
90122
59203
19673
21387
52475
94121
88705
51569
90979
93235
27642
99768
72348
82484
51640
36931
62344
43725
3192
29247
59893
13602
643
67068
87306
66741
90948
65442
12264
33226
96411
71313
31412
8480
3346
53594
43591
56551
59794
93864
22753
2718
76402
47316
60920
95329
2295
17586
92055
39187
32103
19067
22532
46093
82893
98163
71535
8423
29145
20505
12230
95553
19847
30588
50925
82237
15147
85947
95968
97182
41620
19992
73303
62047
89986
70244
37451
59969
17831
93941
16628
74293
93440
95739
28644
78602
26464
43861
88152
72283
4917
24987
45086
99245
6065
12854
3354
48291
61071
71103
86398
59450
57729
18834
61430
83777
60782
66815
76854
15871
86300
58874
94742
76593
39561
16809
47891
87363
25873
80159
91822
97542
78840
6037
24466
32469
65604
54017
77436
83949
49380
70891
71607
65031
28047
12247
42612
33489
21177
65732
49567
15105
84458
12661
47685
20001
54590
96690
37753
76330
3035
50721
92309
22980
29403
66454
19085
58611
28637
13763
42584
62915
71441
74506
76664
78273
19078
1754
40973
14812
5140
46459
99165
96128
32220
70843
36456
4443
96069
24659
75617
56783
54520
25842
45967
37069
74500
94718
66462
87854
87685
77175
32239
51211
45903
35036
31460
1016
29124
66762
51947
1929
13931
13585
43881
16531
74234
6130
99777
82253
9914
50765
99923
88329
67075
19698
83433
3915
51871
71344
72515
82671
38362
23722
86388
97392
44736
9889
67740
89222
44471
73383
35082
76129
24055
54843
25953
0
97949
76583
23445
93367
29027
88717
34288
26644
39207
88616
17961
63182
49324
72115
27477
5074
186
90496
1120
67716
49451
52356
71678
7433
26589
35002
37245
77124
39949
19164
34189
88912
40141
912
27597
95516
23081
98014
3104
22653
69233
46049
33852
77396
46766
75465
43638
82642
21413
43111
65305
61479
74135
18851
91192
96750
2147
30217
8669
18040
40122
72758
80815
60420
33959
3854
77336
63623
82792
57921
19029
65221
88735
69756
31817
6911
16559
96273
54279
75493
44068
75884
20388
13085
64736
21881
39467
87095
43185
2859
35291
16699
14822
32367
41151
3501
83698
89699
82536
80985
58143
1673
92884
50521
786
12371
15925
96515
66527
15913
61559
95544
47794
60724
92093
66492
95806
2371
8843
90421
83593
69499
43908
64324
65196
42426
76073
11771
74140
44508
35799
22320
81693
33479
96899
58709
82140
48437
98049
45166
3007
51151
47263
82994
74393
71776
48499
66919
36192
95078
85441
96789
64890
72165
92025
77222
79837
16415
22625
13868
91992
51878
73513
13496
98581
43075
92810
15697
34648
88647
41938
48184
66356
8189
75813
25226
69007
44260
70562
81058
19066
1102
69969
62119
98416
72024
5133
89445
2929
81426
67060
54587
89729
99535
77934
14616
932
8095
32709
63566
69638
10866
78186
84226
19258
31232
33037
28454
42303
65070
57875
29396
18062
52561
79764
38439
31772
97429
90978
65042
58037
97264
39091
32615
67930
60841
89658
43116
99479
99788
11673
19593
51275
6591
76194
71964
31637
57201
8608
24973
31062
80797
16920
64002
27154
8905
87183
37018
82443
35485
52694
20933
16487
89073
50229
27123
44272
92642
277
23458
16238
51350
32429
96178
95058
34990
23717
45250
89608
92965
33677
50988
74689
51534
72269
19580
54327
60198
34496
55069
63495
72579
55481
59124
40849
62184
16662
7665
77300
7979
58452
1088
24887
52056
52320
49218
23937
55591
75830
75949
43106
92843
31268
87213
22471
7047
73157
41020
74389
86806
93797
43283
57096
74295
38296
95755
11126
93023
36979
28636
81318
54994
89692
71236
55314
44584
91544
64411
11629
24198
10364
12848
20115
62758
44800
97715
99910
48575
85365
99767
67909
67864
5110
71559
41366
79805
35526
43457
62627
19585
67
13101
59750
68380
52494
37880
85519
49521
44486
39748
95870
69008
90907
93807
47179
66852
39763
68479
93215
4599
40551
8409
66165
91525
90058
56915
26284
23126
19955
94178
5227
49280
29299
38656
492
93808
59423
17062
23352
70630
30214
33755
44730
78250
33750
68046
98762
69602
30180
81717
68300
30937
68761
85448
31826
84382
40424
73848
63684
10783
23604
20951
60224
73666
11793
18411
76263
88841
19821
58692
21844
77210
70262
62226
63564
35765
45701
50321
36634
12008
42161
10699
70160
64813
61495
34542
57053
13652
68815
87280
68955
25134
17936
19233
53048
17721
29712
44984
88989
43960
9880
14861
63747
9459
41086
1145
85920
67608
31508
30272
81675
36256
70121
64199
46619
91336
15770
23100
34276
30199
77792
72978
97791
77260
10576
33365
69587
30494
78387
36298
97917
78566
54407
38558
53743
31
42018
14357
85434
51069
9616
87170
22756
64185
4186
95947
68291
67603
32057
14134
57265
38034
7264
46323
7643
59752
19626
70251
28214
49178
7657
94884
50803
23691
55297
3448
72795
99417
25852
11472
92877
1834
35084
44621
79909
11995
36476
68101
74292
95427
20635
72952
52663
72308
73070
65550
16249
40067
24984
12589
599
70184
41068
15214
91617
46670
51135
73011
84770
82551
26298
970
70576
31314
7198
82365
73514
74830
75022
47799
1660
66235
3521
65912
82563
66188
51705
79929
9053
31230
97898
57771
42857
39729
37341
88734
46629
11143
15408
61577
61071
37161
24252
21273
83107
20335
69040
669
25168
79166
34256
17519
38891
33270
64759
6654
97597
11372
41213
74539
85527
83259
29068
36721
41893
68953
11493
31628
94782
63037
41374
56696
70718
72352
79548
65421
43655
76369
84160
79552
20736
90695
66950
13534
27094
28311
22908
91842
75791
99516
62954
44940
49463
49128
50929
24785
50814
79852
32527
86236
31775
97226
70810
16724
92108
14495
49007
30083
19951
66961
67099
902
35105
18355
18702
8681
86632
6095
58657
31291
70185
85556
94157
50513
68905
65687
97762
19227
97103
63383
69092
94180
20368
16925
83959
17635
74109
87287
87060
637
65392
45564
33935
99225
49689
36846
72721
96112
10705
32156
40671
25600
97643
3821
32680
40725
75578
91227
57975
28692
90158
1474
6037
27766
51621
44230
32814
5943
29288
35509
71966
54188
31151
4055
45315
20658
24480
53424
45722
56319
95656
79652
12753
37099
53699
29467
19263
58721
91876
97129
49132
56915
60426
88604
8430
19585
40403
58821
92577
55650
64535
80336
77413
70565
30644
15109
19602
3898
47644
76707
81203
80882
72976
7739
33424
57299
56580
27032
36806
75446
22473
76967
12750
8148
56686
97603
79266
4947
56643
26721
8936
76236
84595
45615
26752
76767
94863
72122
49158
28785
35545
35020
77673
34230
72
50254
97898
78640
56360
81771
51123
6524
31018
24279
79262
55910
11568
63888
39290
29319
46729
33271
31296
67524
61049
341
20731
1030
85566
99058
66934
83547
84148
80721
10068
25641
53935
16438
47977
31447
41807
89839
20272
18425
32869
97804
10228
15574
14070
70682
2835
55665
64265
36907
86925
1571
16562
3473
20703
28532
6918
51251
34268
94337
20953
17763
6016
68594
77445
38359
73461
27163
45304
79939
96571
60564
86817
11919
78645
12699
94018
33618
88786
4588
48410
88376
12233
40868
75576
76523
61451
42553
67265
12986
80343
97062
55829
77662
11878
84530
76281
76194
16769
49019
24512
26691
18300
5940
67919
63157
85150
47331
62228
94708
18196
15820
55791
37998
32029
46070
77580
85889
23059
55675
71916
26321
27548
5993
56770
20780
8958
93879
53330
89471
19417
64907
71138
18808
32791
92972
54805
94988
18746
36907
37954
81694
14599
7578
22165
33609
92219
23432
40064
7773
99492
80129
23985
64348
89203
27598
19878
42032
38434
26723
25577
72642
4544
8814
22442
15139
76974
87444
89817
93094
43446
88643
56255
29521
7306
76866
37540
66696
19617
8842
13422
28789
15171
33050
86916
8226
50849
10141
94398
31429
94082
41374
50957
63253
96965
19581
4120
23035
6246
56995
93950
94584
77857
25686
26719
10618
13520
26192
38530
62860
34476
97003
1728
62936
23384
54329
54562
3953
63533
41450
45039
37815
17327
46417
94833
64311
61248
36557
56447
74020
79726
79209
2413
70774
12874
6357
79350
80784
41073
69545
91501
81260
43847
87266
90383
50816
80202
49147
35218
44520
11111
49755
74769
74350
46752
45198
27983
97606
76084
7782
7415
65324
31314
19222
13654
9222
71411
18834
58472
11937
21436
74479
11760
58405
65237
40192
43090
87775
96640
77610
99280
1876
48335
87457
83724
28705
72330
67697
72763
69138
55750
43050
8187
50951
23963
83091
75715
89197
79991
813
72038
54701
19473
64501
67916
33614
8757
26825
37912
57198
72260
59825
41316
68457
44400
61564
67578
41078
93289
9742
44436
40903
88334
70277
69820
10682
80952
75435
71062
68644
77625
25421
15831
25570
15796
25348
80338
71545
97639
26545
6532
32312
31040
46293
93688
22451
21515
93630
55585
2021
83732
87448
1018
47751
49143
81078
48375
29107
48529
50956
70046
25886
4164
25692
70165
83615
76007
87353
51451
40039
96598
1156
53085
51561
2060
605
10646
12621
30462
18541
65838
81691
19067
1444
77067
30864
21538
33295
40694
72440
79875
6729
50893
3191
82888
10291
9989
48226
27204
82409
13959
95841
3147
26415
90059
56208
35276
95486
23576
18557
66985
56183
47095
16134
89724
3537
37562
63892
75269
65449
40467
89361
94387
74344
16336
66566
20967
50937
743
2547
17436
16054
82081
78522
22680
34137
37402
56791
46917
5334
7975
62041
17118
22332
46282
48373
42879
2609
45286
47234
29087
37798
68256
65876
24650
99644
5974
23994
32508
21082
83499
20063
15589
4479
26359
79159
23982
35993
10864
61777
34726
15516
37509
80711
81974
48699
20237
28613
96413
78967
75267
75273
33705
30018
79586
5886
55663
40164
17582
50825
73185
48089
3833
19946
1597
73311
80152
73569
94906
34379
42831
37922
45743
68112
53648
24797
62172
11260
60742
64342
78372
179
69473
98106
90350
5052
61737
8145
4062
39267