69254
81264
79473
49963
27264
12436
37946
70474
39479
68595
88574
31529
49582
44494
6096
65233
10816
35114
35716
64186
65252
98369
56362
40909
41251
3641
50735
98128
11767
28939
32994
79115
94800
64405
75382
74978
68040
29479
68626
21022
39393
71228
68710
65707
3277
39142
90817
95275
6248
2029
24918
53432
90574
16689
70862
82672
55920
85056
16791
68296
75109
96321
21914
56619
20093
20347
150
62815
63690
8909
95117
80778
99135
64085
31282
4902
4342
56759
35226
59529
87815
10803
43580
5407
14011
1370
19649
67358
92213
14256
10369
91921
37775
2358
63
27947
22960
254
44313
81469
6783
34080
61279
16740
73420
69698
40425
63311
23073
17420
93422
36438
91752
57442
13095
59480
97502
4148
37292
58124
97650
86565
56774
73421
31300
57467
37291
47723
7182
20271
17702
53428
46518
84874
16067
40392
56295
28672
12137
34472
95442
43231
5149
36021
28139
68831
63597
62269
24359
88762
25949
81673
5674
78436
36023
47664
92078
12039
56818
65105
62998
4358
19987
78197
14367
52009
42857
84336
44215
30293
99940
94196
77526
77528
56704
15500
92895
96017
67141
71337
29239
91270
58483
47478
48564
88100
35642
89549
65284
9045
30513
90772
98478
9564
86901
25219
20198
48399
92861
72575
99941
93268
87289
27455
59682
83684
34480
55134
55768
18309
89478
85523
97182
79521
39383
58027
61026
12250
20483
50217
46988
6889
81421
46547
19331
55204
63207
48779
47347
7380
99477
98674
31811
35509
28942
51320
60072
22857
62676
34154
84649
22034
9210
64
84795
60391
92208
41231
94230
64356
96532
4151
98458
77064
21655
70331
60251
61818
87099
56059
7122
416
60402
88203
23439
36663
22997
23986
57479
93170
38076
27596
2391
95658
64784
63889
98099
54402
30527
74926
36803
44291
98673
64427
21118
92320
95848
953
76555
13944
59772
23432
4608
35834
37136
90470
67554
15846
80289
46587
56815
48136
59836
85412
53914
75327
93463
70680
77302
11278
61802
64113
19740
47306
28861
62900
41377
6621
87437
50670
62258
59343
12078
39249
91527
96799
87182
51123
94195
97605
81666
81466
13658
96259
43117
14540
41456
9124
33959
80113
21945
35968
12474
16288
28327
54829
30963
47994
25739
83134
53878
86575
96841
95184
57928
12925
26533
77036
59969
3239
56150
2721
25731
62285
39257
82580
35805
59091
46422
70766
20902
86728
79706
41912
54657
88590
50277
73022
57259
81719
74111
88798
72934
69180
540
8349
36874
19990
61998
11997
36242
3493
40881
77930
84137
18732
8149
49524
36344
8460
98907
48235
70932
38884
35525
89267
75474
56240
11563
39032
79749
7309
92678
20558
19678
41581
65305
81165
36443
82769
45631
76098
24195
38864
26011
57394
45549
71513
47350
29875
10311
73768
96478
643
48588
17456
37722
55301
54599
22049
45053
76588
58446
83505
45148
99812
4854
46523
21674
47855
98582
80692
21881
80812
161
40492
73394
4277
16217
11268
36961
82958
40073
43077
37064
76872
92080
57542
29090
28467
44782
11742
57340
33997
24250
41147
55141
24703
8455
11183
75383
70529
99047
982
66523
52330
1404
85756
76548
62283
88510
75760
60119
23238
78369
69802
91888
65294
50224
4849
88219
41998
82620
17327
39385
38120
14570
6603
56800
71708
12604
66981
62683
27569
4439
42863
97074
59493
63612
13503
52128
50178
68777
35795
6753
98010
41666
48130
10897
78240
22778
21573
40800
84686
86624
73983
48938
15079
70051
89301
46080
28706
63858
59811
67679
73827
17519
22045
24881
8887
57869
6724
93889
14411
61861
22901
71820
4236
73081
59097
52330
76523
35783
7542
67285
96820
9469
5469
54937
50094
63557
2712
3615
10683
43434
20997
44073
84439
35740
72236
33760
3221
63232
22554
36390
15675
32308
26757
94161
93669
33106
67963
20177
12373
94019
8578
54077
51640
18395
32370
86228
94064
4301
55669
28922
52947
15562
7509
90452
13180
20658
89159
25999
32908
40944
48574
70939
73028
66248
22487
31529
72567
88251
46524
10091
50802
6628
47145
28265
2114
84311
84609
891
74581
81836
78002
56050
76861
6290
87390
97503
47835
32398
4546
7708
43279
5192
76984
96890
44896
86540
7126
66580
66200
22305
19033
91223
87115
81934
79973
4592
57468
17423
75509
16021
83673
65122
31332
45635
24452
59163
49311
13206
12805
19413
44285
33105
62032
39689
58972
73950
66795
97155
1060
52465
80941
46880
83888
808
16476
15294
69443
7228
94393
11567
75253
93587
93262
52269
23949
63642
17754
51433
53282
10515
88150
49125
40772
91449
6294
60605
99854
19608
5604
91045
82011
32352
43597
77228
59479
69055
4945
53074
7376
3867
39301
19564
15190
3894
49060
59860
82251
47674
34942
87115
15302
78996
81571
58539
84328
18658
89034
24307
33456
94142
25380
49500
51510
1173
51347
16281
12869
38348
42560
37266
87362
5285
56212
73889
19337
57645
60973
37508
53055
88823
46203
2197
20023
21027
74995
11757
41485
66312
47329
10354
64526
98859
74812
88378
7320
7861
21007
46372
18309
91004
90160
9319
78496
89421
66240
17593
74897
71843
87679
82822
66898
28057
18290
7530
93206
78863
21521
88053
51142
50269
14102
16419
30817
48743
95011
34339
77936
6119
50691
79775
10717
66990
99419
69189
65914
28346
66239
56719
59234
89971
55479
67546
41772
12159
60840
73927
15778
95719
81458
44005
47579
12301
20344
74553
72612
77166
7854
86021
43410
4069
7237
9534
4130
32222
92063
84098
84294
17600
86096
68312
86201
99499
2495
63685
67748
36591
78287
37923
9571
40446
74132
42059
75053
44605
66031
67986
41648
74218
1756
44235
45331
90895
32468
41522
35772
58695
4914
28671
82358
17482
17998
8998
13554
37393
43202
50173
45727
5070
54089
29253
25108
53277
5845
61054
99186
51116
1266
91483
69715
1443
45890
5078
67309
99132
92704
39969
98922
50284
95800
78299
21703
9239
30528
88054
2045
4112
70847
35278
68033
97772
41766
13128
64576
46464
35544
93165
99649
12142
34461
64470
80089
99439
46649
13424
96293
37631
13594
18262
35402
21203
24439
16123
53955
76192
6436
11599
47334
94586
33273
50323
75356
14884
54981
72431
48169
6612
70394
23882
1264
78312
90115
71063
18645
61566
91577
81170
72010
91512
94561
40294
15065
84643
43291
31257
36130
77362
45059
78117
54134
45252
40305
79019
63093
15068
46057
62895
33436
98984
55472
6488
9083
63091
38848
74515
18658
31723
5997
71817
42929
35927
17510
24118
91218
95498
84290
10703
63025
7027
81605
41025
97988
41694
84549
70634
69785
48269
95158
89263
93496
1409
82856
17282
73095
98363
12268
36344
79444
60141
8924
69132
22476
24359
39383
15869
75059
69449
2074
30608
47018
70809
62270
67742
60683
12577
22607
19439
85745
61003
73001
92894
78039
96986
65669
65927
96489
48584
88838
17476
4488
59334
20036
39481
26271
83084
57495
13903
71170
33439
97693
61736
18003
52934
72831
31181
94755
70802
2394
12427
28299
4642
58383
38194
13187
31439
70962
23594
64017
77521
52491
38077
9301
77126
411
24597
3249
80907
25340
61275
93193
68079
87997
49256
15888
27360
70935
65792
94430
98283
92813
95546
56069
58437
53758
41653
76876
50691
18905
90927
75420
36924
60167
21533
14861
53174
57049
45737
1426
90671
52351
37170
90726
49880
61071
62370
34154
98404
18492
31790
79841
41289
37743
38295
39540
1148
41712
6460
54098
59958
62099
104
45654
35985
645
23639
94708
51802
87633
11473
29212
9173
29987
1125
43744
64125
10457
57803
93451
43285
96208
44507
88415
5236
6663
79982
59282
85964
53550
18012
21159
25376
21697
63744
91207
76232
33248
85902
83958
67357
80772
28698
12184
17705
56532
75282
58753
82207
84431
95197
59816
25900
5515
77755
44940
48385
47872
54953
52783
4799
58987
34826
66233
40634
20946
66971
70030
44984
95992
20949
27803
79223
80370
91425
26124
30523
73643
21325
78699
98119
98293
75657
43735
84758
64202
99870
43877
87781
79689
75717
73516
29024
84560
20387
4394
99171
62660
71143
15101
96050
79384
14544
47541
91272
47770
83191
75759
60099
92650
92047
18329
92226
42053
57898
56850
83909
5276
86911
44390
92537
77920
98925
43922
52602
76856
56213
62567
63270
26947
47947
20653
81105
25626
31181
93640
39457
80550
48827
65553
70926
63227
93785
85603
85516
11826
23193
21344
56551
33315
28285
32183
42714
49888
716
53882
64696
3743
76728
58159
36160
78898
95171
67861
83626
75407
23809
7256
23730
61365
39039
1228
18711
91917
47472
88440
24271
79172
17115
91144
28709
53761
64288
32746
70628
952
89067
75587
73566
43590
68706
67624
23814
65935
57060
86741
14411
59780
53748
60459
61628
9959
45105
19717
59046
78753
97873
46316
19376
88568
20224
48473
53782
6331
59059
70211
55473
86621
15666
28510
27919
66707
36827
69064
5118
82545
64532
1095
25941
99202
52731
65071
14647
43430
96344
77379
72218
22080
73700
68020
81120
2478
83475
94145
41262
89002
92596
13407
58485
12618
94801
97444
38369
35677
95014
98392
88108
12579
34928
25417
20756
1622
70692
2574
93104
60343
36188
79062
41521
86690
50298
82076
97150
44738
7702
22503
3054
35071
38634
75099
51183
72730
6218
21586
29890
77991
19925
98797
44697
30594
8478
32706
3640
41773
54310
87220
79272
3790
65164
89763
20397
29744
17987
38939
33583
88681
18057
54473
72493
68440
19329
15172
32901
19536
43807
48252
28714
27329
9747
3387
5468
91502
10863
1108
18490
86097
74534
94855
4426
992
97734
22473
92467
26760
46591
95296
46022
97211
7104
81459
68148
10260
30266
73263
64322
36732
72537
59724
76751
5574
45850
716
45330
24835
27352
88558
91382
18984
71304
21221
18117
4763
79381
75017
27294
10556
18643
86757
69051
24475
71936
58883
90673
95711
76176
50560
59190
48743
80526
57348
86517
67254
5569
50802
20845
58071
41574
92735
72539
32808
53979
9953
26744
11080
21815
35645
64031
76080
58706
76862
23375
82059
67764
42841
45032
29704
71860
73333
67626
71055
36583
99216
25467
871
88662
75822
42961
21985
98405
88941
67336
26643
20197
52679
21605
47957
68456
65206
70874
75313
58869
82353
26444
16200
20602
88899
29924
67712
73854
49761
70262
28080
44861
28789
52962
20710
77606
67140
10328
23298
94772
44961
24622
55289
94079
88070
35113
96560
11617
53949
96879
65349
53478
92205
36163
91543
84663
3076
6197
79348
79382
45155
87539
97105
29819
12882
27695
69435
95280
54057
47765
52552
18834
91712
16332
39592
31806
94716
7160
98283
63905
82022
14396
8164
10965
49732
35674
10294
20352
32404
67076
69450
75583
71914
64566
75379
24838
71402
8344
32176
67706
27921
68649
86389
34932
74440
37798
92080
91392
45550
78166
42257
48555
50115
28499
29165
66147
5887
90751
9940
11913
21872
51863
90672
90819
22001
31464
80185
5266
33200
43782
16045
42330
77136
27576
45497
57234
86768
82196
77129
84556
89599
31114
9466
33519
94083
32576
77182
98747
39131
61684
56158
20596
63752
118
44367
14644
94508
46852
12484
90272
37685
61431
27940
183
32917
78445
70259
81938
28553
63412
69195
76348
16059
66957
48852
56990
47859
74031
8334
50347
19447
2231
71055
1062
82388
94860
91691
17048
6936
27451
28226
14794
20586
2080
47819
93898
67265
37265
26438
88677
97086
44214
58056
76408
67576
18533
86941
51564
35220
70913
51340
14448
19520
5464
74565
21792
12913
49325
89239
90089
65832
49043
52257
1723
105
81664
84925
3500
40154
5818
14406
96936
6887
13021
91791
31208
54612
61267
90506
82329
10791
83759
92334
9448
81719
17386
59666
55294
87610
19510
86913
8478
97153
6127
52839
24730
3118
58700
40365
47383
69009
50069
73398
71297
33272
6837
73656
75560
96148
74555
46803
60628
47206
44489
74128
86431
47053
8749
69246
38137
68215
45818
72075
48626
76341
31244
97081
59296
11619
49103
12965
49425
75488
6977
77169
42274
48754
36030
40223
14597
4532
92914
154
97550
34912
97972
31952
44636
24798
79662
41082
23886
13669
65468
22406
676
86058
5967
98139
83663
42701
18904
22356
80506
82388
99560
81703
78325
68738
2613
93582
33293
94338
47645
84213
27964
62907
5097
19003
9834
20462
14700
13767
25904
46152
59074
13361
26400
64240
33316
42671
25776
31961
98973
95010
44463
43120
7077
18769
79567
84040
85021
64989
4821
26400
60274
91650
24086
74118
35682
24703
70684
91080
4413
84793
45316
78886
61545
11606
46250
50002
20885
57740
50136
13580
95867
68261
19192
23150
82284
62913
80347
78955
3986
99018
83940
24416
32363
45916
38303
5661
20251
1513
89450
1248
65315
95586
99223
50576
72669
89435
160
13823
79603
77152
20442
22985
1511
59525
73980
44041
11417
87590
32427
29434
92468
89321
81332
32740
85520
52127
43583
17603
74153
22000
87388
9503
51441
86230
88393
18355
5653
47885
94882
83514
10704
79683
39213
22719
1193
80346
87122
5628
5021
90494
83678
72393
79393
95130
66292
22457
69857
88480
41704
72494
28492
56493
45888
35686
12723
53804
68161
29403
43247
71744
59799
9162
34265
66109
14079
23530
25716
89498
56475
94357
53882
12749
54768
23726
15987
24768
1919
47706
23489
48466
14588
71640
64370
75475
67789
1562
36071
25786
70773
87271
60771
96383
45396
98493
28216
7889
664
64333
62144
26352
8450
60407
38271
82824
23763
73781
70690
57704
63084
28695
3177
12159
76309
83056
41447
90555
22872
80146
66477
60063
77236
82225
99875
4213
75750
85509
75807
59773
50598
55188
99231
55868
37854
93440
25486
97015
80036
39847
31599
84653
29268
46241
67127
27680
30208
41511
6604
28599
21454
23150
88083
93971
7057
27489
87263
99961
87043
29990
36649
14173
6702
41884
30542
40577
57520
21276
69540
93541
14867
2980
27264
98083
66439
55180
63734
14494
84108
1209
39117
55841
40574
23772
37396
23717
23303
77527
96019
13538
16623
87150
18650
27122
19258
57348
90650
59877
60801
88817
2323
74340
35810
82528
65943
70332
29086
83443
56710
93816
35738
76387
35780
85061
61814
65297
32710
35932
97387
76017
67655
3806
77589
74050
34
78331
28931
90157
39925
65472
84926
89786
11824
81149
9967
29393
94787
46965
43108
82403
98247
2036
87038
39873
13692
36758
19378
1230
27666
48709
37034
67836
28375
28357
33934
12613
82170
97690
84135
76362
59259
20521
17358
26515
53950
21775
57684
58769
79969
55293
26548
33704
44731
7681
93311
29739
87049
62374
9940
55462
29074
52273
31921
81045
36533
8076
50616
53953
3831
78608
12036
28440
18453
64202
58087
48757
48163
10383
53546
29212
37573
86098
14194
91664
71009
87196
3050
29801
15019
7650
75548
24725
17644
60284
52526
40634
18507
58008
64277
39535
16707
51352
30261
1876
96894
65259
17697
89512
74678
13297
65302
2064
12459
44030
46145
53676
58074
54563
86523
75888
79210
45169
85101
99233
6632
85670
72721
48634
59879
5195
24317
31583
79342
38764
55228
26244
4593
89774
99626
44982
44907
89746
12153
10521
32860
33051
83534
29926
8420
10955
36782
65521
92625
13319
4055
92131
25296
36675
68538
98745
78659
59085
88491
8352
69954
46467
51014
77030
82783
87489
75220
87181
37423
41845
68890
40494
37992
53329
77404
38272
64608
82557
73221
55890
6536
4723
84353
4531
16743
76142
54042
90762
20220
95436
35600
54954
34130
24519
83132
87056
57720
46363
73109
76337
96683
12421
47907
40372
95321
56936
13797
9478
42740
12396
32826
91263
82579
23914
63119
59061
42160
25245
92555
45895
31953
17380
89694
56324
41027
72983
27285
18425
51661
52533
40764
81122
3158
41639
45540
74275
20238
13905
33815
25426
59246
15136
88910
77302
63745
50854
38439
17030
65432
74701
54611
63561
76758
9962
40055
16447
67988
82247
40792
38049
306
80837
83387
34195
38216
45100
26391
23086
22590
77794
6120
94985
5889
39737
48128
40304
95202
70112
28246
28689
23293
95434
91794
79022
17571
15154
17704
2201
38644
91714
69881
96835
99933
68186
58522
78040
10263
92142
31312
74041
28872
59456
71343
25618
88522
31051
97212
90007
63905
57864
95768
91077
25756
88120
49395
9110
95148
14144
81822
10066
31387
68868
42282
10992
82541
81298
65388
57835
78953
87026
40073
66812
16332
59341
40916
66588
61508
25381
61360
45146
93045
88964
71571
61078
45908
25014
22695
39980
48930
88380
57899
12622
69335
30357
29394
85890
21647
66090
18608
8477
89905
61682
51587
74924
38171
10372
84
46030
68881
302
51624
25268
84795
54496
24635
76524
95391
50484
42771
54922
60425
9368
8086
73397
61250
36282
59020
35183
44767
5156
59562
6220
68582
57135
36087
58482
85678
66791
1100
30347
72663
9003
18502
68962
77462
99569
12973
1366
65427
75205
60986
7392
82318
55320
32504
60174
43224
93832
30985
37258
53051
50906
41482
59866
67659
18945
49415
75218
91993
48233
79710
59012
75275
69361
60104
67587
26480
35364
76676
91979
51602
38258
88959
4652
19174
1870
16516
8041
98033
47856
89078
61067
90250
86078
32713
64937
7364
71969
73179
87653
90195
25316
50142
17502
97866
42838
6858
86237
59812
18061
72214
79528
93315
17259
77223
19375
91573
71678
32042
6466
91575
42135
28702
92525
60760
76450
48033
5011
45024
7882
62904
51605
73229
13695
51133
2603
25214
53797
72274
10279
87792
16899
37757
63598
9591
37583
92607
28809
36524
42625
41584
17188
57162
41296
54249
74655
9486
89590
34738
13674
46986
81552
16785
22795
39990
21925
37501
49931
13373
45101
77721
51418
11288
26525
86959
86875
59002
92230
77681
31001
61707
7955
58054
70854
55785
21526
98511
50493
41705
26418
34737
22800
43891
87339
90097
54440
59140
21017
29905
82103
53751
11449
27963
13728
3914
84721
96613
80546
60532
41788
58211
15352
70586
64282
55237
5137
57666
74097
39090
14436
97041
28460
36122
64064
991
60010
94932
18187
44621
95319
48203
93734
49172
75819
77339
4830
67785
95123
10778
90479
87450
87513
92057
58074
75425
41015
32515
79227
87934
27537
26859
44294
68881
99851
16541
94035
71205
92370
47555
79215
9845
45278
31397
54221
33956
2363
55231
6016
12523
56909
69868
84114
67412
44343
11777
32726
13075
94040
87343
14165
83122
78414
25457
4778
42130
42895
37627
5810
73137
89916
95935
56161
40836
13016
15414
81633
43098
28313
56878
76662
70486
91632
89314
74345
57557
13175
38025
56349
64160
53599
54657
63169
96942
61064
95360
93849
74686
84442
54765
89350
80923
86421
65140
9377
66674
1479
92473
53173
55217
63321
8009
66616
78835
83023
92045
90128
21231
73368
88410
90493
63408
96034
54308
16045
13500
40262
21921
28062
51627
89044
10754
39303
76122
40110
39050
72469
44932
53799
46346
45875
61368
39622
8450
28004
22021
690
52692
28874
83149
68148
5128
57091
16282
1980
88757
48211
44957
48773
22056
48999
69932
46840
74189
15383
21379
31168
96024
21478
72822
29515
5010
27662
72298
16448
51538
99370
91717
6996
98354
61829
69598
53476
9305
18538
81288
97179
49572
97712
35183
20772
3382
74080
50081
17299
67390
7027
54411
79648
41748
60296
38366
36147
6633
93926
87802
79116
27458
98853
76673
67737
84848
39453
90599
8417
559
76871
54471
79129
55901
12342
8926
7100
45222
16201
17158
14918
24598
20164
68968
98046
95605
29902
13715
97589
75803
1417
56314
37728
46630
95483
60384
72355
70787
66276
21553
96448
9617
72372
32971
62259
88997
96408
41290
16404
94850
90593
11483
44979
51115
84138
48541
31820
41149
86422
20166
30787
46719
52500
42706
37327
85581
13436
8217
33795
93944
36630
46819
90624
40898
88820
26224
92167
34849
73237
99276
18923
36384
27708
42163
69894
65183
3674
75637
33027
9860
54416
7271
95153
79360
11207
90857
73092
1244
61514
28024
20418
43352
17725
21538
45384
46025
49247
48317
67026
3616
35117
4356
44568
2252
2500
24785
25193
65647
41731
20316
41714
27293
158
15120
27541
64915
71780
86470
12890
94065
35899
99163
15927
89516
68355
11048
39798
13853
57133
21631
29273
79166
50392
9119
68891
37782
34741
77933
27887
1102
34218
27695
12215
57094
24677
26769
74112
20952
17049
16342
19223
39808
28410
18389
12526
74255
20945
83366
93688
91589
66103
20091
35889
93565
50806
33683
17443
55749
85336
13656
90918
14099
6823
10886
38809
69235
954
68184
96510
4909
1088
28406
71916
6084
74423
38150
9232
53281
20869
41239
46990
92395
26224
46355
23053
83612
67148
67353
16657
81188
51271
1252
63273
19808
13097
80302
94458
90745
32586
26833
60077
33245
88123
99620
26196
60914
29445
7833
60494
94396
40091
87566
34457
27102
34167
29160
56137
43304
50997
16664
95585
98882
20850
11670
60023
4350
67112
81708
93871
90986
63549
3912
86825
66008
20311
92288
23335
9236
66921
32054
95868
55102
92450
8586
55898
76331
49053
10059
36574
97662
54860
95466
17795
52293
52719
35637
19844
85652
63446
59483
98320
14290
12937
15905
54716
11799
16423
64828
96200
79148
9463
90325
5352
22960
30434
88218
91506
57809
44928
10928
77416
74855
80022
36344
15826
6828
92435
74823
64667
68073
34287
53594
81576
43824
95412
43501
56625
74224
49728
23711
57888
54177
54100
43243
63264
70766
49480
88904
48010
80396
24119
93064
99862
5213
93590
53503
58709
74583
8585
50988
10370
36891
91360
43099
28771
2891
27541
56592
75778
25225
73500
45319
24787
15859
25418
24936
96707
94538
11765
63419
50453
2845
2745
51859
46284
84978
6938
50634
59978
41966
17287
57105
58685
33767
37172
62899
61562
87074
54690
17565
3845
29177
91525
50172
43449
28993
92026
9107
58918
48173
91900
53157
11703
36958
45599
17657
31031
48757
37098
69529
57215
47585
47364
1085
23246
51177
99579
30636
61283
12839
92245
87019
71364
56090
62473
5028
72974
75923
12536
880
51974
16331
34992
70802
7714
83436
34389
76915
24526
48206
42548
95228
57836
45492
23354
88653
97861
40897
62213
88407
77551
43435
56789
1324
22741
11704
45017
96479
10707
99714
90792
7608
77482
61681
75412
23849
56690
78190
71291
60489
53860
17172
77485
13317
48878
77160
86511
24833
25199
42276
47545
1540
43992
4948
97492
35699
12776
50046
29957
67774
38994
84522
20782
70171
61272
4932
9868
53991
39550
55700
3584
20991
52906
33770
2925
31176
27323
71507
17354
44885
12685
95275
18392
7790
19200
68908
98609
88137
61413
90728
37651
85981
97424
72513
62587
19103
4943
4527
17296
41886
471
93543
47160
79366
38304
20585
55043
99364
67087
70865
20762
39517
78105
76068
51049
72370
75136
45354
88453
79025
61203
52042
72132
62542
71086
74264
63531
73822
60365
39800
88272
2953
97770
46415
86627
94578
82567
97138
82505
56034
98051
1923
85008
19959
82568
5268
24985
63563
6847
82352
99188
64963
85204
94876
87875
28024
781
82327
83463
48594
89516
70645
75759
38154
12677
43934
58453
94330
4506
30460
54488
32338
55900
58828
24586
24291
60557
67985
17107
95265
25490
51262
36506
60191
24023
81287
14284
84733
83836
45542
70202
85086
85369
61247
35376
1404
87995
50562
70046
8643
64367
3562
85467
844
17652
16196
59676
39592
59628
68743
57209
65948
77900
90137
82731
8721
29853
79442
68192
8794
50899
14635
92927
3050
97985
68565
49303
50322
98145
12808
84576
54708
82736
37391
93513
11192
57851
89077
84738
6121
80143
42832
12372
58615
3085
47326
94675
77641
55172
59290
53425
55095
24454
94723
32092
66884
56139
39949
94046
7154
97727
98577
89665
24867
66697
95721
61386
64336
63223
21378
27384
38696
23395
2023
31320
80367
80821
13074
50185
77488
50519
70156
13527
51669
35633
90150
37963
55807
19425
89404
55586
16386
71498
84389
48617
37505
57343
28863
68539
79590
52069
98546
47695
22798
47388
81993
96251
61555
43283
84596
15462
87906
20241
23859
62704
37223
25231
78861
85900
75427
98113
95022
710
4092
29486
49632
47576
21855
87797
27148
63266
2312
75814
24293
97454
17952
22233
61959
7111
60333
18335
54473
93972
7454
21664
2124
20957
51594
21372
62009
92727
93973
57278
95068
80253
9756
54229
30538
65317
99182
77993
81413
67285
59193
53050
69809
28782
61794
81166
42726
71618
86076
52656
98344
1575
88109
70169
193
71263
56554
97461
69338
89848
7195
14853
54895
74844
90105
38087
62025
73074
80039
48424
87463
55483
34188
81701
19759
11895
51548
50850
26840
37862
84756
51498
34692
72220
19386
90162
49247
20886
42592
99948
66297
42899
60556
12499
48371
47573
2441
67676
77008
37084
37289
22108
87916
1822
9321
72440
15815
28902
15311
39415
17652
98302
54122
94052
19684
64455
95110
73320
48490
90255
56525
46629
88928
93601
5393
82914
94755
44292
32417
48961
1712
9978
75921
50705
25208
38190
25129
57843
39121
45406
8499
77447
82013
64865
90230
52052
13529
66090
47436
95697
99999
31894
72278
87559
98828
10197
52376
48224
91830
10839
44021
75527
63968
7487
70008
6574
53506
22270
52924
77196
78233
5230
17673
30148
897
88275
46117
36951
76955
8774
54224
71959
64829
68054
95633
71480
87209
22402
3075
40267
39261
3247
29781
85415
45612
96410
46711
10213
46871
87936
11076
63823
38995
70441
14039
62648
77408
51623
40382
36849
69288
75517
11048
37279
40602
400
79907
51248
77956
67975
56945
36128
34409
73917
85186
56543
8419
142
42337
53891
61154
39283
86753
34081
22133
79897
94341
63915
41850
77919
76358
64963
27563
37161
45713
11397
84507
40119
20199
151
81015
27164
45039
51849
61653
19784
80826
44470
45002
98213
15522
43280
59428
70953
93639
68533
87780
94671
91562
96524
75876
24121
99187
44794
84468
93821
21467
49032
25196
70899
17814
61602
37718
90413
64063
94889
47008
626
62006
15265
10716
7620
79538
18097
29994
51319
78977
53265
87686
37761
98391
80945
50301
52696
82958
45257
53616
47963
32125
49571
661
11780
79
39540
93166
97866
40609
25425
79456
63811
97757
1907
36552
61386
50511
46207
84924
62115
37730
11501
98699
31107
71733
75806
82660
65139
12738
33472
6127
17418
57948
41012
79560
30232
68166
10654
75361
51508
11876
71030
58627
73346
30194
41770
17248
18415
18794
39031
7350
76139
23775
2754
18566
10927
30793
92415
65646
99201
10235
66293
91518
18845
16073
55839
18913
72180
57932
13966
15362
51160
59688
21557
12947
19367
58485
69613
64208
28056
84413
61661
31155
6349
11201
26311
29216
18251
84392
85887
3874
29759
10668
69995
91810
84134
39882
2874
28503
18692
18674
14995
48002
24380
37215
57165
85914
17895
36860
49248
81537
35901
46218
71603
760
87919
54253
2400
70854
90906
22862
45161
4487
78060
56976
40626
80313
40022
50690
71208
40657
15131
74732
57985
16085
40083
50214
89206
58424
73007
93562
38597
12134
20495
62033
14124
14933
47516
90518
21900
73944
33778
51305
30908
73114
42494
61905
91383
41753
99602
30978
79620
21798
11583
89976
44306
16113
36232
22162
28904
93381
58053
13598
88750
41770
67854
71443
79550
28295
71624
78545
93758
73506
82394
3007
31268
7744
1695
71952
43426
58133
32778
73393
48653
81450
59798
84372
5075
16047
21609
78170
52661
65609
17137
4581
13054
53465
69553
19206
23762
73894
9819
23726
73899
71535
73144
21684
73350
49419
39951
67313
56238
16890
8325
42914
42595
94596
34626
6890
41765
94798
80637
53171
61552
75062
72360
45334
13857
42098
16436
85118
66439
87612
69897
96354
1158
44954
5323
47451
24410
43573
95350
99778
52003
71892
96512
875
45881
61967
51860
12539
14274
31975
94050
51025
46772
91721
18114
85466
50921
43963
84168
73913
80473
77879
79530
26197
63428
24901
3099
48257
87549
19844
46923
77064
80699
8904
21715
27442
32406
81914
34926
59303
88478
61153
37640
26604
17639
55287
5895
42155
14952
20259
27413
37465
40904
63318
45669
35376
30916
65411
19958
30621
84282
91431
32925
44868
98678
87108
12030
83822
63418
15375
15823
79606
15649
35992
34435
84179
56104
15239
43383
25345
47087
1811
69679
60907
51237
4730
13530
37700
1715
20420
19546
86385
77146
37620
11004
18543
7191
27559
55827
23257
92852
42273
14424
24891
32432
2649
58440
69217
91471
51677
64812
36704
67631
45012
31890
34169
59310
58402
81301
33977
85685
29620
61632
93402
39105
547
17407
19901
61618
91659
14077
34761
57786
72173
72559
40390
44157
10653
90935
87297
21677
19795
36507
95196
71641
28835
95190
33954
3305
81724
81738
99582
26325
87368
60236
45758
44555
14023
43824
76877
69324
70501
69794
41017
9148
27162
50801
53155
54484
71640
84986
46375
9890
73076
40723
58257
6877
39746
90774
19707
58377
86026
6543
8913
77839
14091
87404
22117
20116
27004
21068
39035
69260
32099
36772
77646
58044
63887
69488
6026
88311
48801
74840
39262
42212
1958
19918
97489
39236
9116
37956
44186
80858
1965
65713
28802
27505
40963
26326
6616
49775
52379
80047
98317
78846
20308
93420
12475
93526
23479
74145
24792
96358
29608
19793
82744
48675
27485
51755
74360
62658
92012
49694
21248
52064
52298
43007
83772
24587
70346
17718
62150
70078
88006
16827
30108
71125
69442
15446
4692
99811
69393
73395
58455
17530
94011
38070
66414
59494
84017
55363
54073
8632
89409
25738
5359
81183
27860
43335
67676
71582
55546
37946
99684
52926
44177
66546
64878
16060
9630
84642
13334
99840
94408
9281
67100
32726
8105
10803
93181
44010
36685
82031
84716
73630
59176
9552
62407
75011
91845
1557
44819
3638
43692
92843
12390
10166
54726
92778
45199
21902
90748
62636
84805
15601
99723
53766
5678
28483
55697
20778
58881
54760
16665
15174
24782
4238
59247
87016
68073
83598
11975
51486
5384
26229
68934
37690
78305
84290
2299
63100
7584
59212
52915
6631
1762
29499
27052
89599
30451
6554
68325
22967
82937
34565
66240
30928
7901
58363
85125
42946
88475
75832
85577
91761
89590
67478
5974
90231
34039
13570
76887
2675
42478
54526
20907
13705
66143
553
368
65273
33195
94166
38377
8387
5103
43738
13176
84744
63179
92214
81784
33848
29885
41235
25471
46013
65454
40936
36761
47929
70027
44005
32243
83448
95757
13487
70378
79358
75143
7889
87981
31119
88459
71361
82114
41758
26473
81015
56836
60081
74386
26176
41829
95310
82139
34607
25982
13800
50691
21527
58959
76957
44441
50507
56584
26059
15399
81981
58787
38972
55268
81245
73929
84774
19690
19854
30103
6686
30565
7298
32956
51518
38879
93915
52548
887
26253
95864
57959
48836
51238
56889
58979
96911
4120
45756
30285
27786
85692
11137
15960
57704
32583
15935
46397
80768
93831
90129
17368
44370
58752
66877
65967
73716
89668
46816
76443
15154
61472
50266
1255
89998
51687
91886
87214
57456
81585
8896
66507
59544
92694
18186
6563
94666
31842
25066
71759
94406
65046
3150
37272
58215
2259
72780
412
222
50740
94821
52847
48358
3870
41657
59278
63684
51086
39425
38377
97140
8929
41301
64593
26461
14970
22029
5181
89699
86400
33864
77852
66271
64720
9348
2631
23073
91409
40104
27477
8775
76784
96061
44233
78516
99540
77581
51257
44779
23559
67512
59129
90894
95334
94138
31438
93322
43381
39564
10633
18353
67474
84374
459
75591
82132
27309
73229
69179
9481
98281
54670
56976
85775
89697
89984
93152
78256
54774
79253
19337
68575
18583
41625
95760
59689
69146
16673
58019
12380
69240
9935
29941
80201
49001
30091
60122
64238
3017
88872
68058
2148
57136
9381
2395
88577
22236
61890
17283
18655
2756
3369
48979
45062
20161
36112
77998
82199
25324
70031
30878
98404
76498
44132
46009
98537
93094
75711
2987
94269
21036
68689
63534
37966
74089
23548
48244
94644
79532
46436
83100
48791
65435
51609
99955
35522
21514
29703
36962
851
39038
54434
93671
77002
27319
60624
17308
20916
44733
50148
76220
86325
54308
99954
59907
41815
38266
34662
34530
41506
12297
20099
91821
64207
36547
16757
14759
64614
28067
44604
38806
90007
96654
73313
5790
99864
54222
37420
15874
93605
87746
21905
95555
19344
13063
59417
95228
69098
12676
86027
91719
15743
63023
23708
6364
414
67021
9711
61775
91235
96007
95936
35513
57377
57914
82062
18076
7678
70891
80900
11947
44514
4811
84032
1369
51111
66349
85990
27869
25336
10682
84892
77138
17212
12921
98582
69863
18752
25173
4675
82346
99162
67229
17745
74325
71470
13681
2265
66703
79764
63145
85057
12439
60831
70292
17725
49830
48732
84113
84690
30456
3246
88488
15763
61980
27467
66618
83048
99676
20101
53379
27592
13449
15772
67418
47765
71837
94604
5364
55454
82257
55570
94575
65675
85687
38743
35813
13875
97546
49522
44234
46349
96487
91983
25953
91740
60153
27121
32105
32390
62529
75524
86447
42086
11209
76612
77232
10407
41574
54879
71598
92515
92922
84761
12351
29174
86643
74380
30494
49424
63031
68949
78947
89882
97088
71348
1272
70803
66798
29873
18836
57670
43475
64262
88705
49803
51870
21662
97154
61225
84760
55710
93107
31452
84430
96721
51748
39388
78791
13802
96313
6491
6295
81436
64011
46041
21657
412
34548
35968
8101
67683
93168
40887
21850
32068
12473
64765
32409
28433
34179
14176
8938
15525
63017
88899
33797
940
95621
79477
35652
84706
31753
33672
94710
81110
77396
67148
38837
35359
18107
82484
57756
20847
23329
1438
45146
88034
26041
58503
67475
36387
85972
53807
46252
73609
84743
98200
77823
624
93701
80489
59120
81551
94231
47510
18359
96356
43331
29186
56531
27917
95148
99194
89789
58239
14785
94342
79426
86466
63045
26784
74005
39322
62304
88900
88074
85154
73213
71026
72601
99255
20842
35249
89054
86789
45234
40891
83404
63501
89512
19320
54666
35034
90765
33025
12532
43726
60265
69378
4588
65703
6522
23927
29425
85186
87958
55319
25624
33252
51385
32577
47342
78183
15760
78086
5431
68754
96512
43605
69388
94012
92547
36581
28823
60669
39973
74745
88994
30638
38715
96794
86075
82744
99052
16028
13518
21283
72285
73685
25314
97189
65773
12005
57477
63372
79995
2240
54837
35113
18259
78142
92803
6886
99351
78020
65809
59993
60999
48498
88530
92969
18896
62038
83911
18306
96255
82818
65957
6301
51054
43824
87484
74654
57906
31018
73353
26788
1060
68310
59940
3346
62281
84944
93740
74526
46476
74552
12460
14888
23833
52478
54562
18626
96699
68461
54388
56852
70978
70026
47574
63042
36417
47080
70393
42756
63
10485
60831
11110
58633
72431
43531
61612
98481
24589
72813
84719
88729
90991
19887
82910
76382
42336
84132
21443
49093
42146
21107
8059
4569
70762
14196
8861
27083
53860
10354
63936
26979
5231
85665
18413
75365
41280
3394
87690
27719
75805
41979
42969
34983
40093
20053
86068
90047
11565
67352
8331
6352
69487
2367
43910
23322
22918
97444
5110
91304
85096
51677
3279
80947
22012
28589
66494
30982
86997
65536
97793
53605
2854
78213
32296
54666
42383
55046
81229
86478
49878
94584
68608
52851
20697
36412
18574
43243
26485
2035
1143
76373
4398
4513
66762
18853
61955
79460
70467
83189
21280
57159
16302
1003
68180
77690
87144
8112
78773
3902
965
61399
20803
78797
65731
4118
26264
81902
9234
48236
90822
85202
11743
52635
11555
72056
19769
18299
86773
71709
5878
71786
60210
53959
91717
14552
84852
40002
61692
99645
64376
65318
88262
72212
88165
80994
732
2753
55668
55852
76234
67683
38395
22215
14450
37710
54447
41436
34547
36390
56006
86840
40044
31429
74497
96672
28458
51222
28418
54412
23349
1612
71817
99250
34511
86899
88462
16608
93620
13147
19616
35917
66082
7363
82137
50014
55636
92944
23127
63420
30494
83684
96803
36827
85673
20878
97768
4896
35687
49999
47221
46825
97110
67724
18890
16799
17720
64456
62076
22639
98438
79260
33302
92217
66669
48258
19160
75486
75637
20635
94042
16975
9513
63535
36172
89638
76540
64845
34796
60064
59303
92216
28417
66837
98665
52426
4121
76585
49057
28334
69280
59924
42644
78762
43986
87963
62193
44064
97951
45073
50551
15260
20605
51818
34160
95053
44977
55450
58573
6553
32981
87101
59949
13744
89045
63
82132
40709
53253
96411
57641
78928
81918
10872
11784
34587
99859
84801
12993
3108
23421
22492
93981
2174
8238
26380
83509
41240
31502
44688
99517
98590
86043
3789
46970
53421
14771
6215
75149
89433
11488
20028
46640
27240
32078
82613
1198
41004
59269
17794
30235
23648
40254
64764
56986
62954
5166
32405
45053
85337
52542
58964
42637
51975
50988
42073
43891
76589
86647
98794
56969
40386
23852
5806
67733
75906
55796
95570
7612
70729
72556
63154
95856
17896
44462
64360
45492
29556
3299
62158
81084
1258
62304
5135
84476
87325
85555
82580
24464
38379
52188
29437
52523
15050
84163
19865
13520
49703
46298
81530
39512
4090
45495
88579
79764
82644
96939
15867
71844
74472
2260
2197
54978
16886
83747
61428
4716
34320
66395
6983
87536
96413
26006
43599
86105
66624
40148
40295
51560
97836
31561
96784
81575
18328
57264
20725
63053
25660
99788
41164
4638
54118
28715
8855
53638
58871
35285
44872
85701
61323
41984
25891
84502
59466
13247
81866
80349
34413
25705
40617
44884
36418
98079
41843
43706
86426
19517
55945
52159
30678
79927
34455
91961
75927
46645
27699
71785
523
32617
15591
51983
48828
86942
94254
19317
77191
18228
30399
48239
4734
66281
73400
21481
48270
17201
6764
83832
73447
90895
50637
2816
35556
73820
76259
70586
9524
16491
52181
48744
3799
72008
60252
98000
80654
6470
81560
90487
51956
8799
58744
86444
69851
36806
40347
78431
99897
52935
42982
14923
65943
38920
26775
68038
41258
38814
39727
95666
57474
59909
80361
81650
68856
73735
25701
37892
15720
11004
28896
93889
84874
88130
62952
97972
68066
17797
79340
81640
94660
10613
73925
29859
19765
16104
2944
73343
46951
29350
49978
10213
7608
88746
56535
64362
41709
87050
85688
84216
24753
94036
88238
5917
92815
55035
48666
83610
60751
47629
88726
77444
74962
38596
19944
77338
83471
15914
59287
74121
25608
89420
67341
15521
793
74758
75707
47527
68096
97285
72433
92359
82767
36117
57844
86781
53282
4154
56480
1484
11876
20563
67803
89568
2701
6205
28742
38654
41985
73364
75097
18762
63516
58298
98920
79682
84336
88068
34557
57523
85331
2716
66740
56221
94072
75955
36075
9895
578
20365
71491
66138
84125
41508
99508
43157
99319
44708
22897
72035
33165
2012
39662
22558
80813
58912
77320
89392
73565
25363
21827
14975
52979
65737
44152
60380
66765
82417
16651
8311
52317
70387
59271
61969
47517
7907
19736
59729
20075
18417
16429
90664
19471
86966
84955
49205
24524
66207
54027
55623
90423
30526
33780
70593
92860
57375
97551
64680
4050
57887
64723
17127
88358
87221
68004
83413
26423
97501
30909
78360
7470
14065
9038
54789
67353
98031
60120
35111
62814
19888
46224
52163
10580
15865
1268
53140
50857
41095
38725
9413
44185
43470
26675
49686
98927
90370
72422
91610
76252
7044
56875
43024
33096
58788
95915
12982
33017
30343
83814
22023
50721
73753
63878
34225
31992
97402
85934
23123
86801
93020
40409
60724
28707
11355
37109
95247
99928
66218
76751
76461
47222
86788
65809
9330
36620
75527
94619
68011
89884
85927
83067
63942
60289
79080
16884
64157
38783
34228
34074
87614
55377
40517
99954
99205
65407
64860
38935
76300
91458
68666
95216
18315
18129
50515
71975
42656
12492
22277
96514
59930
54677
6240
17169
26864
52946
33167
55198
87368
42538
85663
89649
42721
1673
67631
3435
5
66307
63870
60955
4473
61909
98942
17858
6539
8245
90384
20419
39190
37135
98447
13325
79751
69110
88306
91243
34666
90331
68669
26809
98270
3070
82329
52848
14588
61547
59666
97648
2349
94267
79468
53847
21169
7645
21679
3615
18525
16202
9568
69911
44970
65660
8381
73334
49701
15750
52982
80524
38186
68449
89084
81780
58535
37594
23529
45791
24322
95429
11156
95330
47262
97302
45946
54675
67879
50638
3816
12087
90971
19983
57684
47356
2475
93645
49484
93308
18719
74374
66242
26200
98264
71983
92206
92783
11831
95864
62259
4307
28839
70437
72252
68586
74099
76880
15490
51153
66723
3517
60872
66668
79297
5899
36704
40423
61630
42976
64666
49002
64693
63686
32909
34798
95964
91215
40971
38879
11601
36730
63597
41918
68386
48153
47558
76675
21940
52594
12587
38587
21397
39941
63551
96266
59277
41922
24254
56418
30000
93542
43857
76742
26685
49707
80055
32940
41926
4983
75574
82471
69931
30159
44133
55691
62249
63905
15911
56747
71756
51739
80565
79420
67621
99706
39368
72750
88406
78559
88422
87831
61893
73028
26301
44759
24449
26905
11693
46157
19827
54523
30562
70031
70971
55914
42225
30026
57370
76050
94155
79494
4270
86490
16860
86555
51767
46656
19230
6308
56955
40879
79433
96708
6036
11777
38564
16763
12237
96448
70932
19335
53076
69678
66437
73503
25605
72103
77995
29909
64003
41451
57198
89855
47504
73275
76911
44071
30004
61787
57480
41053
52208
13286
21637
63600
70061
23190
4666
48777
47644
62541
63767
86776
23015
78514
2700
35768
3420
50490
32859
81297
45460
78567
23023
23745
75219
55113
13104
26961
87845
47769
44099
13813
64853
19825
19427
78711
42684
89761
17248
53208
27041
2938
28008
58799
76078
30763
61279
15784
85400
4212
81436
69939
93606
17973
92125
57342
29876
35127
43165
5624
27617
50280
895
36244
77065
25372
55784
21176
19165
7726
69307
36036
1473
12964
57271
2765
66007
61189
72487
49773
25673
98554
73369
49197
35518
1714
6638
38566
34740
47652
15989
5578
31281
33720
4177
38830
35522
66713
85592
29164
84706
21330
38081
44455
73991
16802
1738
52639
90051
68435
4286
68141
77010
33539
42067
81022
35660
3799
47958
57050
29916
708
40499
82434
7714
61570
37992
45438
15079
44701
65500
27217
83345
96056
41114
24526
80110
46459
68087
54294
47736
37865
38884
66933
90924
71851
25024
24792
99483
26054
25597
14592
74976
12931
5614
91603
45859
43596
50454
85742
56772
88456
47376
25993
79338
84982
69957
96236
54171
10880
70307
33585
79514
76714
85915
32187
239
96290
84974
8523
15132
97380
76965
77087
24271
11125
56494
4484
5946
33283
89135
54546
45639
82230
53713
76400
23195
31435
49205
57308
65169
97162
74444
81963
47266
34517
40428
42304
94438
75568
58673
66672
632
32554
84234
10183
58095
99193
5013
85070
92912
25344
49360
60102
47348
28337
7726
62635
17281
68087
90504
60426
19300
31097
96091
30935
35145
2731
84260
85250
50287
71760
62849
17167
6668
68898
48481
60326
92450
98050
99002
23517
27109
37384
33473
18394
85381
92840
65978
14677
46690
63463
1660
19423
14341
66034
96027
45906
10740
96800
91077
77122
5820
67530
10190
34067
4331
18537
90032
63947
68514
37145
24055
42879
24234
4362
88875
25578
44521
79422
6832
42367
77881
54125
56067
81551
93257
17810
15740
42874
50881
33854
7222
56861
16743
1757
4819
71385
48889
71548
52119
69133
76246
34514
24034
88507
7395
43296
70950
66451
42075
23031
73539
40121
28622
66677
15514
2943
25447
22469
61852
27291
40762
74972
33136
23509
65209
88433
84788
10111
3635
63300
28890
59761
17903
24991
43200
65451
4385
85446
10759
45891
60073
48000
14254
27714
38155
21083
12065
96860
51835
19423
32957
76029
90209
3227
97947
84910
69939
48712
95675
11614
91629
75796
72120
74868
52284
77479
88484
5682
30731
94483
99740
55146
21157
94278
59745
70451
25672
68467
95892
54267
86185
62530
72256
64980
64258
20592
71676
50940
29601
27806
29445
74313
13517
86659
29962
26974
73277
14890
52187
47619
74193
14103
55142
23029
99542
916
99040
23281
4164
54136
72236
50893
33893
25823
83173
82208
41432
57423
18049
51288
46603
756
85696
15384
49725
84127
52827
63945
85276
8466
9194
77553
88500
44861
18065
6185
9410
29458
11977
68069
25321
27245
11389
99942
54347
88596
44783
12015
49924
61203
29161
96792
33428
67524
30607
20352
88902
50910
90076
95279
90127
9952
37775
43846
46862
31666
72377
55501
85503
42853
36320
23802
4338
36390
5854
90593
46538
7018
3264
64465
56804
27240
62466
74449
76268
18092
9792
72908
1759
33211
16312
84209
39918
27005
2007
45349
33513
5522
70722
75805
40989
75916
47132
58812
45176
31494
60164
14020
79392
66189
17605
93394
42510
92513
75184
7966
45804
36687
49250
92732
77734
44208
22059
62303
78789
61676
14191
11309
24340
48947
82029
53061
3676
43263
30579
26834
851
32304
23337
14084
40971
51170
75134
56131
38826
91290
97393
50580
76067
30708
10555
28823
60160
17194
3304
56658
52209
13337
8043
83944
913
4454
81111
82632
51126
56918
8419
83622
89209
19555
85866
72931
13237
94535
76492
67033
19043
45592
69235
35829
97521
8945
69264
27675
41835
60131
86107
1729
46259
6735
32025
69324
45410
19409
61752
19489
59084
19531
62234
83844
23767
29590
75126
29418
5248
14185
74990
35713
5627
848
93638
40026
88807
21499
12901
49145
4942
49537
64999
34434
14888
96071
36610
21177
82704
59009
61364
66818
63893
32947
5848
43159
93377
52285
9141
23246
49304
44947
67134
22369
91840
86026
34778
78692
54715
20336
45580
99284
7279
68586
47854
31502
99147
12387
8246
44435
67872
69447
46948
11104
41819
22059
62663
32220
90698
36162
10964
35805
20018
29002
7477
77504
36543
43847
42071
28827
41368
68412
56122
47570
98194
88247
49938
32874
18572
20070
68305
63679
41186
94532
14138
17719
29585
30339
47006
53690
63727
37103
9409
94432
3657
18958
2592
93799
3071
81647
69483
28121
84223
94898
95758
34770
90831
64786
66287
20103
24965
25694
16693
3267
49424
44929
31274
5285
90589
83276
41133
37809
42885
72539
18942
68094
49673
22768
28272
34063
30964
11119
37793
10411
39033
44305
88567
50734
58839
73741
35167
1538
37080
26671
94672
27898
65073
95468
65166
85597
15700
7136
51075
1221
8424
71955
75848
30297
42803
52023
34677
2497
76836
8962
69055
10789
84962
83600
95844
72733
69918
19136
30116
51643
37323
22267
33135
97946
88602
6998
18981
50808
7537
2568
90446
70069
64944
89042
13676
28311
11921
63534
71638
87577
43821
15801
17697
25093
91420
30620
44779
6996
59680
10910
897
15863
46822
12374
28131
90255
49133
80653
33664
15065
25351
94997
47309
75877
5061
23664
24682
67399
68195
58960
29398
27655
7616
43879
32440
26997
45331
59592
4965
43469
37462
73132
36168
90263
75313
1302
88284
45862
68235
39575
11899
31253
98190
31726
35696
9036
88478
34493
34579
67602
69615
68555
7451
57505
89458
46842
62981
83613
89716
96950
10875
44884
26289
84977
3243
75798
21623
5017
20952
15362
5711
49169
57484
87900
86540
81348
94257
38054
51384
60553
8423
48602
93573
91930
70507
3129
75865
69134
23574
79691
19256
38581
37968
90106
80450
58390
25912
14960
97908
75722
71448
18868
61104
27645
97330
96628
7731
22263
89281
4295
59142
64806
21902
2004
98128
74876
7943
82752
95141
19355
76988
23914
18539
72101
92383
97566
84604
8113
19030
99444
39784
43968
179
7484
88046
46539
91772
9175
80867
82958
18171
79280
53138
55103
56283
67818
52246
28204
91883
99659
12098
2436
3871
48629
1023
51664
22380
58067
97027
3851
17793
31292
37786
34206
31537
26402
7527
9260
30775
93078
33063
23980
56320
13284
86410
68711
83355
12125
46550
9113
97077
83730
16398
27006
78086
39220
38869
24556
71686
98653
13620
74644
1311
71682
23952
59239
28750
19347
27357
60699
75375
36749
41732
25331
68073
50703
3397
36331
40735
73460
54173
86012
91610
2477
25772
79032
92170
40138
34480
11872
87365
24454
63956
87215
89412
54568
65761
51937
96614
21499
15530
23378
72133
1501
40726
12410
71445
13075
85949
75498
7724
16989
74924
53241
35436
63677
12095
54639
33912
77697
87174
59493
36745
25818
33363
15378
97528
30216
75615
38687
90727
64364
77050
26944
10716
54010
61127
108
28267
54124
84918
80825
65091
3275
59400
94063
19719
87357
65878
92813
41255
2758
6814
37522
31167
56924
85993
93039
4813
16765
17247
43602
29872
87544
56714
60104
76730
43082
78335
27639
70442
91667
69106
53487
22277
64515
10288
97359
72590
62508
77419
59382
70290
65043
76413
41889
77926
79843
3732
63686
98764
8505
7806
85502
70260
76037
50051
481
56180
70173
61082
62511
47348
66393
23571
68161
99064
61519
95271
57148
86041
19762
70438
8356
56654
97996
34965
74506
54718
7543
78131
96311
518
45386
76359
71191
59653
23298
16269
59049
18446
31263
34817
15565
64999
44337
99348
41567
42139
6260
53377
99558
95324
51731
76259
90239
74117
64703
14567
61592
22885
96572
51287
68603
24171
38997
47774
38673
21038
80149
9875
44759
7660
79947
38900
95354
46479
60495
78377
71813
67885
50656
38495
1221
56373
67724
53303
71415
48596
99274
17776
9555
93886
2016
52382
74256
10352
44576
7374
20405
33595
14205
89708
57536
70423
15040
20155
44269
55700
55425
98543
18915
82228
11193
95644
6906
95367
23280
41641
82154
29723
91016
66821
30542
8764
51096
11173
68200
96101
35940
91550
69054
33384
31687
32547
79472
69269
41610
11599
96202
8983
35637
5090
93569
89908
64108
85870
47672
53033
10594
75055
43084
567
15912
38598
7339
69693
70941
47939
43759
89529
46909
66825
88299
32231
3794
55122
88380
5819
33891
70848
12838
44737
24634
93737
11583
19735
52057
89029
1264
32976
31578
92713
88718
1110
66939
76151
48398
38679
43462
36752
7070
61524
62259
21937
57289
87665
83609
46410
63881
96974
84101
38421
3515
47572
85103
53775
54318
46418
64275
99100
35924
23278
26956
27316
16685
81451
83847
14076
99855
79077
58893
11265
98481
38033
94825
69004
61115
76568
604
9551
56446
62895
68855
83272
14195
29182
61410
31189
9060
28951
81412
92443
61195
597
24941
58160
90063
40275
90893
15885
87602
39281
42527
6099
26058
53566
34597
26986
70098
81332
79783
59127
72721
43999
92294
40916
32872
17243
67795
94354
8618
514
17681
44214
89426
37576
44844
35556
33055
2972
13760
19629
68911
25049
17940
19134
43253
93302
29965
97051
66021
75492
89337
26939
82956
82832
42925
89524
43180
20265
86387
63916
35887
27867
60054
49270
67458
31797
70282
23840
69464
79491
12460
12140
89810
72308
79810
85515
60081
64046
42648
81837
46537
61077
35919
63661
72263
27358
70285
58586
3548
74259
99802
90885
36070
33510
13898
37790
6310
77099
34585
73348
79504
80758
13864
35842
67922
43775
26608
19012
30079
46886
53974
20736
66396
48253
80095
97838
72194
44689
30222
96211
11763
23459
66403
27911
38841
95948
82526
36059
34154
32932
63464
61954
50575
12385
6108
70202
38195
69564
14885
85919
17986
99147
88823
80076
55597
42519
14124
79351
66193
71073
73543
60902
26747
25845
8004
98381
70325
46280
16104
81187
81473
21465
19193
95321
93829
40351
70242
18468
61351
49279
26195
92673
59546
77221
93065
38787
30383
94964
17582
20262
10914
92158
71473
96431
35320
1312
5683
65507
11755
56989
67177
65888
47794
95705
14460
93502
53967
70165
47248
73594
20823
68905
47602
34344
85958
73153
81272
69384
97678
67194
46229
14305
20906
1263
2685
93921
5387
39083
8810
56221
35025
31760
53559
40346
60266
43240
73707
14277
41597
10701
39338
95555
73296
68665
97628
61431
41166
67140
9498
96326
38216
80132
94505
18280
11742
92141
6766
8299
74883
59364
23761
32838
423
415
36160
1221
85687
75881
15525
72699
7085
21904
34806
84581
2988
67881
23713
53339
41872
61619
33288
74727
80154
28729
21240
73215
4744
68185
71739
47438
75784
33821
16162
80457
55208
47214
85078
53748
5445
13232
68613
52739
47332
2600
40869
6389
14894
13999
43211
60898
9770
59032
47200
34552
10728
13202
42904
19883
12488
99454
33690
28626
99096
52781
40446
54811
33591
66903
10066
88058
97488
38398
36115
43673
7360
6794
74810
54023
16328
78213
85969
41704
95002
64598
49832
73500
76257
3113
27565
50215
92694
26448
59687
89476
34365
27040
69872
52296
21529
52946
44745
85602
47605
11648
48247
21133
46911
46166
64718
83920
97857
90879
63890
1908
76571
55275
21944
41852
97531
13207
7422
19803
28878
7139
71823
15177
56343
50126
29327
79658
23583
50271
98419
66349
26648
77630
44033
90254
83206
14293
33841
96482
70597
66951
81115
2050
15445
60077
5917
9388
11211
28810
66671
23740
83859
5657
71989
23331
55287
32314
35003
13134
86518
15494
50361
45617
13433
33758
58426
447
72416
33879
88942
43760
99094
81024
76971
63063
76499
41956
55361
17920
97146
88551
6452
17720
24560
87019
46785
94935
58757
97239
41342
16483
1968
64335
30228
43279
20491
5377
44353
1154
40405
56258
20150
8030
42652
15901
82632
42235
64838
3663
58114
89119
51101
11689
38185
73405
64085
84319
90983
20554
75238
94385
36808
18621
566
99508
57167
84371
66245
5188
44144
81340
1181
32953
83218
9672
4226
48121
10821
2850
11423
53744
71922
46334
99455
52360
9376
43050
7672
66193
22042
34045
123
73568
4337
45170
48297
84431
53379
42649
26564
32284
42184
59032
68771
42708
19013
77561
84177
90729
59142
6175
11647
23447
58429
58747
26594
18401
54572
37973
8938
50174
25238
80314
1880
42489
73416
88946
28151
36387
51809
39425
34396
39345
37165
51785
16852
97857
19236
43500
39493
25936
81687
66894
35014
11008
66852
32741
52330
96921
62470
59968
18340
54645
66249
92694
92754
35933
13773
74589
49569
86487
41198
97863
8753
86689
2581
91691
59346
43412
14218
74862
21611
49775
57751
41112
14161
5588
80716
91991
3057
48400
56416
60095
58527
38854
94903
40076
31486
33718
21522
98320
42211
50690
31999
31092
56876
89285
7189
34890
81013
65185
83982
45974
13736
6033
26869
78865
30463
6600
70963
63597
40152
19290
49838
70530
84197
41678
92899
29670
78793
94052
12846
59695
29309
38794
91053
57260
23018
24105
96627
92373
99415
59578
15556
13255
54855
96760
9392
39774
70535
32924
84615
79283
71690
82328
69138
71476
86323
95038
72368
37017
50711
85822
78141
32354
39104
78850
19691
33160
1525
5830
40328
46092
92806
1081
1057
26596
20655
22395
36469
89348
21185
18917
95293
81927
22146
63155
6898
81341
45420
39413
59590
9918
13374
95899
9373
57242
14005
47784
69396
32860
50075
84521
26918
51578
66765
33862
13483
13783
18521
85273
98531
19605
9667
76500
50395
37219
58324
62205
92321
52197
4607
19586
53081
55505
21299
46738
47543
32218
36959
11109
93875
6601
52508
50635
27433
16103
17059
79329
57721
51824
1379
29722
74764
4287
95537
62883
46134
52845
52255
86125
68836
89995
184
51241
9902
76305
88443
46072
61381
78968
6702
52951
56261
72869
33884
55109
55167
99015
75880
47396
97940
34192
68714
95882
67200
89985
90302
64729
13153
53998
20371
49852
8464
52876
93010
64710
89469
1943
95838
87403
13232
68624
24676
2122
63060
6618
85608
49371
38448
97755
90721
36503
24292
16379
30094
20799
64955
93717
26565
15260
98812
35742
33648
96412
35269
17177
29974
584
94094
445
53478
4958
57716
97260
37585
17216
91270
53508
94429
43745
3217
53728
81617
9728
85627
40032
83668
96582
14201
48280
13261
27431
54666
25625
51750
68516
36748
57012
18199
81853
79580
37156
189
27469
6833
45447
91255
70221
81457
94877
22839
79956
73565
73837
34459
50134
63390
13798
540
18276
55371
82637
31305
51916
49146
15001
60161
23806
61652
60832
96537
56898
75034
9831
71001
98819
87840
14307
23386
42216
10653
23212
25478
6687
35918
11470
76703
22101
15132
66986
88788
72577
10386
34459
28873
18944
50639
23558
34584
79938
18731
48285
8195
61740
53571
38401
47730
38725
24505
73841
49732
26595
33599
21801
73733
18618
88544
21744
48500
54754
38387
56120
40190
80257
2403
43433
33728
66144
67820
41987
44028
35408
96905
87743
45248
87856
4947
87114
31840
27998
81782
34229
54092
78910
63375
9715
92129
85316
83027
90511
14757
39426
99622
66261
1008
51832
41720
18008
99986
35152
16127
90982
27127
94829
45045
49021
78473
81585
86120
60333
2507
26245
26416
84665
68366
50924
70883
13516
62640
70222
64123
80460
2168
70412
25640
16247
90553
97393
56341
75799
43247
40130
67214
1587
93910
96135
69576
3034
49083
25705
99977
2816
36076
66101
89649
82220
56853
6573
89644
87381
65112
44075
71255
36274
19739
48216
31795
78097
28047
26746
18779
59104
68001
13199
11147
8483
12061
54029
85569
18328
44350
6782
81304
81214
59039
76381
20176
52317
61377
36724
17210
78957
17032
15394
14328
19287
87623
43032
64054
60141
95352
17766
63242
22842
88439
82782
27336
38315
47642
77317
65018
5950
58743
41503
14901
2826
74205
48850
8461
45987
46256
11835
19633
58669
98821
74455
10957
32987
83414
35127
15633
37774
26307
13971
50573
71417
97155
20156
53857
15600
16900
93146
8713
87972
36493
67056
61248
50260
78919
5351
57392
81344
27013
15148
98756
88780
76049
91077
65306
84772
60669
52616
31742
43262
34574
33210
70285
4349
78575
65918
72595
37717
90691
78227
20082
56466
87297
97825
23301
32213
53310
65437
30609
21138
71140
5548
28794
1181
11115
9126
34906
8586
93938
46131
73836
96950
49175
57470
31527
23592
7196
8254
62367
37507
97839
83867
15369
5932
45259
83026
28201
92890
61882
39417
650
6280
80577
75746
43131
41706
34522
38570
15024
53444
18947
52466
25121
27624
88692
48043
36050
55156
70302
41469
46848
98523
37157
23720
22885
29416
59272
42955
83180
67210
92052
52476
55316
6649
29158
3829
95288
26899
67432
11401
3680
48860
3746
49759
77412
58929
78774
57571
61780
73331
52649
50324
35022
62581
49570
27274
81845
67289
66784
98080
29885
33360
32278
90681
40474
80784
12545
59060
23903
70966
55855
13686
90067
72793
83446
18160
73019
2697
93777
54575
39694
36760
35274
40440
72842
11967
96464
57139
32917
19611
58845
83794
89759
19546
7507
49156
96219
42007
84838
34987
1386
86382
47022
58782
11146
38465
40450
37864
43498
59564
22134
39856
91908
34110
69528
50098
81494
66031
99664
39868
75903
55296
22368
67460
22018
52281
997
1099
91684
75240
33219
83235
49358
44889
27409
15325
56657
35122
61732
49454
64498
39266
23091
72124
73378
91605
11487
76437
92746
53879
14720
80128
80636
47415
22340
52451
44999
10873
61978
909
17680
78084
55810
13523
42512
51747
51621
86142
11353
42556
74315
94742
56803
89267
21431
76045
62108
43536
46319
92908
63044
4221
42049
51894
20573
2346
51688
8312
90978
14596
95029
72376
42076
85812
41629
44459
44312
28748
44611
25207
77928
9858
85198
98836
31878
31582
27505
60633
44014
68708
58970
80824
78897
31056
18266
60950
74553
72722
67122
83663
90136
83822
44278
43203
60698
55336
83002
64492
62521
82697
78685
51723
89358
2692
48223
27479
53882
81005
85016
83071
45344
21083
8529
43492
61005
98171
80844
47281
27245
41845
94057
19541
96014
20114
84937
17593
43829
23966
6291
9508
73927
73275
95600
47304
88345
67968
85862
3670
72506
15484
31576
6472
77931
22461
36509
78204
15705
90519
10369
76415
4850
65941
7356
4534
57910
43157
15175
29135
62906
15740
31218
49354
61378
62953
25437
29364
1116
80698
44334
99647
68773
34848
4126
72376
74871
80785
9022
12366
60854
17265
34192
42541
85989
72926
99835
33337
26702
51969
22774
54510
99119
10833
77384
49923
34997
1887
63502
14672
47978
46668
92988
37110
15553
88733
14881
63945
16701
47196
79344
54786
14352
21887
83659
93832
94965
65890
24153
79070
52033
36681
29101
24236
3868
53126
19130
82492
90713
25650
97825
5543
7958
71736
41555
51171
47030
39478
73804
83035
17580
95481
20705
93057
43461
1360
30537
56692
89596
68532
62728
71722
80292
84824
30839
15730
9639
11639
89094
1030
13368
58003
52233
25875
85495
90949
33215
45364
66896
30852
61516
19576
72818
92231
43465
69047
11420
67139
26359
50916
25855
56174
93108
68127
12128
703
91328
14644
65406
94163
58233
5427
90237
5905
39931
92043
81171
27691
71115
41998
21166
36437
86948
9136
9281
33866
23412
21699
64870
71527
81488
43598
55929
69733
33840
21991
79777
27310
37562
81489
60579
20203
2071
29145
96232
3678
79004
62009
12264
19533
7479
76731
24817
50432
18319
43775
69686
44341
76480
66917
50484
56928
85916
91750
38347
41755
6858
23673
64938
22245
72782
35695
23872
47746
65106
62113
25202
25590
92896
42047
74593
58892
22389
50992
69963
1542
65015
65732
97469
98257
64678
30456
63051
40623
88416
40105
99417
92915
88778
61568
21569
87999
94271
41702
10961
38122
9942
15911
88429
21982
18086
93342
20065
84556
37264
91716
50586
73926
88249
53866
46132
42153
55040
37975
52945
17285
17650
6447
47262
54766
80645
34891
2512
70652
24878
75011
77934
40176
54063
46742
26236
10430
24628
78471
20498
7226
99171
89366
65317
51075
53528
89949
21643
48224
9723
54849
83154
32194
77957
9500
27371
38531
68965
27469
1131
90075
17328
57580
81839
98572
76173
65656
27820
27915
8913
52832
94479
73518
89296
87553
29894
45698
179
19438
62244
83554
80416
11652
98501
17028
52428
8229
1874
82159
66397
78842
4547
24751
64493
88732
25559
20789
18521
87650
51533
2246
80070
91992
51125
49181
24166
74192
41846
29015
57017
27304
54227
28899
11787
75406
78050
30755
93940
86521
46875
52445
60855
31423
41905
8061
63354
13129
81004
98815
14134
48389
51945
61477
89802
58085
20002
72254
39703
60961
67408
74825
89773
4013
31889
82594
26367
1355
93766
89939
12153
12342
5547
97958
78397
3266
81893
40877
52097
42646
28006
34578
82902
38989
86760
57350
84491
24224
92917
83740
69473
94349
61868
19534
9907
17519
23205
6821
83719
6691
12495
15341
68539
92223
47111
16872
87867
9171
82014
79394
50329
91927
71712
31792
61688
40934
31288
74675
52354
57311
75476
57089
29279
46269
19426
93887
66704
94025
48244
70846
38712
60278
61079
15233
79742
70234
36175
77105
6808
61182
26198
88144
53392
14898
4760
96038
82403
36819
24642
51042
44817
15978
57184
13705
38939
49962
15573
87591
5192
85476
73960
23750
77663
58155
11250
76734
87886
14687
93307
78301
75678
86840
43926
8930
42464
28937
16510
42460
78910
99148
19866
64648
57267
49925
16410
88515
29492
53097
30169
58542
86500
63556
56577
90768
18934
23962
72760
31563
99382
55779
94700
87089
26678
80350
97976
25164
1127
5765
21913
40686
35826
66443
75721
67412
88080
41113
93631
81405
53781
98394
13352
98823
75002
1414
83236
583
3627
33727
76805
73735
82116
22635
59710
88685
73767
16491
88087
64800
2457
37378
97817
22642
96609
78951
68031
31362
96082
28377
15281
24663
93973
55449
79627
35456
10965
31728
12278
54386
28704
45185
16382
35306
39797
20529
71321
15383
79393
89198
99674
30572
74890
92856
56662
17411
22647
78075
89727
27911
55211
82659
73586
50221
46257
44118
17826
34647
27652
24468
16564
37596
80388
26803
37386
44960
82435
81557
85180
52865
39442
56789
27764
83960
74927
66083
18415
85321
51309
7015
86930
50942
54672
18361
8813
43213
4579
31151
54770
82389
32905
62413
84934
89455
64826
61137
23569
6327
12729
99662
28102
22812
80744
102
50098
5529
99716
55448
4051
68696
96900
75625
92796
45165
71866
87752
52764
75080
61930
60266
84593
28695
36509
85710
39769
97749
72491
3033
90051
62833
27778
56733
16324
75251
15030
35679
90621
12745
59496
58399
50804
56034
79212
35394
11257
67306
3991
87653
30874
74579
31742
29111
81644
32932
58898
49078
77553
44139
57596
59350
86572
30506
77246
38201
19371
8685
15381
34841
23331
63965
98622
82975
3186
379
21984
18790
93023
78769
16319
67177
83284
10330
50336
54571
99362
21513
41151
1411
29744
46121
61472
6197
18696
36260
53758
44365
51430
74634
54874
88462
88023
88636
97785
93465
49640
95936
5404
92292
84940