8312
60117
75240
84306
77705
88247
94977
30035
18733
79722
1370
74457
96330
11317
69163
2525
82555
80379
59004
93009
12159
45461
78288
49878
3759
213
35970
27823
20715
86138
2924
51762
91395
99415
84569
26151
52044
25093
51152
69583
9697
38637
868
82464
72046
73018
44881
1302
54083
59201
97722
79126
75056
41307
17033
89193
28835
76789
58118
76680
40280
99124
66508
50892
81347
56702
10573
41626
71776
42568
28202
41103
9048
23190
7253
12184
86627
73208
78633
3383
66298
67702
45929
5228
5220
51144
56820
50568
82500
19913
35384
57770
27312
99100
88665
35278
40386
28125
53322
11651
62704
23345
27601
85729
94066
60301
29033
64541
97526
70073
14148
3586
75537
36131
90667
6075
782
77651
7563
36869
59545
61100
5467
78677
16663
70722
91360
55437
5624
34912
90502
66466
63970
90289
29720
28754
2579
64093
46393
44238
88809
61543
92474
23588
46533
34966
52720
44576
3498
12356
58979
25604
22116
4386
69013
80107
66888
12084
30784
26915
75701
9710
29754
73900
68416
6906
92037
66221
80860
70391
8711
36721
3871
32178
87290
46353
37258
61408
66968
30663
95329
45906
2401
62106
73660
50275
93878
92303
40966
23642
42781
53042
2307
76478
65504
40029
76438
75007
72868
81156
97321
68001
84551
33433
32501
31576
8445
29982
81749
92624
3866
83827
20317
66484
56211
89660
75828
26353
34367
97380
2899
73483
8082
70008
98437
72950
20483
56437
97959
49463
23368
6653
82814
65750
65987
82630
21555
12436
43849
32224
65652
31779
3105
35838
13961
79769
71838
72840
82039
48223
5973
66304
77437
88148
95701
20020
41536
63686
7944
31905
23257
80680
49375
24620
51140
80719
55462
50099
22077
11115
75246
35777
1867
90895
62634
24704
77146
73203
72399
98411
69599
17689
22658
67411
44382
21493
54220
60472
38400
33133
60065
84967
34564
78892
43449
11518
71753
4323
98907
58621
83965
95185
34560
52163
15145
71100
68442
86965
24015
4106
11858
17208
27768
49049
9589
62849
84815
2315
81418
90295
96080
65852
44092
1195
79425
95317
54214
59608
81307
68952
55431
46984
9670
10647
7481
16654
90780
95137
52889
10966
60662
83467
79911
20703
34948
93067
58700
2270
37784
45182
83776
20327
39189
93376
64368
7327
2232
77842
73340
77429
45247
69768
12601
50242
65197
77948
30012
98544
98514
9774
3968
61008
60643
6416
10098
10286
27794
11493
16375
43497
18881
8204
40716
11546
90066
8040
51615
18536
17219
73497
40242
63131
33646
65865
41193
54292
53803
87440
85412
64595
31124
6881
89471
8718
33818
42717
32448
83183
13983
85504
69506
87334
79241
99168
49758
40454
25306
8945
48704
39915
16595
5860
91582
59364
36849
99918
41666
49966
17997
18101
38086
39871
55939
93319
18946
3058
1560
88435
58521
23799
8689
59085
56814
2277
73589
98025
57112
37590
17327
18255
50415
42585
48200
96600
58569
38691
75283
61835
20779
77552
15725
56913
67464
59971
29723
46554
20686
30577
62073
17741
39002
98609
74198
31926
98677
95454
89877
66545
73400
35081
83427
51208
86764
20795
15561
41050
12235
46952
64776
30046
88475
60123
80871
24087
51855
17057
2531
9259
8452
25462
66952
23863
97743
55034
60595
71815
14628
17980
46642
74021
5838
87074
26071
28775
98876
46110
87879
6785
56382
53573
77925
25310
99860
96815
81101
76325
47977
74032
95565
70650
64158
84271
52670
44822
10379
27779
813
97442
65868
50747
72731
81494
634
70627
59600
1806
30458
44670
82927
19299
60317
79112
37309
68927
12623
1210
27687
76639
30294
41074
45918
23924
16440
86543
75992
12013
34718
99795
23119
8483
37323
10839
39892
87580
47184
85106
38730
82556
58058
13354
48368
45787
42334
18237
63926
26050
55679
34682
54206
22910
5888
86921
37001
51032
25225
47158
82445
71460
64956
2960
12171
92208
4727
74105
24916
68104
91371
91799
13919
62539
70810
82616
80075
18753
1223
3007
43886
47076
63663
77510
25708
25243
16472
19417
7637
33545
92660
68046
6752
60921
50407
97215
21956
3576
2114
94224
30578
52957
48323
54215
48969
82816
960
15227
30368
24274
29981
63356
7576
68206
65743
40950
74842
54778
54858
35589
50499
9463
23836
71393
32304
98933
9306
95370
24928
35612
13071
4559
48473
20832
31047
67058
83491
4999
531
55976
29060
50829
91530
95984
46020
22232
31711
58312
89066
91310
68220
55404
7816
90139
48935
39205
16182
12775
86798
8075
87866
19960
66911
28729
21759
63050
53303
50736
50677
41328
99767
58894
97787
28454
82060
59854
20875
4037
83025
20872
19927
27317
30859
9926
92340
89571
91800
4336
78034
52645
84789
75744
7487
2124
12519
86930
54521
92043
55866
25065
32704
17321
56003
1394
80913
22184
72488
62957
77347
41772
95513
88317
4139
29697
36170
90627
95410
2666
3768
69664
21910
17331
73780
25871
87960
58471
3212
20849
24385
36032
90348
52301
58587
70280
1475
14093
11939
41896
15837
49611
77295
73170
98540
98472
44979
59425
17690
64655
93359
43911
60119
57806
18055
26251
99163
57277
46580
30716
49980
19958
60630
22583
57684
31062
84954
95507
46774
86458
7900
62783
98958
21097
59956
83134
73446
97580
6487
56594
65783
6361
28853
43994
93644
97681
45798
28749
30588
41470
86249
2768
20273
45768
28509
74683
81392
87776
69604
7657
78119
46285
95595
15682
1571
66132
27911
67683
9978
84412
74143
53252
23882
29295
6961
55051
92830
94974
60736
27719
66824
97542
11027
97264
1956
1708
91219
72403
44706
60143
33731
14808
24199
33348
13042
450
12483
74234
27793
65016
67388
62775
35581
55766
6415
42963
18866
73506
20889
8001
65353
34863
10568
73968
7096
20264
55756
22265
26642
20221
1479
68238
65594
30378
73257
22427
57590
45898
52081
27098
98390
8624
1804
37887
88672
49637
71419
4198
41273
7100
59695
55407
33686
35031
11392
28842
14374
23190
30429
12462
48945
74994
61025
55329
98987
2737
38859
61974
79073
81815
31194
32937
3373
49741
92054
76740
12545
34120
77002
3350
4151
28165
39686
94940
65681
12323
22524
36006
31413
48512
7298
32768
27626
61984
92493
58795
63497
70619
3756
17840
85193
25341
49934
25684
39440
88259
75902
20743
8627
65596
98098
56386
66527
3482
4896
56955
40265
80816
39379
48417
77658
27025
93249
68653
28738
19471
63779
49689
70788
58705
44958
63698
85357
72570
8137
42389
72783
771
12470
39909
95664
67586
92812
81156
90758
15390
80535
60700
26165
81931
50899
60634
5378
73305
93947
80854
10057
4431
89155
10663
70544
16030
54055
45461
75634
47886
25250
49565
42915
22432
97079
74799
52991
79627
35594
25828
52467
35099
45819
83890
58100
22850
24499
26799
24421
97770
51270
98153
95201
34790
16902
53189
33114
70343
16214
81693
68998
35142
5017
52489
64114
84048
27237
54560
86061
88430
76730
27208
57476
51649
19619
44316
24029
22000
35836
6735
23194
13768
12598
71696
42033
1523
39444
45015
49298
16230
47410
28137
60111
15117
60206
85182
43049
24304
9413
67438
51549
76889
81570
91388
89234
87272
35912
82049
4960
49668
5805
75628
91440
64041
73549
13981
85759
70109
21430
4676
25797
27952
22015
1394
85749
19131
71207
13609
50535
63525
60074
40300
7806
99739
79726
27560
58201
51295
27665
47123
82590
8346
39576
41532
56569
57751
62882
28848
46457
3022
6891
1928
27712
97149
89047
79441
77257
89713
69832
71260
51343
98220
34726
77625
74970
42849
85958
80974
21885
1133
97358
94096
61814
21793
66097
81919
54082
93675
90906
69870
61153
11474
16460
84087
83066
24144
41124
1646
85033
84179
90547
64224
77594
8847
73045
21055
26368
66795
86995
75224
76579
7155
38883
75783
39979
88365
32945
95299
41030
40868
6047
63259
19258
49022
79126
8804
289
93879
90003
39787
64961
79743
20579
99522
29463
49090
18549
23681
799
50160
22261
62678
25337
75348
91385
43734
62581
98697
26245
11534
77463
56805
82820
50120
22219
76502
58370
50562
95660
81037
10927
8094
24428
68284
48885
16410
10274
10366
84178
68402
72964
11691
19390
29200
85756
32285
70476
29552
55331
81952
31769
80307
17075
3882
17785
70908
54132
61126
10499
31768
53562
15717
13473
67556
5408
36557
64736
16839
67539
38769
9885
61805
35386
25389
35270
87329
37627
83323
90065
44984
56792
7126
50707
44350
89777
81941
45778
49653
48572
22556
84190
61882
76436
4286
83190
41627
87594
8000
6798
68306
63169
21244
9676
36203
59843
22930
74586
65334
10729
39617
89883
20
90566
52067
69730
35061
17071
91625
81339
63352
2585
87705
50936
95668
42890
15001
44442
64880
21214
53388
85945
61676
39701
84531
21534
11127
51243
91144
69529
5183
52301
97134
40012
79037
86348
76175
72449
5898
60373
52594
54956
23501
49387
22865
69887
56377
8228
65509
32662
6745
79318
27973
64863
48690
13248
84594
95632
1930
29023
54242
2913
77317
74205
52148
98054
15010
8867
78980
29943
56023
44790
41506
79999
31668
43362
76809
4227
29222
60110
49501
17764
61125
66489
29573
45291
25606
5670
75579
21459
97118
37044
69056
65905
46832
48390
48504
54222
49525
3453
60753
60399
89701
74730
41581
56238
16913
90969
59589
645
79119
20617
60643
31270
24344
59935
27807
63893
69958
79138
7190
86068
84070
10400
88917
36513
2049
66029
26035
76655
95094
25867
64082
27385
69765
92473
86290
53658
91673
35377
24825
20860
29211
73386
15455
75908
50270
65957
21065
4599
8782
55761
73357
4418
42235
45542
67607
15839
32761
71743
42836
3217
44669
74364
19422
25917
63848
93330
14187
40848
33465
99285
44737
70427
44501
4731
9516
54120
38277
35404
7814
98686
19431
20957
64626
79033
73450
92539
436
44197
33296
41817
9146
22119
78782
95753
65985
30997
53517
46855
47542
98038
34991
45533
17730
63026
31747
23003
86711
93314
67833
33138
90842
27841
63368
51072
41259
18662
7260
84604
63987
17329
29249
8202
44764
18883
41983
71631
36396
14542
27748
38385
76810
61378
55122
2449
34107
85627
74499
86388
74606
41842
12003
97922
80639
71966
27011
24136
75725
89470
65511
1154
48413
40464
63749
45295
64977
77739
77550
25362
76411
96575
74993
89508
26518
21476
88273
36514
94146
53267
86744
48721
54085
37291
81896
86603
55144
98359
67167
8344
42180
1273
96273
50643
24651
73687
38773
12967
70932
49120
21404
14574
69809
84085
1746
66899
9165
48031
96054
16809
49458
96089
77018
54331
26411
53231
33248
52098
9288
18286
80451
89322
83044
31578
54834
19561
17987
33648
12791
16903
38971
31215
31278
62643
92215
2872
62806
92624
73803
70509
74050
27883
75689
54828
33259
62582
70315
35412
7492
89523
5627
38598
38563
31374
87822
49010
39329
56863
55441
35237
15160
32261
42238
98600
59512
31881
53735
89670
40405
36926
11655
48994
85360
88120
13534
57091
96326
11090
33177
35294
80073
19456
26
11236
30969
97436
63076
66554
13527
80603
81850
68814
3057
48071
53455
41812
36194
88067
23201
52491
41998
58708
1066
79221
49780
68069
43643
10900
85915
82605
22339
9033
4850
3918
90665
45971
83263
61083
6205
93157
48821
54472
60703
17730
13769
26219
74490
11084
99199
34391
18514
93705
96230
55047
7504
60415
55046
47236
39656
86899
53438
97329
56743
38877
31407
78026
91506
39272
57707
24822
89702
15048
11030
91131
60522
18648
6939
5215
40088
62493
32290
80094
77052
45694
65743
53266
26061
32944
35287
84453
67212
9331
85883
24022
71946
62740
80703
73166
18584
37494
98652
86299
17088
24385
22052
24014
44963
59940
53764
6749
76326
60512
66501
95680
48409
64699
3899
21005
98385
47727
63385
33162
86960
64429
5842
92127
58529
10123
64018
75537
18973
29457
45130
36436
18427
18922
87953
29508
5424
65315
49167
12820
47368
38310
1885
63678
76224
12972
36935
60667
2452
11927
67136
15637
22533
56680
6916
621
79069
70735
587
43404
12663
68491
73526
65847
51303
74830
61811
14448
38021
67870
50353
4944
62727
1797
5342
3476
14927
20177
54807
50897
9252
10469
74553
17902
57978
16358
56794
53448
93780
63457
77556
96595
66146
59298
2718
94782
305
40428
59050
59759
91768
28498
55245
14657
4893
48010
16716
32969
31253
76904
85040
761
9161
86971
57717
468
59054
25046
10754
49840
9832
52180
85669
9292
3258
14691
61219
28108
2977
16797
38120
44119
94308
95029
57652
21498
35283
23077
75195
5606
74687
57696
90562
33718
75720
65412
95098
30491
3922
15706
33798
7268
85344
48798
23896
73903
74661
27831
92651
68124
35778
25600
28885
15484
89358
94963
70201
2379
78441
90318
23089
70049
64004
20773
70421
77159
75534
57873
21135
83823
31548
17411
49676
82122
28357
66910
11067
27267
433
32447
71300
5861
27530
40413
12923
98124
35380
21675
85444
15260
15476
3025
48053
49460
99339
78451
70847
46660
24514
25890
15424
70611
26307
37959
44362
37814
98691
42588
26515
50707
94236
81342
23415
17735
8774
37539
62471
67874
71684
71425
84877
95549
11940
15043
4286
57017
14866
59004
74487
31476
81864
61104
32323
2460
41855
97516
91381
90917
15653
86560
39485
42432
61146
16379
89397
1281
21354
81291
66008
44588
77821
96885
62937
40003
26949
87273
11579
25842
40992
24121
47010
28607
17330
32320
42201
82550
32458
11435
72423
61873
76071
58036
85329
17899
14642
28802
45812
32192
92948
51178
72993
85620
26349
65334
35537
51420
26227
77161
24815
59379
60388
92835
32313
40463
15712
72582
8927
86968
90660
17989
56457
97155
59984
58679
43165
56522
81293
98419
35119
46026
2323
21096
55982
17238
73466
41396
57404
94697
31192
44169
37538
38012
98554
38654
14168
84908
77527
78002
6679
72475
57802
76625
68574
92376
21724
17622
91449
66472
4954
51023
43727
76981
2986
31002
41502
34957
1451
64449
56098
11103
87871
48656
29376
52219
34351
32199
80148
19353
38618
96947
46182
38136
39738
33972
63117
15265
96707
19085
2723
56416
11081
59560
52644
86129
29872
15695
97398
51524
90591
77166
60007
27360
89280
61063
53262
55176
97190
42885
35047
14725
26774
20813
71427
1753
29532
20292
57561
46645
40412
37238
59620
154
46066
64361
38965
14271
59244
52374
75570
16854
99066
66310
77240
35839
3087
4200
57240
50312
20307
93791
56463
68696
2102
89414
8909
93156
45595
1296
1968
67857
51131
24801
79755
38980
85943
88522
82144
15117
9970
55888
7685
72606
76290
56519
64736
54981
3876
72418
39892
77025
26946
9698
52600
42308
54168
48917
48885
92688
66298
16638
36508
20106
65019
50808
27115
26654
74678
94571
76209
36649
39594
86869
57758
62988
77374
34722
48422
62302
86962
14833
76681
30330
5248
4294
75166
15154
83875
2155
2654
45874
63513
59744
5473
40324
88145
5901
26976
88517
25717
97804
56089
26663
8321
5332
8775
46447
19071
40891
33346
9529
33124
85623
81486
18784
79461
85623
43618
4270
16407
18016
38853
4115
71162
37350
57029
67464
30090
72078
6999
49442
61206
24722
97781
88994
17896
36965
73506
91510
76650
88085
37987
70987
1571
64428
60622
43234
58574
53858
94653
21532
55033
10152
42631
76231
44260
87851
29083
11956
15438
44577
41872
38999
23242
72145
51579
21578
58838
1659
91536
16563
35940
52099
18257
219
40563
85151
51582
44359
84034
20015
47415
40076
49586
62688
51677
75749
34279
99746
22115
26725
45634
51824
35296
19598
1163
16943
60994
79658
48657
41182
28035
75882
5664
69320
83974
5660
74020
23564
87020
26940
33322
57133
313
41077
40716
95603
28726
49687
90828
91947
7268
35612
41906
26175
81177
74252
409
69001
34773
25196
51744
27791
54808
84865
28652
20164
79096
88427
89789
90938
70266
87502
17285
67592
28650
36865
48002
99823
39603
28209
48460
57804
3427
47642
95350
19829
65817
72349
50781
69769
43621
43056
20531
76734
15833
72797
56762
66378
20443
65230
36995
24167
79079
14032
36744
11597
47363
811
76870
76695
51041
81102
68540
90916
8023
69654
88500
96530
36070
36160
90913
21326
34165
54894
10240
34975
42767
67772
57548
78333
42263
91703
96932
44676
89972
63030
8019
49338
18271
66553
22318
25762
36703
7140
63487
51065
37776
94464
92686
65451
15206
14194
87085
42349
62703
31076
98125
33763
27801
87853
10399
70189
69754
682
63040
11557
43640
7826
51556
90918
6018
21074
15905
87758
92477
94141
22084
92320
71830
76306
44022
80095
54426
6082
36146
50088
67291
17522
41925
39000
61154
63538
12326
84183
5855
10485
57837
90999
68340
26800
56639
26253
37309
21661
65920
61943
76673
15315
56986
56792
69216
39695
30936
98500
47851
17489
40463
77271
24608
61607
64113
92487
42218
31671
58460
31582
19606
81769
5373
8184
44487
95989
89782
55373
71785
79263
95790
74616
89113
9757
88152
8008
36669
16741
7993
50287
81333
18706
11214
49532
87796
82285
49516
52875
30098
51635
66286
46501
11887
66497
29728
17522
83845
18688
94554
70409
27253
98042
32965
20891
70155
15219
69847
20920
21791
9448
78832
96806
41905
20092
95902
6640
43764
15075
72447
95033
43760
79623
70977
42181
13284
43761
41077
62632
51175
64358
36462
89794
47418
76204
42116
13685
65547
59073
41255
2962
88428
30460
29825
92783
83879
53071
67714
37472
48189
73165
94708
86033
95167
53445
58812
63247
28789
5303
18460
34703
91923
39412
11671
26301
61784
23511
17155
3619
61077
24550
78346
17902
37629
63696
45640
78912
59602
36129
50673
48764
51734
13911
17036
60472
23947
30444
20050
18547
1624
56725
46415
75932
42964
33892
69962
22493
73331
76695
39908
58554
67681
12745
59031
28144
28564
68350
12379
43493
90561
37623
77148
57111
84390
16628
9881
42175
85670
8304
10633
58106
29074
28503
91860
11425
71959
41781
60502
63402
44334
75756
76472
17255
24949
3299
86412
97365
2013
48555
47747
79948
43188
39179
8922
35810
7141
808
14036
28348
85613
42647
17169
25947
30423
39492
85290
72722
21093
88057
27819
53644
43427
3666
78757
43684
53066
64760
40138
75950
28490
41781
60227
39039
42784
46858
21545
4347
78152
24259
21560
49179
38795
39663
11024
28892
10436
83005
82354
30146
74041
13115
17439
88271
60088
72665
70052
51313
79372
9891
66653
82915
87863
58163
18001
45892
22102
12194
21517
11904
7660
13505
64188
45954
58826
38856
2077
8419
91615
15634
19670
92958
53595
87872
50189
50408
96724
62188
48531
38199
75444
67834
45126
60883
94923
37785
41003
97243
89497
8707
97735
66354
14046
84553
14315
59335
59720
94038
99178
18955
62560
43454
7217
24118
25564
9328
32194
65388
63899
87057
55526
44440
20824
43064
82301
58944
19161
67834
17335
81853
16383
2203
2788
77718
49531
74730
6283
93470
73407
87335
13454
66505
96001
77524
37609
93966
70079
45492
49619
70754
12373
95776
48075
60563
41741
81811
4730
7571
49055
15619
27400
98564
90088
95843
61389
10942
20209
33698
89317
68617
80127
56195
3225
99666
13824
45149
57011
8424
27687
10588
13322
76332
7501
67267
10769
64743
6859
50839
98594
84237
69655
63052
28619
78507
59664
19273
84932
33783
29683
44452
69927
67244
67985
94226
33938
74709
69167
87311
60656
44672
81028
78490
23641
50301
26960
80186
97054
94233
41258
50976
16928
99069
50071
29914
76175
99468
19490
87388
16994
84770
96530
10834
53698
67597
8687
33274
41196
7393
62200
91337
88896
60191
90132
25046
20899
4364
48838
40221
89190
58013
39877
33339
85887
46189
44491
63666
15437
34970
35911
90124
63536
83518
42434
93382
59081
44174
9154
50603
41579
85305
67836
63050
72544
22747
8519
67996
67712
87019
45410
90768
48623
28979
19649
83232
91237
1005
18403
68852
47443
71788
41594
85207
67699
43723
2158
20600
24107
37939
99529
94366
30905
24025
63973
93838
4891
91506
47452
63422
24437
91855
2457
43195
87556
98556
50992
71353
83394
43535
50036
35850
7590
34497
24953
86182
19000
16452
70282
32257
74857
74922
81339
56940
13815
51753
40829
32259
85676
75932
33767
78389
46591
12556
24963
38586
95010
33224
22453
40624
22197
43753
68180
6393
96296
56385
80204
68716
55688
24787
83782
15847
1135
62557
91562
97051
13267
33712
50144
62113
73869
2548
67419
93925
61664
72051
33857
67728
7881
67867
65672
54425
49377
31504
57164
37520
77006
49709
73513
33870
28303
74476
42212
16017
2960
20438
73397
21116
24191
11889
49737
2188
87868
9598
26565
95034
38875
17318
57055
7707
79328
84412
90190
96363
61703
89129
49788
64485
77070
73983
91288
69693
65101
86283
98155
71438
55648
45796
84953
5888
58164
96543
94041
66326
69382
31241
1453
2738
58309
16170
64685
71633
51731
9063
34454
17684
84934
88983
28054
33596
94330
79620
20927
4408
34547
90143
77838
34198
91790
245
3293
76496
46803
72906
2761
26786
85609
72693
74641
20401
12912
46296
73086
60965
26583
53564
22960
55689
64203
80296
37946
28804
96673
50769
39672
4281
1280
60258
6268
48032
9020
72161
61452
23302
2604
22339
32472
5070
12540
48726
87078
65314
61167
84819
39140
21895
70301
44194
68779
67130
99745
71069
98821
24705
22407
10408
64612
50923
15784
12003
77597
82161
62045
50993
20952
27415
54170
54088
57288
13587
21293
32822
30688
3172
86477
10107
79257
4589
30263
93156
97977
56108
25234
65802
20951
90143
21667
76800
46097
47565
77791
20767
66866
96444
86778
73275
63350
48586
76751
90571
69490
63115
62152
62667
8079
7925
39903
91267
12592
15294
87852
74747
96295
94644
4914
50028
64619
55281
53523
55183
72975
40323
41607
32393
43324
9941
13445
66593
7441
90974
49831
71623
115
8905
86365
52281
69727
65012
79664
5008
37699
33928
56452
6765
37650
44257
10133
32108
99089
60195
71349
47833
30892
65982
71011
77833
17397
63700
47450
53468
60168
8402
94087
71963
5267
64608
90683
53097
70710
37981
43961
17070
41261
91997
81898
89304
87376
95934
65938
66735
52744
70176
2789
23766
78424
11616
32909
19596
69715
58234
87097
14072
87916
22451
40101
27552
57584
47694
15316
12810
89684
70094
59106
82521
67159
32233
78353
66823
52188
75852
40557
51687
81261
50325
34691
6988
6531
90511
73281
98347
67994
28512
25979
9945
33406
46629
70919
87542
91978
64843
96423
65170
46809
97656
56441
23778
53373
76318
65328
6741
14141
34493
54847
45136
47275
31106
31681
82152
83003
16477
74220
23964
36009
83632
24399
61014
14783
73874
57529
3279
65034
53244
28807
74729
83101
18749
34939
26638
17600
85066
46795
47071
7014
21586
4414
80099
84906
91748
90836
34948
90517
85145
31231
89517
75858
46906
31184
20502
22955
52851
10990
31587
3258
51217
87418
74860
15266
92417
67926
69754
24108
12019
55235
46499
20384
10940
11165
8528
99767
59352
33791
21435
79664
33601
25499
91540
62292
97337
61226
34854
3124
92008
94153
91683
32805
13063
91294
86207
18480
37711
25567
70366
17408
76415
18932
94489
23115
67652
2606
4575
74834
49926
33424
14384
50029
46756
63469
68677
11075
81976
62126
97369
24160
766
3211
4800
65645
72593
63555
26112
42357
68156
21223
17964
65972
29914
80287
45440
43988
70144
98771
6640
27236
48883
18651
20249
36845
71018
85955
6541
82774
84722
12328
58497
12349
16988
20369
21685
29909
12432
86156
11668
55123
66375
19075
18502
48377
4049
17372
50418
40014
49549
89031
67308
55764
35720
95860
71430
16192
4907
10571
34312
40655
45234
81144
9982
55353
51705
67776
77710
53302
53332
28012
38486
76167
72221
69277
10756
97701
83441
1127
11500
62620
81608
71441
97036
12740
92080
25836
40411
81870
80095
34611
92932
25915
13636
71988
63284
18174
93686
50205
91000
65443
84416
59390
80576
89408
91118
48643
51825
22135
42691
45691
70941
65449
8601
68382
51959
91470
13315
35353
88684
64610
7620
7200
96067
11384
58007
22773
27194
79578
27904
69
57830
78363
56197
36853
51343
430
14290
33274
35980
63785
6227
65424
77609
47982
7840
36775
82077
27348
86247
55796
12579
30422
51668
24094
96807
6337
98145
36193
38252
27764
1011
72314
17976
40860
46678
66364
31567
55978
99607
57005
25101
76029
57278
35547
70107
39653
74128
27053
88697
92547
15364
53614
744
36810
30715
27221
32757
29016
30984
3930
58855
26493
179
14977
5634
11779
66116
83038
63991
25650
87835
34893
27773
41934
65751
93161
35985
89283
17534
55994
54999
34874
57564
15725
23153
44767
68520
49273
72716
53424
11206
31812
51364
46686
31034
23327
98780
22825
8926
31263
41737
84307
86635
47914
21686
94845
11334
93555
53980
76778
64234
52128
79034
45910
90527
31427
2349
7777
99952
95176
40611
90219
73530
88683
87056
48848
73893
19942
52468
22211
74624
26804
88778
67985
95212
75925
86044
47788
78675
39538
6849
30830
94521
92159
77968
81440
90001
20121
39482
49796
21348
70868
55978
20620
47354
55507
51177
19205
50840
99682
59650
4833
71883
49158
85116
30017
44895
39487
92362
28451
64951
27472
9659
29610
21683
95830
81000
77944
86015
37818
15188
63
32155
40763
19643
85233
9575
32108
75973
17264
66777
55941
23405
11052
87342
98014
31105
58132
54946
66485
16472
95865
90851
80497
4004
55900
86481
20033
99589
89284
77097
90988
19655
491
71850
60530
98284
39096
14703
25896
49294
43329
8347
36130
54223
47387
11420
55434
73388
64937
7871
11105
90788
8760
76346
74352
69892
62556
32083
11139
67465
68405
48559
84533
94425
36565
16864
45738
52518
41131
44931
1991
86657
71978
95179
40613
6533
73677
74693
26011
79409
34652
64129
97070
89261
85028
29308
25798
659
49956
91587
44602
56892
83004
79971
69504
27156
36862
63726
82123
66898
57425
97355
69825
28965
13889
14077
23547
72447
96474
81719
56295
60673
14778
20237
22451
61903
98160
20146
15525
34882
71747
40109
38520
99279
18108
92968
33779
79688
49927
20462
45151
38658
47726
20933
54925
24322
43249
9808
41492
95911
16612
92927
42078
40217
28027
10205
12192
30674
8927
96489
63442
13893
17018
8424
81123
43387
29441
52566
96747
94266
43868
14060
68839
18784
97540
23688
68493
52658
85600
3162
43668
81964
29264
9465
95467
32583
15480
75392
53696
84693
80841
45486
81073
46988
22609
38145
38141
66230
69673
59956
26579
24852
65079
41078
68888
85686
67894
81432
41517
79415
66523
39449
49185
54282
1785
54486
48816
47812
70742
62365
34785
10586
79149
36532
74413
12349
14081
26783
10084
97015
86560
25920
82064
19381
48960
1940
61315
1440
93841
61415
74956
98280
11153
48005
3788
92188
37491
82288
93911
60306
97218
72194
2632
74085
165
11736
45797
67462
83416
56167
42251
45760
32230
2890
35892
41054
98370
59271
91016
63228
45621
18354
22466
72352
21125
66550
1735
21150
55029
12551
66474
77294
42440
44492
45905
1321
9426
62926
59197
64390
47949
64314
14121
23022
41478
1308
86448
38448
34535
32352
91627
27598
39003
73723
95893
22739
6372
37144
14496
3813
24552
23064
22971
17085
17335
14159
95959
81901
69325
11438
13497
19528
36687
7932
80962
38822
4043
30208
62356
92859
6098
5131
10476
54452
17718
89567
22819
3022
66473
35767
26987
85429
36606
67197
15818
51755
9469
76782
20981
38225
65758
89075
68530
51444
34184
80297
16382
86354
60866
91597
98994
95810
47642
15665
94658
98101
75560
63931
2770
54359
43840
27523
43135
49911
55452
50990
48790
30355
59576
17607
53480
71960
13808
70782
31645
25926
68038
87929
18861
90466
305
65719
76690
8934
27689
37801
82305
7958
13743
77822
34574
41297
53278
25794
93090
64684
28147
67993
71285
48985
75702
73703
98836
77570
4734
43673
20130
95231
37774
17554
6470
66523
25151
30339
26272
31611
55223
83762
38135
16082
65346
72059
34774
33046
12322
69419
59133
96532
46697
12185
70783
93636
48571
29818
68899
85386
21461
80799
9722
33440
24043
76868
76552
82109
67202
83735
22947
10762
60277
94501
60832
96125
22856
6951
32904
42560
93995
31530
59309
49562
14273
70442
56608
63863
47765
57835
92938
86053
86777
71946
85415
39633
92430
85164
85911
52670
44560
47182
72512
60086
71143
40819
53120
45635
52592
75663
63143
19245
97081
25581
37292
72853
95304
27230
63035
79789
81815
86159
75848
66134
12930
33952
45616
41594
57620
60066
7056
31876
33628
970
68008
90358
31754
11781
41965
35811
29344
6553
14387
84457
73465
58825
78747
38934
14681
31658
77558
39004
55247
60836
44375
3064
37367
3350
619
28257
48887
77076
12834
591
24862
37903
713
59985
94470
90655
45570
84630
49039
26612
63126
60097
76855
67448
50169
63774
58753
28196
97082
9026
69073
56370
61275
86082
88850
80796
73065
32244
18149
85625
35956
88883
61855
67050
13144
65879
78520
21364
77982
13823
40456
92477
15367
73685
60044
15070
90649
66594
70714
32435
75689
85140
37733
69486
41781
61191
29141
25821
68690
27233
26074
19142
32554
12221
13080
62157
30772
19951
84750
40881
24996
76563
28944
93011
54915
93758
95141
33381
9145
49814
41947
49743
33236
17378
64477
19739
37844
46797
75602
90440
38504
92314
13736
98059
24700
91127
63216
51345
42428
95402
82411
6735
96222
30293
46568
22475
80763
54924
98562
66006
9114
83494
20776
72770
12040
36439
55590
90007
68451
85241
44864
63857
10800
84190
80271
45390
88571
75394
43063
40243
50146
72293
58683
80491
80534
86495
6031
71384
69970
79779
19580
69139
23997
11535
66630
21839
70647
55871
78654
29216
6588
18821
61517
42299
39209
29397
42033
61722
75042
63685
17444
66345
59460
52199
74743
60197
8181
64077
77529
50087
72883
10224
15592
27434
15109
60011
80272
2357
90152
68830
53379
64045
73
95370
28659
27884
44669
68923
35844
22251
8390
42
73032
24664
26707
4227
82928
92641
91561
21349
57506
42224
383
74752
20199
64535
95819
34998
12999
30887
91477
91517
90978
62321
76755
25162
67314
36633
61439
87279
15812
82880
26713
91272
96473
97796
35841
32832
34271
65155
57293
99920
70233
37716
74637
14952
10095
51252
31298
83976
21503
29118
7483
98145
98843
59036
13810
23781
35352
22408
67696
19833
84875
85258
90924
49021
99188
7890
47263
40046
8470
33994
66969
43673
30453
84698
93978
88619
57054
77442
64741
12949
54398
40866
54464
23180
91424
73043
1865
60611
17211
5353
31956
70247
89568
25990
98208
9817
95869
87503
39496
72650
57114
47211
41117
57606
37710
7345
11565
65808
63454
48151
73217
76748
471
62427
38873
66655
28277
39483
41244
25778
7157
5784
49971
61264
57546
68416
58794
96748
58914
15307
72073
85099
77286
87118
59160
35212
33622
3666
1428
40073
80490
42685
25206
257
2960
23991
77874
16276
61984
11138
59223
31376
30317
84385
12130
21222
17578
75449
47858
69011
87285
62288
73542
75356
93431
22698
95915
72812
66970
43203
91458
74593
3888
66959
11072
44205
76040
58574
81298
59026
55243
98120
85132
99752
95934
79087
52322
50040
58422
39978
42394
46828
97882
46316
16566
49814
33279
84568
28658
7515
407
59962
20700
46801
72169
30233
37912
34042
50379
3778
42181
78427
90098
63708
29188
3799
52773
35439
78260
70628
31516
79200
73340
85956
32012
7343
36741
34489
46145
40543
58309
38671
48299
91590
50215
78035
83487
33256
61639
89604
15074
67320
30093
46761
69542
95871
7777
71196
56517
31129
23400
56545
23607
10972
82513
1119
89893
78029
32477
5604
79260
3038
46646
82102
97495
80180
96328
48973
45661
6752
90852
9030
48260
78922
23143
79084
75011
83706
70983
61885
10638
62583
96108
69884
52042
74488
15802
88852
88654
9272
23906
88415
66919
92082
27432
78701
76837
63649
24176
84227
12408
93088
40724
78848
87117
44252
90365
24081
10027
54740
15466
75927
10387
23759
12119
65266
68701
44442
68895
24976
98312
64223
18708
44199
99764
85906
13432
96650
81802
34232
58506
76802
54286
60878
69236
33952
21298
55790
17545
72848
59735
29281
56032
18788
33311
21633
24131
56221
83028
81781
41551
58330
65494
5849
65042
18474
59066
41042
4672
15086
89095
89034
19483
92292
24354
7096
6103
72962
72568
55804
52423
62928
83352
21919
16070
29492
68805
41420
17906
40281
21843
10629
98412
99288
61569
41887
89838
29132
16568
61957
15434
4970
64163
12857
1966
11363
28901
45059
26543
52870
62425
6398
30911
65918
93756
61403
44711
69739
27240
57608
1286
86849
73926
50705
8251
95241
37237
40034
58600
96497
29824
98188
29314
25754
39566
95380
22103
87898
7086
53606
4505
54115
56055
62331
82732
2182
21213
92385
96855
33482
32691
36476
95899
93363
11228
76389
68243
82773
1446
69469
34340
25632
25282
50763
462
531
59924
87880
85994
66192
25549
54287
66562
7021
60885
54456
6810
98443
51227
27703
25905
26562
49185
97491
71306
48146
47105
60669
7484
57785
83185
94789
64250
38858
37042
5258
81080
14227
98036
62102
97212
36651
58930
35260
83919
7132
11675
84900
33588
12558
32628
86782
71901
99966
99728
49645
50102
94674
20390
62440
16125
67993
7886
94470
38431
73989
60774
20949
79643
62578
6511
87957
32745
70882
36332
56100
77682
58971
19099
10986
32897
31894
75303
96237
16623
57800
58786
76487
92427
95295
82400
55434
97114
57062
20960
70645
49949
83522
12933
66737
14037
88176
3351
63176
65112
65143
73967
90230
74795
56281
13260
34397
30253
16353
13252
90205
55741
48845
85886
54311
75618
47339
12325
7198
7520
84174
21432
1935
84008
50859
61543
44132
59977
88427
30158
45217
81222
86465
68269
90237
74585
77562
67118
41663
61625
45091
18767
58770
46865
70230
13762
4193
53173
38158
39166
69284
30554
64828
54036
33721
63538
84481
82252
16994
19817
52514
69554
57488
69167
40354
66180
9922
85388
36208
6758
83687
3345
52066
21061
30553
62294
34559
34075
95973
14098
88663
64361
71067
73787
733
55261
25438
53888
21453
43492
23138
42835
72554
47027
84340
91758
44161
61939
18005
92354
12498
23298
9774
50944
39902
38229
33077
35228
99862
58524
78571
96550
84027
90261
78222
58738
72269
71590
76385
76475
3360
64192
37126
87315
65216
71708
64943
92797
73601
38834
58126
490
96684
9764
26828
90543
36098
65330
10550
77
11966
11712
282
43967
95784
11930
11805
77955
98832
46279
12568
71288
74907
54381
61827
69841
66218
63194
19257
31467
78294
68162
18156
76718
32913
87854
63237
33875
33574
43348
90037
40285
43186
76654
75545
15406
82062
37491
10540
22591
48180
66172
34616
58755
59508
91017
94582
55991
9091
58712
50426
46342
72272
35933
8449
46109
28551
60217
53716
30328
63069
2938
70333
43451
48514
28688
51414
43855
78070
80915
66850
84184
60230
68072
85809
78450
8697
35923
9382
40853
1576
80146
50613
90457
59143
73684
81521
35741
30937
53043
95623
65402
34585
31733
66432
26535
39717
84751
25404
78588
73259
38476
71132
7998
14405
37775
10325
92528
49676
44725
34541
6320
20042
51044
59817
94132
46444
92871
34454
2703
9843
39548
29021
51114
29354
882
7248
85418
23076
3256
82908
45585
94650
1833
95455
21649
19090
68475
70025
53673
56503
16681
84586
87168
28544
56264
64854
88655
6227
82292
16984
83169
24564
55167
54203
41799
85171
66456
58396
10537
53873
81642
67356
9565
65979
23797
88522
18243
67482
88786
79122
47222
85098
98943
88612
64576
80497
4647
36766
22466
82989
6957
65410
70648
86754
67035
8242
40439
25370
63284
96881
28298
58891
14717
87505
2527
86662
42441
26046
19890
44980
93661
52587
30617
11592
15933
10859
4751
78917
53560
98005
3217
82831
72368
59885
70163
98911
51196
93357
63472
82671
27928
8494
6180
76115
8739
15147
39967
28986
44861
79093
26076
18105
98221
25615
36029
45816
39449
92744
44224
86767
74317
23787
77642
88422
71804
1927
51688
49977
67363
77829
36600
62905
43092
31477
7756
60283
69887
52591
55935
64367
16570
45822
92286
83686
60995
73763
71246
7856
99682
6682
95128
55116
17221
7296
49787
10124
86529
79965
22244
77435
51017
25250
16371
80404
25425
60844
43194
92422
26121
64285
24956
94834
73920
96032
43824
68680
95850
40021
91966
92296
36011
51194
15397
87950
48641
18026
580
82137
37884
50470
49543
14437
74227
15214
51313
96908
23652
74863
59512
71268
402
15805
42440
69243
64420
67746
31362
17173
35421
65978
93110
97545
48682
54245
89647
67132
71540
2972
95918
60193
68506
96267
53310
84311
88008
4799
9456
95889
10333
50291
49469
45927
56926
72069
21919
37918
98346
30553
395
49785
20037
68448
59739
38337
42034
50757
6314
57982
38856
56308
52535
13704
12334
88250
90234
60202
42560
99845
57820
42603
30207
98386
72277
18473
3742
83837
54121
24043
57369
22528
70746
61165
99853
21783
44545
80666
21918
14587
7749
71216
80389
40304
79688
29960
51275
94358
45765
96176
5172
287
75142
58670
35118
10808
67491
68353
5179
68544
43901
62465
11549
53486
33768
41221
22320
26265
11759
71542
25069
62185
88910
46239
75018
61882
25565
43177
77094
4538
51619
37960
39830
87360
37752
95384
89493
84238
83367
30140
15345
59245
98520
31558
90644
87007
90170
54742
91643
96216
19048
1998
21965
90119
30090
86939
82905
31349
34051
38575
54505
37148
82048
96784
51095
63147
26192
87947
67219
43575
14154
28301
37792
65170
95969
47356
74958
86438
20970
61032
2475
33871
37790
40033
4908
96570
14884
82321
44423
73579
44259
81333
90984
35615
82144
30309
12199
12740
76430
85105
30413
56802
60644
57977
82046
81572
81037
91267
754
74846
65786
47284
56604
73900
38532
50219
58088
47917
60975
39500
71976
13946
26865
65878
5485
6898
13379
60377
55267
78228
14467
78644
50254
58846
1483
43666
87529
16466
93721
58284
36215
44299
50236
299
99717
42426
19332
93297
70912
59173
38468
7634
92495
24188
16847
54864
29495
28486
77664
53050
25949
62741
26339
69591
55687
11246
14236
47197
16054
97067
20246
74584
84662
80206
36289
31985
55157
95072
37074
60292
80662
4108
70304
44769
50969
32074
44764
2723
82456
29478
17997
67454
33927
1696
91892
26965
62488
94942
76785
97638
80220
25462
63365
55236
66797
26681
18696
25795
50417
88858
43396
97687
65023
34125
1638
88795
96996
23437
64700
85249
73451
15230
75715
66376
72636
62900
6584
38713
59554
79543
76245
73436
93777
79734
80282
76735
76406
87275
32987
23987
85563
74293
96342
95355
49634
7498
85074
35656
19446
49127
18615
73985
76941
60222
78533
95490
96187
99487
20398
9257
28250
25819
21069
13930
28689
8916
32915
28464
80129
44783
73240
56167
24400
21363
28606
73268
28408
51931
51080
33123
40708
79335
80893
80890
63780
6581
85766
64766
58576
63132
74701
63279
70122
10073
16320
25743
36732
56782
55024
19278
91511
57456
49268
58178
36923
1376
28812
85410
11463
67691
95581
32675
44799
40026
87954
57080
92255
812
80537
50026
91510
16265
53537
92676
60620
19747
43103
96321
85532
76307
91973
24497
78468
24850
44727
35870
32957
66235
51607
35241
41693
55882
16459
14441
26829
4001
64691
87902
73086
65706
58635
27577
30661
87808
13373
32621
60249
99848
95037
63010
55054
97157
79605
67308
67137
32724
99152
54132
25074
24345
24648
68516
95912
64151
88298
99953
53369
1140
831
88238
53303
68349
19994
73383
16925
69973
88198
11321
57812
35880
7611
2259
27971
22459
81346
34343
17158
8406
49919
53988
89109
23564
58102
7019
6632
16606
84883
40820
25556
94023
39802
43804
30103
6658
78581
56722
46120
50793
17153
10868
51163
83422
4664
91537
28673
5199
20450
3904
37812
13278
2849
90195
50039
33214
30359
76014
68479
87691
93253
70034
3057
42220
36917
6401
284
15996
36702
52282
60388
46422
78612
22234
86420
96260
6074
69722
34125
19810
36749
35735
18757
42387
76416
34520
6817
18526
90822
47780
68489
47253
48159
30620
15910
70197
49138
63574
44772
61818
13029
29260
74897
64745
6332
69726
7007
37454
64288
10579
46619
36797
16200
45920
34503
4671
79559
72828
73101
69905
42284
53642
6550
22490
86403
70571
35600
8083
68835
79230
16997
13629
95185
90775
22721
82282
13349
44142
3426
64415
76117
59954
93488
2619
17170
40343
19012
66118
84246
20582
95588
33430
63201
17237
58682
99001
58201
99855
89420
90683
21533
25375
83148
51686
86058
73476
14012
88444
9975
36552
59044
12087
30487
1901
4874
16925
43782
1291
11226
90068
45552
76725
71323
79376
66738
26445
39656
6945
94661
11444
16799
97262
86993
19177
44084
26725
98821
75989
53877
1383
40669
67849
37464
1124
52825
1929
24371
94182
63275
89491
1473
5386
45860
32028
9117
837
94393
53968
78096
1732
93539
72215
508
83374
49647
7707
15606
62410
30558
23067
83522
83788
22538
49002
35348
46594
19051
83606
79380
62216
94661
89590
3155
44521
53401
72663
9142
96116
53301
48928
77154
47719
13577
85437
87415
61216
10455
70969
18817
76069
75855
11692
26758
53689
76196
96606
4271
76451
41269
31658
64060
7940
95069
24995
49824
99298
87684
6098
58901
29426
46551
3319
27888
90211
64875
91883
54885
43200
97862
67940
15066
12048
65130
60615
24819
3053
52481
24517
95118
52778
16196
46008
80283
98350
170
90724
43293
58711
64903
75382
56853
82054
86946
58030
65668
64397
50128
5629
78746
30449
87627
84736
35324
7799
72161
61904
29865
5236
77949
98622
98311
22349
80082
67835
3509
69376
17509
94060
74485
65013
73107
75514
63656
87575
26436
44319
87206
96297
66190
2708
84349
19402
42799
88061
13629
5855
98201
87567
33647
40492
80960
57688
58919
87261
70963
57489
48145
20708
55212
82950
74941
6691
40592
82848
79139
96674
54365
73503
30934
37599
11115
97437
34099
5495
16902
82875
24248
95967
6467
53287
37336
13070
28120
8161
32293
53979
82238
53043
11989
4625
87390
14448
95670
34811
32670
53312
95791
95588
63595
96936
77061
28438
97495
75607
87217
11638
89026
32073
65710
84116
38549
47146
33834
62189
39391
74725
36629
17404
84880
28549
80449
58573
63391
62160
50597
41973
64483
89891
67209
87901
20332
13082
7791
65740
81529
5191
55233
80065
709
36933
92601
36138
52901
59176
47741
98809
83255
84522
44635
75989
99055
2298
22002
93999
17936
59286
45403
93229
77002
80412
8909
89243
92175
9286
54945
54641
3972
54962
34299
76114
64530
19462
66337
27502
38075
29974
72394
92531
67253
59330
69899
43386
78108
95473
31818
22472
11025
50324
23250
88119
82648
36293
21115
75440
83130
26142
64482
70323
50
44696
44771
64650
31276
96333
48874
90790
25029
675
906
54622
40725
21439
23305
90467
8152
6778
59023
92964
39480
53907
22592
68467
61450
55112
92619
16394
84867
45797
28286
83444
68896
64438
82687
87279
15747
25871
61956
26747
70544
89713
7316
17045
94081
47772
76917
22438
50711
71493
94591
9441
96612
15137
60777
41879
70240
20197
44581
83109
75893
26498
63589
41920
39397
95797
87901
8657
75764
17282
23194
26419
58212
39584
35569
41144
63196
11466
53019
21988
33108
77224
28808
84315
40798
61830
23610
66411
91047
22645
81567
35507
79718
9419
34501
47997
66483
37352
29608
74735
2955
80233
27675
97735
24080
80712
39851
68092
44029
78691
8388
99885
65787
26770
35738
91706
20207
14275
32160
51355
23452
18817
83531
70264
9619
92848
44280
83660
44849
58651
78413
78532
7180
18478
32076
7786
90122
47908
28100
90100
1687
35415
9823
30617
59444
87801
42960
70581
60218
1811
32632
75111
40631
79938
57253
42909
72100
98659
20514
41034
50582
69377
34150
19899
516
28015
62683
141
20823
94507
60945
36946
80399
30395
45283
38300
36912
83579
60
61743
45534
50693
67809
75706
60268
63189
99907
16520
92233
94822
80399
80965
9267
61547
85614
79599
71182
7482
12771
85479
68971
98827
4634
59927
63795
84219
94980
97385
36028
92681
92445
7104
3531
58907
41327
12435
31567
81596
11576
27256
70129
50507
24047
64413
86198
97192
20462
38869
8416
95302
90439
33645
36416
90222
90479
73450
98515
29713
63079
7313
27767
75224
98024
95295
94469
75400
73084
37527
87502
91414
88096
20488
21527
10269
8433
41239
71929
95795
28545
90736
30363
84339
96912
79484
74442
65215
98462
42579
88738
88067
8881
18463
83771
23250
90251
57801
40861
30505
8405
93033
60386
79933
80704
62635
54218
8682
49195
62433
66190
37997
28076
71024
37008
20
26507
72739
12641
52288
6709
78126
2612
89191
17838
91931
9647
97449
82627
89820
8619
79949
69408
9329
5802
46497
25286
78696
48952
43766
47249
12589
94262
65833
69130
82694
12842
41651
72257
21833
16158
13579
62550
27929
46023
20651
55476
48756
77018
92262
54430
39708
92012
36700
93374
68529
21781
10126
2128
6565
76624
76668
33834
64630
61203
90723
27154
63132
46738
74889
257
6528
91711
16778
96776
79151
29517
15111
7463
12109
69800
83581
60637
36025
2413
39059
77192
82811
30287
45838
63909
2491
2512
35084
56784
71875
66538
23388
99309
34896
32546
78853
87533
34345
22428
76786
81217
55173
21763
70906
80568
54432
76080
27027
78155
19272
37961
52186
86160
51649
45501
23128
58323
37601
22987
18251
87562
12044
86965
66517
72553
30671
80344
46282
43545
87149
19377
77676
70060
42051
41586
64850
43571
86943
68966
20151
13342
47559
54102
12319
69650
33356
46038
75459
70131
48197
9662
42882
38436
82864
92001
19248
10176
40067
62535
10043
83096
5617
68685
826
3892
70446
43223
31227
83993
79915
70465
1005
40793
44097
88931
76569
70166
28729
39524
94953
25731
16803
55908
13017
44574
3955
92280
30470
21215
35434
16549
53895
71464
28089
4122
78295
61083
85614
75813
45101
44002
7514
24347
30576
8268
74972
36117
18016
45142
31131
13440
5807
55074
78221
76349
10897
39158
91445
96335
36183
31996
71437
14052
40341
16327
12067
20553
43060
48947
13608
28152
87388
18272
60044
19046
15942
17829
30325
20237
50285
61018
49614
60775
29611
35141
5567
10692
27914
17450
8848
47073
30112
63998
3450
61320
11772
80619
23466
61342
81815
79588
1084
20832
38240
83479
21289
26695
59015
94195
84933
912
85494
66352
50778
40650
26652
60406
80818
76826
25206
78313
99306
38907
35383
45977
85795
21863
1010
52309
68763
83758
45818
91057
45537
7005
79353
40815
67781
52240
9060
90318
8899
41716
86499
1073
86265
34562
46400
93821
64994
92173
10341
12780
26686
92786
46138
33625
15898
74619
32002
24901
81868
85274
8151
58387
97289
79306
24275
82096
41236
41961
52973
97199
66587
32354
58293
34141
86314
16291
97271
19989
71461
34624
96507
15976
25901
56455
17899
4935
57140
8516
28783
53124
13461
17642
73931
8844
47437
86994
90254
29245
84662
63981
22060
26930
78532
89860
20477
57875
58136
67172
28762
33157
84794
4015
40555
74431
95263
62724
3417
86905
38754
79572
61637
50245
94462
57903
82756
3687
89556
57971
31044
43069
865
36409
48038
21029
18275
10190
30714
90982
38837
21159
9261
71432
12224
11112
16324
51667
26515
72592
57127
94220
38841
96082
40867
15567
51089
55938
94019
70993
56865
84964
13042
23395
60554
17772
88695
65484
54305
40599
71728
19559
83365
155
28033
72620
58699
66049
838
59576
64393
87080
70785
12138
53621
59571
83515
84054
34787
79810
64474
7828
13393
948
2360
73535
33735
67753
65770
35903
71699
58019
43451
16571
33398
5329
30384
30496
72476
43831
76733
51680
48584
81585
40939
55689
23654
73968
40092
327
41823
34618
6432
54933
48762
29714
49497
72150
68758
22480
21460
14755
50228
32386
17192
14740
16154
15245
139
54581
78666
40992
21878
12425
52939
77810
60897
49859
66399
60344
61354
52497
67623
71803
59004
42227
45578
83611
26475
87529
26918
87297
27277
90848
12272
25037
10679
1707
2933
5446
72251
73665
68249
27381
82932
66193
21413
69780
17886
46202
48249
21283
26433
60840
55102
69483
25660
26726
87779
68105
5717
43356
91497
69539
46182
25617
29754
85384
70657
68585
7511
16492
20213
79320
15968
58318
29756
61608
8941
45598
78853
72740
19576
67932
63579
1850
86994
57959
44868
9665
20772
92238
80805
36291
91849
68709
58119
97437
15360
96593
87542
86468
92765
43113
38368
74949
20720
18616
52322
46864
25598
47479
87392
47973
95406
59652
91778
78967
23034
65288
31374
93858
37038
1974
1217
68019
33556
92841
71059
13643
2202
26686
22976
9760
61464
44620
87731
52626
11677
59592
54473
70412
45801
14613
83244
20934
81437
85927
64855
74944
39287
58792
23445
92804
53393
21128
43333
59617
41610
58082
89689
60368
92341
47759
32160
4666
80590
52618
43579
78935
37545
478
83904
88123
70044
79075
18866
65106
89288
45744
73953
27519
79237
68493
86612
31427
85037
63435
94060
10302
55847
53613
25906
6706
91137
91087
48348
94433
97055
99312
83281
78545
17398
94809
47168
88959
48315
18964
3250
95594
82296
31323
34174
31761
76591
94253
97370
86668
41985
25724
41594
85313
63898
59326
17533
35497
50777
2418
55264
42402
7944
77947
68837
31077
45004
9782
39449
92051
81946
11999
49651
27043
23365
14603
66701
32853
6140
34301
65281
34924
29053
6850
18425
92425
16298
58068
77704
82845
47676
96524
75288
46142
8002
49930
6683
24595
12876
86440
67680
10804
3661
94456
52939
27286
59918
71846
63506
2459
95227
28946
98467
30398
8212
42045
3532
39367
44238
3538
55706
80112
93123
73283
39784
8819
69714
31613
34597
32163
37233
7418
30290
32315
35705
8330
81219
49254
95953
51676
38209
24954
25449
88569
4862
82460
7228
10347
14969
53138
22356
67419
64958
57804
90496
19222
19085
27813
23702
56330
46292
39052
72747
4847
7760
5179
85283
67391
81251
29143
4907
63240
47034
76659
99730
60613
58591
21011
38920
30476
67891
21566
58548
27015
68368
2560
33899
22776
43438
24080
42962
30914
54870
8804
86461
64064
13193
44199
29210
77951
53942
99312
17100
10085
83629
36319
25948
45223
39255
26023
46115
72408
44764
15333
5934
86468
9861
23038
76240
486
22936
96341
58423
90163
95434
58323
90723
8879
93961
6144
2714
91803
33722
71467
78518
39158
27174
57192
3104
55683
59123
42769
92988
25520
41001
87359
68420
21056
3301
36013
29555
71375
23783
77713
84785
78759
5073
86100
81656
55927
45035
54800
71887
96389
93299
30280
94036
48548
3258
33026
24488
74988
260
14758
61081
42252
1583
85540
18473
36431
81995
68120
4249
17559
3209
93534
8626
40319
45788
61493
56974
93437
1142
21667
33860
50738
40224
2641
35542
38303
31708
15075
54623
32146
22190
53863
22487
48001
61744
95235
32541
28599
94430
90750
35632
15543
83011
79938
46152
11606
8953
47284
23399
90046
62467
53047
53222
53416
39274
84488
31558
55690
74412
68681
792
79085
21728
24681
86811
31305
96333
819
297
3915
40790
93092
3799
43471
21015
25856
43352
97208
86273
19886
61827
5870
88678
97935
75402
10397
31030
3228
82641
35854
24210
96362
323
78745
96467
91886
2645
80061
76964
36436
55585
69348
79334
92748
54343
32892
20047
77962
7813
83090
13333
17888
37079
33574
84837
11544
39264
59782
78176
73897
1604
8259
92098
67338
87159
81251
13451
45507
32852
45221
83702
90618
32017
73380
73746
11372
74941
70388
66662
20617
14128
90213
79480
89482
68064
53651
59523
62829
22689
83759
37395
58737
76700
95256
62289
41744
46489
38850
21044
21451
5405
81481
27535
13179
70336
34644
93542
66568
68697
53934
70658
37544
30297
84826
15866
52097
60558
38450
7657
49047
52704
70974
60137
97809
79269
78946
33187
96231
79150
71655
55390
58713
74833
94202
1711
32007
19309
9600
68620
77410
70913
13168
39107
68310
58659
53585
54786
49041
85335
75637
40012
83663
98081
35992
52833
33666
37361
55210
29698
83681
22531
6001
68305
63654
48621
28980
17646
52969
89749
20266
77551
39551
5500
88740
56015
59663
33318
4448
93755
65661
31831
34608
31643
81366
47822
65085
73103
23342
41842
14092
62746
94196
28187
77725
58377
96328
94393
20576
67079
47572
47360
24379
9454
83647
19978
69219
75949
63203
21519
69247
72784
14226
94673
46836
78396
86744
14378
99632
82224
75349
25373
12331
82368
6783
57678
91015
50588
66036
64145
10890
51058
66077
30058
5221
71080
86464
42195
97780
40457
55550
27317
42165
6243
4209
77503
51578
22050
12110
25360
23025
22415
67576
87089
88034
64474
4745
95721
84281
75140
317
99963
47384
19367
46154
42114
95715
63639
30246
6154
43112
89580
32680
9883
44845
61747
21351
17312
38816
60559
60962
67371
86075
61311
22848
25650
64329
32910
68116
7872
50159
34275
2087
40077
39681
51402
42428
87208
95859
58493
52933
81794
96835
58163
22742
40203
70061
91653
89673
22902
56444
13545
70474
88513
65996
13121
86218
43835
35570
91555
66317
83289
98854
17279
66342
35256
31205
31394
93061
63877
57353
10900
91006
99622
46791
18422
41321
46352
41130
17657
88070
15293
3495
93620
28966
59498
36258
45865
45555
18234
56762
50814
55162
68178
2919
2541
35763
52913
47692
55488
68049
25957
34105
95168
71738
72106
66552
65816
5398
90512
97492
26449
27128
59449
31726
83962
2780
60069
5872
37811
46953
58723
96734
25944
10301
89854
10840
27876
68373
5911
73960
67694
36043
78573
76403
37720
93080
48792
23784
75377
22974
19150
67044
43118
92789
79278
50222
6520
14262
67927
37913
92908
85156
48756
29303
22108
57471
65231
365
61606
3670
72652
98429
43221
65916
23660
63032
16938
47596
34406
48375
97232
18033
27700
82265
83978
71573
91408
63451
36909
73324
17897
50253
92673
64770
96707
40861
40666
50950
29043
48195
70021
4525
44173
17895
19683
54958
73819
48481
77639
35542
6255
95480
55811
74120
96759
5817
24259
95804
89176
9701
51347
22937
36000
19713
90373
97130
55621
59499
52305
61003
34245
22951
94913
36435
31956
37523
19421
80436
29236
93864
97513
58295
4877
45172
20826
29539
33245
43108
74412
26776
58859
78387
5925
93256
26495
89848
28107
60002
71820
87640
85934
75678
33757
48140
94022
34996
54726
14868
56017
53972
90226
71140
87005
49502
34677
49355
75152
76098
46393
87231
72323
35626
97793
43393
61089
84813
56583
7390
45727
39102
35595
10341
28124
93809
82511
49580
39457
5259
74646
75383
61347
4272
90620
61132
63522
79964
35020
21350
5465
88127
99089
7363
3455
55286
84831
95470
9221
63215
98883
45701
74809
23261
91691
99635
79886
33632
14956
4480
89701
86158
1321
8915
7544
29533
60267
98691
78968
43917
27099
2738
56003
65638
63860
66876
51293
72174
56099
96272
85014
79277
15086
95545
545
74533
1511
88737
61725
14798
50265
61888
29981
78426
84168
49400
78938
80435
91366
86672
4147
20567
93227
98588
40876
30656
97747
55159
4405
69001
67421
92435
52893
59053
32982
19449
597
15960
15324
91413
51268
28492
59525
99683
75485
58987
90148
19994
49141
88352
92004
8950
92184
35004
80104
52564
43244
16552
44680
4848
95983
9643
20137
68334
95102
36711
38965
60829
23751
27099
30930
20028
25744
1287
34640
54860
62743
46984
9433
87932
6235
66178
14034
42302
57179
19427
90681
20972
93352
65506
33952
61354
19621
51246
23619
62344
27147
18214
8041
81930
39639
95543
56395
68701
86919
57415
11785
29089
36838
57755
26802
81793
20448
95176
96939
26860
4147
82866
97383
12191
76319
52910
1825
54152
8789
65383
15459
1014
33315
76260
86578
92022
11058
23489
79252
59643
15685
9483
33652
47248
7477
7910
46530
17127
73622
87328
5456
26612
15519
21785
51199
2749
37633
48445
55226
49693
17491
10799
91197
85708
9516
89463
15380
96180
54778
78960
26191
74986
30674
70231
97269
37633
13139
11684
13169
64948
18800
96317
56130
47405
43963
68576
18139
58922
66329
25148
57795
67392
5065
57590
11966
49057
90552
76055
4504
71811
45378
3190
27450
73630
37192
24674
45052
40186
14571
44161
98351
63361
84548
26250
47616
85756
6530
42912
85433
62137
15501
95353
54872
8815
51721
72712
2510
11761
86214
11955
589
42629
33640
83291
64828
90193
3478
64541
8063
79332
98319
84820
19152
35493
72506
72226
42885
465
34956
21436
98088
15416
72943
20353
16170
56624
26798
62740
23276
69967
42585
49449
89694
96350
24003
38825
76177
79811
37349
5524
26720
5460
85098
67874
58027
30491
99062
5260
21719
54115
22638
72672
65562
51070
94846
12770
71148
66775
81844
69549
13315
87357
12053
75231
50983
89505
32080
3149
10037
21172
79619
56234
97804
55295
81999
78642
32625
51622
42425
38929
16134
51534
16776
65357
13665
83058
9045
97005
46095
63644
25929
89802
42799
10524
58811
48329
16591
41348
42246
64904
29372
71511
55631
39569
45594
95449
65010
3248
38874
96172
9968
42162
11912
24457
44783
3371
39573
86125
83707
4180
25050
37635
98164
86695
28968
93578
16165
3184
35327
670
74734
32621
83628
70972
1565
62417
66814
37349
20283
38293
46849
77673
60983
38799
89524
3944
60667
2570
25745
15654
16628
34860
65018
60017
67961
23214
23511
17565
64405
74997
83448
95772
17059
48216
69127
14507
43005
23015
59425
45069
15389
67717
40603
17442
8764
24405
67456
52549
18463
17649
96339
88086
31798
94694
70635
74895
90403
66154
88203
99130
4498
87540
66650
24411
32714
81303
45599
49473
97866
87816
17234
68373
45055
27306
92442
66265
84261
97116
40354
46459
96877
89706
93629
4169
41914
86680
86887
16796
80097
72564
81105
20666
41032
2558
76474
58421
52123
7509
91133
21915
19973
7929
76793
42281
81657
99634
62667
57547
73052
80156
9610
35460
68854
42099
27622
49107
8991
26852
58524
54853
20321
92416
91145
16313
25013
44738
22103
82164
99433
10760
3719
4427
84940
95626
89459
10769
3520
607
43082
38105
41844
54856
84322
4444
69719
11474
78690
2980
16263
52128
66032
34710
38918
9986
64610
65247
80352
13049
74063
49518
44944
27141
26113
80905
94320
99247
52106
35706
37711
49890
64814
18460
7061
78655
55385
95178
35274
49809
38070
80912
82850
56207
3039
94939
34523
12209
62961
5944
28637
90821
20552
38509
93065
93306
261
4890
72404
69145
77910
36852
59176
53031
2394
11692
86674
22052
28394
81618
63289
92589
71617
66190
700
68099
46307
48072
75175
51688
90652
26704
53874
10481
22605
29293
24114
65302
28214
37499
40430
15026
40708
35101
47621
82880
72040
68228
15969
34345
67679
73185
93915
71701
40669
53020
4701
56281
46214
7881
36518
70779
7959
13245
35694
35459
51350
10254
65144
75957
42265
42216
54771
9106
51156
6536
63557
90115
81627
85148
90688
43737
32180
31734
34244
90954
14999
58536
57452
32612
20159
355
41038
69124
82493
8643
11757
15124
2510
95484
56250
7820
54535
311
12390
10131
57693
54400
75408
54254
13962
18038
23535
82645
12798
30258
76778
15033
26647
4614
75885
14281
29068
28686
31943
95363
42969
37939
16146
764
93011
55314
62137
49212
31936
65357
63214
84153
72441
5434
87917
29190
12016
83613
93124
94713
73057
5909
64386
24618
56208
69696
14174
47875
23367
97854
19767
27299
60197
63485
25926
92117
35282
8958
77076
43473
2589
22585
88939
42417
14068
48281
18285
92694
49481
52598
77949
53032
38371
53393
20602
16215
69442
82283
29080
70450
86694
11953
35664
21197
36021
72971
64758
4324
58607
87013
46088
49882
37375
68485
68862
94935
14283
11646
35507
93885
86890
23064
34929
13099
2073
76329
38624
26480
890
69438
38461
77416
70862
67886
82873
19808
49908
37276
74021
93254
91434
6887
20046
12460
2707
13400
16219
78497
41260
27477
81641
18677
59402
70024
54151
90141
27216
39763
34067
92597
68255
30872
8767
67203
80941
13208
99497
50260
56660
91020
22075
54814
18811
13885
34486
70154
82393
47093
96538
36755
83994
35636
81935
17353
22449
54520
32697
96753
6298
95542
1768
97251
40703
86028
84649
74816
66823
42017
61476
25319
94465
96925
48725
50776
25371
37293
18229
47589
74854
52865
63300
57134
21503
8378
28172
21407
37204
20257
16689
76674
9894
52799
99312
46224
67393
28075
46471
91605
433
89660
56870
35591
45035
12574
95721
47716
89860
49415
35066
41597
1533
23161
86823
44095
70927
80806
29270
98962
9210
8505
85487
12649
82074
51927
80219
90150
16537
73972
71537
69956
42380
15157
57764
79620
18401
5004
97304
93260
29065
47883
22143
41995
29491
58666
41828
7230
23605
80540
74696
61363
54501
55784
9544
962
51072
95386
59069
29486
47694
54174
32538
88995
81729
8704
81751
5254
49308
5224
22962
45155
9505
96562
5320
6782
6621
97532
86061
33805
29582
65867
69695
9772
50679
78546
32697
39040
13841
17624
85961
27788
54629
45314
97498
99209
43665
71252
79220
46628
20267
24410
33976
97704
63028
23653
85900
87082
76893
96154
13678
36178
35790
41235
70804
46746
85519
55344
83512
94170
58338
6587
14844
1342
43749
51875
76452
20467
95420
45427
11014
11127
60513
15564
41522
20937
93541
23059
69122
95842
84319
78442
94321
1048
96668
7104
83772
62284
38067
14950
7956
8891
11666
19865
60009
91479
4654
57616
81599
77075
27412
6270
93856
94608
69002
62888
72605
3545
73408
50655
70646
1149
67377
45835
34768
31115
53450
75516
41784
63766
3235
34258
40636
71677
4412
50767
51564
60944
20479
26876
45373
52185
2662
5294
39657
39907
97575
79756
10943
91684
89569
79726
31270
55033
53583
82008
28079
13278
85531
75649
17737
80709
48978
96663
82269
93509
90704
13928
19407
74648
77200
9142
42897
36643
69172
97011
32054
86052
67134
55026
24614
64576
33442
17053
75614
54649
60735
95674
15497
56151
16546
40943
34183
60795
12619
95561
9503
24170
43615
21819
70368
26939
44513
58366
91901
25539
74160
61545
10359
30733
50947
63943
53731
78775
52074
41108
59861
9704
88046
69756
25078
32031
3941
83852
9357
10698
69339
45737
20418
90480
42464
19082
82815
27348
54084
36966
99997
3473
9531
66478
86678
31977
71683
39230
754
14792
55047
98660
28765
77581
10061
59298
53888
56478
31330
58978
78163
42616
59800
58375
86038
53986
90934
95917
84219
65897
70598
91132
60160
89771
713
68101
75827
98318
93665
93281
47053
31502
56136
54430
39932
51767
29963
86527
7540
53466
33211
96136
15421
67178
33872
55449
89747
31306
98253
90517
93070
22290
72160
56512
90958
97326
48464
71842
21983
60992
41915
55707
42522
2455
85405
82650
87336
53617
92666
57874
77504
15892
40920
78155
92424
20907
29382
34690
45232
74652
88460
27098
52848
22397
68110
7759
51005
57888
5609
47680
37703
75287
5268
36857
30435
87177
54198
73433
1472
72451
82019
81635
54315
89919
41736
82180
55452
29930
12002
33784
25858
47013
17160
98559
82468
56298
50861
56663
27221
74973
50278
84900
30380
30132
89491
91831
63760
78904
40289
37286
46571
37513
89842
82853
28202
77910
73152
39528
6506
7147
52090
61924
51502
89580
43938
77222
5282
15449
36709
24012
16875
22074
11386
77310
23915
40214
32793
94269
67690
27584
22612
68690
61299
75322
81831
65583
5014
79624
91817
47074
84249
77279
33719
37210
59003
80158
39185
33942
85393
76806
9053
48177
78165
62127
48019
72073
28219
43161
99397
72589
82408
48391
88432
89638
39767
8472
48286
55539
50118
56048
44264
74106
30136
40290
19990
31463
99073
53212
85644
36715
91152
27308
263
4050
7563
75964
25635
74071
5209
78657
65682
50980
91003
47410
40785
952
96869
20213
89394
21013
82796
11743
36379
74490
79466
34797
77444
60696
42846
12891
2853
44667
45406
99618
74615
47623
75103
80142
43391
58945
99877
82714
60893
55867
30952
21849
81301
82639
90385
36774
49464
9840
40221
38931
77123
29108
75425
26060
6325
47461
89533
93569
85829
31579
62800
20728
93676
65213
68953
82794
11609
45245
10860
69920
65390
23973
45667
33228
99801
1163
37422
57477
15149
90210
33649
50471
28979
87842
41849
9940
98296
89119
57330
5746
6093
73013
14798
74937
52892
44966
17590
39057
9600
94876
83830
64712
35157
83515
45137
57684
13366
39630
45150
28345
66578
61760
60574
95765
90445
19514
78932
30569