64857
28831
99507
56257
24866
64257
66086
42830
12742
49280
55378
5399
46615
84314
29923
1491
35037
62375
1969
36976
4961
39238
52773
97083
60723
945
74308
76346
71813
27234
3435
54409
26552
33797
41269
16549
130
85147
85602
11201
76708
37372
86633
89941
73039
61605
96263
71833
35733
72635
71792
59332
58152
80329
66034
45435
18358
66990
6026
66209
68446
60726
94433
94856
12369
25570
8019
73861
63077
36273
87630
69936
55604
92457
71046
26261
17967
81300
27594
93510
26382
53332
97054
31703
79877
27442
13897
61385
4374
20857
33426
78138
30556
75443
42200
44338
89271
50145
58257
77900
83635
14906
97763
63836
1403
89962
95544
73570
99344
4109
45930
59134
10162
1752
35236
72129
75785
78634
70531
48356
21715
87544
91342
25306
89975
90417
54732
43757
12967
85856
27412
81339
93095
58559
55584
50257
11926
38463
47188
57482
58690
51080
63549
86876
13870
55500
3452
80742
27102
30141
3189
72593
10387
7301
11346
21769
40272
86189
18259
80497
52889
58156
12192
38625
36136
28012
95301
26606
92034
12842
11355
4901
55809
4280
20009
61824
43542
23849
57956
67491
12501
90532
2626
72917
29567
97915
17295
68072
97284
50191
67409
4476
51622
362
6202
57323
36982
51633
39631
56572
39594
36904
58184
20131
18522
64082
96751
11098
38119
46509
44623
68781
85018
88300
49914
59470
8639
84838
30177
82260
74528
12709
21382
91614
29545
66776
46503
65778
96854
58793
89415
28881
82708
85476
75093
46343
58375
46767
51561
76847
35970
36062
6068
20514
51658
65015
95670
36370
55762
7242
5198
61065
6853
40701
18782
6650
26607
33132
39695
23204
97709
78539
55408
92174
89074
84062
68283
18491
72119
77861
95125
30391
62512
64360
77917
33260
34570
29520
33990
27660
67287
24071
36395
28304
97229
57663
70891
45027
33068
61742
34621
42848
70859
20206
41293
7838
63815
34748
57011
16069
83074
31367
15263
181
77145
46531
37699
1351
77386
95476
69244
36330
49705
19176
31785
6928
48040
69424
53097
37353
9398
35533
45180
56532
4199
48507
34881
20645
60609
15912
20620
36797
72260
40890
11476
36694
9811
79472
21459
99339
77226
30308
94118
98440
48023
59770
73706
12151
2955
95015
8873
77611
20620
33892
3810
16560
57225
40216
76342
48392
97083
35329
42464
50441
18181
98089
93880
46369
66789
85359
42466
58424
43269
1787
70997
17641
11437
10410
8148
62862
72518
5239
80607
58003
26247
87367
92939
64793
10095
72494
27309
29711
57096
72058
86978
72578
75257
40737
49538
43226
86829
16868
10158
59182
70042
81603
98961
40917
47410
18005
4171
10768
13534
98990
21192
10859
57004
98830
98902
35141
33056
31509
23977
96798
59237
29070
17268
99855
23420
54159
89893
74164
65122
93244
4782
5213
39712
83623
95465
30446
65831
99986
5837
21338
24429
67426
759
24923
66009
96691
86933
24658
19510
3666
38188
4682
32725
26172
83964
85134
60480
42106
39114
59752
2880
63949
39185
10185
31840
78585
91369
79727
17227
76901
82869
7993
71103
45795
1290
4352
9124
23044
64249
45428
33172
32273
31067
39596
62429
34295
28046
53249
34965
4504
70887
19986
34890
13001
32347
14573
68574
57421
69697
62593
61567
32973
55983
27993
7314
50965
1043
54820
10592
24928
99790
87251
38844
53896
88864
68470
32947
99681
26427
80239
12373
39023
45943
84798
81107
7344
33999
40935
37352
84738
29004
93216
10352
98030
60738
43814
25744
61135
67393
97295
90796
72458
73783
21686
805
78235
78395
23014
34187
21180
96254
22982
62009
36025
42384
33366
71329
10400
37877
12584
96674
43721
26170
5271
21826
34932
61206
15836
58423
52418
22272
38468
43485
75328
37602
51958
63232
41698
84716
66447
64748
45363
87021
7442
59034
39039
41692
46846
84423
90693
43599
31042
11834
80922
15638
3772
6303
80143
27918
97004
97819
54259
53013
78685
74988
81742
24257
71023
75849
99674
61399
23495
16298
87696
58167
35232
60278
11402
47492
62694
92324
18211
76172
67615
3041
53756
44791
38862
64140
68730
296
77182
68261
38348
9740
63376
3976
35531
74997
35074
50778
87000
57431
21922
58915
38791
73707
10718
25862
70953
91528
78384
61398
74898
63241
86294
13650
36278
63574
76066
42491
26453
25386
29057
92416
68958
93459
30745
32838
19820
49944
87602
76044
17451
7954
26152
48231
47053
66153
31525
90236
3960
77106
75829
58411
13274
21362
30987
25766
50833
94554
82520
32222
43873
43510
398
83603
57173
48592
22187
28555
69698
85161
70087
7459
79411
57412
20353
4828
53336
15055
87292
64329
93849
19242
48795
75131
38482
78328
84793
60449
14188
31520
88251
43863
30246
37872
57345
41074
56555
84903
87204
60162
40526
48506
26694
37315
85557
56052
76500
57290
86483
82249
9117
83983
28493
63254
73620
66460
94161
73711
27956
81887
54494
65362
95834
69643
13070
55285
10728
94509
2674
99338
55934
78395
48205
71723
57438
77995
99266
59646
57897
7292
92163
60608
58749
11213
51812
92247
66687
77364
24345
66398
35064
81557
2670
90580
32242
86141
99579
26267
70693
8902
48513
62246
55290
89906
99212
34729
75694
30523
56803
32327
64029
74204
81169
8606
35326
80102
46075
63257
39394
26390
9732
64699
49494
16342
7760
83008
55915
19592
39778
27355
99708
69926
40450
91141
94916
52248
43382
7127
35546
53077
13243
4984
98542
93548
86365
59094
45960
44069
67798
54191
42708
27423
86432
98139
52051
33575
49595
72009
60930
5082
48036
15416
92761
93324
89152
52127
49178
52390
33340
77584
91448
16217
6072
40732
9193
33941
2605
97668
3618
22068
96523
28065
96454
80454
42982
34736
69235
53016
22061
98935
32437
79077
32325
88480
26140
52993
22705
42891
19925
56318
83164
91069
43262
42922
76397
24709
94179
28833
76891
8663
12587
24881
73547
30321
21945
73478
3025
89258
17859
2209
78670
11819
60949
15552
27590
902
73227
36095
81355
24372
5670
60112
81765
33667
52625
16185
88615
77505
60241
97398
79634
67797
92786
58981
93250
9146
26175
28603
45972
92437
44388
49346
84583
734
3518
81542
83151
65822
40553
21972
96826
90221
40416
75401
79391
45696
93617
76994
13418
36406
47519
59515
59845
12540
69786
10032
99307
797
97421
80253
90479
34273
40904
16529
18627
26638
70234
2052
54828
4810
3303
2101
83916
83656
28225
82561
57276
61309
29872
32631
37063
21181
20543
94206
83833
736
60673
66486
12875
22324
2720
72845
11190
44246
91366
1215
15407
46898
6716
94986
28110
91304
25726
27223
54546
53919
56949
6916
18725
76595
19525
95570
10684
88055
15413
47590
54712
89746
20582
81465
62605
36958
84826
28408
63798
6808
72029
61124
48697
58172
56376
637
66161
92224
72539
47477
5152
25882
11546
44568
52248
379
15302
92733
46662
7242
99898
57531
70275
96449
25436
43043
38742
10321
88028
58480
76334
9885
48204
73077
97724
61421
80102
29547
77231
42677
27062
67011
30315
79688
61571
46318
1747
41387
38723
87762
51597
54052
16555
72006
21283
67723
41295
3556
53704
70180
9551
64052
35215
17796
12016
82756
79333
5747
24190
50785
90977
64331
10119
98120
89960
12355
19533
2280
77700
77438
96495
22442
9887
9490
18677
54780
23249
83128
26652
67572
78651
24368
69606
28259
32136
88358
17290
95198
67958
98260
11384
6425
6887
61325
84636
38432
69149
29577
44192
23433
35872
62165
76471
50993
87603
35742
61708
6657
78322
22557
41907
71370
65215
79330
48534
20902
74373
99988
5490
36173
94694
80607
26167
56631
24594
92707
43408
25743
69861
87254
26154
72208
87425
67509
32322
78351
21193
64194
51008
75747
18936
62087
19749
67951
90905
11850
15833
62487
53561
92431
29733
25638
5519
50759
11404
60492
72724
53385
32419
75291
75798
49085
48224
58766
10357
33031
64991
24200
6322
51779
24444
94053
35020
31294
91601
28068
92190
70336
69411
39843
1731
32065
82645
9917
62550
12969
7433
60767
27250
16508
13640
67167
37790
11467
68708
43797
28527
9252
91433
2428
69695
41063
74857
36464
26236
8647
88914
19436
76242
30203
14429
39457
75651
78572
48795
92160
51734
83115
26472
56036
29862
33956
29134
61232
60879
638
62818
24280
596
40299
7537
47018
97745
85643
84412
25632
91600
36287
57922
15322
73143
51381
38662
79326
97991
65784
31492
15255
50269
61574
47764
92780
82615
37386
11345
19980
9973
70362
27802
20964
82748
75896
49077
42094
51380
73222
36509
34552
41498
94800
6150
70144
21626
7969
45738
46454
47721
31481
28185
24520
20121
74676
5740
48372
17189
49730
57022
11740
71720
45317
76236
73739
36517
48237
39556
71539
45596
60014
7143
9542
69180
74952
59533
96454
94425
77257
51181
88945
80511
8519
32966
64693
29524
24488
99536
50278
45497
93944
84108
40913
91695
29333
31117
72159
12094
96420
91805
32924
82238
34164
14830
34248
19285
21306
90481
90935
90310
56120
66849
18683
42838
77168
59537
72935
93408
31014
23429
8521
94174
71366
80346
48881
12671
50890
6153
41217
41433
56683
42971
21757
27561
24999
76363
22434
70388
35793
68718
7084
16705
91153
31317
5135
63349
53354
18995
52357
13276
5552
71718
62629
85088
99458
98508
81521
7810
63218
87081
25191
87424
83582
43768
27927
78893
59110
61308
74802
55949
88859
23160
17735
55962
7096
45289
53907
64425
42381
73060
31610
23795
65796
87644
7146
20197
33456
20063
15528
85831
40245
83034
83831
31372
47349
78085
28674
60644
39489
60993
3773
45784
11973
10104
20013
51200
76745
80779
27071
77080
69618
28290
6979
32330
45102
78751
83142
23698
98363
48093
38776
3829
80196
31055
26863
92241
72380
94300
70259
76787
74136
29892
35249
20899
64102
34632
21646
44084
22698
22274
19884
58259
99954
4131
65000
57812
29856
82139
14803
10776
22481
29916
54785
8006
17864
94292
79233
23642
12552
8535
11601
45423
36066
44986
56395
32120
33086
27555
95268
81317
97534
94032
8646
97702
27316
28399
45861
48697
54966
65885
12455
18109
87235
26908
53801
59608
90184
77990
25279
41798
29452
35600
41653
44962
59228
65684
40239
81245
78140
51301
27217
47592
27418
64528
51586
21608
57826
91054
13893
565
38790
46862
68775
17590
12191
81945
12796
35930
23558
27778
19650
15894
72836
7169
99605
6688
91006
1206
86411
70087
62748
72585
26393
97391
56914
37281
31597
75665
98760
63448
24428
41414
26660
9050
61873
11096
31688
56942
17296
18261
57345
97995
99068
30783
5477
33511
1062
51560
57317
55046
44223
62544
96717
38880
26269
40923
41261
67766
88875
90835
30111
87848
67448
67324
26537
8339
46424
84982
31816
60276
55625
79588
92831
2542
90505
2105
56223
19260
32059
31557
9377
62085
79941
67183
59907
44419
65031
16650
7383
38029
57108
61474
71841
327
10498
98749
33004
205
81198
5642
11390
43291
98228
69943
49964
68371
5228
91706
74136
35663
37586
21001
62451
9343
54481
7395
64056
2984
7435
83373
61856
53390
87566
27421
24309
76715
8556
31209
4492
94707
41968
73241
98335
85723
61639
6042
88797
6059
3654
13539
56077
84350
56165
36702
53739
83725
44658
93430
31776
85514
53411
85069
8232
53999
82128
2885
87017
54951
84522
14847
40050
63677
7554
49125
63632
51133
47080
16602
11818
68166
31068
49931
12704
63999
49563
70353
46502
90796
96775
85954
96742
12871
35696
55489
81808
73147
19550
36304
64539
56920
64933
2690
75670
67721
39466
45069
73681
16235
37924
13938
29123
10572
90899
82278
91394
87569
72604
90051
93080
24398
25999
93668
14782
99262
86996
32868
79107
31020
88305
6022
78504
49084
16205
28661
22934
24587
52720
47347
25209
8888
7619
48499
27481
60551
8313
12031
39613
59543
74078
59247
39540
48915
69935
79221
71382
17399
47416
69712
17189
6554
52174
7344
76629
1973
29419
96404
24925
88405
14156
67248
9886
91056
70002
82711
6343
74993
40068
68910
1150
8143
1137
9641
78254
48960
7920
29536
51050
60723
97933
30765
7424
20912
36420
13
56218
6739
99847
83307
50352
57013
40940
19973
44436
5441
9386
5736
8840
89418
77732
34335
34222
66607
22158
69107
17571
31509
88866
13872
37456
65247
54543
61306
92965
29870
91536
18729
56881
73909
85431
8566
34947
67229
90801
34275
23360
81794
46132
532
91835
69157
6951
5533
92718
27225
80
17248
23530
37039
35039
52210
1874
21760
33309
64188
9488
6869
63641
64677
52557
21499
3067
7580
41280
67176
7461
37553
97001
7531
85433
74747
3860
78303
257
525
55476
17645
20015
44179
52194
1717
56075
7034
25843
21326
78258
50802
15531
69304
77339
85740
35247
88159
61983
90393
99885
97014
69452
77707
63737
62513
67761
856
30996
41545
84290
61408
83297
90174
74177
46426
55452
65262
68995
69853
32811
46822
99788
54383
31213
37911
14924
95285
91654
62187
51035
57652
24080
928
62942
62375
50895
89774
39363
23384
14091
92009
93135
70106
26235
42855
38072
16719
34619
36565
13389
79808
71564
35102
56997
29304
78148
69572
46327
73823
43261
34945
15816
16129
85449
77882
15949
65583
85866
20505
39079
85063
33170
75861
16333
33991
649
24266
62318
88620
14350
2938
62279
5861
34826
49702
27042
98189
44945
87399
44575
20866
47662
34860
71328
88027
44520
27232
2185
37968
6650
52308
68565
45800
84303
85996
33114
36122
92960
26324
23501
89198
21795
71303
85302
57805
28202
18451
21113
98143
82229
37101
53268
93615
73133
68735
42914
41690
20877
51017
67121
73314
18434
49025
52744
48491
66775
98713
91272
43986
36718
47105
27099
74426
7268
3781
90088
73141
41191
24345
73322
46434
875
88895
72053
239
22506
48610
78809
87212
74706
15290
79757
7112
50451
62666
62503
72356
49630
59709
35365
59289
8740
71108
87681
76131
5757
53116
26010
81230
37102
26515
21692
88349
78321
87656
90095
2027
87332
80363
78479
55277
64164
92321
31492
81461
79261
2156
32366
85752
14876
69506
85471
90989
58377
70207
87064
39923
86573
9304
64541
88353
9263
62163
67250
69094
45048
69390
21116
93372
65482
76684
88536
4481
91318
22736
97216
16862
37749
11485
88713
23747
79026
93622
98008
54479
28733
349
44380
28365
52498
91156
69751
24746
55996
64659
43320
68462
65251
31746
9239
24472
88863
51305
1915
32940
82697
56646
85226
15212
92214
40811
38712
70627
45082
18730
25215
54927
55209
67946
21875
39913
92606
59525
17395
67985
2088
39618
29290
7480
74353
97176
19849
60500
51913
45174
91704
50600
34484
61365
76942
58330
68540
54555
36972
49597
70860
8028
890
24041
77954
26673
81085
63736
85080
38373
43750
35944
79118
2984
40536
51929
63755
31992
67085
22645
99308
80930
42343
37896
83066
13444
28185
56874
49458
78908
66850
84900
56354
5851
83997
44131
78346
57491
77670
57495
4978
5451
68365
47063
46199
61543
1565
31743
85981
49211
77497
22313
14253
51867
81837
8534
41099
4860
3275
4756
74009
84815
46064
1330
10124
22224
84889
60900
93197
24781
17561
19193
92737
97628
42540
21526
92575
55875
86476
56014
40055
73856
43974
11607
97609
25469
46228
77062
39282
76648
66363
86413
32397
10874
23880
50241
27673
25031
25151
4222
86176
46916
37848
72604
6659
98085
7565
33199
5875
85150
87981
97384
84201
34261
35831
75322
59783
15792
88742
73275
94096
96580
14387
22480
55151
60054
49567
66912
63611
7239
81599
19037
5870
92634
62448
84199
65244
88013
39646
19114
30957
88877
53632
88388
92846
18821
97670
51355
9908
39415
37427
7518
1630
48282
44251
32877
86484
10439
65118
67396
58604
63718
89613
30768
98966
74706
19802
88092
68193
35838
59979
74432
66606
94626
28557
44657
40363
57641
2290
7349
99521
53556
96149
98180
98087
34829
95357
46585
47756
89811
91224
70678
90265
97801
70087
64518
78471
90139
39009
93851
82679
30532
54399
68491
22769
83051
86830
91855
4580
36506
33028
31439
89088
43345
65057
83235
34858
1572
83199
26589
96075
29032
2455
96606
70686
53859
74357
67560
3058
75040
80997
24026
5053
28447
70077
70093
5825
48301
28669
19381
36390
60714
4921
39254
83137
48090
31435
24373
58851
31795
10529
53328
31838
4836
84805
60029
39450
25524
29647
41635
49289
94575
66465
61861
31026
90090
95097
33841
36488
31589
40471
61410
12411
60883
8912
51056
90603
46899
42316
57986
52506
11905
80071
22402
22233
70160
92367
53186
95220
85557
4049
98507
97100
76958
41320
57698
91496
94972
7860
42967
15478
38269
82218
83365
34762
24206
27300
33381
87580
58839
73587
54767
1306
72608
9768
17754
85710
47501
58396
69052
65969
30491
29118
80732
86857
98389
86848
544
13916
72280
46929
39391
8797
9787
58664
44052
63089
22165
69128
13508
42091
8692
4825
34112
11595
14259
12528
32086
65460
48667
65829
27369
22315
90820
52278
65195
9832
46772
48740
98086
54164
35365
41647
21848
10984
5667
5051
52148
21455
97043
86289
63982
60020
79907
1352
62326
88979
86091
51126
19906
66301
26608
69589
25773
3414
80458
97145
19822
70826
35590
66878
50239
59019
77691
2911
94677
1001
87386
17847
62025
14797
3134
88613
30681
94888
18266
31036
8064
68402
37208
97558
35536
52900
89586
28589
3630
7964
53105
17576
14216
78459
91447
77130
66184
17891
58526
77678
90163
80363
81601
36786
70020
78421
50219
24637
98204
96565
63357
34514
51662
78585
28718
1657
39484
26917
61936
18646
75134
91535
69261
80283
11403
26669
85330
41286
75274
34312
63125
65813
22632
67346
84448
44312
49970
28161
16880
38211
93299
37711
410
43989
10169
32524
13867
96996
9736
88531
22828
50131
96521
98936
75717
51276
54312
44616
41062
4086
56488
58697
25097
78987
3595
14762
50050
84262
60670
50050
41311
64289
5340
62159
90270
74671
54621
29207
92268
50141
65759
23059
69972
28296
24726
90955
4886
12001
49985
72486
25517
70383
83877
14631
17954
67581
16899
94911
46563
58935
90783
21955
1591
61038
86002
16512
29883
37528
32088
84402
45147
81758
95713
73346
86812
83198
9146
86042
58863
69271
35343
49177
59454
77339
34460
18968
28565
54256
19625
63902
15390
61992
39702
44851
24672
13256
92382
36263
18036
17967
28332
31713
67725
24309
41015
80459
68624
43733
59931
71575
28859
73843
34011
29218
77852
81227
22289
51888
1336
93576
66959
14249
33185
63041
82625
33207
21987
75380
27059
45251
96370
30162
67615
15672
73150
31953
28270
81598
53268
42676
14353
49323
41335
49463
16277
74329
29805
84365
31858
91750
75671
11585
63553
95190
79529
44465
58059
74576
58822
80906
29061
46280
92541
19874
39815
84493
44389
70665
12400
18133
86213
81675
63285
83687
56920
44061
88274
49406
40096
73441
87696
50837
57581
70818
76938
72378
23189
40882
63610
37667
66514
49283
63867
26854
38665
11458
31474
13951
70965
3074
45610
28163
48009
91440
63517
67465
19915
25236
27284
51466
79220
73313
68633
63099
85843
99324
32068
52478
87003
61076
94473
454
19475
21955
87833
3403
39564
72391
37014
4239
19421
97483
86676
74643
26391
15046
47381
65505
27859
2027
51482
26778
31469
54921
18049
79750
3849
71837
58864
37388
26195
86738
20564
8556
16768
62731
19474
38612
71704
80749
75048
88862
27460
40716
10668
46393
42553
51355
63223
41564
59453
20871
34098
70467
22494
36269
13688
83786
67037
49722
36896
73404
27834
35819
680
36353
44041
75244
84109
37704
13441
10887
58209
56396
64660
32221
96534
78653
24899
64726
90613
38583
69965
84266
13900
31113
78751
22533
58462
29692
16364
34617
40756
79827
53172
34261
8877
7528
37784
9564
45470
24457
14553
10888
45784
36579
21423
9590
18683
17387
45966
13217
88934
99162
33436
97467
25123
84401
35579
40351
2843
5268
92416
12555
34586
29810
20790
11704
89619
77765
52773
99501
96569
84123
16807
35651
20020
94103
37149
24503
39517
85682
1802
35669
10827
49017
8521
17601
36925
26063
42134
59245
66587
440
78990
72779
9974
2890
75950
56572
24558
99266
41444
22006
8787
67839
81844
36242
80639
54161
84345
41685
7217
37002
11276
51905
69887
244
43762
3450
16929
75227
59022
60291
55989
92793
91831
97076
16577
8173
80672
5831
97792
62959
54486
94890
43384
90684
76647
23954
14119
95826
44022
55772
6039
95431
99696
53488
51233
52465
81490
30047
33704
11928
5809
88701
44237
20904
45679
67208
45750
23796
95108
49280
76686
95724
50391
5103
84760
16178
74813
64747
7185
28079
88846
78622
60350
62656
58393
58968
20167
17657
42744
10664
93528
60689
54219
76255
37557
24766
66749
36654
73404
35621
43118
98955
37351
64676
91573
27825
80939
15651
30603
23619
25567
15786
63301
73440
65482
76649
61738
20313
32798
22362
82140
6561
13661
44431
86962
357
74196
17293
11506
42732
4794
96275
48556
64788
77036
87858
59130
10252
8637
61455
80799
31907
56668
34053
76794
81925
8190
66647
57626
22030
15179
21890
75122
98720
28169
88307
1322
99718
43780
87043
94732
98603
57043
4511
58091
54181
69959
8306
47618
9085
23725
10241
907
31517
45558
18073
84066
28764
69056
9463
314
32397
14287
53154
28736
40401
68960
58142
98755
85316
29306
87759
13852
75879
39460
13699
37958
95914
66282
54840
16331
16712
91376
173
30421
91294
90838
69144
54130
95142
17909
20248
92691
83466
56778
547
13461
63224
47199
83253
12688
97709
48169
23565
34908
27964
62570
22119
39422
31424
27778
97712
10068
17108
97818
13475
61651
57445
39882
53713
63920
76044
92280
41746
11303
91104
69025
92874
3334
2466
15305
76290
22176
56813
24638
62512
50401
74435
26264
79137
41743
52672
65493
30133
26004
66815
64175
23585
74865
20024
88816
80309
30922
26250
54319
91799
31784
94862
72652
51360
52828
1944
39041
40256
92913
11313
69927
81081
66025
882
47346
85875
86503
68601
43385
33194
52649
44899
36973
21114
7160
82473
63607
51452
44922
2650
30561
26248
95247
86010
28344
15608
29860
17732
88109
88378
41420
9311
16922
13253
55445
3904
98391
27854
38992
53123
42914
17255
9566
87908
78393
49575
97640
73132
50435
45392
83660
87652
50277
7211
16475
88465
76763
27493
9883
62791
72717
62747
83685
27023
66741
34831
52496
14425
14578
71467
91971
99646
38593
40858
21876
46593
70148
62749
34202
17754
26818
61384
81681
83916
56212
16983
92663
99167
95448
39769
2248
18000
34309
25423
78673
14001
80690
13245
20678
30080
2633
84579
93143
82552
49308
87751
63227
29493
37615
79100
34686
76393
43847
32899
41702
31649
49821
71688
62718
39338
89974
45672
89514
69600
49235
26283
77184
66494
19317
87120
50895
25344
81367
66122
9183
99829
95663
35224
7642
11696
87840
96006
16980
850
13412
71360
89606
98809
45639
11284
32893
56489
8766
6290
56331
90649
64721
59431
84738
83803
67796
52592
77692
99271
3784
92011
73467
66350
87962
19053
12606
30989
35040
96326
24573
47410
42093
93523
82276
80622
67240
7222
46648
97623
11749
13824
45890
60880
58211
2360
72414
13128
57235
38701
87610
41285
80190
66874
1083
26491
84009
70891
5884
75537
95164
67964
41241
4184
76119
39784
72134
5327
51530
59208
54576
24492
75143
57142
26278
22323
95281
64860
66022
72632
22289
22931
10311
91133
2712
99977
18465
91960
39807
42413
56507
34561
67746
97210
79808
32786
99945
67982
95757
72389
42594
65837
31330
54909
96625
67003
21347
79361
62802
30094
50083
43506
29984
84246
4505
57689
62771
49947
19995
50305
25402
88288
18971
21544
32590
7833
41232
35127
87708
59579
49264
1870
76401
9590
64447
46747
76718
94963
4618
24353
7473
56993
63624
56605
79072
17551
85649
42858
72007
62638
25599
18559
71162
74327
6123
11653
4271
93445
58170
34732
55597
25979
8873
80916
4815
30803
74679
99116
41155
20278
64572
50741
26570
74980
59316
17237
70088
61945
80233
19930
88793
7423
23563
76450
99068
22016
90530
89150
54828
55399
90962
7489
50914
52513
31430
46338
86869
19944
15215
42110
61254
80319
62829
86831
92582
96597
10880
92521
10509
24834
21187
60164
25474
43023
15781
62829
28342
40676
2702
40538
80883
79211
51349
11802
94748
21939
15447
38414
40144
29676
69539
94489
28108
72656
38591
13982
82026
74877
34261
69979
91381
894
7373
80615
50098
62965
32231
57727
73227
18400
79555
61671
52076
2891
10787
2333
4824
81838
10318
33392
35036
23868
83294
44206
63879
44010
507
29285
89855
88128
86517
96736
83564
65753
35981
49330
51076
13539
47378
3676
53160
70411
98654
80313
29629
59626
98506
50204
7860
34993
80917
6026
48246
20357
42741
74330
3137
88201
60017
54442
41787
82380
47087
9987
93062
80833
66046
98000
75229
39531
35972
65072
98354
34894
73684
73189
11458
75324
20847
40230
46059
51678
274
80105
47013
67087
52901
36487
94103
49483
41389
99624
51839
34550
70048
16032
58637
97372
54879
45037
34819
68735
75507
15638
15229
20081
99889
68326
53082
94758
17228
56352
37288
54018
44272
93945
45729
98236
72242
61620
72939
8536
6133
84744
90495
41599
41350
81681
39659
76280
17717
96535
1420
17567
10896
67596
4455
1594
92103
98742
6184
33335
24906
23132
92399
98388
70194
11426
94614
17854
15038
11732
60703
46911
36279
24605
16884
83632
50402
13004
92430
95298
35266
23128
98282
50615
75372
67275
52014
62557
30947
15113
63739
25277
6319
93075
13419
64390
41751
51758
37719
26316
99220
45832
24473
32016
210
49315
36295
61864
41201
1439
15037
88808
42368
83355
40645
41065
21170
76621
14785
81650
8477
3950
32951
72301
9255
68444
66514
52636
3009
10701
14522
34400
60854
91446
23672
2482
96668
59527
43402
45593
91269
94556
53638
97355
54555
9252
5593
59943
53411
23059
39304
56214
59085
66924
25806
79879
47430
51989
78282
79132
22668
35269
82697
78600
2058
36062
32025
70378
59812
82864
20027
56026
73745
35979
51232
69652
30466
50678
56025
54993
67856
2480
73362
61685
71952
46896
48068
7652
97452
93509
95028
69276
71272
81172
93235
81540
18231
79681
29587
82051
93938
37102
49147
18322
11847
52359
68504
22296
67404
6631
16610
69879
36268
95372
57126
50030
4034
96746
8783
86239
76977
48338
33580
31846
69384
64946
40265
92681
30655
64432
22693
23219
69890
66046
10711
12424
9478
31084
94841
88598
19283
82584
37328
48921
25958
82253
17269
50785
36023
66876
5001
84622
73400
18589
21072
61434
4684
18206
47438
71465
11977
58966
98437
69402
73852
64148
19513
90422
48532
81908
78430
48693
33492
47448
84429
33065
75956
49119
88806
47744
85009
73825
36451
37705
47425
89158
47540
71735
5812
78390
97834
9534
8156
98880
4110
78833
15690
36198
30123
4380
11588
8911
82521
23221
54974
71572
47272
55204
80456
49687
21257
58283
11283
65878
31501
63423
11546
9382
63687
44427
8329
27420
92368
24630
23505
75606
7211
87975
7994
51766
39271
93076
99410
19852
487
61484
960
90491
34988
31542
56250
84485
80531
83581
94935
85722
42568
9607
36429
32769
87852
76802
28024
22085
34210
73091
25519
72234
24998
10854
17173
30011
62390
85691
15453
70780
78939
84169
17756
84374
59208
54137
65067
50364
46362
13360
19821
90434
2681
19259
87458
17352
23359
64981
89995
80378
22940
67920
82729
8250
30544
20946
95300
57688
19096
93934
2838
96823
64986
96912
40749
15374
77406
4931
74786
58936
43315
90030
43309
91824
8991
7342
15027
2429
37048
50188
61991
68948
48285
52281
2509
31635
49006
81959
6554
60472
2458
99147
62088
45358
89423
75643
25389
16813
67958
88438
37888
22890
52505
83224
80738
27424
98505
33394
80457
29771
66160
32660
12347
25183
38732
30288
40032
62838
71740
78837
31800
3566
43522
65788
551
74589
12239
53142
94176
39229
84850
78213
98581
29038
63235
84269
56278
80069
28899
45680
33061
4999
51641
99547
59329
54553
46528
71999
82208
20024
75146
68286
43831
62222
76421
66338
94601
77628
91323
23408
65805
21481
41676
78400
92251
58628
94083
49635
21819
71470
82397
85400
67711
86292
84984
24618
83523
68136
13223
41789
42952
72638
15249
44095
16854
69212
97059
58389
57409
41545
97697
79595
87800
58359
9050
54384
74108
73635
23944
55858
71864
84080
62595
10225
92310
46299
61420
32073
66102
23574
7010
70310
36663
89275
445
3503
37361
462
17915
36675
27281
82334
78835
48679
54527
3793
53802
49288
96632
87029
5722
95725
52482
51220
20861
70571
46743
51467
31868
63886
56459
35986
24728
78142
41646
52064
41947
47101
96845
42644
89814
96549
34880
87007
75400
89653
56565
70214
3284
72595
45879
47855
8111
77890
56425
79091
88092
52532
17560
39928
28845
69794
15403
54437
68009
20500
11355
55058
65757
80355
33692
82346
92504
48258
28278
51353
90592
27815
24588
23347
60164
15001
40818
98008
52249
37844
8660
9728
59070
92689
9648
5482
24715
36188
19283
69249
54783
44432
95890
96009
14147
27082
94992
86905
90860
56606
2165
56605
22838
87142
79877
47468
65677
13005
57176
65654
23676
5718
68633
51230
29301
86604
37251
81997
85618
21846
66279
50769
33814
49395
4880
40307
47012
96785
35031
61415
85948
51955
56373
95563
83102
90111
6323
35670
86502
71866
80977
31637
86970
35276
85936
67809
13904
14741
72690
91751
80100
49236
57308
1839
86723
90667
12506
558
74315
79188
45746
45551
72046
87353
9262
56382
24398
19385
88775
2905
55739
34463
12758
54185
78423
78263
87235
66984
44179
12129
96912
91471
57655
62682
88905
34317
65633
10944
26581
67031
69247
93318
80064
65905
48656
17535
23600
71630
81399
21150
33258
72473
64098
57983
50197
94072
81985
89407
21192
27965
64124
80227
78672
32367
33682
91879
13110
54053
19709
67292
49759
6909
65162
63471
84411
43311
37379
96472
61090
50091
85165
76458
49132
99084
86622
90995
3163
10353
1778
85656
6194
76764
45027
25602
74226
43878
26861
43857
57331
88935
15095
15093
84774
85806
96360
33435
49842
87750
57199
30204
3656
6080
46508
79359
80854
89083
71442
13108
41552
95080
43932
38929
91667
58299
64532
93956
71242
56697
71087
74991
56960
9196
60447
33117
50671
78819
14857
80111
67069
40835
91290
95661
82629
98918
47027
88351
33805
10485
23105
52029
3624
34498
87733
13882
43707
85415
85704
41946
37138
27592
94324
86988
74586
56293
34784
32330
71008
77349
29921
58343
6272
55007
71842
32579
14965
69948
91502
59566
24617
78800
21710
22338
32224
8933
67572
20616
83680
58689
74868
6995
66265
87088
94704
18531
22026
1457
79854
65038
74507
28401
31496
26571
7706
20929
22188
20709
74469
28290
97998
2398
21302
145
35503
34742
71808
43097
87284
32831
92418
8076
92354
78827
91471
32980
14094
46097
27472
14003
39624
82149
66098
87485
61419
51011
37399
43879
37899
68593
1234
31729
50202
71413
52588
64795
38546
38202
68729
61860
87578
48349
52195
64689
90755
24784
52735
8457
27129
95411
85593
4997
49691
10056
18243
29757
57803
99725
94839
84213
49399
30365
21386
50163
81360
1054
40972
66868
45609
66331
6940
18939
73925
91325
39200
67488
96524
4363
52323
16505
16561
80842
21671
45427
51169
44498
78423
67639
86758
95508
56859
9543
25479
56927
60111
91015
29258
61913
91549
58161
78802
75388
48037
84994
6984
67764
53958
33428
28458
20308
34895
2007
20085
79783
52206
56920
14309
25165
38516
61943
72667
51051
3635
33262
80477
91331
6395
1370
63433
70492
56150
41141
237
82948
21340
14348
47194
76499
95886
53740
3410
76162
53415
29339
45316
43400
40229
15076
28126
1167
76017
76682
57317
80495
55218
21732
98126
77934
68422
41133
38089
16340
7063
81463
24437
72229
55285
49894
71464
44460
36662
25665
7567
83990
82975
45080
27873
85276
39865
50524
30568
4526
51857
33637
19437
94424
46326
28239
44105
47045
92168
98017
83216
29699
1717
45064
22268
15893
94296
30714
74851
52687
23402
21425
46326
74454
11242
65261
42023
17201
72969
84978
83390
54640
54418
27649
67494
76486
97512
24185
61258
83399
11614
38042
53644
59050
66034
12300
7478
34711
70797
35504
58565
55844
43608
20147
61043
25516
75626
69750
5733
42409
7977
99366
57087
19397
37867
78057
92383
33637
37564
73785
18597
17859
17991
2702
37614
67222
13906
44065
47773
85194
9756
93554
40399
79327
30352
42294
87025
1764
40796
60764
83585
55791
81815
76149
99692
69677
13147
24786
72792
64191
37718
7737
387
40005
87005
4372
19694
65520
84099
19583
54968
74321
47522
14766
86682
83881
7723
25293
19387
47472
15671
69565
17504
27254
38166
72584
28330
77432
64912
80367
32881
20327
21308
47497
50407
25059
35116
44454
1605
2404
54119
9764
83884
38394
72351
76159
12441
91367
17808
4028
77032
48443
64935
57272
81985
96232
95641
71212
18840
72658
50401
99612
80478
98049
40982
95954
69847
85293
35452
7649
48988
13166
75161
43792
66805
7742
62768
95573
48935
27308
99272
69641
79902
38052
41116
52301
85884
21484
44253
41645
35686
29112
33373
54582
9489
46894
42818
84404
41408
99946
11764
62034
22165
13913
11144
77337
24482
72136
36308
76240
6957
19115
5506
99843
23417
48283
58645
90427
79532
47414
90880
24596
45703
96539
72560
43107
9143
31706
94465
86625
50022
83244
92679
14780
1700
81987
65496
42778
73789
1646
71471
8530
79785
52168
85479
44127
71348
9773
601
38423
87374
46081
1444
31490
31420
52083
43388
57261
13285
46818
68363
51076
19633
3831
59152
73085
31265
60055
34500
1267
30401
70156
69359
37772
80811
24821
9583
60846
96469
83352
29047
86155
67399
65028
50663
62210
68901
65115
72113
85366
35970
59844
13131
18462
82362
20564
25603
17487
45406
25421
28219
66980
72484
37923
18291
62829
80810
83876
94039
47330
93833
32705
53810
8366
42063
35283
81983
60314
19466
57091
66586
48253
3957
18360
82239
20520
60035
20759
55542
39068
20761
76555
89268
2453
35589
41749
47022
91918
30706
59303
1536
18142
37246
97346
50334
37597
58051
84020
63239
73476
62667
86126
21453
81472
24803
53599
20269
92903
48049
55394
72758
48600
28603
70713
49656
6303
25103
80152
12186
58955
192
14633
42271
72318
66902
34926
37100
39823
24764
42058
21771
42656
68421
50527
54712
46778
53688
30997
67363
97705
72325
44613
53870
20263
45621
41614
77749
90464
82302
35992
97271
88343
72042
95884
11820
49677
98747
14332
14614
29523
15276
73778
22008
39085
52836
77750
93902
62908
58549
36427
51696
5669
1700
8490
11716
28421
95973
62652
71097
32227
17878
8661
89700
85071
10137
50776
41020
87954
5286
82126
41062
28471
81525
95829
22724
5355
2303
23459
39701
72651
1659
86467
95519
2679
2796
37968
69976
47893
8272
79601
31626
60555
77613
78945
41484
15195
27096
55286
59480
20569
320
48752
14629
76475
33530
23389
70125
35307
12323
53876
26291
48373
37926
16988
97265
8344
95607
91676
11776
37358
36778
25651
99026
42768
84880
4041
2593
94167
61428
57066
82774
51124
70789
33
40274
97684
39135
77005
93151
56890
66770
23506
21729
79993
37209
38454
15219
7508
81742
88379
4171
7818
61933
22364
53732
65407
51738
41089
30180
87888
70846
99915
45911
524
82582
15451
11344
12843
60680
47839
98654
94322
88408
12101
49876
6491
36500
55412
77405
20593
50856
36636
54859
90650
28143
62382
17014
57221
94072
93661
94397
22970
96345
3964
61043
42281
28114
64912
82600
4754
15059
94909
77044
55576
4259
19782
83041
64088
82972
78268
10952
58893
10637
34834
80855
78937
77951
34178
99280
57913
35898
82982
73641
94743
23141
71216
48720
28044
68844
28472
60732
12028
40355
14189
28556
1263
46682
45398
49469
42900
64623
53426
16066
16035
11219
50060
13550
83194
63473
35027
55819
88165
2899
68226
46582
47429
37066
8897
37573
62102
75707
83058
10143
27080
66652
39634
79516
89737
96106
56222
38494
396
71423
31731
81939
78510
7538
94018
48522
92106
68699
30125
73066
87661
15504
5446
44989
16903
29295
88552
29662
11107
34487
69075
93103
95099
3949
84241
68666
89190
13637
94573
78823
65665
11341
82452
23265
26558
82449
61887
6014
21065
13421
92686
81732
83172
69530
89245
31108
71658
89575
94889
73745
57679
71587
19177
79049
5369
73345
26166
50571
53829
73265
40939
20598
13813
6547
24289
48587
6278
37355
39566
28477
17388
66065
67329
36155
44473
45417
78771
19889
94055
15481
48110
71756
95769
49366
29028
29247
47696
32290
58373
76483
19575
24897
85080
63831
47605
13706
82667
2165
96520
76502
63732
95181
33484
83624
40792
70995
22256
74316
4379
23168
72306
194
76644
50995
18946
10832
14766
63515
26301
92035
7422
53521
62333
5110
16223
91628
46738
61473
84533
74868
83769
39563
67590
45128
58875
33333
52327
2682
53968
32155
29507
452
19450
48074
79273
60231
46717
58447
18711
6166
36935
59722
82048
19599
33643
40769
54632
33629
48200
87387
48567
34589
999
3344
67617
47618
82797
82292
21892
43291
40710
82863
94863
79316
65972
12906
87362
59008
89645
4660
51538
74412
65386
54118
95712
49962
47572
29491
28158
56097
69291
8667
58465
23899
82044
76237
67920
92066
31878
56781
92667
70347
78949
68925
90288
73045
1967
92862
60846
88619
64039
35766
79432
34268
82055
81822
37792
43826
13973
95627
61233
47066
57759
26681
23077
83401
26822
33050
6690
14455
73514
84297
87664
84141
52787
13636
34245
40883
42163
50544
866
87510
19577
13076
11990
12690
21208
84646
68394
63465
75038
7281
67655
94668
97557
66273
47456
41129
46200
87687
99224
13644
6944
4966
7110
94224
91051
94529
44123
15162
82617
87277
6096
93621
21294
6473
62561
61930
28603
52123
50031
94399
2961
79860
20765
12733
9768
99167
19394
45749
4078
65059
67335
18480
22966
1063
25727
28742
7155
46035
93652
24693
7883
40214
38068
48291
75164
84194
13574
12571
17420
20462
51445
69355
4500
21490
72133
75523
48505
29991
73437
92675
26162
59689
46209
15948
66026
77484
86579
20694
50643
96872
69406
17121
55794
94552
16680
19681
83639
67277
13405
94079
97786
13643
76830
44931
76514
49210
98035
95412
85471
63397
17911
25431
4363
37707
61386
13331
24005
8865
17576
51177
59534
76027
70827
49871
86176
20540
97993
48990
85298
88758
17526
38075
21807
10501
52187
79020
73688
63392
13224
799
51382
42210
99732
52762
47658
40832
36535
55592
73508
23715
49940
43468
22223
57404
51980
73485
60169
29324
62238
54114
12380
41802
98488
65784
7631
82181
80112
41822
39953
89926
80543
48223
45029
74878
27496
23747
19203
42795
63129
76041
28132
60620
82766
36988
40887
64939
88667
42935
1845
75856
81934
39727
79981
22603
46719
46593
6258
15798
54878
4685
62562
59
99925
66102
85096
91273
84249
55127
38856
64859
42167
3347
74241
30723
18100
24856
21884
57811
2150
81529
5193
97290
14392
44873
66793
39281
16052
84580
58306
122
3210
57037
18866
28496
71689
36426
54009
76976
56013
47689
70559
96042
6310
48598
72433
44173
93203
48001
5774
2967
98171
93276
66359
18629
95137
16081
41487
80122
8454
35230
16033
31769
31543
68661
62669
29558
1198
49369
1086
81902
67961
70294
22013
25825
64693
99231
11194
24883
39506
12247
74780
43879
55703
14429
85763
74326
42895
22158
65508
47144
830
66420
10962
43134
58169
42753
89479
38229
6450
92307
53451
21375
9854
70275
73915
32268
57379
93266
76046
96495
72739
1304
94830
33313
23447
21572
89997
51344
65071
2971
3432
35827
80731
55246
71884
5312
42828
50814
23035
38819
69099
84402
57320
90513
13538
6786
8917
15578
23401
71602
56620
16870
37568
89808
33879
96448
67908
19157
74375
95136
70158
4886
78693
3002
30743
15072
83208
98273
79408
64462
22006
92982
92448
78574
77168
89277
3653
39887
74478
89111
56836
91168
84233
58193
39809
77010
60121
77630
16330
71783
73532
14865
18768
77155
52024
82587
50937
10105
22423
1224
78337
15297
58292
72913
56624
74978
83109
77664
77725
34864
48843
58024
15338
30289
49358
10698
94488
5125
1967
61954
40515
71864
42728
32192
10157
11842
90138
28993
63268
10904
21096
42914
96977
67794
72738
24455
50894
88801
67250
93588
96916
50961
58449
93873
94394
28125
36407
69064
3308
77181
95385
46274
90652
65504
37919
49476
33816
53341
40581
55185
37974
36504
4562
1211
79092
36055
74567
24651
808
57754
80578
80882
3769
66494
52334
37992
69932
87305
23311
77376
73362
15169
34313
94863
10729
25053
53857
32119
24308
77984
81199
37868
50208
56390
63353
57405
59069
21299
89909
13660
38600
47321
57905
48754
56960
2791
29438
63949
92939
94105
40455
74792
90362
53937
26839
37644
70584
81223
49484
50647
52909
74718
71191
89904
74238
83666
53131
78057
32385
56948
32338
47571
41900
51752
45267
21412
41909
96933
72260
22103
31622
28528
6875
17272
3112
26336
17586
99199
75263
72810
32832
19366
92542
7735
90608
7401
23862
26999
86232
44926
78507
47880
5165
29238
82069
2338
28007
14306
29243
24034
13722
9746
79001
50234
86611
92024
76666
46412
3886
59264
79013
85016
83866
15465
12218
54704
43720
89384
63583
93873
94043
46593
25044
19086
13092
80254
44482
58247
33223
45116
33174
78527
44237
91568
47076
69791
46365
29620
54582
96251
87964
67224
51097
13110
32745
6909
96589
5067
90640
3245
4032
50670
37988
44780
17302
14975
49432
26410
76822
40233
98162
16246
22770
17596
88636
31474
8732
2518
75583
14065
87365
57507
22761
81617
89102
19065
44936
54239
46237
68085
49072
59562
45346
35287
12674
57778
73083
10690
93613
46861
41007
71070
75381
75506
80006
30412
11612
96937
46201
75997
55004
24018
50879
81080
7006
67015
8998
55415
80841
70204
84417
72626
19754
76734
18077
16892
90633
23034
80102
59173
66475
21778
86725
8111
55452
66233
31080
13827
59877
93899
48326
56869
56793
42601
79227
45724
97042
47712
92952
81051
66262
94341
65000
37585
30636
11443
46624
87953
18897
52269
67020
45282
74455
94374
47063
29702
93493
9374
48159
82993
64408
34570
63233
55866
79222
3947
69508
70297
58875
99950
6648
45422
60623
34478
8287
76802
88780
57442
44358
96594
18522
16645
51390
12588
23170
8760
16737
16649
49426
50117
67115
35776
79237
94281
40997
23468
94901
37288
56052
91632
36302
42395
54647
49464
33041
84040
77992
32214
55395
28067
76077
37897
30531
12659
31745
16106
6916
2108
18074
19716
32469
29437
40670
14325
68581
40647
76379
87471
57771
81609
52494
32811
1816
85045
85274
29753
76220
92947
11588
67020
84538
18462
70975
62173
64377
57350
36780
78990
59796
23341
62405
36705
97406
56974
51761
23205
22518
25779
1793
37227
28863
56101
87209
72341
23946
57707
14750
14319
65634
68179
56007
11892
83611
90131
63585
86293
19138
64067
69613
54956
31196
31976
91001
52684
43540
85012
77037
53831
63798
66917
58090
82864
64352
33965
95939
77496
30428
56008
43418
91398
1245
36621
71922
29326
15883
48476
26001
83101
37526
87493
52424
55588
41521
42733
62753
15197
91162
47259
31202
67225
20462
52576
27450
28947
56679
64278
53029
77978
55856
65642
66250
3483
63107
7151
67715
68147
72586
401
9669
31255
70399
82801
7801
28203
69223
8833
11525
9848
86099
62104
97273
57522
59229
58149
84652
54558
13419
78256
76932
95881
55123
92851
53763
67776
54695
48839
80779
21329
72515
73355
8874
62544
71360
7716
19367
85155
92276
95138
61655
804
10010
65182
74780
77750
43569
38936
70608
42482
93078
44864
61950
43364
61407
48670
41929
20305
29480
28820
76545
28153
84037
70417
49277
81516
4843
2386
91046
38751
33464
12195
10296
52503
97400
8101
45247
70172
53852
88197
29966
42223
81001
84886
42252
75277
49996
53243
79870
39062
29051
54685
82115
81024
92343
90579
78526
31391
76220
84494
14683
23782
48929
43234
22637
95984
94564
51718
85335
81488
88316
78064
78022
83564
5279
58567
45070
47706
97750
13853
82233
18539
65913
66743
47102
72974
40343
81256
57394
39299
46380
65620
59025
11151
94335
64606
25894
52062
44581
2587
41869
54954
95354
6285
7666
70561
49084
73683
98357
78715
79184
81130
14953
83333
4522
53565
77749
39356
9408
28472
65694
12484
69462
12792
52267
89776
22937
89140
6898
69728
77285
80337
25450
44424
36042
56380
86386
32259
5042
7062
19582
96510
59570
68124
85350
37101
61862
95382
69081
16369
4906
21715
57282
59625
53760
63531
87598
36270
3932
88239
60796
80398
73722
54971
16874
7814
28676
48753
92336
13179
15320
78683
65526
25654
99190
29717
13123
13268
27297
65257
11911
79575
65854
48229
69203
99246
26980
69870
58208
14552
63532
16250
11079
23027
11231
84953
56396
80915
18076
92285
9273
42302
40638
36031
27705
2506
28863
19947
29089
47939
21508
5582
76171
7473
40884
8003
20110
14063
6454
98586
30391
5380
85184
22673
20123
49776
39458
84420
50478
43099
52914
9743
96520
96968
2471
95709
93196
22101
56150
79663
28827
31134
24597
77864
61997
64001
33147
70964
5615
5890
61286
40705
48589
44517
48132
29175
40882
6691
70584
84852
36466
17607
86566
65645
30962
97684
31000
42628
86082
70390
30306
44860
99619
73198
48086
73716
12398
7067
71386
83397
15417
49521
42284
17364
60549
60744
47140
34131
65383
42696
151
93487
60938
6837
63491
61612
72716
80426
24849
78141
85819
32746
73410
38435
54162
76339
59543
98039
65647
74920
21667
93795
24161
23411
55876
12935
67375
26357
67692
5349
82525
17727
66630
90242
70261
49235
72906
37441
40673
56379
56850
56590
82118
4100
72608
89572
95954
84458
65580
7970
74074
92575
56894
81026
72826
11985
77899
72245
4725
2729
52553
35058
22314
12987
36457
813
13156
60818
95483
54832
87821
208
11733
5219
1394
74053
30371
44706
19025
48464
55102
94522
1210
94319
41642
17729
72710
57867
94787
52359
59358
36657
71599
19919
65361
91883
77180
36204
74250
87730
34272
86040
83665
65199
17068
94389
18058
27407
95218
79216
40985
16981
23938
29075
10953
86063
84252
76334
56369
76248
97144
23319
4374
13265
30450
90088
35673
92294
78180
87682
10758
1900
62467
36466
4068
22682
67647
95729
19911
45819
75217
32634
97704
39549
4326
93146
59946
13473
68149
72951
1889
76316
5731
74244
27981
34439
35906
49755
12641
43545
44289
20100
77866
38751
79405
84957
16401
43710
90298
84362
73870
72978
70681
97063
89975
30461
27339
99223
97210
65821
56009
10537
14062
69491
25372
90730
15097
88542
1064
85304
21408
81811
24078
18530
62278
62650
52185
50452
98661
54414
82155
445
34236
75000
24626
84271
52789
50258
59968
50446
73421
39011
25800
44548
25092
27059
69993
43785
41350
67609
83165
71707
43379
72289
50910
11191
51155
51899
90202
25726
21484
69270
91817
84360
81545
62056
81718
65950
24629
47474
92613
46367
70532
76193
26814
78456
58747
40948
68785
17851
30528
51131
80695
69780
71327
35914
33102
97830
75237
25075
3048
86283
92616
35988
11210
37033
91987
22495
37757
79795
28648
4213
73994
21320
53769
8980
32715
83776
99203
25110
90838
80694
8100
39888
81679
30187
23937
38902
30872
57107
81723
14681
67159
66791
44495
26790
64855
52063
77879
16626
34120
19392
74771
69079
98989
58010
79586
68513
22452
1092
32764
61371
13207
26848
73910
26695
62261
658
34369
26347
91148
52572
5320
77133
16364
51033
38850
2512
19247
55150
56420
52689
73848
16147
61355
30309
62024
24287
39991
4857
36585
38050
53412
73769
53483
42340
66108
60346
34363
40047
77738
10949
93385
21529
85934
61772
93843
9423
382
86912
81733
79885
36983
27453
17564
26858
59725
40067
27207
89016
5353
59436
3235
76582
18244
11077
89608
916
15508
76640
64897
3975
17336
64361
27202
74922
70912
49657
58537
62261
90137
73303
57885
58974
21598
8250
13503
63123
79356
44492
11849
55293
42551
98530
75350
73362
99556
58607
52290
37910
52796
90201
68463
57320
65949
34211
94341
12056
69807
64412
78322
14837
40481
52563
78674
48212
65803
96438
75614
10515
76303
59192
17569
32818
26194
94339
9557
1781
75573
67297
26584
95761
45609
67082
2581
48182
40706
80421
11420
99161
91622
71948
34258
64945
44784
52289
11055
84824
84836
25066
17259
66737
61936
72123
11221
65414
10171
81463
90454
9763
52222
86583
35036
80526
28289
57763
43649
67901
83969
84250
45433
52093
27408
41868
94610
67244
35493
42295
86371
95395
20919
31760
10872
8799
38529
70580
4743
21335
21857
21725
63551
53696
49161
36438
88526
17559
65046
37718
78807
87679
68767
89841
43710
44930
50683
74293
84814
31280
47463
1849
70990
33010
14008
47628
78144
80572
7365
6790
311
8307
80390
20212
33127
12914
77445
14462
99613
22996
25111
96428
65522
24105
14598
96492
69006
14255
6628
37313
20006
1276
43340
81945
94414
68126
81114
80371
47211
66089
35397
5336
75741
26018
16724
32855
31495
95254
50754
60659
17457
34242
37288
82194
68542
45412
67518
84652
45136
96835
46386
36110
56252
96682
19125
99916
65990
69146
71340
19038
32424
82235
57646
50429
58189
64327
27976
93929
14004
57029
8710
73944
46647
5759
14542
32052
47986
91433
94850
12365
50176
42657
89963
47634
3646
62428
22817
58021
42156
13184
53176
5950
45719
48748
36856
2495
66831
69822
31535
68004
32139
22107
25938
49415
68697
6553
83102
94736
2524
57538
39124
40148
32948
61634
61101
40097
49211
85522
37458
91359
34627
58302
97136
81783
85365
2029
84236
86651
20959
15984
48973
39049
1152
10673
30892
67721
18560
19177
57318
18647
62883
94796
21125
78562
41098
14614
59934
44275
67608
74462
39895
26165
56011
94298
97628
46133
73761
98830
68360
5060
25323
39506
46686
16169
4775
92634
29527
94739
27221
90008
67861
8860
74397
4570
63652
80367
88237
41587
9150
45119
1905
10908
64308
75396
7502
91930
75228
94782
48036
1282
35555
35175
61051
77380
78739
69542
18802
8822
4507
57858
16287
28110
74135
39372
75208
45026
80771
56404
88152
19524
34562
58219
68603
43046
25507
32461
54794
94813
94315
1138
64620
52515
69160
61731
28255
66705
97546
40074
40001
73508
45477
26185
746
56489
83356
46612
56717
31977
71757
48238
45607
1707
62661
85576
85881
16022
53299
86159
85986
97114
58359
51610
99953
65392
29668
87638
25952
95301
732
24330
85660
81718
67939
13668
46689
27984
55274
48155
50053
83836
33667
76339
7991
91028
16446
35425
53491
13322
88594
26757
85858
84486
71739
30963
36808
65530
94510
22967
91025
893
40274
46261
52883
140
28521
39678
79655
98931
25887
93977
77563
50898
1778
57519
44008
73321
24264
22240
52867
91602
50526
43473
97010
71775
3989
24219
25292
51538
85608
96202
17882
59996
30989
17723
60648
55386
90186
92751
75847
22474
15266
6390
22846
74610
18936
49854
32366
90924
12578
17644
57581
8304
19486
16648
12904
16564
92172
4809
32223
64014
34759
24484
72988
46927
79266
69648
29956
3644
68025
28574
79616
3821
73464
95309
86635
72551
10337
49117
83365
42770
41389
151
1272
31312
89570
58113
46257
24412
79771
51885
49756
40027
65367
50509
15344
53097
47241
99469
37945
58175
96401
90629
76462
52215
78145
33236
91550
19508
55538
23390
60117
97768
87338
83765
31206
5163
93030
67724
46740
37120
14602
55018
68
97912
30428
42679
97547
99841
40893
41044
92576
2858
7806
6290
76681
74681
67621
88458
79475
39008
55244
36789
5423
11137
13454
19148
5348
30067
59869
33126
3247
31244
47802
32623
96208
81885
76380
99242
2067
48218
79720
46814
24423
53571
57071
53819
97239
93640
66371
72087
24399
52421
31766
14079
62038
30906
53874
70637
22661
88821
90210
19645
44633
57372
18174
19562
53767
20245
13786
65769
45081
13267
24678
14697
55155
9783
52105
27027
53933
69084
56859
27393
84463
30358
82004
68474
54670
52434
16108
24971
87101
46660
57199
57054
39856
79301
78284
57263
71410
78661
82391
75040
49417
49285
79221
5322
49117
46996
15412
34391
77368
60155
74352
63939
19458
36923
80124
10678
14761
96796
22097
56602
37835
91487
39313
96478
66034
29615
54898
56857
6261
75879
21322
37720
15802
72467
51978
56800
63104
76461
8342
79169
9135
38490
26781
68099
18918
75988
5854
76400
89050
61588
30761
16056
46598
55636
52523
95215
67454
2300
33691
27789
91081
50684
11155
22672
69430
36044
29294
42567
52303
31621
39410
61504
59687
95075
30504
98040
75802
18625
66239
6399
23599
91449
50520
125
62466
22080
64491
5434
47029
28710
44410
68103
62256
86514
86994
77531
16279
81280
73717
26163
55518
16211
64898
82379
1356
14843
95347
13127
89451
90917
30411
58699
96211
37288
40302
62090
79847
10884
91510
60287
4
42193
12839
28016
27809
58885
35492
40833
16356
92907
51684
70660
25515
2593
77436
41772
16251
49176
71223
77823
54026
1095
31507
58203
23842
60832
63929
82926
34980
27654
59104
8932
56683
9638
70426
24412
95522
96889
71779
8071
55849
36412
95317
94993
3032
45851
51180
17573
58766
90994
92564
91062
63527
58277
29798
82751
80336
93183
36199
9327
98584
74570
49269
96370
38355
59112
79762
78056
20001
8856
48882
56110
61937
21101
99560
85475
25739
755
94154
8079
9731
32231
74040
63708
63829
22496
92706
29177
89206
40967
46026
66675
43743
39258
28030
42482
38026
75319
49161
47862
71440
48083
82228
68477
75460
50263
22275
77442
62571
20139
40910
3968
82696
52183
75206
57407
86584
85548
62086
59777
78307
77553
71908
87062
9487
44266
35364
35487
75409
9209
26535
8649
48092
18784
33361
59785
46873
29370
63428
30375
53203
21447
63852
93807
13907
49242
92404
2416
83027
32033
59488
84983
48387
74845
27068
68415
58906
36029
82491
33011
85538
65982
50877
44281
97519
94703
63004
96304
72720
33114
95779
9868
44056
81415
97449
81164
70446
7630
37160
12968
83390
43118
19705
5233
751
57365
58154
99899
25515
20358
70217
69371
55781
40001
61712
16355
90629
30384
4796
65227
64154
13530
94681
79447
71703
75867
37391
15389
36459
4304
86067
77821
60040
5402
63852
83579
83329
30826
78673
78284
24298
26376
29976
10498
47438
29366
19234
40719
25408
45590
70296
13830
2681
259
17530
24049
31859
18661
88981
12039
63084
94669
16687
47743
13699
22231
61998
36068
19674
50795
36974
96857
84119
59358
71441
79756
42274
35661
21275
78188
48345
32362
76623
95571
85906
96573
35406
25347
76008
43953
75947
94763
17937
8794
25867
53101
15013
75170
90178
74140
49971
77964
41243
20142
44761
10076
18478
29615
8669
74831
93000
97773
60964
80926
77017
43067
1050
40281
35062
16070
72059
66431
8277
94021
85042
62455
89916
18103
1778
64071
77085
53810
70533
38151
5450
25454
46978
25696
23244
12509
68971
50172
90811
46463
30862
39548
51989
67472
12717
63875
31927
17629
36254
76424
8031
98464
82311
26788
60149
92835
88209
69247
90923
53294
85311
43035
29588
73494
16216
647
78382
83262
81871
5292
14870
92038
44208
84737
80847
6396
16110
12884
79570
30201
86787
35782
79135
29953
40681
15840
51099
94614
30190
98047
6552
12046
6449
72620
74008
54053
66881
17954
36960
31665
5983
82991
9963
60191
98614
34375
42884
52837
26655
18773
30929
53853
70788
21190
85121
81602
91115
26205
30738
47454
55226
9409
33228
63918
7177
97955
49883
73331
54952
506
87534
95583
48510
9054
53244
15764
60511
11741
14803
8691
90817
15815
23222
80554
35751
25318
53433
3749
81972
51797
41441
2138
59446
68573
34998
87328
78197
96724
18670
3576
94821
36436
31767
96659
26956
49152
71732
33725
67918
53451
74390
79460
8066
3855
6075
45803
73792
62387
33220
11682
2868
57889
70710
68970
88513
99283
60040
90658
2964
93169
34598
76967
3537
19069
78947
75356
61066
81323
21595
32355
73898
2258
60565
41798
93876
98887
58388
80055
74021
89435
61682
6246
69293
23824
6286
27287
63061
93724
78697
72854
92904
85528
65654
67295
53788
60246
56708
18915
28526
44907
10343
33741
69004
73271
17283
46534
86045
23509
38402
96617
63491
70459
76669
93217
28367
52631
92957
3153
31158
88227
22870
17899
54337
59363
69887
66008
10663
80761
11284
29902
92070
11841
36997
83577
75984
94022
4810
62194
33933
48853
42021
94166
6921
41299
44309
84005
86364
8775
63604
39537
66311
25347
53332
50506
44326
19758
86378
68864
25824
39618
93528
46753
67422
6988
45599
45340
63909
56509
57735
16690
90406
48402
72888
40932
19219
18895
6914
54573
18825
20657
29149
98815
80821
66825
91293
98228
72749
75117
50522
61139
32551
92463
64629
60003
15022
97924
30793
11484
46186
10548
35325
94076
35770
94769
10461
99130
47521
49102
19937
25153
32043
6091
94968
76575
82632
2892
74691
94599
40688
17244
15230
90467
31471
49426
52808
94335
12568
96546
40912
32371
91032
72409
81152
7650
46735
57090
31340
82311
55222
71019
25068
48009
85904
54158
95597
80728
34330
59242
52112
58119
84054
84783
19972
70004
22589
43812
89740
85029
35117
1605
59105
84062
18340
94715
22543
58296
40792
1798
35342
56331
57775
63919
74781
68244
20640
56572
38476
97529
96606
30714
71254
93490
77538
21210
59661
62630
23338
11616
33582
21004
65038
99634
78443
91722
14103
65727
97041
84262
63530
63886
64392
35320
88897
87187
36239
62622
45123
54923
47010
16284
97755
54405
6209
40380
70936
53894
58488
57244
2649
46985
33267
57807
632
35928
47487
72773
76167
1605
16672
94035
2550
56342
3305
43772
62677
51379
75817
21291
16414
84528
84503
25069
1380
61440
36485
31197
91970
421
58721
44840
88081
47912
47702
35915
49553
28477
63477
3932
50330
29919
22803
67808
82729
44503
59920
51821
74212
32257
20509
59561
30502
90115
46999
53340
23983
27600
99569
57489
43815
2258
63288
10590
24623
95322
43624
23785
4817
72893
46555
37888
10169
20254
83610
37353
95873
18982
48696
46228
8005
22843
70948
92946
30072
68267
54507
70029
11742
65394
69061
15023
5811
73152
78565
85036
87785
20406
36873
68571
64321
39234
1285
30169
49435
34918
7978
27404
60555
80240
35157
91547
3583
71910
61627
54903
75955
78007
91237
5791
36025
97334
86705
81878
11223
12935
36157
9605
55589
34673
62418
27415
63540
68974
33916
16356
60266
52497
87950
49257
16358
47039
91356
56111
30243
525
89602
79996
85941
16962
6522
2637
65175
64546
67353
12280
16015
47227
30457
66540
97882
80148
21421
26749
94508
2799
76326
78301
33760
86166
52985
23635
3205
12586
73329
99270
26471
31071
10063
4321
75610
32633
34506
30623
81019
96791
85058
67399
15187
98688
25437
51662
6369
92390
17268
21278
43474
48579
29393
99628
3905
51675
85926
67602
41187
27068
41536
38235
95062
31168
92897
83519
36064
32071
16226
71954
66443
32831
13590
51353
14911
59509
72966
5845
77214
69775
67758
30068
18935
28839
87341
13049
30404
79927
61275
71209
27163
38408
67374
62210
49913
92600
74017
22853
92769
71874
44314
4725
75947
89848
2036
68730
69626
3293
45766
43386
25527
47664
39264
80650
31671
79908
27121
45827
56045
25317
25552
82070
52497
71786
61581
42099
62125
84253
4436
17996
23608
45922
33552
59774
777
25731
96620
58946
59993
4415
90638
75628
42482
95059
57981
24354
42957
1156
74082
97211
66465
84134
4320
43360
28455
80037
8074
31970
22204
22105
69504
75569
57984
10817
24986
43576
38988
29571
83938
88410
28057
52367
593
92964
32955
32977
50999
89569
40034
22032
1171
4406
40542
72738
62672
68019
71039
46342
92017
75697
70706
8857
62266
10029
17026
85980
60914
21044
18477
98111
82778
83248
83936
85331
76018
95794
64225
55150
89452
36232
10049
60933
94232
52898
58941
46575
77081
24425
84967
17554
30829
42251
50588
35275
70952
56886
48383
65081
72058
99460
22186
20652
91798
65203
32974
70544
37309
25224
54679
34584
16217
16523
29629
64597
67236
95142
39379
23023
17453
17454
5767
75173
89657
78796
419
78051
34945
40327
13278
54336
6988
10341
22697
16776
57480
43362
70070
16214
7106
30768
25274
21921
20716
76427
93481
25301
85234
67691
90762
69095
65810
82889
48691
3268
52803
30377
32294
33411
2709
71979
46023
18287
89943
33523
95075
51402
85681
64320
63059
71398
99134
5340
30878
43093
94138
28340
77428
28022
67950
87366
22564
66731
86715
64169
95908
23574
90089
55469
72446
90308
90527
23430
66416
36675
65416
20883
75138
43500
48366
95815
30996
80715
63760
71844
36583
72833
33113
92093
82491
12877
72029
45409
95459
51426
59080
97968
59057
57202
16185
44696
81558
12659
61923
64178
87513
39182
47078
86475
34419
65475
95488
92750
43169
31977
85019
30894
24599
63374
12101
44293
52122
41421
81690
27354
14570
51386
51698
27418
16743
34414
11063
92918
52890
48962
25186
79023
97821
84050
93736
98109
22150
60949
56082
55045
30623
6199
38136
61223
36359
22779
51618
31195
33946
15573
87647
47551
64498
26577
25133
14604
56962
70784
96799
55787
7958
42598
2173
67892
52518
75096
247
54428
84633
30974
35960
64375
43461
88520
72920
91783
93247
99997
33559
11193
11314
93095
17708
39509
14699
42476
59253
69412
15613
44176
65761
41808
61391
61216
1367
20594
30008
1791
1828
7424
34609
87164
93358
15171
688
22746
52550
70567
30264
80237
10954
53112
80432
19449
88237
22898
40589
39388
38536
70911
23217
38003
19581
14943
19841
49051
60612
1793
30359
55665
56564
76022
18073
30763
44689
92615
16271
36924
39168
9388
91857
81046
14193
23123
11567
42193
99957
50111
42488
14412
36650
24961
24342
30195
29059
20466
93351
95483
23036
88608
96474
57005
94648
52929
57466
72978
7894
34355
78314
86765
42580
47927
65190
80302
13938
85403
26936
29339
27519
92216
87743
37326
47165
70138
76447
4473
53129
69341
52897
53606
45601
40225
45691
17691
2437
40944
81307
58579
7621
20423
35634
4357
86713
94230
83103
50775
35185
67074
87698
73137
45445
34153
39283
18247
22020
76354
57326
22033
56745
64848
28818
87397
35571
93134
88859
66587
755
52728
99344
15140
3745
92223
97292
22132
37892
36498
65036
20725
79745
23666
52586
49111
14826
65522
26174
72446
95323
99058
33341
41767
62128
80310
47464
43782
46903
25260
91336
69647
11012
74588
95749
60017
86099
45836
18171
36993
43635
39427
45852
69011
91381
79574
76827
56051
3676
81341
86061
38694
47513
65364
79413
55608
90393
9855
5218
93872
21159
73200
46228
80335
67138
17357
18660
13873
52808
85369
30688
2175
66658
98213
22292
34142
83265
56238
62575
47127
13164
1776
3818
6279
95303
74253
83536
22624
75893
6179
82226
52342
49345
96771
23424
56900
95690
13093
79017
76763
67396
1351
44561
61347
23876
74839
52544
12414
94423
47909
29543
64963
81083
30462
93699
45644
24813
30628
45936
59910
6460
21400
45057
25617
77485
75667
5768
27014
66731
14744
94352
10205
75188
6714
29699
77489
42640
16098
12039
46302
46781
7670
29462
49714
51203
44521
30822
6298
19091
30686
50255
624
51685
57664
6076
29530
97507
33556
27865
37782
15425
52231
7685
79739
37493
18458
82599
74528
7442
85332
25451
9154
9857
81628
2825
1521
22154
77554
91065
16554
54293
81672
22459
35238
80612
48717
53787
91498
38242
14486
88184
72186
35627
90279
69949
5217
59041
9416
11331
65663
62665
17947
50852
98071
22877
87133
46903
89630
75703
26101
25396
30316
23206
77374
44198
97426
2595
38368
71534
14348
85323
9096
98622
44175
76962
94825
72549
78882
28535
59830
78976
39311
47005
13267
15918
73986
53406
69820
96489
53142
72182
82723
18401
5169
7128
97009
81439
5500
29893
652
57724
72255
87851
395
54335
21152
57097
49512
12992
31168
96591
81146
89911
62904
34515
45345
40146
28480
63018
59414
52175
64159
46218
38033
91171
18716
65998
81978
51500
21502
43825
26425
19935
40448
72178
32283
30243
24374
71763
55167
95123
31777
69401
73714
59812
84398
1553
64765
64776
33697
62413
13894
36238
91166
25357
24211
24723
22274
75995
34551
66476
31133
55705
19248