90441
28339
47653
11466
27246
60868
6811
25271
16024
84226
21324
20328
55861
90337
16888
24116
29500
79964
68749
65653
85025
57265
55929
89447
60939
55749
47832
58254
56911
64445
37935
55926
47670
87565
68895
27201
28431
33316
69200
23127
48033
1256
45774
29480
47246
67879
49510
20807
27876
64888
72448
81940
71434
63765
16819
8708
36066
83298
47609
39879
33971
34884
92129
31922
98462
35376
67789
85695
79814
31721
73304
75455
11747
18021
7418
40359
53633
63448
60468
47396
65449
81917
2983
97791
46487
96610
18574
57866
70115
65745
53125
34614
88253
98263
20439
82744
44121
44587
76871
38015
67516
20900
27735
45371
17817
63127
68842
74689
67028
79298
67237
13423
95971
40795
52358
74696
65999
32621
78609
64427
34524
17666
14720
84351
40922
81829
8554
41735
79334
31706
71691
56802
46471
14107
86778
31998
60458
60471
29689
46963
59374
55891
59883
81417
13317
77837
17538
76805
48108
40324
33529
24606
12898
22801
13830
57923
35789
53883
77401
49502
90277
58569
59206
13642
20995
22063
60870
87703
73007
65364
3365
64394
74559
12146
20010
36151
3137
106
8183
23443
5987
52405
61707
97570
41631
67631
90295
66548
69167
59225
84493
42592
24159
28781
1038
12328
73549
76471
88238
47302
92803
67015
31683
58569
95201
52321
60370
48810
61408
18974
54733
2017
12589
65460
37542
47919
84483
35619
51243
61074
85431
60042
96177
74427
85225
52360
52106
43936
74988
67083
46727
49119
63703
35739
46811
80531
47540
81969
38748
84123
50113
90782
48328
92103
5294
29758
717
2940
23404
32219
57361
29968
59678
17840
83810
77176
69786
14712
35177
75540
10169
52962
61130
59918
93456
76111
5513
7695
85161
73219
36318
21560
80038
99228
57701
81747
63162
59555
27268
8709
44649
15850
55097
80380
57248
18266
7671
42350
8124
51558
23315
30142
37589
58048
89597
28292
15182
82775
97862
76841
88238
59285
6905
40853
61345
75910
44161
82876
27269
84394
63752
77181
67709
31636
1803
68600
36709
33896
1167
20896
37771
51113
15459
83733
26609
5016
50895
44352
79998
84439
46416
83447
66770
11993
81972
63034
80783
8135
54200
61680
83418
78816
35701
72572
61245
91138
44442
4030
66315
25742
28804
68504
75904
42560
17505
41770
95756
50396
64945
51565
2751
78296
34600
59625
25691
17514
86180
40238
92371
69388
63707
31996
39200
4619
16573
49795
58059
83174
63319
69629
1655
97940
96589
17659
63083
88188
35498
62793
33451
20900
72288
75970
89192
65446
49515
86048
25162
2385
96245
47349
9897
14718
5177
32212
72153
74499
67608
27185
17469
65987
94738
73311
38082
10667
72695
55002
68539
53105
67497
47618
79403
45142
99892
60081
11210
36329
1756
50006
47879
77046
60863
73784
59575
84545
5068
70532
3900
17030
68690
84374
43541
84212
23700
4951
14960
37106
69137
97710
88374
54977
34658
38451
80796
54580
71812
82525
57956
83404
93149
71017
15180
33548
50608
9103
97394
66765
99891
92800
85338
29931
85488
3637
3017
94461
53505
78862
38558
17708
57248
21063
56705
27278
40916
69014
16548
74001
96869
19639
26735
94466
992
24873
29427
23602
39236
92270
42564
78262
45044
72657
17932
73618
34372
46140
40314
8819
11288
85088
38887
38157
61926
46785
80878
62743
76764
942
21589
33755
17603
82662
76569
68174
74307
38836
40284
23556
88897
69429
79753
84659
7890
90074
27215
36718
761
97821
52705
99207
17538
54609
53204
82331
51966
17280
46720
89816
56438
4330
90168
93786
39496
30930
57538
3196
45169
15122
40325
17114
90870
35062
73499
92125
15435
48102
71920
86992
79557
5811
67772
53982
90585
17862
75317
61840
86472
70775
95496
79353
80848
80568
28414
33553
61873
53521
93087
95927
94116
20455
34209
5541
41485
39560
57218
60450
34002
99411
45529
43822
62005
74672
7221
38977
70792
59001
58458
75679
55251
40381
64674
91484
22012
24828
59437
33022
50101
30155
94598
94710
81190
16182
84230
30099
31579
564
70930
35661
41219
39243
44578
68653
88049
1826
61257
71483
19007
21147
86879
5303
78209
75302
67218
31195
2688
863
69356
80413
91178
56299
21239
26888
28868
59686
52959
43767
14937
45018
23136
58910
63791
76675
52644
30993
12367
84583
27316
30595
88784
97146
73607
74835
11472
36378
94316
72098
16121
69630
24056
96049
58043
94740
29976
81770
58260
48782
53947
36864
62485
40338
29207
25112
291
1699
53694
6073
4287
99963
68167
84180
63617
66243
34318
83755
51090
45317
52531
13640
90265
56521
59574
91346
92282
69161
38900
70140
85539
4184
50913
91836
46690
86414
89752
38259
74629
8906
63520
78925
38812
61611
42068
32281
99737
67604
54839
33112
64142
19383
96365
12443
50004
9021
75024
34288
64498
7117
22372
24484
83840
73784
25198
5799
3745
27872
37127
78082
29164
29009
21028
54771
56638
61822
30048
36143
708
98940
11
65891
54032
93569
15163
597
32471
35464
20757
63261
55953
11573
42237
21648
78891
44157
55728
34604
77533
82381
82963
16655
70137
25360
86745
34944
91947
41954
73937
3910
14119
56353
89766
1237
84352
33332
54546
16560
55624
23892
54268
63514
64578
19982
41211
80313
61770
95077
96365
99920
48615
45
38816
27336
21593
94188
82968
71622
28287
80923
14281
81017
45710
4566
40838
42946
30873
9070
65554
82546
18957
51793
72000
51014
35264
6873
95961
27484
49015
30360
81024
14612
19400
97761
53764
97387
4940
23178
34987
84307
79131
34137
9270
93939
45932
76863
58476
43952
42376
49667
34077
63488
92112
466
25746
46958
54031
71748
45725
40026
36260
46377
12251
75337
8319
45958
34377
82267
16237
143
9818
95225
83138
52707
46923
92889
58353
77660
55003
73475
7934
55258
51122
88082
80938
68567
78450
92774
63408
49871
29425
97854
11935
7428
45574
70489
11513
85676
15232
95902
49094
7525
23992
90603
6712
6297
31420
31333
56809
93214
7751
10586
75298
47257
99631
14236
65016
1887
8333
27520
7997
64862
19807
471
39797
7906
83129
74220
83223
35447
87284
47099
91653
85776
10543
6769
41655
57684
63308
64362
53561
48887
55331
69163
82403
96227
43719
45367
13590
92023
28012
82969
11551
71006
50102
49656
59750
9736
14860
79139
75396
80322
84366
14511
94529
68136
3237
91887
34141
60500
88656
48213
88777
37129
14038
6284
43170
8425
84002
97326
43510
65141
5750
69974
57422
25766
75508
90760
96322
67199
35700
81937
68468
56712
78859
50421
49492
33810
13653
57244
66999
86649
25369
41358
36892
84574
34253
64941
82767
46299
67026
8926
35806
86600
92590
66587
47528
17228
82503
88688
48155
30094
71450
31122
36369
25720
65253
49236
90913
18880
92390
379
60082
27334
75758
50482
52099
19253
49020
23215
70661
36702
25764
51690
68969
57069
51848
6897
59926
88682
84840
46471
66389
60127
45843
15435
17756
20974
16956
16765
85371
68586
713
72221
37588
88728
89023
15828
22445
85707
5163
61777
37640
73340
96487
38839
87416
80572
5607
67679
16175
49014
75006
10658
35929
39178
25869
12675
15130
38967
47204
2432
844
3920
48970
17189
91984
41348
27491
88313
82306
10226
30175
41562
32336
93166
18757
83982
5749
55499
72610
59524
21264
34182
60596
72822
87600
63220
16148
19196
46772
91069
37983
78553
54591
39714
46744
83948
43174
82544
53724
45368
47665
27418
28335
86651
44105
76686
95979
65689
64839
49191
78000
6086
30285
3481
72910
19121
41109
55006
36594
43748
965
33403
47104
83727
21486
77842
49452
11785
84231
26689
46046
31120
78678
81746
50743
26797
52329
37527
27377
11450
36879
79453
19186
26569
33921
55111
76310
82164
90372
93214
7608
38151
77335
44227
45707
69411
27527
85628
85149
32865
18615
52193
84250
17031
77553
10037
35656
25398
32977
83925
39998
48342
91346
36618
21701
59331
64534
66063
85651
89582
40803
94226
92841
28240
89007
49284
71725
1039
1244
6998
52410
54026
82527
26298
22155
82970
15723
52905
51338
77194
92792
59967
36173
14650
57637
42916
60237
86250
42999
83785
56658
91610
65255
94240
74348
89751
24899
36123
50401
13029
87261
41202
3353
13990
3880
23349
38058
99675
55671
67570
22527
6399
74331
15529
35596
22468
42648
79082
60160
10868
21940
35166
64834
99865
90235
8794
70663
11479
70438
83340
58933
81287
80809
38512
34138
22131
4268
10495
13192
99118
48370
23958
88141
83985
34022
29574
31849
37134
58376
10180
92379
81321
92159
58409
27113
65869
9204
85510
26147
46808
58499
59584
50870
29203
73987
41282
58297
70790
84795
28274
75839
10699
30617
24919
21336
81325
72058
66182
5910
40951
65559
50750
6972
61567
7612
66101
39871
67429
19161
89977
32677
33866
89843
11244
27294
92597
46611
54844
82100
11597
51672
23443
21813
41032
64008
43283
2546
39996
14881
7808
55688
41597
53001
17530
86191
69682
66567
39568
2267
48257
14702
63155
30072
75950
48005
87465
43004
83353
8891
37042
67443
7982
90489
96987
14530
56893
32538
29678
41598
63862
97723
37375
28734
76588
20363
69892
1717
75167
38779
95048
50592
8174
4745
74278
46448
95411
40931
25927
62230
82233
96996
47245
31973
23490
28470
64531
77867
79835
76902
38981
107
4886
83241
46132
28134
37233
27936
11961
24441
74687
98268
56214
80850
70257
48401
91192
35692
65534
79338
9857
24725
54917
6818
87405
84969
6597
27202
97627
29396
41030
92318
22032
29925
31370
41632
72186
63130
9546
96265
25984
25267
87392
32152
79081
66554
48222
86216
26824
87582
8333
77033
33881
70851
88926
41391
16598
28070
55931
11179
65368
8674
91014
52265
91785
70167
53979
61939
75464
37047
41741
94496
29775
34946
44598
26184
50822
36907
68388
16978
88273
10418
29212
72146
85958
3577
12569
1936
91884
36412
57551
92864
79933
63859
70097
4229
11033
22094
33799
71061
15414
10892
85530
33208
47156
8356
91069
97339
56145
33652
62063
12557
40225
13267
43100
64620
50780
67287
65992
61752
65695
20320
29363
26226
53639
64179
78952
18660
43730
6031
71414
15732
51167
23405
29068
49911
73891
2641
69394
51290
35515
58183
58983
29141
61422
99114
57895
46065
16214
80016
60002
40081
19000
92700
1729
5073
65476
54233
80171
86131
17844
9085
16479
46200
21417
34757
99864
44231
60838
63241
80033
60349
34669
69390
91997
54610
15438
5064
94970
43219
11380
97027
51029
25336
39103
59697
43477
29750
88322
65585
18560
91737
80095
82618
83355
3044
46920
9401
43845
86472
64542
16816
57683
13295
29946
33013
68088
87737
44311
36580
98356
21930
33218
66143
43293
22080
23560
84368
47412
75367
55234
7627
46516
80314
15144
47041
21390
64662
67571
38802
14887
75682
58408
30538
59978
82021
17311
76974
57514
81331
19488
88247
22716
79167
29323
69572
86272
26079
48168
95110
53801
6230
22284
93653
94282
71786
43422
56646
92613
94224
64834
9926
98670
6286
56107
58934
3022
37912
74268
92009
53981
60694
73085
75978
27788
69518
96841
30345
86141
36999
44849
13378
70255
86758
97750
41020
81738
50649
74256
92751
16693
86457
65397
8515
98160
29
92305
16701
16062
6469
68684
21501
48410
24483
1183
47450
8833
155
25562
83502
49187
29119
90425
36746
3868
33750
85817
3204
36396
12384
50765
56481
70090
86939
64215
12647
16754
88088
96588
88816
44404
22734
79100
19204
70610
34737
45248
2890
95904
99791
8111
92572
45644
81411
68029
53577
27270
92000
77159
75380
20300
70116
23537
93435
88213
9707
20009
97407
79102
97196
62110
19361
48270
84646
69441
69801
84563
77776
23525
91901
3451
26401
49902
89004
94390
57333
59729
40861
9193
4186
27527
89210
40392
35216
38259
94324
27815
70688
74113
78263
61391
98671
60996
45444
68570
53468
62728
79172
72461
32621
61854
94338
80964
73156
61833
36018
39261
45202
19979
93173
49439
30677
35366
40942
32976
14630
98416
17216
67990
11779
97238
75004
886
66607
58499
4560
57528
46685
10869
262
97296
89280
18891
7006
429
10653
80163
68594
94965
65220
69525
14260
37926
89074
56833
95235
74568
83627
20777
36781
3125
32342
37292
33865
80083
7427
46992
91378
72612
36587
95003
22048
63369
60434
48709
40537
41840
17186
63877
77620
11750
20932
46666
49304
58312
7535
60338
38061
89274
65698
68302
70702
76345
35240
44701
35666
220
74822
35259
21645
12257
67752
10133
85793
23084
74779
82422
94727
35999
14524
80531
65620
96888
67509
26558
34086
82482
98559
15748
58412
56533
46663
83635
37277
92591
30784
28650
46664
44767
40314
25078
83596
56098
37233
36574
65817
91701
61573
79748
91745
2569
47691
82527
82265
57933
7627
77418
5188
22959
24255
96336
48446
3209
39098
71547
11030
48410
22520
73058
19966
50722
23360
95781
63684
10126
32688
28497
35413
55467
64343
86562
11864
54514
96158
21818
14374
36551
27974
86624
99529
93040
10899
62125
56082
75021
92270
76615
91242
14367
1003
16155
91576
29577
69395
59165
88595
34703
28738
94337
47996
88342
65350
1410
61667
87827
9490
74196
61452
14303
41351
66362
50587
57487
7581
54764
75678
86898
8623
78922
44105
33781
61607
31833
65861
86007
36958
29310
91600
14183
59413
76131
46224
6381
93395
16173
49451
9187
28081
24298
6436
43781
63289
3234
18721
20814
81930
4231
49222
79458
11098
55919
45394
28999
2718
71264
89764
84202
98181
23158
3724
97228
14927
57478
52430
66910
12511
55084
31442
14662
32868
19391
90088
44595
42520
55785
31826
74963
37348
92461
37914
13736
50053
9154
63843
69767
66031
87306
91048
85304
78560
1841
78617
65702
17066
20716
41011
4320
71219
18049
8684
46808
65725
83830
7281
27980
82516
76209
80434
20019
58681
57066
61455
30170
28914
65255
92185
10108
16585
33629
58666
52721
32176
87112
17517
86569
293
81299
65027
34307
61909
62277
86987
47288
83611
10419
75030
28965
93218
54297
1558
4734
10720
11817
31655
60815
53828
2828
47361
53096
13612
21963
16755
49078
33358
5771
52780
89073
2235
11756
83559
77880
92572
50255
17351
36114
31655
35128
46530
22206
56608
42812
64207
58777
59811
68605
87210
47562
3753
41205
19710
37593
86177
66450
88589
55279
62258
3728
14800
62246
18532
77955
49092
44919
38143
71704
74934
18796
20882
96304
82305
50248
13516
91521
90165
31134
72657
96332
64006
43865
46252
68862
18802
54359
52077
51905
88318
54373
19848
98328
98489
52381
25955
25043
43554
10500
44194
99631
26953
94764
56842
74240
92312
17646
5773
71544
57857
43641
18741
88809
35503
44610
98839
42772
26406
4810
12542
54724
36757
34925
48635
76753
28028
29323
15794
57295
649
14523
21495
15819
67105
89101
85973
87724
68912
27365
64917
4929
93909
97558
50617
36627
57178
68403
56119
19964
3196
98759
31014
29459
42251
20600
7332
87856
47515
51784
90199
66353
53590
77591
42829
27702
52656
7858
19901
27547
83179
77992
98419
97973
96162
28389
37566
89764
71928
74918
10798
91026
32907
8113
53801
49685
11319
39833
1268
27178
15269
42974
67727
83706
68299
22379
83261
44020
7597
28062
10484
14857
71533
5455
55101
27042
91307
34431
87018
80684
73992
66267
22333
38805
51421
62449
45515
30368
82176
14154
55336
92629
92284
9482
76689
48713
44556
81799
36001
79906
10342
94116
78004
81971
13784
8277
560
67256
97303
52647
14737
85706
18611
31742
55120
26772
29954
64880
10709
14015
37516
62943
25254
17301
45657
8091
2443
51677
71528
80796
43127
74153
90875
40137
33541
4218
68439
78783
47674
457
99970
42363
46264
94186
78085
22778
43879
70340
91245
23562
82676
251
94684
52484
87127
64867
87013
42029
44028
3356
1766
81846
76001
56393
28595
94922
16792
51775
86965
7022
50061
66128
71250
29920
89479
70264
39689
67443
91319
15531
48634
30760
45421
26005
77637
44908
46884
94022
89567
17455
5818
24360
62074
1897
96225
94515
71335
28915
62773
80233
23560
84752
14253
48780
4489
55822
79183
53296
31148
47978
61000
91858
61461
58217
522
88469
16203
84046
90203
87288
57988
15147
84418
32972
70104
33276
40029
26283
69381
59658
17244
54743
9232
22857
54289
24141
88699
24752
4889
6815
87059
42137
24533
77057
88365
47275
97654
15784
18236
12069
28172
15254
75922
4131
6079
99646
39125
24619
63132
76351
18200
33049
71708
27092
53829
90905
90401
89002
33808
10672
86763
67511
93550
24296
66118
34957
54461
43680
65402
29233
51661
32437
20207
61170
87382
37704
30227
53366
2097
20434
94935
2796
51074
23602
74333
98950
6788
92221
85120
84008
67666
96687
70118
27449
7551
747
73383
51543
33421
7083
7473
88934
57651
37822
84249
82395
65559
96895
92656
55545
65146
57487
83760
71332
81837
16137
84681
70486
22206
51751
77564
10093
45355
68477
13588
2850
71973
60728
8075
81859
8615
11522
96596
75410
90034
10825
170
98637
92581
28073
33010
79880
28642
96358
22607
17285
53490
52244
5727
88461
67996
64892
92586
9294
17535
8127
46470
12330
1012
15310
41284
6051
31234
98645
38974
98487
29777
41452
74435
24672
81584
69156
67411
73216
20618
25516
1002
67516
8824
91577
88991
55260
54206
40030
23171
61824
13182
80370
13790
34610
63864
51731
33730
84634
13166
33271
75971
64551
50269
43833
83723
64403
71815
22315
96516
24758
79987
66221
8408
5745
66817
29437
72010
9947
57313
23547
46560
54157
19333
1666
43829
45502
49218
13166
64818
32424
35333
67283
23341
37642
76120
41094
70759
54438
55674
89095
58563
33157
63090
46256
73610
31692
64705
28361
69123
49131
56166
89998
27739
71689
36233
13069
18019
31121
87571
75582
59634
66319
14975
16489
83307
87703
20658
48810
38773
29680
7117
6586
88727
62638
12892
54187
15757
93651
9560
71266
19521
26073
82152
50823
9035
14254
75700
72553
22047
71897
59937
97577
46416
82243
58160
67266
79425
65762
70843
86438
87750
56759
31415
24320
75581
87791
24386
92186
56494
91240
80700
69657
42043
94403
9178
98899
19974
38821
71863
59418
59793
10334
85491
60438
36877
88534
86106
65973
3744
39493
37805
13741
53368
90175
23131
22364
6215
74554
298
59787
4917
3219
43121
1448
64523
33467
95650
82653
51261
67488
29410
10295
86742
34511
65715
6035
37879
36009
90331
22754
24750
39759
71236
88398
19712
73176
31293
43479
82490
76284
78174
15380
88793
75218
5577
45515
54598
82561
17013
84220
7284
47771
32946
82284
47182
71442
48330
26209
38700
931
23154
96286
92319
43961
96631
11181
75071
29315
94178
46469
22283
58028
6286
89367
91488
88908
34513
27389
98307
39015
64610
77868
74605
58988
32800
45397
56590
43446
3110
51758
34869
93859
54221
424
39956
74771
32620
18514
2267
35846
25055
92456
86498
8895
55038
63946
78738
79445
16428
51909
24662
69205
23188
56395
1658
77866
7622
87441
9943
2320
56930
99306
58909
94006
5700
65668
81080
83149
66401
2753
97121
69405
83141
50084
98187
61327
98272
4897
74572
49330
54832
70567
16851
24604
79574
96516
68729
36250
62922
11357
68091
30501
73733
95548
89485
27853
51326
18190
66479
34833
2176
41674
50118
6461
70240
38110
32942
16919
2690
29149
1732
34275
38844
28325
1753
91115
22675
12181
59103
51270
67149
53263
58689
83728
38808
59437
49651
21246
37582
13306
17432
48010
33315
66092
7830
51456
55104
89744
36069
67405
52656
23704
3792
93400
66273
26155
85388
97235
11168
69037
59358
92197
61366
93559
20121
7112
46065
57344
33821
41733
62308
41524
2489
56268
60876
35152
93330
9334
33224
27968
43307
76920
97498
92288
81831
33756
11958
89214
38835
67484
18792
16645
33775
70972
6721
66933
22528
33071
10864
1863
62256
15267
91147
25177
80462
81805
5055
25583
81987
74469
73079
53949
23437
95879
72345
70256
6798
18687
62648
20282
15353
52776
19831
23608
36032
7641
13126
46889
84182
51228
49657
85054
22081
12717
5118
98698
91035
10233
31273
69611
76618
64629
92784
37910
16459
31615
67372
26324
56165
47778
90531
67286
49429
81352
29494
22171
68603
17688
61977
93695
93751
88208
83293
30593
58278
98279
9256
35995
25216
34042
25962
5425
43958
63772
3272
18633
39788
3693
85885
87294
47718
20978
60913
30958
75880
18176
6951
81632
13848
75596
57799
79810
88951
47701
60686
14177
59823
77498
96978
46293
8718
76736
41005
6395
60377
32429
84993
6834
1728
97641
44479
89628
96624
44083
33273
22991
99097
6565
46841
20241
415
71372
11989
9580
63377
14680
13605
31436
97722
33318
36032
94114
54089
91151
65357
27436
17491
75077
51439
52520
10554
75105
22259
33285
8053
11083
84094
63143
42160
21459
45238
60602
52336
68809
80103
44338
68121
94706
78328
42855
31740
59214
49406
79438
80686
44184
9389
54743
98955
65887
80236
19823
45169
51511
29391
69767
6778
46903
71309
14025
97897
38021
81507
54016
66294
16332
71838
24208
34391
87567
27467
16061
37206
25337
60603
75321
93843
68946
15503
48514
40264
42648
87570
17717
69650
92535
74722
30787
79290
93590
38149
69760
49975
6987
59981
97028
35541
39664
48589
11300
65142
53846
75627
78293
50390
77679
95620
34397
7743
77379
67701
61670
60630
77017
53699
7702
15634
99140
98551
75995
37777
88181
77516
29324
90816
19340
47615
29656
13227
5258
58074
85175
72833
43022
66347
92894
4354
51592
40078
22961
57609
33997
51781
28814
45764
35221
2853
72779
72768
35724
7228
60177
60951
62579
3205
51809
5279
50013
25410
60351
76961
16015
98900
31865
91854
51994
30994
15383
30633
20964
62670
47222
57048
32194
33283
12785
48860
36503
85707
5825
1926
19689
55605
95627
90879
28339
48045
16004
92788
43054
76730
2646
96203
80302
49593
12113
7373
94919
41813
39275
90233
47494
44598
98555
27072
56203
98392
54293
5995
66981
62083
33700
40805
54690
45297
52147
68355
14842
49093
59823
56574
25450
77227
52492
40814
72149
54124
15830
66570
63724
46364
49744
21446
48998
90860
33583
36521
90564
3441
71549
89042
36981
71494
87327
72552
47088
24266
84628
50719
52926
55606
37899
20495
21712
17375
60554
24051
10231
17922
55745
37338
72734
76227
20821
19497
22508
38742
91002
63607
11823
10206
23632
64377
34594
37608
35038
62092
63070
82545
24847
10286
71931
69486
71120
4422
79749
46877
82293
2136
22895
62645
13153
88143
95232
72523
97819
76359
11051
36493
39601
14153
91096
85169
91088
65618
87136
78721
93116
29572
65921
66759
19233
87162
56669
72272
28465
82345
3242
99342
80221
87103
73570
73613
99289
19961
95966
2239
7792
74495
7816
42570
14095
60240
88497
97515
44063
95130
84058
32621
54500
50203
79969
36304
47552
67014
90241
82265
82993
72740
55082
82037
52034
5082
68535
88627
70572
58385
28957
15833
76120
58511
95881
68268
42095
17048
6291
66371
9403
40603
39559
67010
13534
83275
60159
61434
74111
57080
2624
90087
3620
71560
27320
18617
4426
22761
99226
87226
78899
94569
17294
65496
6108
53160
31117
99384
79980
10296
48361
97302
30285
94382
53620
80547
46182
73617
57823
863
76581
58873
66561
23675
88165
95814
4409
14724
16180
97371
80661
30309
4181
16364
32348
26353
32573
95503
11172
70687
21407
78503
29127
23830
36594
22896
50345
43444
62438
52422
9026
62646
57455
6607
99648
14221
19466
69368
22676
38785
69584
59603
5450
43660
29604
21240
53607
39344
94777
60734
8765
83869
28714
53161
11216
92020
82023
48205
88850
65896
41570
62566
43942
37795
46799
72177
22192
94640
96873
87400
46757
51253
27974
69076
95632
3047
42054
3923
65313
57756
85660
27998
72210
66703
93614
5989
38601
98472
93344
59161
10043
63682
4238
74144
8227
13090
85765
92190
22157
4459
4472
39081
65309
730
8571
45984
4089
41946
63022
30294
71225
9681
5140
57456
95437
95681
92708
87727
491
89445
84177
33474
82037
48408
83381
75155
13996
34928
45236
83603
80533
12903
56033
23247
70429
30731
35433
17944
31751
90707
64299
70056
24486
745
5523
61250
1536
15408
78373
320
77739
76416
18497
90602
11690
75509
38276
33213
2677
13235
95985
7434
75340
42077
77595
11831
32212
32910
99004
25612
95864
59572
59202
70841
26298
98769
86007
83465
33963
6654
26688
85412
2725
18683
51826
25765
21265
90901
73248
9296
8916
11423
25322
39513
25369
67789
8539
39128
8668
95507
13483
19816
53050
50225
15420
37700
61264
51195
59467
85066
48192
30751
57818
36530
93451
66881
44332
85914
27520
39893
86590
55613
31001
56220
53307
36296
75995
19684
97911
5921
46763
98327
2507
63655
87708
74989
57660
19359
62331
36677
65281
85640
42545
10879
55918
44027
97298
29257
29435
74727
19782
4026
65732
2848
55780
88396
66692
97637
88545
30299
30362
60584
51315
93844
30865
38784
71889
90043
61332
52632
65194
32502
7094
14116
83664
39078
85115
27335
49776
63138
1719
957
65313
86139
43959
42036
79000
78257
79414
5876
96931
6754
47741
3014
59386
55290
51266
4905
78736
82877
27934
17528
49046
94241
67606
62313
91975
77322
72980
99090
72449
48876
82478
72415
86517
11624
4471
84808
38970
35667
77038
8111
64960
36636
34821
39023
19489
34775
14885
80054
90888
96997
96430
13165
65154
28753
59296
6234
14718
15733
65367
88239
72341
29078
86032
13095
25152
9717
62008
38192
2197
71137
18884
48415
63760
22940
56732
48076
83433
82700
49859
76803
13740
64983
50663
968
44173
92620
98408
94029
10360
3958
34675
20498
66452
77006
58281
10130
20793
71147
14720
12810
76013
78224
90745
97405
31783
80906
96290
41633
64835
51915
68783
56432
61171
49469
48744
32186
89419
69297
5199
33368
75887
48893
72543
28139
69232
51379
25426
23125
34065
83880
6107
33862
68879
27492
89383
46988
5476
70824
97821
26013
86935
68917
57457
95709
18890
87323
73619
75037
4041
29981
11588
84233
50869
57194
59986
85616
29315
99542
51838
51777
30376
33088
41494
77825
43728
51307
96238
8324
68722
36111
42150
29234
13371
15902
73122
6498
95546
88713
81859
20043
57879
79896
75321
78148
12543
3158
79792
31702
23243
84296
5036
84689
25187
79455
69226
88402
41841
16878
55634
30129
10995
50480
19620
29231
50205
87228
86651
48651
88553
60478
77564
51454
59508
40217
1152
73009
670
30760
66093
59184
90790
17105
6133
60478
14082
57827
16263
71780
93687
79610
10972
16513
21171
30957
65233
56130
33569
99744
16948
20772
4689
17035
86477
62044
50820
57139
4334
65901
89021
15407
44858
92867
36108
6942
24029
77089
91023
78334
91737
48461
51878
16363
51998
39048
56986
68803
38484
98037
82913
73886
71100
85884
87424
22732
31677
2127
42398
95233
41277
41734
84110
44647
64071
48152
1496
62117
79589
27839
97740
53041
21982
3581
45808
65495
94970
40040
59530
49455
72875
65395
34866
35
42955
19064
60159
88948
37437
38425
66797
91322
82711
22122
71349
77689
74387
9384
1451
78356
92290
29823
82789
81399
29885
77021
21160
90660
23245
66202
61959
6740
46715
4713
353
21189
80504
8024
49633
77709
86786
57945
31513
84571
74365
34183
59798
3403
18244
59985
91764
87619
87029
53555
78987
55596
30941
7363
99962
63976
77927
47391
40709
83006
3426
47510
50783
39429
26130
43659
37463
15589
1314
32871
6529
82546
3661
14335
47806
23150
34996
23667
25523
78615
54221
32324
31869
10901
94017
29009
49626
94547
43132
91611
56652
83563
51201
87606
56372
21987
25039
37810
31924
99109
23659
80310
30173
64985
60922
18413
8931
49174
37901
65758
29135
32764
27821
43526
84034
2410
84524
569
8671
19151
37556
42597
67993
90783
16891
26320
33706
28768
39950
45159
8986
75231
63762
55300
42720
60592
36178
21183
54812
5885
8452
95202
4769
35838
29640
99650
13135
34335
11474
71217
92251
33270
13866
73688
52964
83505
80715
48606
27697
3676
59187
64936
88966
84143
69068
95857
43767
14909
9744
29083
91252
50684
21452
31106
80491
43330
89722
32465
68987
57474
57551
96096
42221
12752
7461
41759
28383
8501
46709
73075
74966
21724
46921
72014
88011
46088
96338
6866
66233
54101
43213
23888
92649
89398
58701
28888
58673
58146
97272
41509
73123
708
27361
10832
12369
67553
67654
7726
86553
52205
84183
70296
10580
16089
51106
10493
94163
33427
59324
25349
82002
86640
85130
96349
72813
15039
75284
71743
56631
27386
68020
94709
58136
24010
40223
3934
93377
26170
29427
76999
58060
28327
97139
36608
73571
93973
12701
16945
40772
81219
41240
42367
29725
97957
52084
82291
94055
12368
46903
46559
40243
68437
69495
26013
93406
21377
6609
75445
73828
90715
53107
7603
3404
12082
51857
27008
21194
92306
88718
85885
53352
56375
56574
31828
4497
21791
13030
11038
17951
23386
29089
7525
62159
54628
32196
98535
48868
42586
22125
49729
48382
79204
71619
31290
23569
68554
46982
36227
51973
61865
82467
90718
8314
46299
62253
55381
26052
3025
91512
64626
1730
89295
14086
56033
96986
5985
32162
10532
38832
56674
62294
31380
1459
74848
48132
76451
98904
92892
17945
43642
71373
97920
58859
86201
337
76261
6376
4472
8172
35018
72455
53071
41556
88146
65566
53555
81014
85855
86076
15793
75829
37616
3379
35435
56170
12109
91475
40835
90607
64940
55769
59183
57185
93219
21831
90896
78780
98141
47660
55468
89278
18687
65147
91400
98820
60065
10050
87016
81745
81321
81162
34632
92189
34144
72402
87979
40855
95343
88331
55250
82268
68319
75705
29210
34743
8724
91312
66297
34328
46840
64557
71022
99555
75477
21103
99590
70846
79517
33108
78767
8057
95011
39074
55146
10458
21497
78226
42231
1381
82454
75209
53255
1483
15718
52113
80575
54260
67393
56832
37810
29893
17441
59511
94319
58113
89747
36737
1567
43512
60564
25316
69683
964
57353
84453
91416
25372
86414
857
40594
22670
50492
22020
1937
57467
63760
85942
92477
67706
12693
83383
92440
72722
86206
26321
73055
74702
80636
64064
5162
58670
7867
6446
82285
64182
46032
55417
64412
65219
560
34834
22516
87955
92122
94456
48530
21200
57699
88710
12971
99600
72444
75264
97851
29849
74185
54387
2604
51490
17523
6976
1677
51435
16032
2720
14390
6718
68578
6526
25501
87046
97371
26981
64656
4141
52613
32832
77703
41523
9905
24219
18263
91501
9252
81690
14908
85461
55651
4586
25920
98514
45537
90676
52129
60503
28399
76877
14363
41013
73085
2589
68420
50829
82936
1393
92225
14748
59452
66672
21920
72156
43365
77851
71898
54305
18598
84509
49306
50363
43131
51730
78162
17500
16582
93868
99849
96221
14443
18301
32001
37130
72662
20405
89995
91872
22153
89352
81084
95387
2088
71884
97200
39510
54340
63948
52092
35410
2154
89862
14855
70921
66596
22491
54850
25660
6554
37653
62803
70589
27933
94982
16391
30678
96932
66554
85093
16483
65458
39094
41408
23506
1156
36204
88441
18492
82522
36355
72489
64289
36916
48855
81478
6308
74430
51900
36515
38552
17838
77307
72780
3225
54061
99578
20170
29994
95922
50277
11438
64604
28919
41633
13647
33361
60483
33513
96583
39272
53496
75987
81219
78685
45564
75526
2064
21083
98818
62446
78247
71363
94358
77567
87563
53056
88492
41021
51462
30538
32463
66535
14387
46618
51591
34116
20933
55716
27053
16423
2282
70521
26062
91685
91249
70440
76538
61093
69606
42646
59304
45076
26163
99583
53329
76561
60813
6777
47366
3991
11323
45856
19567
74991
55884
38271
2810
59796
45117
43817
98074
78654
80098
87224
16676
52939
58344
4075
62247
62171
48483
91003
28455
89015
85850
8150
58900
67635
50346
32834
3498
28354
97751
67107
91186
54126
24953
90819
38394
76344
69722
84702
15546
37076
1318
99089
4500
48146
50993
53070
90703
54376
21627
42140
98500
96829
11635
44492
80880
18198
73352
52976
58076
61398
23074
32934
29191
69966
38807
29293
57405
49124
74015
95907
55799
43127
81877
47156
97224
26436
61911
82893
88901
34274
90739
46604
61658
67221
2488
32713
61714
60906
27042
51221
54448
99128
29856
20365
71488
88391
44462
20546
21733
21943
72220
10932
868
74819
19569
45278
59937
87184
33762
65653
62801
13113
43529
4273
48602
82077
51919
69689
87992
99257
65775
78467
31376
31810
49717
34698
75876
28955
7428
91102
85774
35580
43886
248
40984
15847
64747
82260
37695
34937
45695
58927
34615
74122
68155
31343
13885
41872
90325
9076
86987
83571
12580
18519
99767
92838
91968
39581
18976
6816
64299
44048
13490
37880
24730
15493
90693
53107
85892
69830
37657
53992
46845
79941
51972
30911
90908
47029
31030
42825
312
40298
53715
50025
85500
42991
43761
69594
69522
41872
61455
82706
14055
45141
29390
64320
16777
19996
57547
4063
90452
20185
74917
68689
61527
425
1659
2517
58193
23071
34184
4140
6275
16153
640
47308
65970
16377
77195
37980
99213
47301
60408
78461
67730
73994
44642
8450
62826
48407
88322
42947
2511
89193
95781
3963
70061
8787
80419
86238
59040
75634
93792
47727
39884
64566
20548
76797
70458
2323
26232
7848
26040
97289
6144
47813
41098
43192
1841
22547
57466
22147
94080
97879
38502
2557
79796
48859
18588
74597
5449
83918
92374
59782
75602
67535
21953
61780
89746
11371
11170
93729
90927
26578
89658
32597
16100
69312
5768
68839
5770
25872
89866
34244
29744
68833
86706
65343
14737
83979
20103
486
85874
91512
28904
57124
5550
58429
16070
52430
44156
60712
88352
28147
6508
67642
54818
75924
34713
60320
98315
51163
40036
2232
67497
39423
35800
34461
10450
50158
46939
49284
78960
52372
71860
43399
37838
64451
31632
28677
36795
98196
84221
28470
71233
64903
38248
34573
62825
41766
44904
64313
29936
58854
18881
31930
62927
80070
6497
74104
20330
24382
47751
22758
12619
35560
4147
71865
31434
27243
96866
30417
19593
89541
32374
92306
44128
23321
20327
57086
9895
34863
67931
586
51153
49380
72223
75538
72890
98057
70440
67606
91279
42457
75799
62314
26498
67970
4319
88476
97600
34631
65085
48621
29053
91345
62798
44899
11562
10967
39818
88308
2297
39153
45612
2822
88286
92851
47506
71385
29902
35875
28589
27447
27224
13699
45755
11985
4487
42129
98545
54634
88100
28511
37916
31757
67788
71477
15403
72362
4876
65016
34545
95003
24186
23567
22512
58431
4671
69586
17189
13615
16353
12516
60470
39395
67153
64947
51754
97791
94113
62575
45122
82546
31582
49065
32046
1540
32693
69451
60992
50974
41483
96222
86162
19741
19759
28544
41488
54296
31475
10213
21118
85540
8427
58029
63909
97783
32682
33762
33487
90266
81137
45906
81340
45491
170
23990
55031
80989
63462
12973
12917
3683
53721
98497
19776
50399
88778
70917
50991
10103
82173
27820
94788
18293
8771
98052
11289
81609
80810
98278
17728
25259
79321
50502
34210
67194
57360
10688
86132
73610
55618
78789
81342
24691
32285
81371
69663
20491
90706
89278
150
63899
42158
64208
95958
10836
72471
7819
83658
76162
7608
25808
70532
64232
30022
46780
16265
98965
23072
42420
46991
48905
4725
34463
12610
84358
77356
69064
81727
50748
35917
73181
94336
59542
18337
38570
40585
47580
36717
51936
17129
27231
44683
8063
51159
39013
78721
86206
83949
72735
98074
23751
3353
31103
41284
83810
47731
44992
19503
85337
6722
14163
22187
77550
83360
21435
50627
60801
71514
56759
75555
75233
48439
59806
14964
1262
30984
33784
53042
71360
17402
62886
54489
86868
40337
79138
7936
18627
73131
81220
13067
45092
75949
9370
74345
15265
67746
83731
72769
94776
57305
71510
75257
4115
4521
80951
67945
59540
94812
16802
45203
90584
44476
61709
60084
70580
68119
14324
73429
67713
69748
71400
96687
17832
76011
14248
85464
31865
63900
51650
28316
12616
50480
64196
17676
67380
50217
48255
67474
55975
45924
73131
9193
94858
95278
96742
49770
64430
65667
17326
12004
44787
36725
57289
30905
18240
28810
30851
32143
82224
27743
35865
13007
97408
1326
72690
58048
44703
97087
33343
36970
13091
50243
85117
71499
5538
9685
57792
99549
37492
8671
19537
23507
50727
15503
86221
56717
23824
96355
48736
51973
82777
20820
81860
89766
11034
72148
50172
34566
16992
28700
49045
56898
64866
71876
98438
73034
91018
23506
88407
36644
37158
29898
43269
82543
55470
65632
33705
25042
93294
9218
35959
98216
73635
17191
12519
90751
56446
67823
76422
84108
20810
98478
89043
15879
30260
47996
93393
97777
51214
45750
52068
72137
27846
33259
57975
85152
96032
17998
58889
15196
22357
45259
44153
8873
64055
50750
80811
7475
3459
25233
53165
17426
52917
57766
74157
7972
66127
33079
72229
35910
71641
60603
19610
82175
37406
35215
16873
21069
51671
5683
32193
33111
35894
78632
4913
46678
61735
78872
19478
11523
75420
96532
75890
13848
48884
55029
93990
29436
90024
2714
68854
1691
45706
95375
6840
85266
78896
44509
9508
77677
48658
72415
56324
92247
70318
80008
17167
88375
69205
77959
31687
49508
29022
23131
42130
59898
86856
60434
53387
53695
26889
25228
50163
63150
61809
20869
52743
62647
21546
29233
84215
2872
37140
31722
50535
96603
41970
90264
25457
32897
72989
50483
37612
76638
91440
98658
84368
14598
42047
63675
73152
55243
8183
31091
93348
26641
59450
33460
33261
21055
82077
88493
78269
5629
24468
83093
58663
28428
90881
30212
12468
23366
25801
37907
97001
25756
78165
21304
87263
29044
21738
66252
77134
42156
24283
33752
46039
75661
28321
65370
16144
92941
88971
19633
26310
15128
88743
30997
79892
60619
52697
6238
22611
40884
54327
44680
75252
16094
58660
68012
76237
82982
73651
19486
83000
64258
73964
39409
33252
45008
20346
6490
50318
66640
37376
27814
32739
55891
23076
67848
42769
32934
56099
30908
73394
29129
39273
73039
32450
50207
72614
44813
35628
7823
77486
69556
46113
19726
17563
74635
56128
59920
51199
15872
39676
92301
53236
23938
461
15399
14002
87609
82374
94076
88506
28427
76754
57938
53308
35036
27002
11016
68193
5728
95299
86376
17
79704
18889
55297
88145
67859
48663
99243
80914
27287
45667
80737
43825
18695
77115
72722
79269
16961
15117
37656
5249
62615
32083
21373
90260
74087
29140
62249
44945
96774
18397
40525
94403
89871
47011
62049
425
65039
7932
12745
41900
37402
30120
88029
64936
28296
46213
29125
28516
90984
50279
5791
85601
55453
82439
76047
30389
88071
87778
97804
30955
95040
77456
21155
92728
70807
17324
57116
62355
29431
27911
31259
6706
325
5812
26319
74369
29330
28915
37335
93686
96974
90794
47246
33100
25628
4919
13376
7189
25606
48154
95670
12672
13150
70809
72081
75012
47124
67879
71530
28780
55401
15737
21290
23766
23652
57517
91731
30826
59079
71868
73996
55549
98902
46502
75479
54020
43892
41432
86855
79946
47545
54567
10699
4473
21873
29118
94151
65412
72896
53096
14876
84677
44773
93140
37405
29177
77503
96957
67025
9071
18378
93513
19033
92240
77098
88360
98629
30037
42750
11666
68277
30270
88200
23447
866
98235
26036
1446
60669
75316
89089
78850
95119
76362
83020
83936
13094
28754
60906
49451
11444
31745
31966
57923
44965
78611
95917
31768
58539
45837
80050
77522
44273
70379
36737
56477
68608
45241
65180
15640
26706
66732
87840
65543
88775
23106
51298
40718
62041
54593
17331
25477
14318
52300
13753
29306
86720
91311
57060
11
64773
96492
83407
20588
82053
35726
78741
60530
36628
48024
72356
37949
33304
61867
74323
15618
42663
89994
78824
65775
74799
41416
68070
92476
16764
5757
23894
91451
31490
87926
57896
49608
41909
80012
11889
25978
90203
85231
35379
64637
11874
72171
92154
58901
74358
34925
19851
75252
63635
92686
31070
51872
85554
2454
70172
31844
36304
61479
13443
42192
24931
28641
82444
77170
15306
50936
35838
21115
65662
5092
11297
66410
80897
73600
64105
9605
84123
21236
3956
46786
19528
72023
12399
18498
76025
98892
52890
10503
99536
52645
60734
14313
78173
14000
90057
95774
14776
38251
96648
29492
51875
98432
75655
6279
30741
96936
20349
15467
49112
99114
48080
23690
47601
78455
33687
90216
11623
42283
50737
33636
17382
68174
26545
64634
51357
76944
13657
52706
11175
90115
37934
10564
19820
31698
23156
43648
67173
4389
54209
37669
35866
7869
8027
96533
47948
68239
15441
54314
77320
45721
25406
41819
58419
69310
12683
64323
16147
8295
13805
42672
63430
15536
74033
383
81031
60722
73310
2256
51630
67450
30812
21464
18549
29148
79081
61126
49994
7403
58099
64161
30328
30544
50853
92963
88608
12237
89092
5597
485
6718
29347
86238
31025
67331
8978
4914
62454
73737
77806
11149
61678
95838
33886
46459
2903
35346
41809
22398
40611
37854
78577
33180
1780
95864
26568
25553
56472
53492
73621
68524
71439
57750
49241
44389
39564
85537
99113
34095
33588
43608
53018
280
79414
55106
23652
56435
68122
70510
5769
2225
15250
21575
63456
95530
50911
70926
77957
10976
98822
16209
46623
88848
17482
5719
34372
76535
10023
40918
99788
50831
50668
74051
13405
23022
83466
68776
66439
45038
68146
74202
29274
85914
27988
82240
23871
23319
87467
73412
33343
22391
78430
19285
6978
80903
90595
44880
18670
60771
94524
42247
91055
70865
19791
95940
57405
2502
70643
21017
20250
51744
90619
85265
6802
1623
87005
21187
99217
51710
95600
90469
34739
12306
7180
35866
73477
46617
17006
33771
79258
46215
14888
96191
484
22797
29942
13822
73539
6730
86558
63384
10488
31842
86846
70412
13882
72571
11482
8663
72017
75237
49732
8276
29271
41508
11017
54419
23038
92504
9947
19494
46287
72873
77742
22512
49357
4613
78063
58197
79916
26121
89952
37922
69380
8174
11797
67134
98442
98499
35148
43395
54117
96886
86796
82952
39839
12622
23274
68710
10480
39848
30999
31592
41984
69336
62302
18785
65111
42658
80768
10274
69624
66644
31218
87507
8612
29899
69367
53390
8376
86445
26989
31617
52561
14139
44187
75257
61294
3288
41576
76763
9960
58602
19835
35006
63399
11135
78958
5308
2642
52336
64291
22539
63369
54733
43317
51745
20294
17476
16403
77332
93717
68629
76812
73945
69544
7757
86510
83399
19963
68966
87937
58053
98973
2867
26788
11539
50680
15618
28626
71318
31025
9086
78497
2482
68710
23833
94646
8661
26668
45258
31262
77693
21905
18377
13609
72315
31202
48786
13559
23132
24855
64815
85621
83390
17976
13580
30304
91649
59062
92720
53395
151
67299
47241
84802
69289
42881
9505
42116
64337
39940
64323
5544
7713
6792
3238
26193
42789
65547
97017
25309
69604
56380
20567
29268
5841
31102
9326
64633
82456
26524
74142
1152
6193
88879
16030
40406
70210
57650
35733
89777
53435
67485
80774
27258
97246
31968
54878
9061
4051
71306
89819
70221
99385
7340
92905
53618
74039
77846
51653
88103
17226
78021
63829
96493
80240
95096
67812
8169
52089
98713
85885
50483
29724
24898
86413
62628
62526
29295
28907
17239
60449
48280
91786
56397
29674
17030
37741
99032
8749
36440
53287
47410
84108
21273
97213
61005
81551
59018
40003
43227
99783
58650
32546
19809
44033
64362
89042
97176
63750
87217
73761
3483
81671
35732
70891
36213
415
27205
89110
19217
81972
91231
4368
61614
20377
68850
188
31193
75521
8180
1555
2503
91116
50041
81193
24491
40964
62883
42190
5842
92158
82171
94041
51793
68156
6311
72176
88309
7813
15417
36279
24169
22131
29684
54284
97479
91039
76477
92747
20872
46053
33307
2646
54650
93439
27901
46071
32869
23997
9779
93202
97488
37710
99485
11088
25272
32551
32128
60817
29943
48721
86414
29716
76274
80539
51211
34475
70187
18697
1799
25515
43462
17893
74842
61333
60876
77657
38336
27878
28255
91397
30922
96179
14041
32279
512
1774
32549
88508
99938
54894
34576
13713
21976
56053
91864
5027
38183
55769
9620
2007
8760
28770
34368
35597
94017
77482
32967
69486
8873
3170
98399
97761
34051
20182
20846
48396
76340
83075
45809
22816
32773
80626
36320
50012
44432
34967
79743
80157
1499
436
6873
66152
71426
3349
52236
89369
42664
79741
39680
68651
17185
83308
25656
9093
34948
34571
31891
94938
70214
6205
10762
15081
23228
60952
72320
47857
33395
25527
42712
84822
74330
20693
64715
2006
11570
45849
12309
79400
64059
66518
44111
40637
88953
46490
14418
29420
91226
56230
14851
14105
17337
92883
84079
43800
37486
76978
50428
36750
85627
37155
28962
63823
3495
37292
36587
42729
60749
12304
8214
10613
42533
69593
66707
52183
55617
46158
20670
38144
30556
976
418
88867
14655
98717
89475
24501
3404
80253
55432
50154
85369
5929
31721
27552
51558
16060
71302
19904
8279
78690
31264
40655
86647
20274
92937
44562
5069
53888
99184
71390
2113
99201
2798
69427
30174
47455
72774
84468
73570
41943
70194
59260
33314
1791
62696
84879
16560
35441
33267
3569
3922
16109
82778
63584
13416
18936
73410
36451
62414
64000
42460
11497
40790
23147
67977
30108
53105
80576
11691
74477
61258
85858
35144
38642
64695
41743
68358
95925
2821
93876
70284
16900
48799
9825
47487
73107
70142
49014
66323
76572
4878
33076
29693
6093
14807
40679
35505
66212
9433
37471
70488
74430
35885
4587
47668
53523
70961
48233
13625
74132
50848
91441
66308
727
31968
80580
9549
98777
72923
18002
1143
82126
72942
99496
7685
36483
39310
60889
49378
86704
44921
27194
94539
80698
58276
47786
21461
25719
22725
9998
2007
64565
56440
65567
97846
40572
44611
67068
3892
88814
71041
29950
4280
26277
77370
23183
35679
47786
25871
85031
73629
69830
27837
19056
86911
81911
92463
96998
93199
29047
89610
72431
89776
28735
65824
17774
98972
79401
51715
89961
80042
83679
95754
79815
87708
33360
5093
22778
64466
85345
56275
8352
48213
55494
91346
44867
41971
10676
82679
72193
36406
33125
48351
45370
73228
7261
51713
62651
32173
2215
9341
35112
28678
25701
30554
69700
57374
54679
67619
67259
70006
87603
51197
87999
17658
79603
66140
43573
54969
13261
36284
24115
74000
78733
46327
68452
53785
79788
59465
32735
41707
90566
70673
91586
12913
26223
83
29873
41240
73487
53390
2802
55374
59807
81805
78325
36526
89132
85761
74394
37411
63207
86041
21012
94202
87050
26439
12437
70035
22781
67131
20636
39417
17255
37354
72293
7822
13015
628
85662
31436
2245
83910
2535
8937
16235
38757
98179
4735
27284
55256
2709
85909
33399
76639
92479
57016
84093
2136
14300
3635
43612
27084
14664
30361
41127
31973
86673
11735
61247
11256
89047
49615
28100
72292
2978
22688
50116
10368
73289
65284
26040
76024
46032
96946
88570
10302
46002
69015
69897
38190
13453
81020
2323
72508
8527
80520
96279
53603
66199
38715
20712
89679
64577
36319
68886
21002
24081
13585
84826
57189
92006
97045
89917
97309
79513
93932
60082
81910
44048
44950
12952
67611
10145
58862
18639
86020
22757
87081
24663
59092
73605
82725
93107
40170
6422
37582
2283
11701
84559
17263
97178
9395
3003
65280
55293
90352
91382
86332
62306
29702
62619
2414
91879
32149
9438
52925
82920
89882
14257
13158
63890
75468
57682
47889
94612
24445
75447
15369
59495
73403
89347
29437
21124
3596
23885
61272
71441
98315
2321
26122
73704
62096
49087
74600
85090
43938
43018
90526
47267
48426
77033
48319
81107
52171
20942
10520
84051
57556
11860
86769
82150
97823
2687
61107
20692
73674
98846
63432
67181
5706
75480
60433
46580
88956
5491
67542
40816
36647
95623
59612
41609
47907
79278
27147
81575
92197
72038
875
59925
30728
86925
769
92520
84503
19778
31412
44535
73866
1617
30653
1849
48398
63114
49470
30232
63203
79781
78789
93823
29957
85456
90263
60509
94410
4858
21407
52410
18616
92282
12842
92059
31576
68811
60046
91705
40378
89796
26880
76964
30049
31375
82985
46470
62639
5932
97070
25596
26114
74820
9336
39148
81884
4039
98858
69892
3950
79170
18545
39665
15388
80950
36553
52454
8909
26256
74167
74144
60821
16650
37152
3400
51728
50285
21679
62930
74639
49213
58523
24294
2778
29593
59541
27736
64954
27212
46419
90117
67316
1958
68665
55635
2487
84874
81578
74626
95285
67857
13265
75887
6464
50399
88956
85865
16800
56507
71767
6705
61330
94629
15609
86049
743
22663
28957
75651
1703
40424
68414
80611
17384
37394
5399
51904
77400
22885
74497
83604
38974
11956
34863
95952
67354
7208
83146
28468
400
47772
10140
51319
57130
43501
29376
60317
14852
85631
56463
90075
67525
67336
61612
77155
81445
43930
80157
27107
31250
8156
96405
38991
39888
91407
90293
10779
94054
3024
84142
81560
44771
59217
91349
25267
84972
69911
46222
30607
3207
50715
18589
5815
14879
15261
91236
52532
69742
68194
55301
87199
43133
13148
54977
38306
56529
84181
28571
52418
2313
17369
59011
57596
6479
21249
91896
15345
87926
52026
80840
32000
42261
25144
10694
4914
49727
12068
37925
58185
94247
39630
85543
98849
7612
38524
14402
95510
7123
75276
54829
72615
93526
51192
16070
29408
31710
76714
17117
87625
50450
31524
16685
56551
39369
77265
33527
47989
10986
10009
51151
76956
74357
46691
64477
68533
67388
76416
71669
25775
26203
28377
76310
72008
86663
72087
49923
96533
69461
90144
99637
93474
42143
41997
10586
44086
92807
68441
90918
76350
6044
82109
48239
20688
28743
80705
63941
88272
71345
24427
94944
37174
27730
23644
48821
32010
13319
42185
31608
87258
54122
13805
20615
66916
93343
90077
86946
13840
33357
44496
65672
14955
7227
89038
90178
92536
21778
19805
15275
96830
59579
9746
14146
81524
84236
87175
36726
75230
17039
60280
45883
26323
78102
20906
58584
94736
91478
10687
50245
5976
40983
14448
1228
85696
72507
16654
31278
44867
46707
76597
68034
17550
95333
81167
66374
12024
59626
41793
99828
55059
75369
94034
43512
90313
24000
2909
85250
83231
42464
7719
42772
93561
67425
22695
75318
74966
50965
78577
5036
88062
75625
33267
51133
10997
45743
43324
26332
56564
3129
44205
57066
88066
83437
90443
26621
2068
55398
4945
41937
13756
2117
58428
10089
95359
99882
9946
51886
26799
55728
23000
11910
16084
27865
10033
17914
35259
61433
63998
54743
41340
8000
97573
11754
63799
41304
73464
86303
38720
10464
99580
32392
11454
14478
33529
38125
44185
28579
9959
34924
93021
7525
24590
49874
99318
5507
49979
35012
76156
83562
33569
79011
42431
7336
26776
58029
27751
73789
66609
63973
86243
74017
81983
31163
18764
17997
80037
28336
86992
21873
80276
93844
14189
3536
87720
64671
44627
11408
66406
54644
30380
74035
3272
12422
49480
63483
81267
63024
72946
47991
56504
89676
96760
28132
97655
27224
95142
42960
56227
95228
54008
17720
72069
88054
88863
55187
53646
23884
60929
20754
43127
21999
50796
84632
65371
4900
76190
1105
90624
58366
4024
84374
22516
47382
59268
96997
64123
40418
60244
601
6393
94571
7506
53
33660
32944
83082
27465
43227
51793
8575
10183
2040
19260
28143
58148
40284
9703
42841
57463
19653
78945
60634
46579
5548
96391
83363
88894
62450
35153
73269
58634
37463
77109
40870
87166
11356
44237
16064
67614
83928
55034
59344
59132
54817
23613
1142
73373
79757
22819
1912
46275
85685
96001
75944
75403
40692
43839
91045
23246
97114
35703
70016
54527
42064
19250
93487
63436
40136
13595
90020
91691
55348
43242
32149
46007
38619
19219
33521
66331
41442
10659
52881
24848
15119
51451
86044
79757
31395
85016
24526
85376
9776
47452
65957
138
32692
2733
91327
59324
48633
23026
16903
78805
17792
18904
14199
84306
19406
33154
79066
24356
56940
92847
66964
32003
33845
45069
51205
96202
77926
25965
68707
39479
3548
14173
50325
18127
37737
15014
12614
55717
38562
19291
70537
66
15603
99294
79940
36095
31071
85168
15011
11356
65338
30563
95236
10407
40848
45295
71623
72024
50167
70575
67429
23674
43407
6074
84322
68501
5832
47281
78276
42979
67137
32130
81605
55592
5148
78393
93527
59646
18721
75806
39714
92635
22987
48163
57626
89603
70062
6526
59933
50705
872
25160
11254
32184
39773
92395
19771
37912
73149
78989
56613
37833
41921
74762
70009
8948
33996
57992
89542
9625
96265
42053
78133
25653
29464
78542
10079
3837
88453
20786
68164
83964
80719
86941
38998
950
70850
48849
40102
9414
26866
5985
58384
79894
26821
73264
77760
80914
26945
23564
28370
54817
86775
14475
64940
35252
53527
36334
64860
48163
82072
65290
38214
12953
54480
9697
29449
40378
3653
54047
98634
59157
74010
48174
8082
33475
25713
10237
71965
84385
72114
86341
6984
63726
19872
53330
11526
36112
81296
14569
70510
88352
21754
90532
54736
71547
13801
57078
76134
38540
71240
43599
92794
11318
60043
84082
59742
47854
20920
1418
84676
87498
85014
77123
42321
74052
34934
17121
34163
16646
80976
40576
43331
52345
11479
21917
29761
88409
98604
47401
52978
13794
75464
21351
3963
99907
50317
39236
26965
33977
30370
80933
38747
9922
34054
27435
90162
90998
45466
36358
62531
1240
34577
19640
43687
24833
81985
71664
24575
82024
93226
98128
47286
85658
90610
61173
60476
88030
13536
41671
95537
63832
74899
12516
75770
38963
58079
97144
75482
25146
30341
32501
61944
76471
3712
42343
12282
96572
52454
60689
82302
74143
54431
81961
31567
62984
34044
25742
93694
14191
78047
69641
65483
85869
57060
37266
87657
97736
89402
60183
19158
42756
688
36090
81291
84607
44232
94852
21402
21045
94471
85409
5583
1491
69781
94656
18888
21439
23974
89033
82641
16676
29307
63742
78963
49215
76270
31754
55900
77530
19833
5306
64445
61605
14804
70997
22145
3015
112
70919
4539
99160
29240
51802
48814
16385
37750
5995
37526
17482
91888
89984
83878
76552
92300
56039
84577
37090
71404
52539
67596
15632
81214
60930
11778
948
9999
88228
30418
74857
67808
36871
96166
96657
7485
81277
89449
92231
73346
19797
34873
61151
15115
24348
19845
3470
26423
45075
59414
69410
27572
43838
35505
25823
4055
36109
45312
59763
18968
35101
99299
47744
98417
66980
44689
83372
89736
55247
33979
25024
74695
35736
78050
98486
73816
43263
33333
35490
5286
5636
45783
47122
85177
2301
79239
38163
13899
82327
60785
59192
80089
42784
54084
47088
48922
33753
24932
82145
16613
76861
7017
71533
16379
88678
29061
79467
88994
95608
88262
56838
11443
48447
53976
41557
85906
11725
92279
68842
46927
77515
77095
37575
72622
70267
91291
91564
68831
43242
79365
9286
35168
56368
52686
31275
40532
35479
9449
60519
67571
45362
30206
91054
97225
76361
55918
79289
66682
73092
50945
93554
21508
9845
98375
47421
27776
96221
68401
3352
50710
44683
6469
4197
93890
21514
79880
14141
60378
18473
28330
89055
72369
13723
26103
46018
82118
32660
4703
27961
63069
90044
71840
92220
8373
818
83584
27768
54748
76831
84824
18034
35269
75829
26736
55037
68309
84659
45281
72431
42856
77805
93352
66385
93964
24541
15767
1534
3343
28129
58456
58962
91223
62083
27027
48981
15656
70786
56600
96184
5052
45328
5355
83944
50057
73609
24166
65879
83594
91520
15291
70098
42981
91244
84159
85404
10464
38183
71041
72336
30627
71234
61076
67533
87342
57968
25409
69112
66902
90588
76605
90229
69221
88898
35720
46009
96878
80842
80503
60769
94316
10339
88150
87222
65040
7119
7277
78506
35568
34201
55576
1307
38512
82765
28347
76111
31182
98840
75323
18211
29531
99011
13303
95827
16094
72873
1755
90920
51996
13346
13900
77941
4658
45062
87686
22372
17233
58637
96218
86150
38291
35830
59330
25253
35797
47854
88502
45363
75301
76789
4673
21050
15833
64210
12628
70899
3382
27681
28428
89198
35169
80700
54521
5808
12083
66643
5327
26178
36552
87133
75580
21198
74273
7794
16650
53197
41431
3843
60732
63475
60483
59441
23553
21408
20934
22246
43604
43782
79385
95869
79690
94565
76895
63685
19140
85486
30517
20095
56765
11891
88303
75837
73539
61732
21542
28441
92750
30695
11418
82634
89840
43975
72404
58108
75684
75030
52362
97071
41511
96310
73044
35896
96659
60303
54834
11663
79819
54390
28057
16589
93148
16198
28916
20146
65761
48148
31222
24488
11697
87101
3663
37730
35609
30267
66885
65244
47698
1694
64910
59770
10180
70403
48334
25745
39150
97937
79039
69032
66189
46281
97356
54338
77545
82449
84706
99265
53985
80730
52346
64177
84720
63339
16445
65220
8269
55648
69365
95616
28451
32802
24331
255
66085
60202
60388
45342
3698
21294
56515
98543
66074
93545
53359
33267
74402
65973
63020
49586
18023
81173
94754
73021
39251
86672
45672
40982
72342
53083
4202
91837
78692
46325
66262
13067
51470
92621
70424
11515
61527
52087
40998
93963
1032
24334
97368
30550
47780
63653
1858
5956
34729
63770
97764
33551
47873
31439
11019
70212
35431
17799
93960
81536
95041
3980
45544
97091
1222
69703
21758
36495
67636
66012
83055
6788
13372
73999
86166
63868
26879
22971
63889
78468
76198
69912
76020
28616
88778
28466
91834
68979
16784
96416
57494
94189
14681
94577
24397
32993
58467
92946
43672
9128
61312
31403
44195
70974
53729
21053
4682
41677
66393
8034
33463
49102
19263
28032
87968
82473
58872
89946
31889
29690
67751
99862
88264
34126
69477
63928
8496
94709
1918
92502
66984
61760
78470
68860
11306
28151
69118
18772
83652
6695
48127
33874
36796
43451
7780
56033
2308
39591
95445
57885
43157
70632
20329
86193
64159
50928
23859
35520
37920
95425
68377
29766
34162
89700
44063
95289
85277
14216
35607
82365
78951
78112
95096
23593
90016
60607
43954
97924
24091
28329
42596
7014
51222
17942
27879
37015
91940
11050
20341
95461
39511
46964
95961
51530
78419
17364
5946
2126
81686
69462
72920
82519
42743
79352
89377
41141
36990
78232
66017
83252
79170
36838
19749
28535
89102
88242
85165
25608
87252
73056
28306
81473
94945
59067
61698
14438
75497
99142
53900
80626
15796
39712
69942
55318
42477
39609
78663
14725
35440
98160
93116
82552
7313
10864
54647
18071
77919
23810
84574
96086
71943
10435
99559
678
56069
84142
90710
27896
15551
23177
45982
97254
63899
7883
29530
91574
15048
25504
26910
72983
83282
78402
82256
45812
77118
76677
49523
96077
4082
82367
38768
11945
75976
79339
51938
51834
89351
27184
61099
1229
42632
57834
54137
52025
53127
85602
65615
88725
35062
77071
459
95156
95764
68602
94252
5972
93114
48257
64392
56988
74588
76305
20249
67297
55669
39088
42910
94314
41111
39154
82720
70659
65701
12249
47198
27187
13540
82745
14703
71196
64108
21366
85551
66902
17286
46707
20088
77088
81114
67357
51484
92414
79284
94958
16995
21721
59450
58378
9368
32400
62432
32976
67649
47681
79908
10193
72090
94876
91622
7134
3205
85459
16411
98495
43964
69990
69773
79788
12073
25225
45606
62628
55023
86951
12423
51518
45801
54945
60261
40826
17814
15122
95445
56567
99838
65407
81843
35311
57671
64440
69889
56518
26474
43908
88976
75770
64010
2345
52519
73887
57529
83814
66866
28229
98595
46239
38287
21955
59894
43184
92895
99253
53903
7867
93447
34566
15391
98286
41441
62326
85052
64365
15969
13570
4356
52266
79634
51266
49152
53506
89944
40483
38474
12925
74634
26014
52425
85181
84419
48587
56928
55649
59171
59438
16343
3539
63744
45402
81990
70430
41020
45852
21713
49164
82187
77858
5914
79988
23995
62626
50222
29696
77380
55025
41956
29724
41912
34416
1151
44667
63160
86777
58852
97801
11504
95929
13755
83753
23302
90568
22706
16586
31881
35043
53526
69051
29936
15333
83393
19071
17400
94773
60922
11484
77189
93423
79318
70141
73600
2866
28917
77642
35873
5315
66714
77484
69089
56606
33350
81137
27435
2704
44873
75680
23679
31044
81099
29319
2792
56993
75932
16161
83038
53350
40155
54550
9291
88958
94139
77532
48485
10124
6106
52715
73414
59899
19565
31469
1287
40674
24615
76386
87541
52986
25522
73569
67114
51539
67073
39629
25823
76145
99751
25519
95377
73209
10737
30747
27510
20222
98377
18878
92907
95027
73073
57717
64800
49558
52509
13302
70895
98808
3579
12949
81613
75950
85428
21411
22131
6564
9177
99019
71962
36305
88614
32287
77442
32646
52400
87228
28198
9867
67903
93460
78310
10017
69976
99102
65089
56968
50392
57643
4641
66546
34850
82989
37289
52936
57675
74945
81542
66828
37779
72242
57453
50259
15441
80059
47876
71072
62931
49170
67351
69622
74587
7182
29374
69273
13864
73603
23538
2742
57964
59172
2634
48211
58767
17049
19908
4684
83281
78122
21179
99978
13056
54302
53829
79823
99115
7709
85211
39860
43234
33188
9887
20819
26347
54531
16541
9354
42849
39099
71596
87368
39819
20668
75449
11821
33918
23476
77398
71031
10551
83905
15261
7241
38543
37112
83965
65032
82616
87751
7530
74545
75632
6630
22434
17429
97782
19512
50999
87730
71465
81345
80675
61578
77142
42069
5243
86470
27573
76921
79776
10647
5162
52747
78212
83210
5147
40017
68122
34674
86122
4546
25334
35398
87465
93897
30102
80375
75274
71008
77311
97432
92573
46561
3272
19981
738
50887
17370
56788
77146
7816
40831
26012
80374
28548
96988
42929
38358
66923
17543
62412
19695
32448
33282
56279
77127
77558
12341
81668
31074
9234
42967
45691
74516
60627
57357
57345
50895
54385
39702
55291
67709
22052
52724
54080
52330
34356
99389
36163
1847
10277
79019
22611
33570
37770
45122
10976
75975
34607
96173
2558
46890
46787
60919
29150
44291
98158
25430
27282
75486
69663
67741
76113
99919
17472
66914
53549
80408
79638
6447
71890
69896
8980
93335
19585
13547
56088
25148
16486
96608
5096
62712
75771
77408
85244
12858
30319
51300
75247
10132
48769
46036
62741
23527
98116
87738
90318
41241
5475
70790
97186
40558
75056
33446
34454
87647
97781
33061
81232
69766
6425
56914
51419
85239
71592
95578
5149
64357
20093
91149
11215
84182
20631
95244
99107
52342
69263
56591
44086
69793
4293
63418
86855
4767
4070
92732
30428
30790
36281
6824
31002
29528
10624
72011
50887
55443
14355
6986
10200
19723
68829
87238
46252
5855
14473
39501
85442
45755
92464
35433
47300
33518
5846
56137
15457
77672
37740
23476
81410
27862
89704
88653
37446
53297
31012
69025
91607
76807
57580
83085
86105
83434
76691
34108
40163
63148
95054
50763
22525
40917
31037
45394
57985
39619
42485
96026
29340
48757
16416
32653
46194
30602
39414
67324
79604
16069
52508
30285
84591
22196
56937
12462
68358
87359
89301
6687
85900
33659
42225
12270
19695
33967
78314
14477
56486
32490
33859
3788
21761
45842
63964
93156
30988
20681
5670
38708
38384
30255
13399
3748
8645
96615
68295
54306
85608
12333
13176
46477
5680
90910
20173
64122
60528
63927
78276
48723
87868
75437
93186
79386
8177
26199
72026
36398
85577
57089
75967
30262
27674
76007
82618
59397
27732
70485
51589
38883
94573
86211
29212
99515
35056
18897
4548
47033
27389
70929
11600
2034
77047
23662
28875
70317
51377
38618
20172
78090
83108
19311
50651
66389
15816
7615
20638
62358
89021
70464
70056
54717
78052
90184
675
28680
37238
14401
47297
80719
61690
57152
42066
78878
52069
60330
51451
3391
80292
56122
23478
41083
7835
47465
68640
46562
91656
10500
62028
39876
74751
52036
41729
91376
29084
63198
22829
43056
58240
85125
90703
32438
57860
63576
60389
76041
71511
2469
15834
66
37320
32396
98349
2253
19502
98879
20010
12837
24283
42723
64315
42846
55198
92224
25681
16339
28090
42101
1746
38805
76420
48577
60482
19948
97438
9846
78297
30478
9893
7800
20907
85975
71638
69870
76574
87236
45596
82975
50186
17242
25106
87144
7161
63940
97027
80442
90805
56505
18628
1792
99421
54494
69306
28166
88461
56206
13372
37995
37349
29186
77797
75125
55270
50656
32746
17599
30058
11129
2977
17829
62777
93173
48021
20520
12971
17336
70116
90765
21255
23577
2915
98717
30951
70480
78507
52987
93560
76251
87335
50210
20603
37014