22031
21329
416
66016
15394
31723
63106
86290
49251
5456
93464
49655
25125
73551
11505
63272
74163
68911
6969
53859
39025
68698
61180
84795
54283
98854
44234
68366
63971
61231
62891
37326
62796
59940
74838
11360
48082
52742
22354
79187
80046
67814
66719
22240
86354
9990
62696
26097
27273
33522
83928
80107
84972
42930
91971
17062
69306
28083
71925
65931
42730
40285
32780
17015
54205
74074
60125
5818
36816
99959
28293
14601
69715
74490
94273
93197
37711
33425
96771
5349
54814
91606
25730
53672
58592
96547
73747
51121
23782
43780
60040
66196
8231
81228
87362
22628
21923
43535
3916
38116
42645
15813
82103
44772
60387
17112
19971
85259
32410
49667
67131
92815
90567
52026
65216
50167
33483
64082
93241
13733
76231
33921
73273
97854
38919
57560
23095
33440
9073
93757
15181
26230
50651
58147
7742
56686
36262
1395
70811
74318
62908
40156
93898
90961
6727
60150
19865
13628
99735
40623
37643
78239
35818
66325
45893
46581
32965
74779
15284
55712
81109
83289
31816
77677
64418
18609
2344
76674
59460
57865
97726
12422
39226
69164
12281
98331
71589
23948
66825
49619
15712
88399
33677
12672
65246
14668
90749
80332
4952
47009
30465
58529
76832
68398
72938
40257
33070
38381
8401
2545
55408
39627
81573
69752
8100
78553
17848
86666
91676
33708
12375
62529
73047
11242
40916
14884
20709
56036
20738
159
12168
21401
65177
1024
56671
51164
6421
53805
9722
67527
30983
833
70368
23549
49773
46587
33901
86293
15670
14022
9541
74478
65721
65805
14550
70797
33272
46390
13894
98712
56927
70308
41922
27834
22704
82473
55654
85184
5094
62077
66448
35892
83983
62446
34092
34933
24171
42651
23875
38531
49919
51923
59986
72776
24716
12217
5537
7647
93986
96161
55034
67493
10731
68353
95429
33868
8143
22028
42748
69656
371
68048
99620
14121
99195
63135
16229
32824
6210
36519
97329
60357
58580
12353
89883
7531
82623
56951
94342
10540
45093
28730
11570
74546
27790
40741
96415
40672
90363
43429
70598
47342
16535
92714
99203
77464
37816
73176
14823
65246
2476
61920
71124
55016
45968
41498
75169
87900
79087
82341
67778
82368
62387
84108
8335
47860
19163
86521
47987
13039
16867
14987
24658
2447
49292
13483
57275
76494
63945
44829
11700
15407
20234
55974
78293
52231
89740
69093
9923
97382
45701
3312
13058
23837
29366
42601
81878
39659
35982
88206
82986
6406
64204
30346
75271
82141
93138
95814
22973
53912
83351
3747
51213
15059
50120
79891
65814
33403
46755
12402
53356
22761
48359
18255
73355
1494
33740
25341
94000
3258
50482
9356
23966
40268
37363
88083
14923
46547
99404
30741
86519
87943
28207
15969
46210
46031
59399
36649
55067
78631
43309
35389
95911
48713
48038
91303
98440
32619
89927
14326
9800
23870
50756
91981
1488
26498
50721
32599
54353
6245
99461
94152
9072
41120
2831
32709
629
4859
72248
98114
52398
1553
38541
84960
3802
68033
13700
95726
45841
29342
21743
49490
44746
65589
28767
83240
74901
34447
66818
1286
16345
4190
6370
4872
40646
94885
49552
19595
44804
82056
71240
63687
49352
60102
93829
65548
75666
74881
8074
38228
14181
87068
54644
7658
2016
79728
9761
28116
46543
52318
40518
58665
92802
76308
11464
79596
62207
19914
65209
36339
13101
27057
14123
68607
89078
26431
8553
38943
86705
74410
49679
42446
47928
14815
48816
94772
61766
54282
78134
87929
45034
51000
40797
51823
24936
2938
8154
21719
58495
42305
73992
14457
20807
96892
11206
32731
28167
61863
81546
31097
12267
34410
33101
51508
50407
86836
76582
21653
86843
7453
34277
39876
12976
70893
59660
70741
73607
96590
11554
72557
55790
33844
50471
50442
55136
21052
44967
96538
62562
80228
41869
91284
78989
83769
73355
67979
98027
36450
22236
96833
307
63587
44447
87838
53698
94691
31619
31016
76893
32960
80102
32376
14970
85026
57100
99789
19707
43238
46429
48981
20231
27595
7654
45277
23717
94646
92390
85557
41521
94225
67575
73919
5153
79351
34024
19844
2659
16494
59173
92300
41486
60087
79060
7947
87000
61421
7764
69850
10757
14444
75001
77955
20010
85049
40805
52767
55172
12116
37612
43494
22204
8805
36442
60645
24374
22871
64724
33955
86630
80598
10675
62763
99738
10357
65207
42091
68623
7026
77156
55919
2049
96004
84954
57818
74596
42322
55469
7181
8899
8355
25945
8453
36825
3718
72770
90719
89714
77155
75976
17238
78647
49857
87812
21726
66965
64268
6102
69229
47183
11412
46964
28048
49801
80776
23112
28689
68960
72289
49196
98749
97263
17176
18896
65555
88380
2933
52541
4248
39788
14727
32032
13344
59409
58211
20182
37146
32116
67253
51411
99674
34868
27214
13798
99059
4212
87424
4445
47564
69315
6481
67036
65156
54275
49466
58104
25644
95517
72211
53449
40733
92873
1312
73521
15843
68844
95520
61879
2512
87901
98007
13780
78013
76128
46721
64570
58625
59258
77559
80896
82532
36381
4702
73781
58836
31536
9567
65872
86743
52907
78585
77925
66297
53863
1598
94760
173
60448
72770
39457
41524
56783
32066
66695
73091
71304
50698
55195
67211
50459
86647
70472
52846
47884
82248
8904
48560
95258
19604
97743
2594
21445
83835
25762
57182
6713
20695
31788
58167
71412
28032
95418
53379
31521
94989
66844
63907
95574
6826
2304
35556
63241
92703
19766
1182
51419
37512
94676
24922
18658
29670
85889
15468
58001
2235
25330
53786
76028
10752
12484
21864
96694
51036
25965
88296
90315
89326
57180
92042
65185
41295
11283
30695
10453
89371
42328
12202
95053
91959
57728
47559
72239
83233
63996
56036
99487
288
56092
85165
99237
27112
40882
86464
91968
17676
35019
45458
14963
82746
14906
42702
33853
91361
91323
32599
3863
32852
52613
82333
87248
68567
95045
13033
45841
63810
74474
72499
35304
43254
19937
78
1075
64697
90499
38017
39308
47875
1539
28748
44659
92671
17935
66889
13946
1310
2317
87345
77203
41682
40266
93120
30602
89225
64268
45705
36877
62000
61813
8183
39924
38165
45186
21052
52151
17289
28356
87286
46331
40439
50323
56518
2577
91919
28729
57528
26499
8803
9853
64987
20660
81073
69482
88059
27908
19209
24455
57001
55441
58777
28385
91862
50684
49522
48098
4287
63473
91754
87564
7230
896
14634
7955
43613
14233
33672
90081
94487
76290
88482
88555
14622
23043
36852
34503
1398
60655
48190
70566
16835
62876
89013
86808
49079
79938
73883
24013
4436
15572
90901
10838
89866
84898
81114
50000
60060
35376
40020
56424
52406
4353
76384
43461
43866
48133
3630
5852
33190
17882
39019
91485
23990
72115
95669
68131
51515
32348
66714
41480
73804
46018
61910
14030
76901
62092
67557
246
59105
13432
88122
55405
62693
14231
22180
12153
49876
51791
52457
70330
51515
71238
88180
36794
69540
60806
96115
53389
72250
8640
20570
11127
62236
63829
5168
57522
18054
79198
26896
99053
41612
18885
47374
6276
55066
43114
8672
57969
10852
31324
75304
97644
50959
52473
44044
1168
2014
79788
59841
20633
57853
89699
83596
6003
96765
2138
906
25572
64470
12280
59420
21349
90206
62000
29356
47044
45552
4899
42827
83617
40627
45521
92623
38612
95023
72432
65062
84458
15423
12589
83860
17334
41770
41266
27362
73511
52522
45629
79571
54151
36247
65627
48443
89653
37308
5222
70222
35071
39653
52837
46607
40771
96817
20716
6127
9548
17698
51565
53328
57341
54356
62264
91691
99106
6399
78334
12340
1275
51274
11946
40423
62527
62694
17238
7097
80645
78562
14059
12157
80443
53642
14573
70121
80179
17754
90107
61098
4724
23791
63221
76463
20490
72240
24860
67219
37524
8500
48085
18641
18590
43590
44239
54350
33387
89878
80028
90902
7642
75364
96886
52643
60281
6130
81251
45838
72869
43940
18713
39360
56857
49669
34311
46128
62960
94054
83594
6872
28343
7748
52146
28230
85209
77330
65414
91050
66557
5648
90424
67229
11688
53365
91027
82087
67605
1430
264
79550
79312
73241
88502
53678
74699
15339
2002
18890
88469
61305
46100
36855
76683
67038
68999
60579
38053
45517
32306
3863
74816
6445
68548
35095
84926
94192
96284
80713
16495
86348
9217
93
3411
41507
17679
43553
48609
97047
67552
26159
31170
82303
67306
33913
68374
68589
57525
10178
85742
51300
69164
34294
47122
54189
17461
72701
80520
51161
649
20906
3453
26991
26479
58480
92569
99441
83873
97011
95824
30490
42459
9288
82629
20401
31664
72449
22266
13508
16867
41221
34438
34929
79121
8842
85237
54983
80614
28163
83846
17272
69720
65229
98737
30337
88286
84921
22189
44977
54866
62007
95330
34668
1018
35875
17698
10220
51701
54938
38457
98447
48493
61601
179
3075
47669
12021
64705
56052
43224
99270
18509
42133
7050
34688
15415
56950
66346
30274
40470
91374
7112
15329
64733
9684
38444
47704
12119
1532
55835
15470
73402
76872
46912
95830
56889
49479
61664
43141
17253
13424
61696
16686
68424
5656
39599
84367
35244
8205
19534
8948
56975
86024
68460
34649
76390
7397
41904
79057
10745
90980
13541
11096
35980
80578
50671
26774
59998
29580
42184
18758
46776
79925
69493
68730
7021
28778
92832
50808
87689
89107
85103
32884
66994
11320
93479
41148
37939
53568
88609
42179
3134
74925
38131
95933
83924
33375
81183
21388
8583
86787
19880
69416
98854
79697
37579
88029
32160
12109
54092
62267
92976
64110
82429
40065
89000
95533
49463
54348
49813
86425
50867
92000
92947
75170
65025
69788
54026
98899
14881
94485
53633
84772
74044
54271
80349
35017
75997
52588
25679
48346
87503
17980
22684
80200
90809
37009
45212
91479
21818
57677
4857
99661
17259
38089
25220
37740
69085
66736
42641
83852
30463
4592
6594
24374
43232
44670
44048
94026
85997
96719
50499
67202
57770
47264
17379
54607
7125
87865
17790
9412
48590
63578
78616
57311
85900
31656
79869
57342
50811
59627
19527
70880
51984
48881
96948
27258
92492
14496
64091
949
35616
43461
23933
61540
29472
57039
34744
64108
99444
36598
51307
29845
7573
11942
92139
70236
92731
72837
79824
53632
99058
34588
92967
43744
90690
45646
70627
81081
58325
61448
30325
70872
19123
34868
87109
48397
25932
7569
63547
38979
19295
39794
61823
9750
11644
61895
70986
19265
68961
90370
52189
49443
13163
81402
83479
38312
10663
87589
32682
75496
765
29501
8381
56610
21654
28894
57877
71297
77584
63049
65018
87433
51025
78151
91275
4318
56341
69535
68292
90536
89017
89004
86579
69838
11638
29858
13958
93108
18752
51318
33957
98683
74385
47601
61505
75814
83868
97622
17191
56765
15781
96327
88780
41934
25040
35945
81767
84872
64480
40794
47361
92276
49709
96571
35665
16796
60871
83848
42892
88717
94948
31023
69049
83810
89050
23925
58845
50320
78527
84476
43901
7169
38360
48981
76823
84263
43237
69439
55309
38846
40561
60504
33981
99526
87155
44459
67574
96180
10815
23318
97258
7449
10492
70523
45403
75536
95707
42
65206
87128
17156
54791
47083
13618
43615
48384
85839
61912
62612
59048
50333
52466
91758
17523
77882
43254
36706
30142
48452
11257
33628
36025
15067
62292
34879
38909
18056
32980
1036
17145
75799
22872
68729
43265
46841
19289
31547
97215
57862
94750
77578
12069
25920
12575
95464
88455
99731
59824
62381
19375
7852
39467
41816
88834
53077
34151
62270
7209
36100
65672
66582
97121
78270
58850
231
53088
8921
24799
98833
26498
58778
63609
68750
77224
50600
20211
76646
60829
56980
36550
77569
9468
83048
83258
51350
7247
7810
78908
60978
59976
41243
35727
67972
57293
21049
57893
25178
79992
29402
81929
52550
58065
35767
60568
71330
42398
43125
97752
83949
65930
4192
31627
34813
80894
38239
36029
76815
33180
58818
48661
3631
26134
54869
83637
2739
36386
77080
22496
14457
11406
94988
77172
37021
31481
25942
45340
72126
42424
41468
85504
5107
74768
38763
86539
71973
30508
76980
75361
48719
63341
35703
72433
19378
11362
43133
11778
50688
92540
47176
67354
20107
3049
80627
35276
50870
12143
66296
46826
68985
164
37784
82194
9060
56328
70387
42528
54708
80942
4945
68847
65263
17085
89047
71390
21650
95308
43979
84886
50925
33558
2291
39437
62739
25644
48190
8275
94163
28572
64665
73068
89783
41175
12910
13578
42372
86911
75648
63686
14261
9505
69656
23414
62081
61201
80
16639
35333
32887
20783
57327
53779
91027
57215
63227
4714
95324
93325
99580
96402
15596
28102
88515
22120
35250
73935
68057
4541
66365
57788
52906
1602
80096
88431
12187
14510
10135
17788
61268
47339
46699
31828
69892
5231
22453
35266
93773
79478
93353
9216
28284
13370
85235
52919
98661
86711
27530
57761
61299
40375
52960
37962
16909
46433
97411
80619
14767
71304
16479
98068
32606
78682
56116
35568
17269
44854
46825
81598
85429
75335
59225
9211
49366
47781
79866
84052
66727
37286
54554
75212
1610
43663
66484
66643
34413
30727
75476
27470
81458
3964
81583
6995
24438
58894
49340
71628
38067
41768
72693
31054
32853
93555
77151
95809
20839
42709
84064
25365
70155
98071
56105
3771
12553
25233
53659
73789
49878
43964
41759
44942
36758
43343
52207
60603
4795
97366
73397
35302
795
67562
46170
23835
11979
34240
49778
11231
24352
70289
22660
79525
98155
62075
92847
59294
49442
45143
28233
57794
8896
18567
70974
22957
34300
67782
56958
49091
53983
89720
35127
60224
78545
48000
41252
54527
8678
40
1584
11592
72981
4570
71719
26690
89605
72258
62063
31183
10580
63932
45078
38656
97549
4852
76241
80192
69434
13316
40324
3385
23189
83940
74350
77111
10587
29675
44458
99651
57549
77388
66633
31420
73914
82305
24832
6024
65614
44962
48744
14040
70090
88966
60501
33082
67804
49108
52036
88710
75011
20157
12735
73725
64817
28625
76685
82902
36712
69999
66174
7059
62812
6047
18526
81162
26091
43192
90055
73242
60394
2912
40473
3842
22819
4968
26449
57674
73738
55239
93632
34312
35773
81997
59505
94292
17325
60768
82542
41670
58209
81812
7178
64933
82781
34972
32248
11660
46169
70187
74590
21629
94876
79967
83377
22330
12654
87660
85653
52122
37340
36404
31017
41275
8255
73547
37431
11258
28187
66367
330
9353
2221
3362
45676
84729
45016
27753
96721
11342
24885
34194
15582
71570
71965
8885
87368
74246
77701
98029
23020
80226
52922
43859
84154
65799
53722
40004
14736
31870
69518
32382
81524
35799
79732
13737
58054
18456
62269
47936
20503
27943
66802
94952
927
45335
77106
10377
32018
15144
88731
79067
14374
49475
4274
16941
27706
29912
58527
79277
76381
72189
86392
96049
19506
22600
68893
89766
38029
5371
77075
10772
30647
35891
1036
27912
26421
92748
3321
46576
92999
30176
96504
53032
24905
51760
70191
87781
72335
60682
42497
42370
41730
73495
8505
27968
1925
80683
45912
76601
43229
31846
49328
29686
42667
80984
35540
98185
11257
5583
83980
6520
75170
15770
13974
33159
79061
63878
48122
16503
41469
38477
94951
75565
59372
69929
43010
98165
28890
62879
67564
94588
78946
90330
29820
19523
85354
62011
62769
54476
85015
65359
4667
87032
46143
66711
49724
68821
66683
31607
23781
54851
68591
87794
41589
88617
96255
96226
927
90517
49344
91408
96720
96091
60632
82220
97502
91441
43538
78574
42304
43857
67257
20756
12540
79173
61763
52248
34377
75669
3815
50770
65779
67717
2462
34055
91428
52129
9116
19903
31965
39544
39395
61997
46540
31260
61488
27025
22388
25560
68223
57252
16416
668
44245
54244
51199
74504
31209
11575
6451
1975
25153
33189
79994
19157
34402
68822
75594
43842
58499
1722
85755
39636
37004
75477
9537
1742
4218
92873
38709
9331
77420
57635
93009
86194
83899
25234
97662
96748
10002
57536
79420
39201
65570
79344
78116
6656
41104
77290
39013
81767
24235
59110
70701
48914
27195
92802
13272
49474
71969
68481
33555
98788
94234
77228
55815
94531
99931
34315
75321
62914
18443
7122
35010
63046
64362
94021
56453
61501
13113
23982
55156
16818
10712
41747
77353
29403
24723
24499
59384
47158
22598
67765
3994
83365
71416
76042
49523
18985
88298
94897
19184
6859
21659
14447
89551
80511
8853
52898
45999
2477
92020
57775
47939
81974
58366
53462
69456
64291
14357
47225
86484
12969
61277
52151
22822
19774
82779
41105
27119
15544
3084
24560
93971
94544
39606
81479
54552
94186
38271
24763
51155
44266
18873
13483
77096
61322
63302
28417
8999
53549
32422
21208
54951
93785
50460
5232
68530
18518
39893
78805
67119
29973
85185
94385
77003
17537
58780
54954
60808
51155
56362
93135
58949
92324
77494
60850
9865
49729
1557
41877
21175
12433
66953
48314
82103
22961
68659
16702
73550
57873
35843
644
20798
70440
29940
10202
56971
27380
74469
74747
87815
2058
16653
25508
81615
67791
63304
41159
13758
81743
55199
28152
37321
14763
8486
65714
99116
29501
99175
36402
45477
77437
76305
48639
75411
99808
48633
48207
7527
63654
86567
61030
53578
38386
93033
28810
47821
17289
79551
73381
50961
76900
90845
67604
87892
38129
77140
86756
66639
50485
35323
44402
84163
3952
13615
82053
47730
55506
72457
79139
3313
19745
44578
15518
49538
51788
85237
43124
12365
52839
31077
28801
34782
53207
83858
12830
55104
94366
31028
10416
64611
71794
83217
85749
57590
35844
64611
85884
9855
16008
54571
69605
97246
54186
72700
85586
82689
27420
79210
59504
61841
40975
64466
45751
90837
16620
96621
80719
93775
87424
27943
16217
26000
79250
38613
35286
35257
96752
66407
33343
10661
66864
32709
80860
48911
30562
18135
93049
34502
64683
59776
80556
90335
90041
57467
70892
83292
81348
5774
97722
58992
65896
4423
8324
67538
50402
82862
26605
53156
267
831
39380
49007
41605
62230
26304
45413
34828
55607
50240
67660
72632
91620
41711
87512
49044
53388
90100
50464
21468
15225
97583
92536
5774
25029
96245
36844
96304
73077
33137
11150
86607
93021
22017
37385
7455
70317
98066
74483
29691
53067
32792
60749
43880
95310
76933
48978
79191
51381
51758
55287
72209
92810
37367
96104
36030
98371
88307
44461
44469
15534
50477
44811
68911
75167
28615
89615
12807
74378
31602
51043
59036
19187
11443
7388
52981
23224
20584
51141
31777
25782
33730
84798
46571
88841
91574
96469
81225
51067
76361
98809
91137
36388
93770
89814
4989
93481
71625
29937
5910
77000
58900
61992
89118
71972
40658
19560
28725
17941
15017
80307
52357
40998
70184
36401
48947
12134
30079
60197
71248
51642
45801
77153
49090
54448
57232
35586
41188
78977
25320
14402
89736
85075
99723
59192
33156
35646
40320
75784
42490
67783
57087
77147
51450
71870
82889
17989
22321
85243
41962
79080
90782
53703
77456
47046
21017
51928
2126
47593
88091
74288
83044
79365
61308
46419
47617
44368
29105
84438
18428
5587
93757
83724
32116
318
45227
19913
54794
1889
45878
18797
47684
59455
97710
68230
1863
17289
27204
88061
44538
13246
99077
27105
4154
95030
89476
49580
5059
85017
59956
96149
33592
61406
22205
29584
14923
44637
4480
24341
30664
54801
90753
65657
22572
46997
28785
9393
62558
53523
40572
62103
7378
11190
68319
9529
44205
21911
51555
42963
58675
60487
71865
16299
23243
11783
83078
23099
58064
39401
47830
44786
56149
28894
82701
2027
85373
7413
45610
50085
10745
8558
12455
32824
61353
57304
68803
74378
44002
96819
70849
27992
9184
39213
61847
32877
71315
22898
75693
68682
79992
64180
16992
21390
90045
64313
79577
7973
10450
19647
78767
57551
76587
58442
81442
35333
32864
52444
32145
92859
52562
485
28278
45982
88612
15910
68410
66324
4989
89722
64762
28821
45980
87781
39582
33155
18212
47405
82947
7275
9340
74550
43331
38918
32165
56286
77898
11858
29762
39335
20556
70152
55490
76763
82793
87262
19463
50948
19305
42361
57755
79955
10824
24338
52177
7554
73941
73146
64435
44176
34229
70495
69262
30422
65728
68380
61968
75816
4937
38702
21886
94750
99232
82089
60814
55537
41875
23570
27799
67281
82674
9146
99365
66624
13770
76154
33732
9618
58069
47119
43559
7896
42128
64702
14331
30246
53042
33268
50394
13180
51072
47033
26675
76448
39568
61040
46450
25593
42623
23171
69006
98212
26531
92139
85165
32627
76341
72249
23231
32821
49520
91688
99028
29954
55243
59457
60432
44438
46208
13659
80490
86143
51838
99736
77384
13825
657
42156
27548
74758
50002
36910
27265
65263
56515
67239
24775
22676
40514
8092
40198
33318
73326
58737
38067
78118
39129
50188
51360
97694
34380
13406
18315
16632
46969
51188
44465
32791
80706
2764
93935
26259
11036
92687
21714
26167
19802
80648
54682
15599
64826
69343
2839
52555
75512
63998
54283
36533
27655
41475
37302
58926
99098
35784
66661
94685
59496
70466
31395
34980
56216
83510
52193
87924
15676
10909
2784
98576
93036
86832
76816
83876
46417
42707
54250
62898
53326
39576
47174
51186
49457
2570
31066
9221
25625
5860
83776
97333
83827
86764
23649
74757
96021
68716
42825
25500
44925
97508
45745
94630
31933
26740
62425
66189
13287
35366
38070
29978
35415
19518
5151
11231
11788
9311
53478
45011
83508
4190
3504
46813
46374
75109
72495
22158
24550
63196
14193
66505
32017
78031
11968
51168
76255
46187
33589
96093
37403
91646
55737
71334
43850
31876
45213
67049
51770
53166
78717
41466
58689
9781
2702
29649
10630
15925
81406
67805
58521
88048
89488
52625
36972
11632
22509
98335
6939
18177
15168
3094
65811
26263
30135
96175
96439
82343
13744
68791
23484
46036
91837
20128
48207
38843
31562
54901
69062
25480
80012
63291
49694
58019
45902
50964
66249
41086
16890
50505
67774
61189
77477
73052
57165
28770
58306
16276
1525
20438
54714
68488
97333
65161
34125
97038
5217
80193
82698
78630
71916
15643
69518
75582
56348
13738
56336
60872
16475
26849
88966
36583
60474
97068
9949
25907
42078
90095
35958
10949
96341
42612
87103
45911
81877
33170
71960
12943
8260
33827
33965
51010
30205
66292
85962
81602
27189
73927
29919
24823
51775
69572
15833
1328
56426
91202
88212
17507
4069
62427
47526
18719
81568
25853
22312
33031
44576
49705
67882
50538
37264
37392
18349
15723
21938
98417
57110
83867
85921
6440
21411
35391
63782
55560
33927
76536
88892
37479
76012
25920
97902
55116
77593
2252
91870
86455
98128
69404
15602
29923
8190
31641
93190
66050
5622
69804
48783
45800
93786
77517
85902
38745
70382
94136
30522
36054
27802
88577
32309
54742
88585
90665
80510
39428
59642
62983
83869
92544
27756
43925
90975
66551
93097
7862
55673
16263
46422
33778
66321
40949
96824
40988
2505
45154
14740
72495
65227
82502
51629
14716
43803
71953
21968
50779
87694
22964
15859
97608
23931
73946
76730
40723
13433
99549
17056
29521
98545
38395
73613
19726
32181
88087
9090
87098
31216
44343
12598
56445
97759
51202
37626
69166
57333
76462
65029
86844
34437
71062
97779
8535
31712
95913
20757
82513
98725
81269
67746
76143
19253
6818
30234
85536
8021
24014
82361
97031
55288
74135
38484
69572
47218
1278
65232
31196
79446
30363
66287
51586
59676
26497
39205
2170
470
95496
37402
90188
96204
69169
89049
48405
4953
40751
16783
21044
8349
39576
25574
30032
80909
41465
67035
79727
87050
28431
86198
44721
76736
37721
71145
61035
87127
38536
3603
45845
6442
95310
17570
80077
23960
2460
68799
42954
31031
50508
94597
58990
93237
38114
59081
11326
28434
64407
67178
47983
99822
70370
54309
43309
68628
21435
69186
58221
72925
45197
22276
39406
22009
9287
55951
98465
27685
89985
22758
77284
28710
35852
54360
61788
46144
33310
2375
61867
64885
94531
23200
44853
60105
18997
79461
90755
85333
56502
16945
5966
9041
56929
60471
78337
47462
62449
88722
80132
68243
22990
73175
86230
53124
29267
38057
16636
95140
41421
41752
77007
71955
26904
4556
59585
79574
90565
67743
2000
16528
65822
24678
63566
86583
37641
90109
11403
7581
27775
10208
79976
36856
48425
18524
78742
80250
41803
44968
35130
55960
20905
92334
83173
99282
43219
81910
34671
7783
67442
260
86403
14174
67377
56036
42
41636
33046
33460
65775
7494
25351
24969
43052
40314
92929
24989
47687
22420
62614
43975
97646
20058
59760
69915
64347
66331
63217
10180
71974
73736
32114
11090
30911
13673
67547
27331
72771
88644
66152
5889
38090
11933
68277
84285
29131
24343
6925
88422
96570
66118
69988
30379
90358
2346
47841
66458
89665
62884
78769
3221
86490
11519
51346
85462
25852
34367
87205
29579
18670
66746
27865
81737
27138
46143
95749
69668
80170
73511
24435
99111
58389
83367
95075
96836
11639
8613
39415
11172
81774
86106
8984
81523
84675
22488
73946
12237
39966
63518
99497
38148
52958
37698
62018
53809
39103
79775
6683
61232
30934
49895
79649
69160
26795
64576
40266
24948
12799
25966
94756
83234
30546
39066
90486
45312
89595
31044
85814
46694
9447
11078
22823
57959
36911
8365
77973
76401
57229
7102
81648
7461
6293
50507
17850
17325
61651
83051
21907
39907
40220
68179
98150
60414
98057
90278
49370
10801
47172
19848
62961
63712
76672
1538
93553
34387
68778
43516
65536
60728
93895
94226
1367
71997
30749
55010
55344
24686
67432
100
73063
10400
65486
20816
1156
3778
90596
88313
577
41337
32678
20103
71346
68517
45444
99602
23169
28298
9428
48115
26515
74715
40673
37021
24743
78654
98720
65757
14548
54427
13334
35983
2059
71483
71228
42790
33929
28437
35994
57699
1725
23008
38518
29742
22845
98920
51162
85823
83289
13002
76102
84512
90843
81575
407
50686
76260
18755
15017
53060
65139
74145
5326
70137
72104
99886
79158
8537
984
36197
68500
67239
11211
73791
73011
35452
4599
88041
13695
44277
69049
7060
58822
56768
87463
19551
55209
66966
26808
23615
68773
77229
47773
77228
48841
81261
37647
24293
33318
25322
62003
49536
99720
76010
82165
64043
99909
60881
58424
53249
92736
82295
14040
97062
89738
90169
54255
41957
52121
84574
37657
3269
19076
72839
78938
89079
68483
4603
78556
64748
68954
76600
18789
34888
15389
41860
13043
80973
4479
29329
67737
78226
2004
92273
48886
30580
13842
87124
95491
23679
9547
79016
73688
25306
93143
72585
31559
81695
85983
25209
84104
80825
82389
12169
20726
84573
84122
86992
80030
84113
56842
43950
52851
90122
84791
37905
75838
14396
2864
75711
81094
51534
78544
39158
30824
26451
30105
13760
3712
43914
12046
98968
33578
98551
81449
83436
77242
50393
23657
53848
21030
15771
68786
65640
66770
88433
51811
79833
65098
53807
86530
67026
86328
22519
16565
73462
50010
62406
51266
37325
82180
47071
5691
59731
53973
86691
37171
57690
95734
35953
33405
6174
19466
69722
3219
4103
53703
65804
31341
86316
80129
29595
13294
84454
92589
93570
67430
32014
97650
46495
98321
87574
51868
81573
27517
47726
21262
54971
56096
55645
71333
39931
6280
67431
82978
14183
54804
18758
68879
21297
12685
9513
56914
49927
96295
63169
11573
24575
45176
66830
12603
49813
91016
30596
22746
45366
9401
5256
90316
20298
15539
11840
14735
30164
52874
99971
25419
9327
42608
51242
64110
1228
99570
54463
6083
52764
87417
83553
68251
4479
66142
51379
76441
49769
84058
66270
33832
44027
76463
9560
39774
19425
88782
71635
90170
18872
30351
29791
44917
72114
52308
74810
20164
67707
40652
98354
36399
47943
21667
24431
33806
8174
52873
24551
62929
23592
81195
59772
33894
84863
22971
66821
64820
21607
90593
76231
46991
63122
45379
16722
50737
25019
52009
37623
62141
79081
67756
25515
43521
1215
12168
3233
50243
26683
24775
14188
75238
60278
64529
47039
77745
72635
17038
2569
73588
33374
51797
81334
47566
21517
76141
16891
70461
4559
92072
60148
15577
23319
39816
7529
13479
32289
94460
88995
81753
64150
23585
87640
3923
82935
97164
5381
41262
66713
67258
67552
53902
18352
71998
65624
52738
92825
36095
99801
76507
96202
15665
62716
55894
346
29171
52853
55938
63269
55581
27837
58149
12920
50500
18920
50912
53057
33017
11420
42415
96131
26409
73220
29978
82192
14522
93057
28536
65866
21705
15910
84807
80015
85188
2890
39595
84794
50729
98762
76181
60870
9319
77215
38254
73746
77177
87422
36988
32102
77882
64452
40981
93434
17393
14021
12874
51189
80796
3490
58981
37413
43649
22872
487
97882
11907
65123
80724
75278
33386
84346
72225
98878
16429
77133
35629
45208
68669
57070
4966
34399
29857
32901
82813
52744
1997
78411
16663
96842
24866
2750
11539
40955
63152
90604
5095
44171
92131
4593
60787
11895
5483
26380
11021
98055
6272
70699
61920
6021
59259
21489
99063
20079
83834
30319
25812
8241
30432
77996
99154
4051
98210
24560
73289
8212
82161
25774
80775
73688
19167
92291
97050
11088
57949
17667
92303
60890
1297
6263
21266
49838
62873
7006
29945
16770
36224
88339
17390
75990
30317
67008
81748
73863
3692
21697
20416
13938
55621
1475
10967
6855
33099
8044
70163
74394
95197
1010
67829
73821
61968
23110
45595
65282
78405
79997
35133
54556
22015
46607
35415
74393
25676
64053
35804
50345
52324
46183
92664
24753
96156
44557
8640
14316
98362
7204
27468
59220
81168
6339
69141
16692
9593
11278
17214
61562
70033
78134
83951
97759
53185
82960
43472
61694
42030
79275
55229
17227
94320
86243
38643
85269
81334
92683
15064
13090
13971
2531
57302
11696
88822
42853
39107
47476
57495
71738
41623
48721
16894
32625
60208
8108
88880
94705
97862
91778
15013
6727
54242
58987
2514
850
18848
47281
30479
21482
92908
48743
97641
19358
75170
81637
63551
50381
57000
91705
17167
25646
78820
32112
28044
87913
61831
55851
5763
63435
72522
27650
24346
91032
18373
9186
13999
78243
90933
78682
9630
94528
279
96481
30311
87660
98536
37822
64066
88137
45975
76581
92346
77746
43451
49474
94551
80103
67359
45957
45473
76731
38095
59851
34250
48019
73751
83513
92888
5186
30974
57696
13223
24010
14437
42291
84427
46433
38476
32607
91346
49785
50534
51506
65199
38744
72901
85443
73547
75553
38219
57070
80213
42499
82850
35714
90512
500
12085
6983
76629
59083
57576
47074
96642
94798
89493
30626
79112
93162
34096
47060
6180
50487
61426
71003
66221
19398
51928
48593
11829
8669
9941
71859
25519
80303
35723
26541
70571
5702
98586
40463
68287
286
71886
96299
37921
84060
66647
40901
17784
50895
27306
71637
91407
86077
99380
35835
41595
65928
87729
19559
26555
94837
94341
80784
30121
99982
55663
36885
94896
12422
62119
75214
66231
16216
78281
19192
20158
89696
40633
16734
93585
39380
28310
4460
85261
69296
44553
87575
45743
94228
94750
69784
74916
67690
62494
17811
44569
46124
86890
29030
94690
64035
14865
58222
89398
64687
76056
27809
30719
62751
71303
36457
14601
22023
8669
48289
7949
18597
91339
73945
12095
32902
7121
81781
93187
16070
24845
84067
83208
85079
74676
49270
67577
78148
61048
25127
13004
77838
84175
13178
68347
4588
41579
36039
48885
5979
97868
35746
22911
91487
78110
18205
39581
77651
67809
81453
39146
33158
9871
56141
60686
18694
81899
60353
86365
81954
81098
10955
66556
61963
23475
95101
74707
91176
23120
94465
8056
28955
91650
64531
14816
920
90300
24096
46060
23564
8298
24901
38679
63015
97520
12538
44080
56827
58279
59500
78454
52538
8523
80586
92934
3300
57089
46504
61965
90779
62082
16783
38880
2730
55509
57554
36113
15963
33994
13071
82182
42804
6853
42183
58211
90449
25089
10190
96466
34517
49180
8997
55173
5935
85239
19839
73159
71308
4006
50812
35774
39039
62877
339
18540
43440
50247
53586
74439
14562
52537
23163
36333
50545
11655
37865
16060
95963
40195
68144
34160
59046
45151
24470
65231
88285
38891
79235
44961
83286
66730
46722
16838
19159
78766
76824
13887
41819
85582
9910
5123
71787
34516
34797
61856
71790
13449
48146
25609
47967
60046
86759
59714
65230
609
78168
40157
73802
17217
78011
75949
1132
50123
35412
81668
7688
49312
7091
71789
73787
55660
12388
25656
85576
64872
45412
19384
14297
6350
32415
48351
66074
17926
20518
27498
5327
3757
90330
99426
56416
36425
96808
79014
66134
35713
2074
70045
38843
27489
65396
39196
2154
66846
32939
11915
86301
60523
30825
72816
74159
46356
74110
18107
6549
9834
81386
90744
60637
22664
25059
77383
56446
85955
25290
45977
68766
60220
19258
47002
62270
18709
68691
88170
21567
79840
97649
21517
47767
40862
7916
44423
38259
45587
77673
71002
25392
14054
19262
11761
58130
47743
87887
79428
39330
29836
55091
58198
15087
6661
11406
91832
18413
57980
45178
74511
2342
16562
65940
30067
51595
54494
90552
86408
17078
17367
63959
27767
88221
18209
15036
1687
58741
91363
47692
8047
21123
72794
37988
47707
3099
27099
55699
52737
19959
78958
24084
9096
59675
41828
19076
18224
64140
29097
21842
81156
10538
78651
78619
98082
1172
17006
3351
98198
17711
81905
31643
27185
32102
14624
79961
51311
789
44761
798
90808
28063
53617
6794
69017
5899
89795
47980
74185
27557
76076
90763
90146
20930
10090
76946
8014
35421
61771
41036
67323
51705
66288
25781
30863
91896
43988
19415
78228
66885
30395
46444
36448
81218
27882
27482
19024
75867
64464
3770
85912
47281
76498
74712
77028
76937
63337
93883
8954
29153
41569
60455
51014
95048
77645
65714
28471
59757
92532
74625
68486
30800
531
42149
31410
71589
41483
93437
65297
77065
43375
62123
77960
4906
70373
45325
60993
18484
91938
34832
49000
98205
93437
77568
35200
93384
29176
19866
72788
57174
52421
20074
58440
70502
34771
15351
63068
77347
71520
4759
4530
50626
15246
73727
29411
64473
35853
8782
26658
32644
48108
60898
11802
65871
31085
76383
24444
35506
79292
64605
69245
94415
91601
19318
18268
23692
58072
46269
91347
3230
16641
37842
37145
81130
80611
88355
92748
92598
43250
65826
27944
41612
1972
581
70508
36516
98217
38015
8009
47738
685
80693
78302
57532
20178
59997
45965
45662
30484
67524
47893
55149
62875
51708
18333
12943
54195
34805
11364
7734
6909
193
70450
45846
5710
99189
77269
63639
53377
35157
32524
78569
31773
7907
32543
35290
26401
68444
96289
92716
12388
62053
71654
54948
40095
42316
1809
83595
68917
45671
73201
53317
62465
94373
27665
60099
20487
21299
48466
84491
4142
91771
22315
71188
20495
51984
68790
91878
56147
78809
42035
5018
70075
54189
58304
77562
90412
76843
41359
80720
78612
12679
39433
95108
15141
17015
78304
37416
13135
72983
86145
31678
17336
97499
54474
87617
80333
16343
89190
99714
68879
73794
21175
91360
82250
78361
13612
69900
74136
87431
25818
17275
17932
91728
99009
73881
64966
58825
85201
64993
92537
9926
38536
17324
65493
59421
62644
73488
67647
60061
49000
93261
35664
13680
66559
98700
19786
32665
50691
59697
44029
34628
6667
59314
94289
30559
74869
5612
27479
2268
25210
31647
70034
65127
58717
41661
25736
19847
60870
44398
51287
41532
25066
12424
60210
5171
38352
82951
65260
60303
55753
97805
96399
81159
21779
94988
4517
51601
64015
5374
56485
61763
7381
50507
10159
84944
98017
53373
22755
33946
55373
1884
74952
22649
5115
27924
9808
66677
25563
12944
34562
84896
63343
73405
36300
35925
23416
83643
3780
57960
90159
39215
78592
44555
22160
81455
51112
48327
37146
72567
76294
89513
79094
4476
42311
74653
45527
19431
78011
72116
34042
73015
58321
21504
54978
86266
77709
52475
19647
55873
96146
8412
89763
54049
98177
38979
90728
67910
91275
29478
50350
28938
21453
39870
56460
75577
81444
45034
25660
65721
58837
19970
84619
98581
30283
81598
51901
37023
30466
64887
63196
95846
47138
51641
50811
4151
94146
31418
27556
63693
90927
28418
6135
12546
86713
54058
94363
43536
47528
47548
34526
26605
6144
17134
26524
17640
55776
35341
99047
44818
31175
72606
56383
28362
62263
13260
31716
30643
55578
21712
78321
29181
13273
20198
40764
93864
96751
12484
54208
30711
68219
16698
68915
6284
36923
36492
86113
33089
27927
82186
91226
94398
29710
74295
98641
65187
43705
40275
89408
76577
6601
35284
65015
53085
96867
86335
6113
82350
72942
88894
13131
43957
55961
85414
32760
88232
16358
46424
85908
75647
74252
30169
13107
52738
31908
65660
42802
85966
51190
95416
38247
16808
19909
3169
38529
985
35614
6680
67170
44135
43717
59492
28690
84969
28386
72996
35132
97863
17691
4652
65581
24836
58634
42516
36455
33667
7459
14883
26669
77464
56383
29513
9920
48838
77398
29736
40121
74300
87140
20013
17904
7308
360
55778
86445
28387
7698
64784
6230
92442
5751
32398
36976
18784
76532
88687
89273
54991
36540
66476
37962
15278
9430
6331
68130
4771
84097
45847
91750
67785
76763
55207
20939
55550
3391
15827
88741
52528
42839
58931
5952
34856
49202
17153
33345
14506
8058
62133
95877
25349
60795
50352
67872
92214
34323
95800
82697
4417
14582
186
42459
46305
56740
28553
16170
9478
44099
49768
67717
71032
80316
39029
65032
40027
3707
45320
35113
73354
75820
32069
61728
80979
36383
33889
54023
8026
42620
8180
84426
9263
59903
43197
43308
69871
28731
32059
40643
90384
40059
1836
47673
3878
55235
91166
13731
42195
25332
12100
32770
56769
19198
32429
55757
99693
13321
14543
94035
68829
95723
76549
31070
32231
12444
15900
53925
22337
2374
72398
81754
36764
20101
95810
65705
51833
14819
30007
72624
61556
95472
50151
89138
10018
60422
25961
1427
47606
57263
41630
19117
16070
61350
47471
6164
34216
2866
97735
77012
37214
8348
51258
12377
66453
70071
3163
36566
57070
52676
16666
7588
42601
73331
62968
47121
7785
5920
98797
17179
69602
606
15141
35042
87212
95065
52450
59190
54622
98046
98147
69042
93970
74147
58094
20246
49636
20731
19870
74094
91279
61858
73018
69116
56327
97000
95447
54116
6660
38141
6011
96642
12332
29096
5274
82720
5329
72932
4222
11413
78064
30041
64990
57716
81830
45767
63485
88949
55302
29312
12877
46109
44102
79137
41490
56113
57918
70212
71229
69385
91744
33472
24169
38626
14683
14695
2640
25108
1229
75770
12383
80386
39488
94544
23629
57105
78765
5114
54275
49281
40022
75192
69253
79583
36475
44567
80390
88016
17066
48056
27256
84486
41723
12253
35722
34233
3319
6723
17764
40718
63475
84296
34491
92607
62738
50746
46974
26451
75403
40213
66258
57658
95329
90535
72860
82981
83567
93077
22196
80027
61575
57330
4519
79363
66045
11656
60449
57241
6488
6719
62438
27865
83980
5453
88931
69493
36534
97070
31437
32981
78851
59707
17680
840
27367
52432
57122
62843
58826
84501
54248
62510
86840
64597
67623
78121
26291
59304
9015
49355
33267
60956
46931
75370
57296
61982
90542
25565
29142
85454
81871
51988
66973
7265
37260
99525
20981
98050
58766
3854
94075
22859
85215
60156
28400
10649
5417
7334
42657
72577
41751
80294
59544
90421
1315
23732
22015
21736
95119
65064
84656
36398
63248
15476
96096
75775
92369
53798
13599
50373
56451
73441
79740
67108
54305
2641
680
71516
44587
70409
28394
16812
62476
30960
3010
36411
88812
89978
63204
46277
62282
66893
28808
82402
68986
25264
62930
82904
15900
64086
50409
86171
16913
74786
82226
16067
88523
78636
22126
64561
4405
29305
8236
87510
52484
68486
53671
18991
98636
72579
26457
71890
72655
85629
3320
22958
87690
70020
40640
46083
56871
20871
15696
47679
31855
68043
9970
88094
58037
92914
35828
97622
60531
66344
58223
83931
84122
83711
45215
83000
50613
1422
63660
89061
8276
19782
62535
20702
72013
93833
81381
41567
62708
761
78687
37901
12765
33861
7779
29778
82117
98184
79302
48336
72292
49849
48341
91461
78402
76685
69664
56365
63359
74247
12326
85201
42852
79035
13504
44874
61021
49347
35587
80030
2940
33399
537
11631
38182
82375
96122
77102
7760
64127
57601
90029
28828
92102
61778
86340
52620
4077
56713
92025
34397
83758
97555
97982
23160
73124
36209
69277
27548
17458
52348
16670
19570
76414
13056
23925
52757
66217
46633
989
63668
97031
54887
258
18692
60115
71860
87833
49218
54799
46671
34549
91893
44620
2211
65083
60303
13654
62898
62404
46738
54157
36811
67228
61932
38313
7076
86506
66581
16087
94555
31236
32238
13245
43080
45523
78325
98604
17365
56759
19435
46264
56288
31359
40682
57521
6031
93960
44341
40716
43811
59110
79306
95130
25524
64146
35691
41425
61941
64942
65281
54056
27337
93204
48260
1121
2251
23831
70240
8064
56762
5049
30940
82158
90695
25859
8518
63002
64197
90129
19057
21175
35728
90120
28858
63424
33721
69685
98076
58352
50451
26731
53313
91161
39286
79064
27379
45450
49205
27714
64165
49380
59372
85623
99633
97407
75941
36587
25969
62891
47097
60299
77619
98124
61219
27395
98147
94317
53929
4105
87336
97213
34486
87422
59851
10005
85845
34272
78396
4551
87088
63577
27285
6522
42635
98437
78526
39030
68841
48265
53298
78690
72739
25827
77371
40347
84910
75956
33480
13978
92855
12629
66176
26634
34775
96826
39520
72306
45977
16141
24611
19965
47724
89594
69226
50106
63111
90042
72988
47394
77524
94535
32593
87225
54428
15373
32177
37205
81549
30616
51655
85198
45949
92691
56030
15278
37997
11103
18540
63907
33487
32478
64100
71453
37713
86902
97575
4070
62423
17160
87573
52764
10964
1311
94432
6338
37412
97017
33887
65657
97854
86498
94861
8594
73934
71780
90353
25255
31926
55036
21853
12017
49619
33520
29294
37202
47685
34530
16220
38280
16015
42980
90539
64699
721
47412
72994
5732
51444
49917
6430
63864
19950
26287
29278
9025
97505
53541
8242
23974
68647
98355
60736
14302
96274
9004
64574
95981
73905
66113
40832
35243
79407
94741
88045
38047
15545
8262
32501
690
91756
37674
28814
93648
39290
13863
94217
62403
71687
34392
38616
64468
93728
33543
76609
30297
18705
5402
81764
35300
73939
32229
15394
48095
95738
75368
99991
61679
38755
83742
14585
39813
98138
15794
60407
4144
11759
87401
43199
92912
59670
18408
83630
73720
74075
90258
38526
37779
82235
45758
17685
2611
66942
89215
77502
36732
17486
59687
80529
39244
9175
55016
67744
76089
61432
63943
27207
81171
97067
26807
82714
7966
89217
21475
75285
38350
91621
60522
21495
46800
32881
1002
78023
83202
4684
44405
78216
77597
36725
45600
80025
41165
60799
48318
99706
59447
49678
7823
81052
55152
69512
53192
60934
2332
92285
97862
70604
58201
51882
39899
79591
36499
75305
5034
20060
52217
21825
71024
51189
74310
67520
1154
22828
18702
66621
24031
65875
69379
38847
6475
72177
55743
24526
49060
68600
10017
7507
84663
17761
81893
82988
18060
70763
41029
38510
99156
59929
30065
88611
75133
54768
24425
28790
69850
70502
24147
37636
33878
78805
11147
15184
70021
64721
62836
40868
18174
23258
37479
2287
14865
68641
18775
56305
81722
8397
96010
34752
86737
3268
34961
47867
16999
9888
74744
38953
34255
10075
39956
27735
41556
88383
12296
53237
27077
38669
50064
7060
19199
60444
35729
91404
28788
51625
41971
44100
99008
42452
50000
82060
57411
82041
69336
42928
74995
98444
54359
10983
46964
10701
17552
75462
79890
77666
91529
33256
71311
91773
94455
90352
7688
41127
8491
53982
3436
46206
44203
29343
37141
94152
2531
35393
61641
12931
14153
54539
2447
60199
98548
61802
64084
68559
52973
60873
37425
44397
92943
75401
88556
72369
17501
68951
48085
68587
3020
26723
47515
64553
95722
70193
11204
20989
40890
96386
58687
22085
10718
20048
9642
4658
14007
94472
9569
12860
77638
41834
96443
72330
17919
50064
87063
16989
40918
28683
44028
84134
26168
76253
49753
97695
32519
82557
99557
86001
18056
99847
64887
13656
15970
20180
97727
30187
92956
42123
85208
12465
9734
84567
57655
34459
64844
43244
25388
66125
36888
91679
81495
93737
90862
84850
38166
5872
11503
96958
13565
8214
83271
97713
89239
9817
4773
7688
29234
94740
2518
8729
12626
99313
1196
20726
63411
38975
13534
26923
18558
76162
83469
29421
83816
12325
17494
20563
47691
10373
45039
84425
65957
67483
46371
23283
67720
77566
41703
15338
76176
3572
70329
77445
76337
89449
63970
81911
78510
39279
67632
34326
47371
3477
71606
12760
13673
43047
64699
13541
71750
96553
25172
32541
6475
68904
5615
29721
57425
15386
45837
48351
54799
84927
7609
80213
79076
9412
2192
61883
82318
69621
41523
59227
20420
96683
72533
60536
74332
19085
84415
80515
77459
77430
55878
50654
77852
21583
81875
55937
74790
70063
80157
20956
11200
8778
3832
64573
60951
61917
48877
93372
7989
31458
75109
5970
64858
8489
90821
23450
83009
54614
25039
42482
39196
32044
6449
57801
91893
94595
73454
85672
52232
73292
79093
83660
81106
45078
77946
54741
76047
41016
59209
33960
3068
79872
29871
38855
73392
84564
9824
92439
91281
66867
76770
50448
21335
14705
28957
85687
36959
97300
92936
51278
39584
42484
19779
13706
49317
26039
22770
59031
6811
23158
91716
24444
49138
15959
27237
61079
16735
73758
16054
27876
98129
39675
34690
12839
83759
48280
46782
6017
9994
24002
56621
21269
69222
30310
57295
54563
30346
16575
84503
98882
41547
90331
67404
83089
69338
29860
42065
6217
36893
35662
5270
72753
37568
31500
28200
64279
8905
79041
10922
45773
97985
15876
14290
72945
76160
22840
94837
71243
31956
89039
57294
33693
27362
23556
57458
60757
30787
35117
51242
89399
47014
82659
35469
14611
54949
94933
29215
55514
15640
44351
10114
62633
48126
72373
53051
51511
99295
40522
2295
55535
6015
44329
77778
71476
38049
75086
12429
5815
59153
67755
49094
8557
20798
61706
4326
20017
5885
46508
1246
78256
41627
60687
78755
41450
96416
74544
77975
67368
96766
76220
82834
92711
16116
50568
8526
30120
22674
4088
31302
51532
98387
36636
40259
19378
80285
67300
88473
17160
14599
95832
70780
64858
8098
23492
80806
17880
73862
66585
75403
71963
13546
81465
45239
97446
8596
53039
96730
91328
15046
71426
37458
48675
94369
5790
48573
33145
8287
13540
3113
93388
26281
82182
49344
25226
45052
78116
590
20694
42956
1462
66563
88902
87773
20872
17332
12070
81276
7761
40392
98474
43093
45752
20177
11774
90547
33708
17470
19611
53232
59424
69810
79237
19273
22723
81885
59639
65206
44499
7418
16609
42457
81086
929
28115
76935
14817
78880
28379
16690
61616
45083
58286
96534
80402
14709
13956
69114
21906
5928
1517
33569
96848
86138
1827
51488
71628
28914
15562
18906
79438
68465
57908
99598
98400
30227
34176
66522
52472
63764
62664
34569
60
64961
23510
42312
26329
31304
78319
26798
15381
16435
61998
34695
35332
37660
25451
61778
41350
82775
45620
5500
17769
61801
3066
55244
22295
92046
80328
72856
61325
21730
30140
73150
40821
32432
95860
45917
72654
43411
38512
85070
42379
71222
23397
93490
35584
64790
72322
52519
36907
13310
7224
88944
28987
90570
77682
74265
86062
36551
10916
96199
50771
45214
11470
32125
36346
60692
2714
16797
9201
18452
42553
32121
73837
52178
4311
49906
58396
56271
24738
26700
39673
95498
96795
19411
53237
40568
94855
35355
91949
66562
91967
17254
4518
25243
21931
58709
83729
55825
90377
89146
37704
14182
4666
62863
5008
73315
70049
15893
39924
43193
90078
60408
53018
92348
72272
77115
792
69513
42478
5646
66331
45588
85093
83692
58391
74731
39122
59234
5649
97820
43582
59800
21474
65542
15335
24582
58373
83787
84805
37955
34808
32308
16874
24391
75403
66415
44930
38729
73700
40789
89975
82268
67434
69204
34869
92264
65757
49046
60752
91865
52842
94657
7506
27301
90190
99093
51816
98806
84333
54725
20668
31992
64706
92434
8312
30507
83139
25750
10199
59459
55949
20197
67109
97492
11375
43480
9463
56910
44836
32165
4234
26494
89450
56516
66130
70871
16146
97427
86851
23490
53140
4418
49556
56690
19749
15920
38359
39275
51528
61315
42140
66686
52010
77437
44878
51259
19178
98406
26780
19271
99319
88341
5714
96906
75892
67216
70083
1936
10547
73610
87621
72799
12904
12545
82997
11548
18456
89489
84056
35725
89942
48938
12231
44088
79510
36552
7160
84400
41728
94913
93269
8123
92844
89892
26517
75574
31195
1330
12797
142
51949
66832
21200
29126
70333
16997
71977
26531
82771
40960
65503
17093
69237
6379
36988
44198
35767
67503
76046
70756
80398
2734
32798
69675
53148
58048
11523
62781
16082
73452
92186
43699
22125
94545
33838
27418
63898
49978
66303
58296
44728
27938
12578
24372
70778
4124
76075
3157
53254
84795
26942
60399
10909
59130
95474
72895
5843
28527
39908
25284
13787
29239
88643
98904
21466
82969
16448
17192
31885
57102
17330
48304
66393
29605
52546
49846
24138
89390
71117
17539
66536
66476
25809
40881
65498
65603
75885
86865
50648
44314
75736
52328
24868
34201
64802
84681
65219
80295
26155
50718
20251
90887
99340
15548
5217
16586
2392
67673
39790
36125
8968
77276
97769
77476
37201
76381
88151
21607
91567
51739
55861
28010
6946
45228
25860
54254
50579
61968
94659
78450
50896
98022
55508
26454
34414
8127
97754
37673
40474
80408
71327
79110
52850
75847
23570
26022
76396
58656
96720
66041
59827
13157
31761
6754
70404
58119
50101
13274
19562
82171
33703
12330
39202
11489
89658
37674
97400
88474
45606
82869
80402
15408
59275
80919
20058
6232
83471
58008
51218
9938
60971
86069
69113
93038
35634
77064
63611
88154
66820
10365
38780
17825
88122
5394
11216
73436
67155
81487
20691
95451
32690
35789
8402
13039
9017
63861
30651
90983
80820
31089
87152
22377
22006
55456
22013
62407
78722
56723
81357
92843
69838
50210
9639
62356
71765
54128
79576
40345
8434
63484
32707
42070
75698
17634
73781
55071
74072
2391
26271
76453
43176
94179
49488
8730
54240
15240
79633
50409
4562
45954
44521
20935
15900
8216
49313
44984
48978
42160
50065
86660
99316
73903
47360
5415
55831
81137
53723
30641
2688
32890
77732
72668
13992
1853
11767
52389
78704
73832
14890
79085
85382
48939
74290
73898
21262
38887
60073
52329
82425
75025
68196
6265
4951
28225
92368
59272
69572
49326
12844
60638
2782
19063
56407
20543
11515
7135
1099
82991
64405
49787
3838
278
79179
18472
9483
28929
31496
93947
6157
9251
6155
7805
35733
41697
33127
38453
32765
64333
33363
44820
7263
58773
78334
2304
66296
44280
8790
95206
53875
29131
31135
54251
55300
67538
70820
75907
51389
71560
49487
11922
6116
28578
18353
63212
48119
51839
2927
47390
62855
53553
77599
28008
80031
3225
79962
78780
73347
92410
97405
35186
11797
57543
40126
16298
67865
18227
17901
56544
14036
91159
37852
19152
89888
74347
24915
85533
5762
53868
53628
81149
66195
71434
95798
95158
61700
45564
16160
45473
30837
97063
16433
93666
88219
2348
99972
79659
4797
32575
76040
48282
82709
83750
34716
13154
82229
81102
87221
4144
94681
92977
3285
81283
48573
25363
88285
11596
81652
9858
56611
50470
23695
45176
83526
4405
34126
84255
71836
54853
95943
56589
73290
19894
54141
95610
63461
78371
84316
82123
2760
93375
18573
2737
92398
60985
42326
76890
62814
19837
4382
12571
20234
9245
77840
37791
36723
17113
28675
44422
78645
9592
10197
50644
93659
50857
74469
74111
84322
42500
32840
22448
92641
36330
47709
9754
70495
12605
17097
22234
40348
54569
17325
2107
36754
36079
80790
19286
1591
3547
65330
55157
73476
20181
48852
51402
89588
73336
19363
24891
72632
61044
96022
94729
10795
85575
40607
29357
43674
91750
75885
54720
83384
72607
55567
50411
67568
44699
66547
64304
4688
97030
42459
55487
51524
81362
57667
9875
77373
2272
27671
40284
37471
24808
2886
17448
59788
53061
16860
429
65010
15688
6141
71533
22304
34987
9761
8501
13544
68351
65749
1532
83987
65503
59918
61031
39518
88393
70960
37979
37138
66746
59284
75773
34156
34450
13549
56124
35011
24493
462
33622
95288
51127
51541
97756
79205
68307
32860
21468
61179
96432
74892
69773
94910
56484
48001
35876
21370
53905
45216
51646
82851
59727
93224
60352
96911
61917
39254
66923
58326
21165
63887
71196
12844
79937
83682
4432
9314
54640
86715
27000
63440
53909
16936
34951
64845
71917
58245
72197
3113
6595
73749
44837
23280
90784
44607
10511
99343
39599
61134
24547
11315
99740
73391
33130
26091
86587
14667
22290
70976
50968
61331
39087
26440
64611
98085
13314
84968
2398
85948
46161
58437
48638
75511
26159
57101
31015
62463
7204
84956
32851
69168
39120
95209
63115
54241
95499
30193
69967
55973
91285
53396
69563
33670
74969
5185
50542
54935
1368
60038
35015
98778
84904
57286
37568
20026
70240
36858
92966
26715
33988
30173
90115
90677
97291
12017
20045
56376
13647
53465
65365
94593
61994
41918
20591
12489
95928
87879
45088
90920
39707
19591
42700
41758
52691
35244
56358
17391
79561
15605
95917
28057
89077
54966
6
74381
46676
234
28109
83097
21617
15866
37914
65452
15904
53126
24200
84001
60265
46731
58857
65702
21831
74792
14038
83695
1103
67605
81228
95594
47134
12363
85378
6775
74614
55814
98191
13244
46367
32445
97819
68184
28530
43641
26775
71694
80081
31605
19124
73495
22403
2112
3541
89977
56149
58485
75946
8961
73941
88715
40580
19647
10352
47560
57295
94682
43684
15153
60899
98992
54639
65926
8657
20681
51426
75146
43974
76088
58386
77634
60611
93076
31988
20717
46650
11893
69624
27576
59748
29312
22903
3110
73947
5000
85355
91888
37164
45978
82856
21915
78348
72173
68739
25492
32
57061
82627
34020
5526
14173
25504
55854
14336
3765
81640
36732
98814
71317
50361
66580
32385
1793
97965
64152
35555
60820
13755
86901
98924
11389
3041
32159
11616
11179
26806
34530
69553
45111
71531
47786
83161
51962
10930
35455
36438
45789
17297
47392
77837
91004
46644
85407
94106
74852
31342
16805
69763
6243
38337
56032
22221
89496
59787
12470
47251
69281
94283
86875
20499
39920
97413
70863
37141
73365
44961
36244
9154
5420
2704
28456
57306
74691
8999
69936
3657
53950
71073
28979
94030
89774
10898
33846
39399
16053
24442
10667
60985
52872
33873
16516
66981
4590
13081
66416
32822
67009
45775
77922
21547
57057
55461
98398
76414
83937
88118
94519
43608
21336
32191
9234
87151
64045
86617
34125
45403
62359
43740
19952
5879
17214
89010
85685
31514
24116
21306
45909
39520
19568
87003
90916
7522
66562
31336
10669
88299
18404
19045
95754
47497
23283
35840
6215
51952
73454
14515
58374
84972
17881
83927
86287
83919
6261
24760
9473
15017
84552
22497
66240
69069
68740
16996
3189
48330
55711
34327
94475
15226
5132
71820
35569
2164
95625
67668
70940
60562
10425
7593
59256
84132
16007
60118
74479
77744
92234
98257
62538
5139
24229
71008
63580
79525
17019
60790
12962
14623
61368
14866
14123
34659
22436
25953
2437
29429
37578
5695
28138
13091
58656
58312
7673
81771
10320
4571
74549
87420
28849
98417
88203
62574
20691
87410
36925
18286
77638
6566
44036
53533
39668
48246
46207
82818
81099
47648
59338
28767
54306
89030
20639
77955
82668
43382
83805
11501
35441
68747
33848
37421
63652
56207
50977
76973
74222
72925
27111
63352
15722
89474
76620
20060
33439
31874
92370
70524
98317
601
54045
74903
47328
35858
38503
78636
92545
47398
10199
26108
10619
71670
20840
40854
42483
66891
78391
14036
63367
54663
43065
40587
54041
27530
1791
96850
57821
31843
89507
55930
40410
86359
75190
43846
22221
2091
95516
78235
33456
90128
57064
87305
21916
52715
77843
95794
64155
33211
95860
5142
8514
94301
26286
53053
42632
65616
26509
87550
45778
56308
36361
40026
50159
32402
43101
28831
24930
44938
74433
5396
28959
32942
32109
5595
70724
74608
34753
7577
43568
34393
64074
68221
35076
21033
25228
97000
14527
96449
79426
5899
24392
36410
45904
37891
94527
25135
9089
53381
46056
78192
2197
77722
85488
55797
39476
92177
86062
47220
40640
37926
68301
26052
26791
70899
67871
48485
85583
70409
90365
101
90085
28421
54608
22851
26710
35716
45304
69587
70038
12063
76383
83035
4288
6828
40395
61844
30186
76269
73687
53554
81161
79582
52672
44846
26348
29999
86543
65063
59479
62075
35197
19961
75915
24866
21378
95752
42943
12083
52521
33263
71947
82860
56323
70358
14102
19718
37609
82065
69114
64734
52511
76561
93423
40161
65005
21844
21636
35955
93265
1096
97033
63623
46207
71156
72428
26969
59945
81106
54377
10144
44584
91281
8334
54294
43214
54662
519
2066
56276
25807
20386
91456
90836
69388
80319
23711
48398
82824
81642
35854
94080
3542
85861
33357
60771
53504
51654
36067
69118
63740
1156
26128
20693
88417
3047
32170
4675
43636
5111
56358
9812
89817
35777
75555
35894
71986
92664
49999
99660
63507
26972
26237
3556
93622
16707
87741
20322
83165
58691
11154
92298
88712
51282
76282
45294
70124
38206
71829
51285
98553
74580
11192
57448
41015
84677
10312
98703
74691
4795
16246
24848
78695
69489
45994
15
25967
6008
68527
82401
32202
50008
57596
79861
64582
71174
67795
12550
15574
18311
8026
8727
59259
55834
41487
89933
77507
97971
66423
4353
12833
12527
57634
59244
742
71980
51282
31987
91021
92266
94546
95849
27524
18349
7603
98592
21918
61788
10816
30045
59761
81910
69097
61046
41031
28256
86439
61953
89139
10963
45829
28937
14590
87041
19392
95661
54333
97949
60013
15919
62354
76898
50056
75271
62070
90533
38602
12924
9315
56918
28830
41136
64142
95558
55303
56065
86036
80057
15849
96468
28166
88700
16867
46100
85997
41344
9088
42043
8744
14380
78138
55734
18814
61134
26382
53332
68465
75761
81009
44330
15283
67252
78470
869
73796
28769
91153
33200
18216
10486
46758
86703
92928
23104
27755
27321
92915
11714
50617
90419
42256
12762
60866
4690
82583
22902
22147
59578
27086
37857
65420
16276
33581
79485
9886
47708
30309
62184
40389
81310
85248
91159
68076
27050
95557
44503
58136
94737
7664
44664
26755
16166
34703
32171
76746
47139
12610
38033
70166
82278
66703
42209
3194
42979
51464
22779
66290
83522
92138
38181
99968
38093
50171
58437
24936
47384
18024
12212
77761
57391
6381
27900
72269
78582
94949
60281
78220
94070
65390
36354
4968
59426
17656
17099
8139
79483
87444
56634
32052
90624
41494
86833
9024
22156
3335
2730
20561
78408
86453
67319
1838
27252
86054
23850
34240
91601
5660
80050
39636
69420
52576
60312
7148
62454
7800
71823
27239
59803
80777
83278
47129
5851
59467
26717
80888
57833
89908
17989
26342
33123
76513
49109
45043
53129
60581
63645
41268
61518
12687
70876
21327
78872
98711
36454
66470
33759
13822
18758
67377
55737
52764
81877
54292
46918
59020
38336
72568
27437
11131
68384
27123
43847
68656
46660
17203
88185
10316
42449
38092
80486
43784
63352
75866
62021
2801
30761
84874
5435
3195
471
69347
61811
65325
80664
57724
24551
78925
25543
27086
50509
53310
1654
255
75662
41973
75167
34422
10626
98368
60295
68478
3961
61557
59933
74269
13128
99676
51806
45503
89692
65905
40276
68282
65210
19632
43652
30849
23462
82244
80345
3200
24526
23034
14109
17694
29626
24946
86374
87888
28986
54104
22725
11630
67029
75525
45497
14489
62978
31198
45058
17226
9173
71956
38973
84687
36664
79320
69059
66706
40178
33684
43346
19763
90194
94118
25774
86978
32602
44661
11240
42742
98993
96070
2577
90018
60849
75967
6520
34967
69173
22732
59593
49348
52257
44080
95227
50156
86058
52156
67548
71483
21181
35429
68298
77422
4492
24594
19193
90683
46790
18659
49481
35372
32843
7240
66730
50763
88918
66315
99066
28176
95427
87528
55125
51430
53359
52546
65202
82539
84230
51961
31593
63162
73689
39982
66980
13971
15409
91412
4677
64563
53941
75955
34311
88962
13585
60387
40545
75202
36223
48510
4538
24046
42641
63741
90620
83241
39239
66506
10373
8864
95133
79518
77083
18810
43253
53389
28450
34171
40786
5667
54988
17036
78584
57631
36156
70872
88214
66695
75941
7100
56252
88860
63437
47267
8916
93236
87560
45394
20457
47551
71090
79376
62350
11053
35144
85300
26918
13392
46427
71514
93639
27996
99765
85104
3995
62343
15219
77032
22337
54094
53461
93511
74721
97933
64215
94339
56638
19244
69376
72869
21735
55918
43888
64315
4543
55963
27830
6173
72646
72918
17571
1144
83727
86377
5497
13879
54871
17152
33300
12922
75472
768
82725
72952
35670
98347
9963
79919
38635
60586
49601
65768
95459
45440
94340
29285
98822
56888
58496
80678
29437
38852
70375
5085
57018
36337
86254
61079
41465
12657
24887
31882
32301
5519
91410
70063
37352
67763
10908
49794
31934
21451
70915
56140
43141
49147
92881
86171
2160
3661
80767
94208
78978
84635
78205
97503
24493
60566
88009
34204
5258
37095
61405
68337
82648
50062
98419
72437
665
79515
80542
72699
33007
76797
97121
50123
43167
96946
61395
67308
18848
22430
82270
75233
86598
19584
46216
58042
90754
52492
39698
59018
98996
22254
28838
26429
16942
95163
10710
90943
63167
56661
63652
69132
31523
28040
13616
23359
84102
38439
88603
14447
99807
69087
2751
76446
67589
10445
82625
68360
27710
79678
81636
64554
37158
758
46360
67201
21894
9977
59581
29256
46890
26193
61304
44208
1561
69064
3877
94066
10830
82607
50608
66133
13133
16147
34451
74151
77284
60398
52461
12365
12905
37045
87823
41230
91645
57644
57758
73392
60979
70015
27865
42518
6649
7743
22670
34183
153
26566
57917
45360
7122
6414
8604
47702
12156
82326
40188
2829
42452
83777
17904
2328
4502
95026
29780
10002
89614
90236
83637
58763
16814
5245
85194
88378
72518
30928
68265
98198
53473
99302
45268
47769
13199
1083
90605
36674
68792
24024
24480
56271
49713
75174
88539
74474
84733
99665
66842
87256
39404
48789
5302
15004
27024
96891
22246
87895
28065
86885
34444
3219
22364
72632
4456
10852
10366
28813
31832
77520
87851
36466
64779
53014
9267
46782
58347
24272
26762
82454
98644
8889
55407
51221
37172
91383
77089
84394
60271
23520
20801
36257
17669
44001
69224
9953
54642
11052
75584
38252
15831
966
87946
51189
83904
17393
58790
68967
61954
92691
76587
57282
57635
25332
5840
14168
50879
73840
46280
82790
63772
82525
87104
74846
67215
63542
38784
46248
39426
5091
93444
92228
37956
23662
28672
68314
25786
57202
9814
72747
49403
97640
67194
89557
46195
27851
33400
42662
10297
14614
85173
4758
43624
30070
20001
2303
14624
69712
48143
57881
88009
96197
17393
97302
98508
72083
33020
34090
76150
12313
38071
55154
51003
37426
41083
82150
1255
63930
32165
71468
72757
6413
51364
39090
48218
93289
80937
58418
71572
66196
60043
91933
9006
56060
90728
10660
25165
51025
23452
58876
99833
3594
76121
78993
88184
19078
31453
50782
3709
39190
35410
595
40952
20608
51645
33176
22009
26096
77191
93844
71426
45895
43253
97242
97209
74385
89096
45217
18475
31591
90497
79881
45613
10571
94279
10322
62537
44880
57156
38467
2664
45830
94366
26562
15470
42487
67257
49848
30102
28680
668
74374
12774
47209
31635
78197
89848
15500
70160
4108
84982
47861
43476
93257
23897
12465
81973
78343
56314
95335
51171
68774
16116
82597
66290
92207
95985
2339
12091
18255
98002
8329
92310
49349
79935
89093
98165
62865
37664
64033
85464
64924
8605
72480
67806
68257
38418
88433
89867
4454
46114
95348
33354
81889
57751
52996
55653
8238
66284
34932
95729
94259
32177
15950
79712
72737
1078
70802
50355
3777
85682
19516
34314
71580
96
2846
39146
95912
93508
30286
32564
67968
93741
9041
76941
66467
10290
37042