67399
47355
71208
17513
64446
58361
56573
3873
19390
44231
49286
24866
82073
89685
13104
15202
25616
88582
8508
62665
96989
52106
51131
83035
97386
68797
23894
44191
34800
32065
29543
77520
27568
25223
13961
65031
65557
77842
64680
60391
48602
50477
38589
61777
13036
67908
2602
53342
39237
92385
56726
36942
2170
94375
67145
63719
30417
84884
21105
88307
65106
34949
9121
19306
30303
59219
33398
80690
74273
45725
84304
77570
42528
30609
80536
81676
25677
83607
81018
46985
77712
69330
37571
27312
82604
97176
29412
2430
47030
53468
66796
40159
10090
57797
40408
15293
1631
61651
9187
5956
23442
66394
7905
65248
30900
51355
91988
88899
44809
23227
64923
6707
37941
27370
1997
55658
41253
96875
33170
88854
5585
39497
79354
33866
67418
13929
39488
63189
69939
85813
85991
47288
74741
22999
60327
1035
51557
28211
28460
69352
73140
72292
262
40909
25439
58330
12183
75796
63657
58906
17359
71935
63966
39824
93266
70756
27060
12609
45695
8496
35065
8709
29573
65498
89313
33382
76496
89067
79332
39548
61868
82941
94655
20047
9567
16745
21964
11183
46452
68228
67326
98357
9061
31252
5931
12220
69481
9410
18635
58292
88330
47992
48481
71956
78057
2248
15343
13987
16742
29556
36394
47878
11489
8162
36132
5423
19699
10628
13342
4408
65474
40368
71151
8622
91372
13805
49460
85575
20471
94607
42585
26285
75930
73620
7308
26457
84686
90029
9101
96387
672
12348
80926
56867
8391
39946
24437
53937
72902
37601
62374
81727
31701
22402
80133
78628
47919
48037
89063
86165
82947
13624
40665
56505
64080
79565
60221
49097
43792
85436
31111
21791
10270
31299
16854
26971
55393
51153
65402
59945
68933
66698
33280
53600
69981
68778
42397
79583
68155
92380
19913
31235
77610
31716
20334
40962
64898
89929
38831
34610
76490
3142
23746
46491
81746
14637
81319
76114
22744
73807
39459
51124
77943
66638
10580
44127
79309
30250
52317
67891
41897
74747
78220
5326
69632
59508
84494
97264
3817
87511
36930
72168
45872
30056
27829
48972
16597
7356
4557
41133
49484
31740
95649
56663
46762
51482
617
51713
60347
27991
6482
55066
80067
4248
33738
60114
97969
55470
75822
56338
50243
74553
33944
74249
72200
75902
19509
97018
57445
27594
40404
17968
60211
58452
20618
79785
44536
43528
65749
29679
76927
78635
82168
27629
31025
7328
45362
60068
56164
82912
6246
96228
43719
34543
63766
68478
68286
95804
23604
65341
31765
44293
29283
20047
33123
73909
94612
19445
98431
88551
67344
36792
46912
23426
118
61675
13803
7154
94778
88643
84101
53768
55941
99513
80089
94068
84435
86373
94364
35039
49465
2755
923
24251
12256
75476
99943
58070
92956
27270
54184
77007
43308
86367
98948
98112
36394
28472
62907
66656
56380
43811
26797
58444
34024
57837
12249
2063
56415
75611
56070
81432
25536
73973
15615
23261
38857
84234
88531
42708
77892
1593
28425
15588
11080
45066
64523
78904
59148
57657
10894
40206
36585
18583
65022
29443
41679
49674
92863
91131
97426
67183
78037
58425
53916
26564
98937
39442
27570
1371
55655
21715
95924
96717
3824
99890
36242
36774
12964
93914
23377
10662
56131
48090
35544
83378
86054
69314
70531
64336
28601
17693
2115
66475
34952
25075
68046
11489
97394
30682
81438
7432
31410
35466
69748
44548
32854
60507
15928
54360
62580
26424
5483
81484
49629
37416
14311
51607
50639
30489
70303
44580
78842
11799
89363
49711
30613
58968
22243
74257
5688
28758
44598
88716
96
19117
75043
43799
54326
13812
1319
13961
72393
46022
54984
96923
88024
50752
333
76408
34849
60126
52516
5324
22634
50383
92774
86955
15571
40838
87406
29781
14414
1760
98711
4587
99440
66938
36900
90958
148
71984
37595
55125
1466
6032
54794
67336
84094
24566
46760
37486
87030
31439
44458
99569
91598
85535
77947
26027
350
52607
78050
33330
80895
29539
77915
75603
79018
4348
46093
14502
27600
44455
500
21387
9650
8979
70197
2651
62494
23231
57112
45308
92882
26583
73913
46505
47698
16239
75696
99917
90212
67334
2708
98211
42774
6937
60257
62084
59045
50079
10751
27105
18446
35753
64243
30737
15028
22643
64296
22677
19119
48342
10721
10291
44808
87399
31789
12095
98154
68015
31396
36704
86161
10330
89381
55679
68417
56599
41379
77577
66752
1206
82814
65028
13048
52182
46035
1422
42353
58457
86128
57233
65928
75284
7874
91903
98771
39735
54427
70725
1749
98151
24397
16867
26781
59434
53355
79745
63708
24803
61895
60724
49494
79204
3151
37213
18525
1545
78158
49599
50210
69978
69562
98116
83816
74844
87563
21309
77261
41855
63931
31389
72303
51069
3497
5570
74466
66030
50126
59425
83304
46789
85867
72755
43117
21779
96063
40492
72805
95005
53853
16118
50206
57040
94246
41324
65115
79176
51219
60951
94367
47796
31802
72458
45972
86082
34255
43924
24134
29880
10774
39114
2751
63169
24050
53312
82685
31655
83986
88330
23491
31385
5847
16465
65452
69487
40790
43523
49433
98537
56432
5826
18508
53439
61501
81089
63556
89001
86908
68257
24986
26542
76375
14951
4528
57143
7827
10794
73361
72261
7084
22
73254
23543
99428
94861
52088
46406
14486
78444
90128
21453
48084
93007
10970
97398
3403
61158
35805
99428
12311
16609
16554
26574
32969
71525
96773
68530
12178
95040
70761
37103
56414
55273
19533
95243
65132
45219
34790
76752
21252
44198
47559
10095
8705
75695
50908
47734
32875
47915
60388
21662
33950
81130
59143
23836
45698
79088
40814
96653
92492
4645
4541
82793
27029
61059
56370
41849
89166
22437
42169
43206
14203
93575
48454
94006
51704
21953
98894
37741
76274
56616
8414
87876
14854
84790
29739
88095
29768
1485
13658
74644
74894
75451
45848
22000
64231
34146
38244
48997
96587
32255
90517
68803
91122
61067
44105
44778
30738
53073
12036
40774
35266
46416
9032
43264
90709
20456
88594
52731
92750
31054
99143
35075
77140
67502
12506
54787
33440
53600
80649
99323
15624
63839
46349
24361
98514
98315
61826
85209
92649
53007
19493
947
34549
67329
43561
21180
88734
75231
16268
15605
90606
33591
17131
18963
89261
25678
54712
71888
40832
98649
82599
4646
56927
46740
27861
21767
82888
79424
45719
56022
65139
37312
48128
67134
89293
44462
4839
37221
37213
43012
42946
91985
26574
99418
91123
23613
43855
306
97828
48648
79410
16580
28972
51815
53848
64808
43559
65254
66368
88337
20117
41393
42980
4184
51461
44974
89472
65709
53367
86716
8351
35738
33834
71816
76455
47071
24974
92163
12509
4744
17721
15017
25745
27798
77224
46060
59841
37935
57118
51036
91932
25777
31835
90315
46615
3396
33788
81130
5096
91446
21228
43034
23554
21182
46389
93593
8932
51766
83068
28888
520
74111
64786
56989
64980
536
5429
92410
47342
69267
4794
74220
78738
27486
22393
54439
5253
41143
12410
48846
45575
53809
19178
78929
69693
45891
93743
72969
98230
13151
34511
56208
98228
35393
62608
50514
39584
6180
59970
53064
97223
97911
54470
50463
19523
12503
9721
36186
39364
72105
3891
67381
55856
50976
31957
31334
27706
80484
78936
51665
31547
99441
1508
38235
1349
89057
19155
92054
78162
76040
84708
15321
23674
71220
83470
926
13180
68243
92404
24681
38787
82126
52965
59671
97471
86378
95407
75856
70326
56707
43855
20432
22095
92187
87570
32036
42951
94653
66427
90981
11031
13685
78667
31398
30421
16945
15417
55063
85458
29728
69641
47142
64257
57543
4960
2613
4385
94510
65800
77171
51094
91652
10949
74168
47643
21742
11857
30241
10137
9175
49442
53953
38955
50542
86037
46502
47538
33033
95121
65556
48817
263
26978
3957
93653
13550
78859
86458
24762
7064
89347
37684
22050
50215
54551
80086
9859
70453
12916
32081
12191
29938
89583
91465
94804
39445
25489
24061
62872
27037
16707
4616
89468
52329
68670
38241
83699
63879
9728
64202
46899
72440
38773
20511
96741
22157
40418
56277
3473
92742
16843
90022
53284
98278
80738
10427
8033
54521
89697
58702
64318
31615
69100
81072
89130
48228
93675
48787
58792
69327
27691
117
92153
82099
99591
87621
71345
12641
64693
31818
21307
10277
9276
55915
540
55596
31071
34657
7749
78265
30071
17290
94634
84212
77557
17420
96994
6142
61580
20694
92803
81438
8116
29252
32899
98684
4067
51786
4675
68193
40229
56898
16521
17881
55315
9891
22412
89655
99017
58796
53219
49930
95529
37039
60851
28379
30914
74139
14476
5501
57976
90348
54875
79636
76716
81813
91537
67203
76655
25793
51734
92154
14939
53733
15461
25230
12116
51260
19143
98586
37756
12814
65180
31132
87453
42798
77303
47855
95454
74025
77864
77212
39364
82631
67222
35123
94445
98101
42705
36052
38363
82097
25057
18518
4548
88567
17276
78678
41154
52581
7502
94171
16283
14296
75099
8823
89130
86647
51969
23343
49148
51946
79448
28190
84801
36157
41759
7181
58056
90576
10196
79508
58650
30853
18117
64519
3015
50416
72795
13152
17683
35666
47135
54322
87763
96693
92221
32499
10028
50633
85535
46219
38148
57682
31214
71900
82053
41589
81599
63784
94652
24537
89141
45334
65346
4877
88955
72434
83181
32784
35487
28548
60116
22912
85255
70210
81314
14174
41692
19120
36203
15103
73568
21871
6134
32267
15171
4100
72128
38325
96040
30225
13634
50959
1906
8259
810
3017
8253
59485
57446
30495
82642
95394
24277
6219
23540
73835
80196
88575
52208
68036
38546
7826
63292
13409
14628
74492
87377
65097
10468
16475
43708
8507
74996
27933
30386
90726
70450
2104
98645
64460
8115
26864
67530
10100
7084
46701
6516
76727
66609
33422
47517
2879
88658
46388
76135
93385
26300
38070
22468
31244
28849
20087
66141
44867
85959
53924
27813
47277
42784
93953
36965
37922
42697
9552
54823
7738
93315
61133
83807
53790
53809
60422
84923
65166
14621
91817
83959
55862
98636
63415
57104
41330
29935
99586
47305
88906
75545
95264
51642
24700
73192
14438
88352
34342
94731
75627
6785
14947
32732
92567
86260
85779
68547
74692
75465
57779
47739
34555
57538
39124
26428
61245
87706
72705
61662
7921
8759
73855
41826
59995
22018
81614
9075
88337
82207
41106
28021
51249
72983
39737
89830
77636
84037
71889
34883
59541
77529
28275
87904
16024
1183
5916
9202
24614
73266
83766
60708
10011
3997
53288
76754
70235
36199
12354
35946
54716
32571
81172
92343
49690
70837
61736
31100
87866
27136
96882
33612
83392
60487
60124
65504
9573
44426
34500
91100
7250
22699
44929
56807
55999
31950
79419
15537
49978
54348
17329
21005
40490
76065
29409
72266
14002
3861
67803
44113
91459
6739
50581
38553
70169
56914
13805
84979
15269
12799
14592
45318
69011
17687
20760
17115
42185
40949
64308
93663
44557
79366
2588
87517
96511
67090
57211
78402
26487
31975
30708
89875
19833
41320
9676
92442
46775
71071
21702
83905
62909
66082
33500
98796
5981
53401
55184
27817
26527
91670
8186
25037
15607
84759
39869
92992
24346
76785
16754
33441
61797
87859
83488
15371
12529
87825
70450
36841
2814
18622
30589
89460
30184
19216
71554
77222
26763
34900
35056
77865
26855
57588
71002
49426
91143
23504
14670
78577
33794
33020
20899
22401
94199
83691
58977
22492
12983
83011
20587
90127
31920
75619
71360
85727
50349
22193
59285
7627
17471
47794
93295
36715
55512
62134
28009
71864
33091
1895
30190
51131
71081
17945
23143
30395
28003
67568
98167
70890
32097
84245
15811
7305
26106
30595
42412
47032
85684
66597
58491
50173
74036
20417
87205
81001
76901
85554
82109
64558
8330
38079
79140
28871
84260
99278
96342
97868
62398
99629
19369
44365
88109
27938
40468
36723
68428
5554
39346
23007
25428
11578
52959
75322
55559
57530
69415
83819
75823
14369
16649
95037
54145
83960
28254
22451
42991
57280
73394
51401
60265
59489
97268
92679
13897
73438
99997
61653
53311
503
14412
22098
90139
55715
85957
25559
92738
50903
20648
57503
62270
10563
6586
59636
27147
84308
25494
90907
76423
21977
6404
54395
80025
33875
54678
87565
81042
38674
17760
8666
52431
33702
21245
35379
33147
7594
75495
67190
47752
11569
93196
78239
8128
53581
62352
30831
32780
58626
65683
66916
66780
91243
23146
2041
5644
61064
30349
67925
28238
3079
95214
30986
50207
60841
11186
19558
77106
59821
9522
48537
57521
90164
66564
34506
67206
13290
43690
17368
38359
29494
60638
90478
32168
82099
65832
5131
32389
30806
18866
73702
52060
47616
43439
73320
23030
81567
63663
39268
94114
78545
40678
17210
15684
77095
71016
8342
44358
21835
94478
78225
55594
69498
17199
22990
22484
62378
10182
69890
62540
70858
38223
12917
87903
18881
20985
99353
6329
75034
72623
38531
42004
65762
29414
69698
86186
60639
6214
40443
65590
59595
67081
58675
44169
52808
9296
76123
56533
44123
3049
86468
80292
55568
84309
51875
67942
12860
79186
52763
97673
23333
56010
67491
74074
63861
56064
59638
35936
61072
88505
79601
76483
28164
90289
17442
79284
97518
66484
47087
90129
38582
19808
15473
55237
20926
10059
45306
93578
11445
20168
87703
23898
85360
45729
83946
91957
91111
91300
73208
79690
51684
51676
6184
63150
66351
19442
38252
90761
72658
46055
41334
68090
97958
38748
44700
1793
46662
11150
74163
79816
79083
46511
15938
45001
63416
34185
86596
53738
74646
34155
42795
13979
43641
85225
26504
49733
34034
34433
98695
64920
12977
18873
65532
95780
56188
59546
45935
64712
97887
28200
85786
54988
41170
11179
7139
76955
97004
67566
92112
69726
51658
29157
37418
6202
58038
55171
37789
16187
20340
95914
33208
8264
64895
55371
92692
14204
80537
92094
82907
8773
4657
99011
56895
73035
72631
73509
32018
70785
77492
38920
17856
98928
64722
15055
96720
17822
37275
87346
169
51895
96601
58163
27623
43814
85777
9836
71373
20669
13381
17809
13438
60802
49507
49635
21867
61194
30784
8511
43362
33062
93090
1684
7697
63561
24362
81160
67242
10644
93100
65282
52525
88249
46943
68554
41073
54733
2124
3024
53919
94493
93088
75985
4771
55944
33009
22725
16618
84290
30524
3477
52179
63259
6507
25382
88210
22538
76948
7800
28671
47418
93362
2315
36263
97976
69212
72762
39441
16459
37722
1431
9827
78585
87113
39436
85962
19637
18274
69694
68382
36798
74171
87346
83745
5261
55301
5022
83763
62767
53951
57610
46969
95515
51700
90929
97463
83303
44475
58656
17675
51561
56523
47618
40481
15746
4048
53864
75277
43271
79024
63454
60604
60030
6621
31243
78028
86249
83652
89865
53603
75215
51310
82036
68973
84447
51819
88211
29698
17318
23492
38372
74516
45120
43556
67136
12398
59301
56733
78317
15796
51730
17768
36758
86942
31066
41746
44464
15551
68263
64142
57194
8780
32134
85914
46466
85403
44740
41812
96356
72655
48321
27587
14480
68268
70067
50514
71087
98733
49927
43146
326
29871
70287
94812
20001
86924
49189
46608
23024
29640
18409
68154
85399
79855
50390
80587
10413
26766
98846
53982
72018
44705
31699
78833
72922
80937
66056
54500
55535
6736
16315
70733
70131
15262
78409
87047
64334
21620
38685
19674
45790
67176
7332
75614
89551
90088
75205
8797
50024
15546
54769
38930
39498
83954
76517
69690
86377
4145
13226
82413
25069
64129
37541
86450
87501
28667
79523
35219
86770
79379
72734
85265
97844
78595
78374
23514
8393
63342
98247
27853
87888
80625
59389
79260
2109
1440
68734
55427
49470
20181
31779
23220
69219
27400
40131
8949
79734
84097
94470
97246
67700
63015
5376
62387
570
44684
39538
55382
80604
16863
15507
39204
37839
16983
39542
31731
56328
77964
68600
21325
83066
26825
74344
16125
22315
26845
88542
30732
13257
40551
43127
43914
26810
97909
36592
15162
56508
20679
95841
56578
6565
35603
5947
98034
80071
20933
31481
47495
17274
38098
54887
1252
12183
5339
13356
85634
19350
90580
86660
13448
41774
27889
50212
90980
4284
18515
93328
89646
59499
28851
87457
37297
34536
54272
2839
29261
10428
94879
5430
12724
2215
92499
81310
3139
20399
90094
25668
97465
53623
2669
71775
53144
80233
95774
54969
7295
62711
24326
35749
53251
84379
63506
42478
59855
90326
27482
13766
77741
49187
91142
82496
3107
34532
56283
83454
83317
35990
76721
67136
55935
24072
18561
4048
23418
41501
67869
13218
60165
38330
46419
88699
9615
34463
38685
35978
91095
25528
39033
9539
83723
19716
9259
80837
79792
15107
46737
69410
27665
84873
29039
99479
12757
22187
65388
27155
97820
43091
24442
64566
57446
29696
873
7852
79205
95333
35199
41668
5717
30559
61092
90258
64583
55550
38042
77419
78161
50726
30828
71123
17677
61333
25636
61500
74210
14751
34077
63234
29762
8222
7580
18167
8761
76717
44312
27912
67689
15895
32523
27047
77272
30689
99333
5648
63219
76802
55309
72974
18883
56062
26243
73708
95637
33167
53133
36494
93790
45125
99353
54986
94452
75994
5498
14989
46766
75965
11993
91884
90129
43310
14389
16668
68471
66771
97353
51953
31165
20982
43577
71269
35650
14739
62823
555
63388
5274
23290
40703
62593
90100
49405
53955
8402
37030
22762
83373
64505
12353
41581
95089
58879
56824
82091
64525
95284
91573
76312
53495
74546
66827
58266
92511
65345
51561
9605
20328
35361
91973
34300
21333
25675
62722
45159
48854
25352
61526
64480
78439
89472
60801
18673
91451
72751
46999
56456
19396
70336
1423
43424
20571
77427
27878
18328
65998
92145
94558
89230
74580
71442
7106
60351
47954
528
71554
4158
33005
62788
87007
80522
50451
34934
14599
91364
22868
98916
59133
29039
80256
93643
8048
54800
26254
94638
56732
34829
63737
17338
21949
78958
35432
95806
21228
73085
32411
94774
34441
74778
61547
93355
81708
63242
10663
70943
98611
15762
48093
90652
85667
30374
84377
38646
60369
20434
98603
10523
68782
16920
34856
76455
63929
59847
11471
19483
19847
14678
74683
59801
1609
37866
41802
10607
41307
2933
82797
19755
14982
45135
15215
64698
88120
43185
39040
60149
68774
76567
52788
48577
16522
30627
94937
76320
58659
21878
92324
25624
66112
44703
52370
22022
27752
90836
16870
25371
88135
70651
80536
33846
70101
30659
97040
35864
15486
29656
86616
38603
67874
4444
99399
22334
59600
59505
77624
38111
39354
63547
1217
44550
81981
72005
23614
40540
5863
61210
98136
47003
85783
88723
34497
84980
44637
97513
49609
87519
48324
64182
15130
65048
79890
2019
68237
53578
17096
28881
99304
44388
73403
58384
25152
41711
28147
8104
77074
54511
1491
60594
31680
51148
53516
81399
38310
79100
62050
12314
64153
80132
62764
10517
86779
88330
90377
22970
37218
72947
2380
1511
21770
91874
52266
51146
77035
35768
34084
77121
25820
63979
52941
40132
56670
53269
39738
35041
73279
63732
33244
95819
50981
46048
54227
38700
61499
71638
74847
35031
16942
48387
42419
25529
44923
40017
60225
31545
65125
37924
83100
74034
32233
99679
83213
93483
21401
9669
49181
51386
23748
61007
52268
40989
56476
77486
21094
90657
80531
46114
70765
54664
58574
75734
38414
74534
95973
62010
78269
23439
75642
91147
16198
95272
400
2430
33198
10127
33270
97160
15529
56264
59195
10666
70835
82435
95245
82922
44079
64137
43422
59284
147
23649
96427
11884
82154
79905
60148
24556
61238
24726
11398
16906
59297
85277
46077
49846
79948
49278
81848
2217
48838
15610
31913
73993
1655
16447
2455
4416
45934
87392
4857
78839
25494
68335
77925
2468
76105
983
50619
64415
89978
6621
70835
88863
89247
61381
63741
21135
77926
63128
13974
89011
74880
21129
30181
93154
96499
67970
54843
53319
17056
98113
33206
67681
19034
9994
91914
32735
9326
25664
15890
42615
55882
53
29419
71969
16385
57885
62783
74248
61519
4315
38883
76081
49433
57046
86006
22116
57802
88756
73420
51207
47377
31530
57135
12480
43343
43792
39966
85268
68708
53844
27650
80643
16553
80400
33040
30601
60964
24159
7429
34880
51329
50499
60418
13112
53300
41806
50245
30283
5872
44227
74964
21473
45291
5508
99758
67586
6486
31561
37885
21195
86830
60225
42953
983
67228
55037
9445
44901
54990
71569
3549
89771
78097
35497
16756
7135
90461
95307
77182
35684
2556
71591
76761
63749
55681
7921
83976
18421
94261
49867
19782
19526
63064
88550
7785
55932
63780
27833
6319
72236
55655
89055
3635
17093
96816
23196
74926
94296
66114
29443
12146
72639
71464
47918
23726
3476
82671
24033
6977
51992
97960
73361
97092
55269
92609
41933
66804
57555
26475
37599
87044
44199
66207
10663
5586
4803
14944
5541
33190
94586
38416
12001
78904
62433
9986
25685
62046
11334
3221
94480
6245
28110
3168
22603
64400
64672
31076
26804
87952
82556
50988
65787
67609
12386
72638
49812
66791
80801
77621
30653
49103
6092
84648
15103
16750
55063
41307
98077
73015
41057
3044
33201
18793
58035
70387
28631
16367
65920
68456
13494
16418
61346
66297
91154
57953
5172
3408
14974
52638
52743
5251
23371
77599
67828
22492
2856
50165
77348
43433
67846
25533
10325
32823
35228
28832
83110
65021
32304
33556
63371
75411
24995
87009
98008
26367
86730
35029
3932
97830
45723
46866
66665
31211
77410
90154
54215
19264
9054
49288
21963
43024
67492
140
10003
64194
94552
54351
21933
64828
88551
12322
14477
26711
12860
23288
23884
79233
2393
25125
2148
17586
97524
71829
27278
37673
42520
47901
20289
92115
96030
72056
49647
71139
84703
29849
33462
92406
19649
26331
27699
63286
29513
58846
82439
97644
30560
70925
53876
34264
69939
96076
72210
74185
21048
38310
28562
44288
56555
66627
83427
64087
46743
93494
98782
1414
44301
74116
49261
96403
1054
36530
32731
91989
53135
35993
93930
62986
25298
10759
48609
27861
17235
65709
34492
97417
72161
77251
47279
43534
18006
59346
62565
69469
46142
28467
46604
16852
8997
88928
79393
6682
59247
60673
22435
6961
30665
15397
55671
29636
62869
39850
90884
12890
17197
51186
86765
94699
71112
15696
66612
20236
10065
3574
91420
45952
25386
37695
64590
44713
85333
39039
12953
68425
38477
2197
41702
21039
88822
47371
87452
99666
2572
80284
57604
24868
82586
33201
40084
7059
99819
73462
59944
13426
72101
16777
41724
50284
11103
99879
38291
60092
52050
53285
22425
20377
16348
68308
69362
78839
74963
60033
63391
66861
86577
12217
76920
61573
67480
4025
32886
77564
70581
62258
62097
67458
29413
33636
55211
73214
28558
73620
799
42480
66159
89380
15767
77722
15728
3422
25314
80725
25960
44091
39300
66885
5862
83318
96688
82483
22709
15325
77648
1610
80956
92345
4469
39936
17210
67607
60355
34761
37964
27634
46498
93119
66836
60849
22677
2633
78716
40645
31473
52417
71636
22351
50910
36833
88670
97737
51279
98580
20052
98375
70487
98838
10925
19907
6889
76480
69531
57680
5149
60759
23699
23534
80275
9568
81125
17163
67859
12244
61288
60663
17450
54392
19751
67716
76422
30602
79479
87541
64966
86487
99284
67853
83399
55503
78433
69292
39191
79196
13036
89366
70976
21592
10276
38207
43362
94944
3155
11626
20787
182
21535
9076
74674
22863
89390
89464
52575
12297
22241
65091
23836
45584
87822
48430
78491
9788
38794
57774
3984
59861
36794
92117
84483
98135
70151
9135
12256
50890
16544
98698
28107
60300
37199
3126
77222
23476
96007
58723
77542
47382
11133
42508
33636
35633
17904
63319
22344
44710
15621
63940
93197
68467
78026
31905
52980
79047
34195
24858
28334
39846
23540
14545
76115
30601
92610
32382
66145
67195
34943
20120
90367
74656
64681
80384
96110
4446
91752
59294
888
53770
79045
59217
56551
98028
68786
89214
20344
25214
1461
38873
23540
85463
58662
59977
83801
75576
1128
32211
9043
20465
42110
44420
1571
91699
99098
38382
86554
1142
41102
41711
72524
50259
84309
74924
82726
6552
85624
544
11420
88565
47179
70464
83764
32598
33813
96489
8942
7904
89476
77202
42711
15307
92001
4344
14462
75057
17613
48350
35488
26321
34579
19603
18518
77823
27156
14753
3312
53321
12155
12216
56315
17788
54343
12063
26148
21605
80839
90384
63297
48887
95715
90239
90469
71894
95002
19903
20865
18883
59336
75753
98046
2226
21292
62483
70706
60350
17114
333
87867
2946
938
45227
3564
40326
39912
37966
475
95673
17273
36737
38099
51776
65427
30095
42939
86401
19254
98103
21627
59286
55226
87278
94012
42575
34268
88380
64226
73275
26129
15623
7213
97372
43077
94479
35978
1658
95835
45810
37158
68075
14224
49386
72211
75896
95350
22471
56635
97559
62009
32142
26946
46803
78942
44003
20841
30942
61560
12448
21715
57720
18012
35442
37513
65957
34483
41693
88202
41619
53622
85267
62894
27133
81553
73661
74931
13664
33835
43205
70813
57459
12185
51547
31253
80883
71444
76487
15183
35998
8572
16824
21962
98196
37615
74940
93495
97359
54245
46195
19731
52170
46749
41813
43470
47766
66850
38846
51439
48788
78650
27500
44581
84026
15835
40632
64607
10997
82407
16847
43097
298
2034
80007
99883
75973
58267
78615
35514
49424
98325
99880
73038
12017
47185
85466
24271
94570
32248
84765
11698
60559
99997
77136
17238
35365
73952
87409
76095
47601
67021
48082
27203
67693
1589
96212
40962
19865
64756
91095
95222
20851
50042
51400
81918
37310
1809
62549
69680
64705
51113
70501
75491
290
136
95007
372
66085
31910
18748
19355
48834
90591
98919
12617
53870
56435
62704
88665
73624
31198
20583
48076
42049
5053
86757
67647
99145
64425
73029
94635
43874
56159
41162
44549
52138
56539
94567
32342
77718
16051
36077
79417
17388
417
19389
82248
6710
67882
75616
35445
62423
26004
85718
86659
55479
7710
25248
57098
94781
98862
34905
11005
75928
78815
54512
69183
19561
56734
54981
74238
27155
55979
78698
99399
47589
95588
59831
33386
5329
36099
44352
28316
80688
3857
49655
9225
1296
92341
75560
15449
97762
72608
86174
1885
42626
17085
37301
38823
30172
57040
77616
80864
66377
59849
86444
20582
59123
55901
5160
9984
41272
97760
48343
31384
9689
40587
17694
61607
67151
57075
74334
69883
94258
71132
11980
29118
41972
80256
19277
67260
60334
78219
13651
4270
5626
60310
97191
49452
4884
34694
76727
5488
5462
22747
66206
11276
69041
20850
1769
40129
98464
56134
73895
52630
2448
19600
34131
95336
35288
43522
86329
77329
56137
85692
77408
78956
80997
50050
35468
44687
88700
11897
43196
32991
80670
74360
37890
41048
84042
7567
14883
69897
36628
79704
24258
15742
94912
46439
4304
84013
55417
13808
96288
18631
62767
51554
27011
83228
96357
10125
45358
53302
74085
94969
90741
72356
49689
19057
2314
2819
12317
11366
19601
75839
53439
51840
27783
98902
1625
5538
93278
20479
95611
92994
36272
42818
36663
37096
64840
76375
9036
10766
23430
60962
58783
53364
46379
1362
40518
41440
99550
66717
81908
68836
48201
25038
56592
63503
20292
91195
31509
632
58761
13084
3571
13820
59605
95106
6521
74591
4896
34298
88504
78013
94394
72029
47879
18694
61906
98249
60453
72401
69608
18197
11173
16036
76990
8159
21661
46684
83881
93619
79766
27129
33930
93817
14670
36853
59351
29886
83535
9090
38832
36076
78874
13559
5853
16600
48322
1310
79389
37038
20749
63613
57650
1961
47432
14057
21134
67558
72260
85267
6624
60990
98327
80565
71187
70067
88685
21247
97716
34725
31593
60957
16549
59355
38111
94611
94457
89778
60979
33119
73161
75252
44841
19822
13797
14473
55752
88627
70211
1405
41527
39122
22268
55453
22702
60763
52949
60332
53231
757
15341
77634
76640
27757
27213
4112
87712
37734
1948
47192
95620
44766
43041
16389
78651
80085
52940
80841
1778
94547
68924
76332
25121
3246
37729
47879
37189
76591
6469
28261
83787
46903
34086
69451
17580
38940
2738
65474
14187
5449
87586
19712
76712
93266
36489
35425
85753
14211
19578
47271
38933
70393
8312
23498
53842
80427
38081
84141
9605
73214
67306
43919
13245
7485
87425
29922
26777
71630
65485
22871
73571
40688
55618
18294
47807
35273
45652
80482
47298
13167
84492
84294
26395
63185
52817
90894
43742
35502
9583
70291
20591
95168
38699
85529
43983
98754
28974
69628
90706
26292
50946
10222
91476
81395
50070
98518
70604
20416
15295
72114
30415
88114
39724
12796
91876
16955
24866
16500
9871
79991
78884
59030
47459
61067
60630
30771
54594
32369
42255
30275
8138
12263
2083
40896
51166
98589
48707
80741
89465
97226
53638
83319
87972
95486
53858
16012
97408
58426
80251
21943
43840
461
96183
55109
66675
69519
99227
4982
42038
69220
55914
18228
45602
47718
30656
81137
67300
52937
57871
76875
48553
79414
84754
29539
86696
93803
56049
12317
63114
78356
17822
2594
87065
87327
19476
98471
35870
74256
59407
93836
91891
18846
82690
24285
13616
86929
4117
6761
76365
8905
74945
62215
74829
42884
29652
20235
53509
35972
52038
5293
33653
24876
66260
28388
76815
56126
15065
23977
62016
36568
73643
59094
32899
91236
69671
80165
47274
86791
12754
17631
58082
67343
91740
37887
15734
82682
36282
73747
69469
23955
96953
96404
73
56291
86391
68655
58503
48618
41945
20944
32550
77260
17897
84446
19381
31829
79331
88667
46520
54999
73965
11315
88947
97135
23444
22208
82858
31984
85835
43692
18293
18043
58810
69382
41499
26445
87801
62833
4034
68270
429
50086
79997
89673
38863
85371
3799
14709
62082
3985
46713
15762
1230
58756
32582
51734
67784
47663
99506
68219
43145
53147
23827
55503
5249
35188
55002
52456
49223
28588
9739
81114
88926
37583
2933
83054
73163
99221
85905
54556
40178
65442
56636
13048
84161
84488
77787
44831
31539
98704
35312
60164
69942
28058
72037
38316
85994
80880
41824
2531
54043
91689
56033
83625
23815
8412
98736
23944
59598
7511
75696
28829
42336
42892
80278
85454
26946
89902
84507
59484
52098
62685
85861
34802
26211
31138
42831
35290
30986
41232
53231
92952
28137
80116
95139
64396
69517
93723
70460
68620
3247
56806
41
50655
21544
58207
41215
71862
58455
19589
29592
97800
95703
83287
61673
99693
31067
32264
57096
9937
65530
91810
81859
97482
44004
1220
91546
82318
17107
46139
88104
40380
82295
46595
90650
78736
9237
96762
89531
36025
82189
13428
75168
35995
90264
31868
59666
61755
92392
21539
70605
96201
40654
46608
23973
87232
78685
13971
22528
89090
70529
77260
64600
56194
17284
54027
9765
32834
93337
41823
94070
58842
94717
6821
32657
75722
38000
98314
2691
36977
8336
71822
10708
19633
74260
31727
36536
19173
15730
8737
5666
92363
26066
79790
9140
54208
71244
98733
69266
82184
91724
39304
62230
27065
78486
6238
99094
52145
83970
75434
80350
37271
71866
18220
57151
59874
70600
81552
54817
77586
16648
28387
9444
51513
32686
7506
21625
45144
29094
86054
78123
75011
4433
41977
84342
67780
53641
11539
61351
40524
23762
92990
95627
60112
24534
30193
17162
48998
55164
54995
83915
37682
20359
49069
52916
42848
5521
16543
52583
84352
30924
31659
30377
14243
68903
69262
44995
98568
80776
78971
87818
31274
58428
54796
34753
77209
26222
24267
23754
42535
35700
55080
62037
14025
30688
7657
50864
85049
78158
60936
39857
98963
26957
48694
48031
18679
15064
33352
70557
29789
16652
64487
88157
63038
62157
14796
32280
43657
84157
29888
26796
58472
23470
97000
91160
70384
10932
7196
68262
5535
66270
38593
68903
53395
11996
79330
60032
33925
99079
69726
72756
33081
65536
79860
62134
52863
62911
46998
58948
81331
8086
30322
19310
59981
60223
13762
84665
22123
42709
15930
48323
67139
517
23020
92445
40174
297
99787
98343
89128
35450
40887
36756
90164
35994
8047
95816
68932
99802
85223
34294
39877
64738
49121
60138
36463
58183
64622
72348
138
72001
8616
96037
83620
4765
89260
41080
94863
62370
75659
96841
13283
76128
14545
83739
42570
11213
69002
49916
18513
83913
11858
19853
8246
69346
26563
43992
83141
33484
65473
81610
81413
81227
97935
90923
24734
53377
68106
11277
33085
99163
37903
46607
53738
67430
68661
62921
17330
83573
26421
78737
99422
40650
86259
97655
86197
87416
10749
99086
62957
12729
48048
75521
83154
37995
32559
72375
80351
63707
92010
18200
25276
93817
59236
61627
8980
95029
42501
65658
12483
93881
856
90685
25477
99462
15466
85670
9694
28887
49518
29439
97993
10836
29602
9376
27315
25227
98667
9285
56716
83923
42679
2623
7798
86233
3063
6827
37949
59062
88050
55657
73757
51731
5275
32450
61862
14710
43035
94882
18430
14877
28103
85927
87643
15786
45586
27134
62791
28232
76926
80510
17339
39927
95264
80102
10075
76437
38897
61060
11586
17552
62672
39049
18146
7113
44787
94580
72915
46159
42961
50371
72057
53910
41559
14189
41638
30093
35878
4707
98104
67529
93003
44143
45585
43260
88757
98684
2746
62460
12580
9712
14453
47899
23105
80991
51619
62431
55039
9481
16343
74002
23348
38020
9645
8657
62517
34442
65009
66664
45678
49106
86580
765
81938
54174
47744
20965
53770
96226
40914
58812
5486
26274
29201
87617
80939
46238
84753
70332
95655
64784
43376
71165
52074
74978
74997
14691
50302
60201
38859
79555
55773
34164
95577
87552
99024
75869
55182
85043
51716
59965
84820
70679
74200
38657
74353
4407
53119
52034
108
15112
3705
78172
67910
98897
15416
67736
68573
79926
63156
77613
8125
12065
30292
57914
21971
4993
18978
93201
32387
48556
68577
1289
36626
39037
70617
73887
33698
80497
70426
60404
85353
12176
26132
4135
2803
95295
8652
30685
46925
24366
12388
45587
63658
65856
50672
51059
26855
37568
64320
25019
7347
89593
23486
79294
96489
51131
1508
94095
88276
96547
76895
31414
46590
44890
32032
75602
82759
17494
14151
49398
44965
3576
68754
89335
49676
71307
31089
73141
93741
85150
72221
58097
11042
11529
96624
44639
97477
38595
4624
9799
1412
91039
81648
84736
72055
4173
51346
86011
92976
78632
9352
13712
56969
54989
35208
92590
34605
97270
88815
92443
71406
76308
9395
95270
29699
69731
17122
70606
84598
40920
50126
95649
49997
6874
54962
44854
82459
7587
69854
44354
66628
57050
75004
58353
26506
2033
33795
42136
74007
87012
22937
63957
56591
86389
79512
12223
71068
31836
79826
96473
33029
67468
10461
52860
68615
4376
77365
30896
20346
39607
28988
92064
97730
80900
3989
39579
8206
25001
92770
55076
59983
37102
25098
91757
83494
76109
70105
97587
85616
21625
21726
41850
84796
39615
84270
83531
1535
21469
15743
75360
55356
87396
37840
59499
18980
26132
4242
7229
97263
8625
80632
28929
83458
90412
4465
39534
67597
89704
87784
28082
77740
76848
79463
72313
32458
95307
49681
25359
21669
19908
115
25362
43306
82126
4109
86512
4212
18979
52450
3311
43846
57724
79212
95565
91269
85187
76848
6844
23285
6213
4617
10461
79882
12003
65972
38028
25952
52869
51198
87676
13274
46639
55496
55107
32733
26288
39357
69081
47902
5438
21489
8307
92872
61596
30301
85339
60333
17838
42413
51128
21105
97792
8242
47005
61216
26543
61502
73387
81174
80595
2406
82125
85978
35872
20998
6279
72682
78516
62141
19893
84152
79264
91291
15415
4320
29051
47693
70903
35008
79160
42341
98365
13394
40704
90238
16870
39431
71541
43309
57929
18550
53496
80285
69136
36774
50065
49353
58854
63579
35016
29337
4951
60591
81448
69022
45905
74250
27989
15162
67247
185
11322
3783
8468
85610
61274
59539
78588
63504
28337
42841
22420
63852
22918
63056
93301
77305
65939
39016
80699
43406
38990
27592
73279
44221
73676
18699
40537
65712
58871
14259
18776
87592
24797
28922
42588
50795
55060
66161
7269
75093
11866
83209
490
88562
23134
36756
32354
54586
98355
83957
86270
66134
99024
9043
98709
87736
12602
20850
51596
45176
18737
17048
66597
17892
12976
85153
40438
79083
75003
95587
54005
50131
97360
12046
25567
77084
77308
12669
58718
52616
10728
43591
49472
64999
13784
59749
96489
36135
17165
52057
47863
22463
72017
35561
45694
25290
14558
35831
94895
1620
41987
46227
42848
11684
36526
32846
52478
15733
88011
55790
25034
19863
49516
69260
9206
38760
37706
36093
12834
46300
68317
14849
45778
87158
65750
94112
10997
65886
45899
39607
87172
75383
91064
98092
27281
45063
82479
29382
41567
30142
66540
52068
48014
40392
66611
42139
10336
37575
23454
73106
55114
57567
49348
63223
77748
51199
36415
36071
49874
48581
84646
29892
99137
66076
67655
43481
55350
57313
82053
51312
21230
57343
86684
89777
34861
7306
86798
39873
11744
79994
72964
63609
41387
48026
12301
16738
48188
90064
21889
82397
32375
67087
95071
62739
85251
79158
81979
13757
22619
79021
52337
33022
74011
56016
4007
93745
26567
66550
21845
58980
91339
88063
16844
42456
39579
83808
20093
97800
56866
70108
86903
35925
61089
20956
65846
78505
80137
30329
74897
83260
36087
66983
23504
449
1114
69183
26294
26010
48929
35751
28131
48823
75623
84778
18143
52367
19769
80078
24466
80772
1275
49979
70997
82335
47061
46247
32401
53887
50980
91485
21580
22205
3671
20360
5998
20399
10417
62996
47908
59283
10248
37917
84194
28762
64010
99954
50148
21276
49735
96900
26034
60515
66789
7399
81523
38469
36678
43537
9694
15932
97223
68571
49017
6600
82307
27392
4956
11313
34004
90789
2997
73064
97844
79092
90533
29665
63704
8597
14872
21902
13416
65743
2572
97008
14525
96560
53018
30167
27618
7397
31856
96063
82278
11939
62636
44659
44598
99689
60744
78432
68397
80338
18832
67281
33406
6273
30111
28878
71239
28381
8160
18286
30913
93452
71498
64239
69019
45779
53307
44213
67551
32324
262
91184
48742
55872
87074
44358
53114
98431
91366
17585
10343
99902
21155
80270
4012
89330
20119
11341
14158
22008
86992
41637
43956
88252
41513
15610
93273
8790
40235
87872
70217
13442
97807
98594
85465
40827
66045
27556
43785
30991
30705
89624
3443
57077
77802
4265
39984
1131
23787
70503
16294
12884
1755
90295
69154
13592
11484
92514
21635
30704
18717
74644
58311
59945
80408
13194
33364
78223
72046
20205
74967
21106
38738
18220
85825
1725
53296
10796
57308
52740
53033
5757
87194
92100
50280
21681
7108
46225
78180
43641
15751
41032
5950
43241
92573
57205
26808
10958
99698
45931
97254
79734
99180
71522
60371
57135
1634
9540
1323
26606
49665
10906
49300
10359
3875
48419
65225
52997
84350
3904
70908
57140
75622
21254
80500
89250
37648
86161
65635
16428
9361
79915
219
80418
49576
98074
46657
44600
25734
81905
75192
54710
89756
60587
23391
61123
15882
94540
60214
10634
33283
89184
45826
89448
90463
45184
14741
93983
37029
91045
24852
56609
94519
25457
20688
66292
18113
76583
45047
9790
27864
14310
1244
75658
13443
22419
38203
25572
88368
52663
58346
72376
65221
85437
49673
30998
49696
12623
33427
61668
22978
42904
37846
98774
99597
71794
83619
35645
27568
89264
22823
63376
27456
4868
63930
55233
21447
55920
19882
28944
59893
24746
1105
86213
51631
63010
95429
84862
64905
53219
73921
81066
88383
19925
41270
21
40277
28699
12257
73283
31055
73559
48366
21586
18130
42737
44963
2021
90293
55862
99823
38325
23811
82926
94961
85897
84318
45577
18646
18823
30662
96027
5808
28620
32054
16164
99990
38111
30976
21446
24760
99851
7700
40704
40483
1529
64713
35651
18343
65592
48012
85406
59039
8347
64146
7226
71530
38899
39407
38335
99512
10949
82723
42275
39200
47410
59893
54373
42009
74086
34327
66332
49765
85843
95203
48074
89903
90813
20326
65006
3803
90071
67258
93798
91576
46092
93
74549
87407
31821
72511
88833
31644
60356
19737
74779
14538
24283
16106
21420
3033
61206
38968
70296
19683
6433
88124
57237
6619
67244
36091
64263
17840
10175
13048
70424
82059
76741
31120
67651
28592
17328
23845
34100
67900
5913
16855
17505
24685
92851
41086
59000
23193
56113
32169
51175
26100
79604
98276
338
55822
14816
56341
871
44338
58013
91318
3282
68633
32492
75332
54475
28134
66237
50932
8080
143
42108
72481
98553
85292
70790
62631
26581
21888
59602
36616
41426
51631
95515
29078
40372
99131
61356
49620
68079
13352
94948
70163
72030
6051
44636
107
74040
1333
45823
50062
42831
53272
40801
83519
38784
51412
75984
44477
65829
39947
48803
34305
59903
41755
30562
32230
13306
60141
31157
94941
17554
20234
69794
37005
24140
74150
14344
87732
62029
31317
35483
8827
32042
62844
56920
31989
55133
39580
75430
34031
26499
27570
56360
72873
74337
17636
51503
78053
98724
43541
69057
2919
20853
22009
66109
99636
71390
56721
85819
87716
38687
38149
24865
47580
26011
72517
12470
77799
94882
6036
2407
66966
33278
27724
44753
96423
91806
3764
28305
59825
31888
18356
32445
49582
64827
94026
35386
75096
88081
67707
73416
73710
67971
42492
36347
12115
46225
86629
47517
47897
12690
26373
84667
40575
19363
8027
87743
55946
4275
44072
59499
58666
24830
83944
72662
24723
3389
9538
90528
60923
19086
27034
5943
444
30043
87691
87453
88158
28823
47182
20217
68191
28647
67577
85949
53829
43229
96565
49627
99024
75359
82892
12229
42725
25813
39923
11209
68833
6245
46123
95720
50824
82064
98431
68891
4609
52009
55856
55402
59402
67033
78698
89272
93767
98936
78456
12765
54981
94844
98966
54696
17626
68735
65484
23827
28440
13639
31666
98582
28449
44398
43377
87357
82831
23260
55853
30191
53979
12201
65124
30206
43595
47243
36023
30752
17683
65139
33850
73956
26701
56141
13109
47583
67207
19521
56058
42806
48041
94135
10934
69319
33936
41107
27586
46864
52697
69097
52284
20308
32865
49442
96787
15921
32793
35598
44523
96014
13501
2504
77826
18092
65670
18323
506
47156
76880
13983
82424
70043
25964
31555
50717
2827
22229
58430
42002
20999
47468
20341
34074
13820
87985
90643
21619
47448
41069
29796
65254
93341
72951
81960
57878
30813
51115
16334
78896
4701
75958
88275
81874
16864
37030
81923
25553
89015
48990
38354
8788
12316
16905
44365
49729
86566
84839
90487
74537
53565
47296
47020
63199
39192
87629
76666
93172
19621
58660
94106
54229
39948
803
32574
69366
30961
96773
2437
60941
93511
82127
70880
79587
74842
77665
1980
4136
93507
38450
82499
36686
29370
43989
51922
58541
27622
49907
31206
83453
13101
83004
65577
74195
93054
79143
23316
78687
98548
72725
88535
92618
60897
60300
11631
6714
71677
20104
66236
77222
19303
31289
56320
6395
53394
61673
59803
57450
92109
44337
29920
68155
35261
77396
36699
8035
15552
67035
80862
19566
72797
98002
3692
47893
39496
70078
19852
54497
48394
701
42711
27515
20294
41781
13921
94912
2360
41043
87283
24303
20303
35531
84434
26922
89777
30284
47202
63562
14823
77577
41168
85206
92798
14206
58518
1226
3313
6431
30213
21066
91482
93987
37230
22143
90843
389
25302
54038
31385
10467
30910
38295
71248
80239
24122
42849
54544
1286
70842
63898
59508
53858
98845
7433
9128
15080
84750
65089
27202
55966
43574
81098
20487
50833
82189
51938
5124
9108
14478
40575
44961
64186
25555
14156
68142
49872
78017
61092
60903
18202
6666
75888
73671
19988
10668
75068
53226
59919
94867
90982
45553
90140
20486
22619
20836
81578
69067
64336
54461
99808
85345
68549
60052
82604
53045
80289
18261
77364
41787
15244
48270
43397
28788
98419
89646
37071
92153
57367
46229
89414
4952
64575
31389
10842
40414
33955
89475
59588
88478
90551
95237
75892
21927
9918
76770
5040
77033
21593
21075
79912
94732
6381
43
76517
56094
49146
10544
80030
80913
37600
29708
78892
9736
66455
14741
92375
66713
34389
77495
90770
99589
34161
58556
87451
8128
45634
90967
87034
7889
95400
77244
90373
96112
33219
51691
88594
71783
52934
74264
9495
87726
15085
76200
5520
66750
32514
52481
96
24792
16955
33990
11301
80867
9161
86884
83884
43201
51013
5995
94840
98168
3911
19548
10826
79221
54852
91262
80717
64650
40113
85054
45529
46301
28108
23398
93368
8661
15364
25168
84491
15363
54001
82615
3655
21758
43791
2205
2903
53041
81367
35465
77142
18511
89376
15129
971
38370
61291
1047
40379
34211
29593
67391
73286
59459
99148
22348
96223
36891
30492
87241
66734
24729
1740
12177
46745
10142
89356
8835
81456
70950
64503
91351
83889
89923
37084
37137
50460
1132
25198
42064
19713
43969
86272
27799
23283
23901
91795
72264
88787
74757
63362
95508
83795
20752
95157
75906
81822
5662
47709
12565
2420
27766
76749
35159
86503
3570
97777
84467
67466
40143
52707
31123
17643
5727
18671
15077
31986
28101
84904
97445
65241
91429
46508
31980
66654
82537
56172
41713
30768
24044
30412
85739
79581
76302
16475
41328
82168
99063
74556
73331
21543
76515
72365
51623
48449
13766
78574
72160
64173
18546
28082
64615
9224
17820
23173
59477
60100
82923
10985
27185
95506
94946
2478
22388
73888
10197
20759
80024
52358
7882
82712
91687
65678
3474
39945
41575
35657
56604
25857
60059
51625
26723
93019
37705
21764
94533
90858
25395
66963
81835
20181
28959
94660
54056
51393
88816
4345
49570
94726
6083
50305
8658
31638
74889
63708
79028
67708
2207
24076
24377
22351
51524
17930
96065
46713
82289
54226
1802
76893
73563
18642
77314
42429
91814
74443
58722
10501
26265
35295
80307
88468
94352
71247
72984
87893
63411
68507
1422
32732
18492
56321
75769
2893
6030
10182
13025
62985
75192
55867
29560
20238
66173
94384
31751
8938
79115
31046
59220
92390
6144
35382
36959
17444
38086
37548
7334
36131
93775
24602
45491
23928
81035
41629
41406
96089
68629
66712
23518
97236
89353
38524
44530
19225
38220
96123
13709
44553
97425
8020
45178
27111
22222
44853
14348
32347
80835
2656
59538
31491
1033
10312
67547
93067
80567
28401
63361
27757
48725
25439
3751
45502
40659
87600
3420
7755
40870
4837
71878
15225
94050
24578
97928
82529
90012
7777
66391
70287
59273
85276
96904
21998
39152
47111
2702
7719
63202
86548
44186
72069
17378
55421
52978
14875
73825
55227
54874
42209
58111
50430
43155
39409
48333
64684
11533
72357
73714
47876
63515
94928
3317
71113
13003
9097
57628
6876
72943
5922
4602
49106
25461
92936
75877
57215
67769
15740
74231
87900
30506
24335
87237
19405
26517
83789
24259
8772
3260
13606
824
27697
4176
87065
71466
80907
59285
61807
84817
38352
88520
77908
25793
12433
73853
72289
40815
9670
76486
5688
40867
36189
80551
26551
73365
99884
12529
82284
67419
63059
91383
96709
75749
17047
69472
72845
4053
87617
80069
63744
75621
32186
48722
54914
10519
50001
31401
47919
79507
28995
68442
14993
25850
46416
32727
84289
55676
59990
85931
7631
42813
75354
51930
11991
66315
57261
98381
58313
29280
85621
98043
58371
69906
25319
25567
40006
71220
9677
55151
53325
2409
19030
79351
40874
76065
20404
61914
13257
25056
29552
58016
94608
75594
10549
71107
72249
87891
43417
7892
63156
22937
68958
4199
41918
28119
35003
89635
43365
81844
21888
88321
23799
25890
85565
21161
64990
42425
30835
4796
33522
55915
32689
81345
83380
9427
82337
14751
66247
93953
50342
47031
52225
97713
64372
53692
16049
5704
73598
87523
68000
62063
27958
34250
98578
8027
33139
56618
39579
98051
82553
5547
45627
22832
5092
9256
14646
62730
75212
53300
45495
63848
50092
80408
63601
75543
80375
27963
56813
81272
18199
81465
91861
50680
9039
55710
78580
58004
56124
36827
90791
32159
95388
47730
93649
80724
14240
34103
44680
76195
67415
81269
96956
96230
47039
61872
14337
71931
78387
94861
81153
97441
34123
13051
15783
58623
34382
9906
35006
37656
29351
50239
92391
63894
14862
76229
36876
22028
11372
90148
1797
38087
18929
83224
74234
28462
67847
189
33856
37202
97454
94462
24174
67272
61414
13582
47908
48537
69545
57925
93552
57486
31354
61789
37632
9681
60024
74762
36147
75476
56003
53618
69876
51851
713
25058
47031
46717
16186
74747
67947
29921
81499
3422
7485
78483
75729
75736
91765
20833
26334
496
43087
20772
68175
20096
47690
45894
21152
87658
71290
40595
76507
85341
74429
54773
82434
59007
13848
14276
28156
44012
72145
70695
76731
71957
31546
87856
91081
93693
12043
92917
73535
53818
53364
22225
19819
9405
50104
14630
3142
84991
91691
25164
1636
77695
74948
45664
85986
2619
37496
94777
30649
48191
50151
27953
81155
87406
15746
18247
6770
80120
98362
98991
70202
49375
20807
83017
46390
43970
14242
87561
69005
44414
7898
81716
65496
94402
15957
9423
79130
48276
68856
77110
84121
5214
68287
5639
58932
38023
97543
73154
63477
89522
87789
73300
890
62325
24312
60499
39770
52610
72855
36634
98444
54822
57771
58549
55339
6014
76892
64375
75251
96888
5744
17908
98297
87965
44270
71838
45646
11662
5120
32269
28647
52215
94152
11429
45699
50044
99569
10001
83658
28949
92575
33686
69963
23939
48653
79770
91332
94619
2990
88969
89943
17110
46817
53790
86428
36947
99162
54465
28859
49621
85383
76561
44808
74542
88064
32309
53516
51566
78681
30433
64853
10574
2696
88651
79162
69566
52670
77394
45116
42352
81793
8935
5269
75332
63101
53321
12527
88998
97078
6127
59326
68390
38124
94059
85572
23825
81226
15091
18299
49437
47126
26214
77545
15728
30017
48550
79159
11247
9320
14364
49293
65785
58813
48508
20218
2551
21236
69512
45438
69023
91192
93692
26230
23720
22409
59063
39978
10712
10741
48248
20353
5759
88069
93881
68080
8604
46946
82528
64663
85184
98101
64994
95756
93234
24648
19718
59599
17804
21635
57558
35264
53984
83292
61136
19113
25530
88608
78870
56771
50721
40122
6485
52905
39209
49827
54268
80627
14261
12868
31818
42343
94301
5557
38228
59396
23855
48609
95832
88904
5728
96618
49219
98129
21170
69302
86564
72001
52189
35973
97505
73089
91811
44825
56399
85367
92290
59558
1400
43538
78172
33774
77777
98780
70891
93560
68353
25956
50470
70579
54936
78936
76779
72749
14067
99466
41275
78111
23840
95252
84409
26473
20726
89944
49925
44775
23634
64774
791
26634
74179
66581
64426
95831
3038
37100
79106
25773
12894
54960
5484
64788
15933
10609
96169
96742
62737
83199
60389
69759
61030
67492
66275
67203
40490
26526
51711
43710
17714
81209
1040
73910
23125
25189
60599
21492
23593
74213
88565
674
71283
52965
57388
51215
91730
9146
34102
56044
98242
99522
23510
77869
18082
19520
69979
72261
45542
16584
87409
28950
72579
74785
85971
22911
65966
27459
67717
75194
47279
34182
57934
50251
71168
40595
99152
62383
1297
41351
47123
49766
23042
3849
11693
75356
25042
42777
17838
59010
69244
90369
79478
10954
43488
44936
35361
76599
7881
24618
64937
74619
78030
10322
85554
92686
97710
72329
17335
12103
88455
4770
46606
88288
86466
45713
87734
86357
88791
83469
36595
59197
33533
71285
21934
65527
38205
87408
33592
1657
66091
87866
1347
48473
46556
78824
55555
55193
17725
17894
30808
8067
17449
89371
28254
93295
28118
373
77465
87548
9914
41352
40364
56577
94120
51137
76779
82723
75032
87063
37040
88871
8679
13161
12098
94938
44155
92123
72646
11306
35345
84634
42400
89081
37813
50548
50963
13677
24763
19343
31919
69991
72630
95900
3403
28007
79293
7189
77705
46131
40363
32209
13817
95174
4422
54789
583
75238
40080
69149
74794
54655
46844
25905
21013
56625
13259
82855
54393
3029
35437
88019
29648
7405
82797
51137
22032
30676
30670
81944
53402
31565
67657
87225
46045
76538
6459
6244
69089
74627
62944
78063
95157
10990
49715
82741
28841
64157
75473
66467
28888
42966
6066
6838
6784
62631
60357
92526
5579
65761
12884
9228
23344
22320
96836
60425
35508
7330
48060
16010
89828
1645
51097
96592
90328
39508
83569
1147
55708
59932
3343
95062
35896
33492
80402
10426
16893
31905
32966
32999
35180
54783
20374
16893
46377
10791
81782
85603
48548
7335
81121
79561
43579
58338
16804
63133
35689
15158
20070
80359
81635
54926
19118
64885
45166
35843
54135
50446
8332
20604
89525
4975
45415
8707
30003
85292
70092
39185
80736
58037
89499
83412
89749
99423
28854
68970
65840
17502
561
40124
78405
33212
63240
98402
41145
60995
57063
49392
70257
95990
1810
75828
68610
60043
68052
58514
630
88890
65329
69459
88445
13059
57610
80690
10479
6346
90564
37247
77
88792
81829
86946
85345
27665
9950
98743
77980
11056
24892
30798
35284
7670
68946
14597
77558
56918
60918
55902
36507
94900
3455
79227
76753
78164
56806
8932
51844
42212
61035
31363
4394
22075
72552
8914
6891
22103
69077
69112
30662
7925
7394
81808
7560
1538
13318
22552
50476
29014
22101
37033
19256
60815
71060
23448
61081
90243
10537
84889
24074
22124
64311
74083
88557
81076
53145
42685
67760
36410
63373
29527
9984
87076
33975
38975
6369
35528
38407
67897
29768
43804
98858
28018
53858
96917
65622
97426
2853
22379
87264
92769
47214
37919
87450
82750
5691
62409
60056
26812
31907
71496
47056
66122
36119
39530
41629
47644
25692
61028
83733
15876
90521
54284
75970
20855
50161
17657
31037
25994
9342
8553
38563
1537
50631
24972
50405
42020
60333
37482
31423
23298
50746
55743
54383
32036
66715
41168
29547
88578
83555
63124
40989
6513
44550
62832
38246
15406
10190
89394
17418
26258
92349
7735
35220
20177
70058
6555
94919
2802
80451
56477
45601
61209
12796
33466
90259
18548
74259
84954
83208
36517
82096
48702
45460
98248
82546
28681
24543
79855
75466
17043
85310
36503
29881
9076
75968
91451
72141
4209
63647
11125
75691
81488
7255
7094
23061
17066
12309
78537
5268
87355
89669
83434
46564
43708
19161
76285
79124
21920
82814
21581
46121
21290
73767
51766
10267
27
83879
11907
11841
22079
32421
755
66798
10531
8832
52457
65821
7955
42881
82121
91596
10335
75565
94940
23382
92190
7451
8372
13248
37090
1449
16426
56835
83088
40630
41093
2988
11181
82893
93167
84490
9896
17672
2555
34634
5495
23003
45902
24821
77826
2406
69276
56574
80550
20086
42771
52133
76093
61844
43809
31130
39365
47030
54321
85889
1786
40910
16667
81107
8293
43087
40235
90574
74374
93367
54012
66188
56345
67170
62258
11609
15851
30839
31863
27872
78950
89663
37155
2449
21271
10962
27093
5570
98120
98621
11475
67156
61443
26399
26907
99165
97371
3872
13080
80335
38429
31174
58406
41336
94749
18540
74233
83729
90593
33669
85552
63017
32366
88193
55269
95694
14323
38003
64289
94328
79770
32533
97669
1910
5576
32953
30037
20772
25781
28125
64656
78562
93483
9952
65398
35830
85417
95602
547
89820
40756
64732
28998
62086
8269
68374
21333
71683
30495
93185
7931
47587
7832
39356
39893
53524
84396
9777
98081
53004
82128
74966
84063
69507
42431
81428
70871
35016
5477
78044
15383
57988
16505
79981
53394
3195
72486
28859
39598
43422
62010
86683
17787
19954
24490
22519
93648
55437
9946
5279
60804
21578
41608
80963
12550
86515
10473
97125
27490
53580
65494
14145
42637
51680
90867
25520
29343
10133
78662
57269
17758
36321
42563
22287
82329
83463
4314
64357
23903
17256
85928
90301
34914
58445
68246
35497
19604
33319
26619
66431
79107
4770
50079
41323
53240
90762
81433
4631
98337
9570
58109
44017
97562
9942
68408
48284
62181
20296
7584
58237
95404
71491
70584
6764
33312
15263
35251
48369
57576
70090
12845
24176
82461
14997
43280
31908
29361
27937
93527
69785
24661
82533
75465
32082
86590
98831
87913
575
69120
30550
43827
75756
41142
30182
29884
89687
39233
71030
50431
62554
22632
95129
79833
7812
30343
11240
26148
27500
78663
14677
18231
84290
39277
94460
40886
57103
54339
53021
34680
70774
35428
13736
96583
98283
65695
63816
87416
25309
90061
99133
60269
60056
88116
5404
87638
59726
6894
29819
10341
68159
86158
90377
57121
26526
11687
9646
6936
70878
2082
11910
20003
32669
6250
95029
6170
90168
50078
89135
88959
76489
5743
38998
56823
87452
87158
19694
19270
51413
72641
18378
80816
96048
90180
58717
71801
30731
43043
64164
82042
34268
50986
19437
96050
69366
96857
18201
38297
28270
65133
71371
95288
55733
76955
30886
70001
32819
68808
19599
84048
38336
86990
55319
91848
86573
4519
55422
42142
62795
42148
60891
34128
94448
73039
13632
18292
13353
9865
58969
44189
93132
19853
95449
29946
95462
13090
21288
34224
47769
38140
47888
52389
5988
3373
38986
3479
4740
38021
17489
62625
16318
86010
14257
40729
3913
28216
20557
31140
42430
57280
29344
72319
66247
31171
20977
32599
22351
4690
45769
20161
36093
24004
73891
72132
13506
32601
60844
37202
23008
7478
34717
87830
37246
23135
52126
12155
6536
93220
68306
45944
75222
38165
77035
49892
89399
61357
21213
68059
81791
97781
15531
31520
3269
72783
81188
64118
88593
42695
56025
48148
66571
79211
73644
80177
42561
43127
3318
23146
21676
25310
27577
8518
82107
87785
33216
36916
9999
38288
71002
94810
22275
48836
6340
78306
31435
89385
37840
3136
96372
23057
53908
18361
70412
80782
22679
47696
11019
7624
87833
41400
7180
77762
82099
56396
4290
78343
77062
8024
81681
55703
92523
89204
27632
31405
16549
73408
52263
82955
7085
67626
5045
8062
29507
61639
42098
63364
41840
10957
68852
17554
84898
10653
1026
73388
19667
89889
38191
78661
83754
66083
50623
36539
81440
71667
33350
77226
66399
26737
3624
76143
10253
6268
29878
7243
67089
41152
49589
58780
66514
74299
11557
76965
45864
13904
42944
33496
49781
57140
12400
87798
87865
34393
90804
19814
42672
87980
13994
91176
3917
73092
48648
62348
31142
58487
82462
89304
44880
933
18235
14877
60762
92350
33126
99278
40073
96700
44915
21474
65912
90975
86525
72425
99749
9769
1499
91593
76479
81302
665
63237
22733
71586
38395
11733
97078
25635
19990
57344
25395
8716
20897
19129
5676
48422
333
7374
21503
20269
63909
40222
3215
80551
36826
7071
2886
92185
51704
14528
60094
89518
9373
83917
55556
94669
79754
2878
35342
66826
65849
62719
5502
19455
28863
701
59902
55228
69693
12872
28860
99518
89559
27391
57182
78246
93458
35446
41036
23701
32911
14489
73401
96821
13346
18016
36121
42298
26151
71402
12933
67627
95647
50702
27330
49548
89225
97815
96813
58252
76659
53809
44781
18941
91352
52665
46760
55390
47214
73445
26223
12908
85894
46636
2298
61562
71358
51475
62226
27417
32367
6782
36940
90237
53462
62375
16902
16447
60702
96935
65492
63516
5
28379
31232
9409
21937
82150
39433
68949
48761
43424
92497
46430
53835
4824
52543
57715
70655
41874
39587
60303
72203
52273
87135
41942
27672
5411
96803
11719
89200
60992
84056
78188
18084
81581
60453
8915
19730
25175
28690
75031
86866
51468
22899
24542
48964
95701
34607
21817
96033
37084
95338
35912
71978
26963
74008
98020
87402
37072
10074
60181
32090
69531
7867
86536
35913
73788
74436
4770
43505
97357
17522
36698
18181
17503
43563
89232
9989
76965
30066
98028
46985
2474
25387
10941
5673
97757
32907
81310
45085
28447
95568
38399
90915
13500
27749
6781
28994
53853
19691
45621
2398
51435
44838
47299
78497
8743
35764
31526
7687
5636
26443
77801
20609
89772
30992
20146
18650
21055
66464
99259
53539
37160
86353
37985
60536
42221
67747
3481
42782
99718
68913
71305
85679
77482
20861
80032
12786
66433
64827
79499
87492
9789
33366
35514
64160
46050
48131
46655
58418
96665
32885
50723
36979
44734
16464
18920
78775
66025
92801
67087
33776
28927
28883
11193
85237
11471
82022
59608
79195
43686
95854
17941
73498
71726
60219
22739
86015
67638
7629
6523
9071
97509
71352
70488
82158
95390
39164
42737
60311
86667
93484
47636
61049
61538
87898
28257
52903
40625
26903
32457
43555
50945
82998
75235
30726
82237
83172
38885
78972
3376
94697
76699
83953
33879
74560
82698
18862
29144
58681
84864
11485
15427
54878
30462
64355
91255
97419
85859
33386
82025
40014
46795
88155
29818
17188
4321
48901
95161
43937
98599
80153
13663
937
51688
42897
30129
57576
60507
96625
39299
26849
59813
82323
19669
82570
49012
64999
5425
617
54656
72148
62604
97265
42682
57551
28835
75724
65998
26724
47220
30822
43631
67100
10771
76288
25225
60382
22030
70212
32807
41691
27493
64562
7337
74093
3781
93001
68204
18003
32895
21195
63309
4564
10036
30752
20840
25206
4258
8829
64291
28845
79358
85542
39145
63724
17337
36642
55894
43970
60427
23745
72741
21684
72269
35341
58698
82583
1190
61179
21110
34784
4857
49283
43613
33986
94016
24036
68758
29084
96804
67235
35405
20823
56473
54300
96406
28512
37557
87361
18779
39625
19036
73054
86715
17285
55258
9846
65503
58257
58399
68176
47118
66912
39066
27525
79374
46594
92741
51
24244
96546
73396
39262
64790
35146
27541
26475
8349
460
94967
8443
15955
96483
39635
52791
4729
17020
4955
978
83807
59017
19237
31068
45488
21660
53566
28602
78457
4136
45170
78892
49390
55622
97775
87280
37900
26038
72157
15608
89234
43688
50466
54997
20297
33263
14118
31931
22425
32020
88921
40538
7624
49636
99326
18543
40955
15422
27648
85772
76298
27419
5849
9791
31174
82361
65275
27930
48488
8931
83476
74944
84276
18287
94817
6890
9886
20113
67719
42547
19339
77490
25792
99426
69002
40257
12322
13351
74403
32485
91537
27819
16928
82736
55003
78710
84633
2517
31778
91086
29875
59981
99479
99047
74312
66765
29543
27560
44776
43187
83610
20588
84666
9712
64937
45544
33179
51573
55000
13724
64546
40087
51120
59767
74628
75955
92884
58419
34859
88428
18183
13284
69224
43158
83440
47533
98560
74460
27872
12210
80910
73486
27171
89673
59354
2745
98654
40672
32754
45339
33109
47338
61426
41363
13573
53240
13276
40335
65534
8213
88524
78613
91148
64880
16489
40865
89625
94811
58783
79931
40380
77116
86719
24677
22518
35511
61316
59869
18085
98710
33443
58
72883
7969
3458
14019
36067
66269
72651
8268
97068
36212
98402
92301
6501
69331
55371
36792
90965
70820
86501
88962
59890
56559
33485
41030
76923
35043
43280
20676
38667
32642
21163
49690
66925
21545
69347
14506
33583
30781
96538
45462
60184
56025
36993
9511
83981
63461
4923
55042
57977
70948
76730
9494
70870
27589
70222
49133
75792
5552
57755
11272
38074
50377
77341
6880
55145
62109
45670
93011
7124
31668
20915
40414
19602
97376
55080
36024
41608
84424
3396
16927
43375
35099
11556
36823
50195
14983
64296
26012
95710
29439
17083
12506
1666
40150
44070
39221
54121
16686
41186
27938
88327
32025
72887
76675
62756
1764
14085
64576
9414
60636
70756
17413
10894
42266
31654
43896
390
89670
71396
97474
15000
32390
16611
97976
5157
57753
76556
66127
33976
33590
91370
62442
35705
77741
46011
39495
68967
77969
69081
42700
66180
42206
76468
24672
25869
74923
64606
33419
16983
60017
5029
41850
19605
32845
95119
39122
46814
29677
79598
40470
97528
95402
94430
3067
49486
54319
42515
44472
36572
67880
72014
69423
45256
57133
82284
54916
57264
39416
97633
12183
21803
48052
48534
88414
27426
40927
40031
92900
31706
31928
93544
98339
70201
6434
47808
97389
21152
69881
36248
15001
40438
75699
91731
53926
68946
81304
9353
1342
45066
59891
2308
2071
74463
37295
71743
19758
63613
44779
23863
98435
53875
41386
27374
53935
92131
69007
95693
60174
10984
93903
26836
27769
21763
88772
50698
9600
80227
14005
9870
83793
74986
30200
67036
43085
74574
53895
53008
84947
58549
58188
80805
17402
82896
6142
7449
6546
64195
89995
78290
946
74278
2018
11472
39294
39100
73378
21242
9887
21164
39913
29804
62019
46970