26347
61801
11676
20691
33859
47090
62333
33311
95309
15649
60120
19115
23228
51676
97968
55623
5841
38005
5649
40652
56886
3529
59042
755
20798
19320
54045
55217
92217
73537
75643
32249
56975
53994
10744
59575
2267
15578
37873
87399
11638
34074
6848
97856
5666
96798
3619
74331
49540
44868
45467
78095
25086
22755
29735
53726
15529
4624
10924
13529
73183
78014
89960
47313
86163
67121
4637
57168
46486
34666
66551
44681
65166
29231
15956
159
85614
43674
57263
86052
78299
96018
31592
5959
26692
24122
29629
55661
86898
91196
19653
91534
22700
21423
81660
19169
8158
72549
43636
66806
67040
99551
50983
96778
15393
43538
17807
2307
71550
606
65753
69727
19222
50597
11797
7822
17587
35879
31906
9709
81668
85994
77865
11381
44787
72613
48210
2620
1495
78282
34127
24788
74845
96564
3795
8548
34201
72480
30352
75384
54117
31659
70937
55067
14156
20250
92549
56145
26454
28872
28014
72903
59333
7988
66704
1721
54608
9131
9526
19577
97024
46985
96668
41093
45533
56470
18977
63279
15652
3423
54831
92307
12013
8519
58611
23082
20461
58948
83930
137
13587
93243
76773
98584
97523
72753
68284
8475
53501
67128
1614
44105
67730
46966
95232
99491
90178
65452
13320
90426
10681
58710
98392
59017
5650
58990
50583
12509
83203
1874
65064
54811
98838
872
31438
57322
96473
97881
21622
10871
61093
35075
23785
95497
66351
50151
88154
99403
74866
54695
6485
9403
47153
71238
14628
45200
3285
15521
65657
91281
576
39334
46640
39671
91839
28603
87821
29700
52998
97761
10886
83821
36070
38635
15984
17535
81886
30208
9731
76457
98146
52310
48922
13847
46975
66110
35696
74747
31777
97226
47990
35254
95734
53959
95402
9735
10612
97491
98525
46135
16049
46040
54351
52340
84739
38865
42125
31274
64737
63025
62466
56068
55492
49464
66363
95065
22187
58181
60897
97250
10845
73896
71230
64025
72357
40342
35322
78972
70760
70651
95316
95635
16215
28730
68752
75832
42043
21082
63995
50073
73510
91202
71974
7045
41288
32950
34102
71926
16244
11181
38050
90285
37189
20295
47293
5622
14505
27727
27781
28107
26315
97634
28364
12023
95257
48030
98992
42934
77557
108
69096
32667
61397
82835
66865
52599
60279
52958
1393
35908
44833
70413
83267
79917
5222
89287
86140
55356
41810
66751
11778
83463
14134
33425
17955
39571
5836
36610
93669
59411
82424
11121
63650
35421
15870
67275
77912
40230
24173
68283
1737
56608
86073
51610
9674
90910
55134
77671
3501
92622
55649
63259
69021
80390
52608
85419
42430
50647
66748
80653
36730
35213
96328
1311
75906
24267
55027
27567
91903
27851
73172
54849
99697
36994
80525
54278
18084
21612
6757
59027
13111
54135
92865
32929
54538
23373
83094
16165
47450
94828
25142
59900
32120
30858
18745
95719
1945
54328
95790
79229
78423
40221
79606
13962
1636
62924
79680
58111
94503
1536
51896
61762
11854
45534
15274
68885
72458
18669
66384
4118
90716
60472
17740
91301
20970
85811
75974
14230
82785
69059
16121
32453
69606
93060
76674
47488
95991
20925
9700
11910
80307
8341
12535
87790
97155
92641
44066
10613
55109
49504
52934
49893
51249
41156
61812
25233
17241
2358
26493
3947
61111
52766
53519
39763
88370
90145
96078
66470
11797
88054
41537
50594
857
98813
95464
16854
1745
86244
44803
82707
86549
1447
37307
64778
91361
86425
51738
79133
70040
81397
35098
91599
74799
51819
86852
55669
28838
29263
88393
32515
79953
39666
19535
16045
5830
84949
84584
18552
19791
24887
18963
25891
42410
66957
47044
91883
12563
21879
33958
4047
62429
91328
66332
18796
29667
12654
10784
41706
65489
35802
3594
17807
36719
7725
99578
70981
49280
71873
61442
96852
36912
66083
19420
6798
9261
43677
1907
39621
27129
56828
62331
139
12893
8406
35289
39121
74384
90522
80169
38713
6317
23876
30671
19533
70467
84903
96538
48411
83837
29955
1298
33955
51239
51322
1020
1588
85951
21156
90796
64055
9261
3799
84892
58944
50553
63002
51881
38620
41280
94123
12474
79215
23876
41958
72630
59423
64458
54606
57155
55902
41287
19493
76147
23323
94255
66778
60081
3470
49594
36863
39791
5178
54967
42284
91776
60750
79977
31049
65738
8361
49840
80644
73612
29515
44468
29184
58744
45593
52864
69110
51888
17025
78329
89405
41489
53043
82912
29482
53044
97639
27101
69726
98912
43184
65638
76679
30436
57179
56217
68111
29396
77313
771
76765
35329
1473
90869
99235
7391
48963
89500
9056
8978
25597
47115
64033
44194
57970
99757
74170
41977
61291
91796
593
79339
91032
82118
26198
66137
17676
4750
82789
51131
68630
93489
63377
87710
31377
21651
17949
50689
48470
25551
51061
52656
69612
23142
7216
13434
50925
24368
9880
88198
76931
41153
73230
1835
50052
14337
62261
89017
14330
20190
38511
66313
65807
96991
54380
43674
81225
24451
20990
49483
78308
64839
80645
80600
10969
28980
41443
85235
71206
51034
43831
56105
36831
63692
51904
91854
11434
87748
31791
97274
97862
26251
81951
48538
5117
47456
47819
9580
85981
36671
80088
5177
46929
49421
73380
38756
26294
91379
19082
79744
3063
76737
69899
62663
63199
90635
82815
1416
24027
63095
64567
40795
2736
85587
51252
4502
1402
52681
45046
99108
90288
89365
90248
60891
5242
67727
36295
19498
76236
19553
83494
85195
66641
41717
16602
40547
74034
53852
81340
56242
45933
16424
62635
61284
36516
55827
54398
21521
6088
67455
60449
72557
41800
57253
24626
53359
63704
97412
10815
34202
29120
19333
15938
80468
34241
12429
54129
42759
6482
6732
9608
27240
34691
63946
97970
32125
20790
17791
73575
92301
60474
65533
54894
86688
85931
12119
2586
55104
84999
27610
24848
40819
32425
94220
9780
58079
66310
52128
71050
70623
4296
91887
6
72939
56028
56632
68642
61147
1377
31811
59316
90933
498
32573
46049
83801
29846
93070
96065
49952
94159
16022
80939
96541
82041
17025
3231
2299
55460
21595
13116
49127
34427
97135
81091
22946
78175
82162
58101
64345
1243
26364
10574
79097
51901
47745
83901
11837
82944
87021
88430
1631
22400
52996
91005
87619
90917
97628
68278
47139
87879
7975
3323
30543
46805
38489
21754
76930
78916
67702
33058
58001
96812
98646
2823
47946
79633
67197
22876
51169
38755
84555
82946
1456
80913
8804
28986
49515
3430
76120
50807
93662
69197
62914
71934
72315
72681
43644
5525
60415
7833
64822
13332
74576
48677
4006
2129
59666
42680
49404
72900
67500
59731
4322
99682
69996
5164
67944
84473
13019
40474
50954
64715
93202
65514
24925
5670
37283
97796
81962
58993
50482
15110
2320
65043
63950
44012
76483
4865
1503
43973
74383
43310
18135
82815
22621
16950
79562
39913
77563
41945
95388
8283
29829
49248
97285
56008
1186
2651
9250
63681
47984
12695
94804
91304
32045
98070
65547
59131
20179
680
90007
97489
79152
89891
78845
81728
84496
13857
62043
64343
68860
79255
49713
90363
66291
55756
15954
16807
30746
74565
52900
70654
67409
55027
50011
69986
882
10637
17795
12201
2727
89468
89281
55201
31500
94909
82828
3052
90488
29505
94620
29731
53534
14225
44070
88561
10063
76676
42275
6974
64312
76533
21924
56545
22117
88156
91217
71321
31904
82989
86003
67654
64516
83088
32591
42877
73906
70681
72210
57753
72544
40714
95355
39077
80059
69283
13478
41894
55795
71026
31885
39750
35714
48459
26203
65361
62448
13891
22824
49127
9812
63671
95184
18141
34206
5718
116
9075
87836
37361
79366
37583
15214
40688
26945
95260
31685
86180
93157
49223
754
72452
56722
65436
9875
22420
5131
8327
36234
50496
94004
67740
36261
99652
98055
12206
72563
14465
6748
41197
22372
20609
4124
77585
50465
96035
40004
70860
81200
69744
17194
24229
52928
74487
81986
27205
37912
60692
75375
4912
63182
21497
95434
48744
21604
31995
56963
44948
5404
63725
68452
82566
84031
85288
91981
81515
77506
92327
35545
86820
57371
83016
39741
70895
99322
17868
77589
75596
2570
27636
95825
73106
59903
42770
50704
88415
65433
19834
77452
76569
93261
96577
43375
83681
23065
45929
80050
77682
79497
46088
47232
76332
80515
73205
38761
2459
92433
97458
31307
92280
19779
54977
41294
78368
71067
28239
44264
30278
91144
32813
57848
43432
44703
14670
49016
52533
89818
54913
67591
60973
24886
3710
84434
41381
58720
38602
39316
39765
65896
2875
60476
11253
16618
66432
67152
37108
56092
37389
77765
57486
20039
43584
25957
81055
41556
89133
1754
26787
42075
23448
2740
33051
97776
63858
62969
99922
91694
73272
58159
87538
62818
94297
37000
30053
57843
60831
17487
36582
84059
28583
67503
73664
1557
89066
68164
52024
67688
40879
66144
95135
52775
34647
22057
55776
60763
99171
64727
9380
7728
22392
93397
89471
5040
59833
39431
91229
45387
26881
94412
35824
70986
83175
44983
62624
84588
73410
12092
17705
73835
12383
37471
34951
55481
80069
1545
16700
4656
86856
65882
91613
84482
60365
25836
15878
63251
94965
42490
2763
52500
12834
67481
77838
60850
13103
16229
2443
94856
47130
66034
99314
14407
28929
41955
21362
46211
37257
98052
4154
25669
10295
44746
80935
95066
45043
2027
47463
49044
17949
93788
94462
25668
64541
20935
58287
77467
56606
1356
24921
72157
19186
16905
83213
94422
80765
35655
90009
41620
50820
89108
70861
13545
72747
97887
46731
63768
99895
17408
30993
93804
71383
33673
96469
91137
18820
73809
75944
97211
74103
2662
78689
20536
56936
84170
52999
52722
29228
34847
76741
26824
59008
30555
2891
30618
53874
34937
3179
79594
37773
26382
14184
66218
20654
4082
45071
54970
7259
31596
13742
32887
66063
79767
66157
53155
94607
56068
5566
14395
70148
52818
4118
33689
14044
59292
55412
21451
20180
59101
93770
59995
87806
5795
75756
32556
97929
45744
17484
75297
7190
6660
287
1828
77326
83036
93904
79251
24569
65166
79042
22572
57642
42682
32350
18804
44168
15736
2977
33572
33857
38436
4024
40268
58669
70211
88634
8317
83619
12221
91245
16131
87306
40450
96584
31108
5762
19806
4780
22310
13032
81319
32036
30550
81150
83357
54214
1504
9479
82112
94491
5723
91979
89145
33269
78619
65239
63153
47813
39602
15671
30291
88733
9157
92053
87162
57645
41901
31159
52591
96259
37195
89644
72275
84651
54197
74042
58121
2687
33946
57434
75504
94558
28146
10025
43097
45390
2710
57640
17760
4760
761
82360
11612
66916
62978
53334
14274
98496
37133
89245
20586
87266
6799
89188
13834
57717
66878
26626
9371
57369
64343
66811
61414
40536
37275
99947
60334
91971
895
33685
87898
74412
90828
57392
37829
51042
70074
10635
93802
17735
62569
62648
10594
39090
80916
17716
12413
10996
67613
89466
78777
88435
52336
4678
10338
17049
81339
39614
72379
43569
42796
8239
26256
92490
2865
25503
24700
80639
49673
3412
56431
98704
82896
65430
91545
1165
60193
22516
85035
69380
82013
86422
50149
44523
1747
4686
37718
66885
54234
79723
49937
22801
79678
74353
49445
57699
90864
81799
88675
95628
58084
65573
15308
26483
14785
28656
56390
43466
58148
10718
49368
6979
41929
38097
2801
69009
97656
58251
24521
33877
15352
59249
29342
37682
53676
95249
76519
54509
83300
16612
68645
48901
60894
30909
75593
82230
1372
93024
66736
5416
70906
94284
76951
99795
59587
44445
84521
10596
6885
37073
90947
20849
84557
69803
38827
59334
78637
42527
94968
12156
81241
7857
29208
80519
26983
28811
88387
22984
72051
62173
32306
46185
96805
94043
99027
37427
58898
91401
7318
62480
95651
61090
53633
43408
4123
37654
47753
78204
96254
12512
78967
22056
43886
52729
48885
3661
7481
81799
10048
76360
34455
18514
82271
92524
38110
37006
25788
34419
32066
62505
77238
97051
75962
83452
37083
52216
49743
66244
55191
51399
50235
14265
23245
78692
3762
8385
39982
18862
73301
37542
95118
98805
86508
24229
85757
39608
27099
22529
69227
88077
70536
45323
9198
76739
354
70789
8480
31075
6399
99796
76840
61596
53958
6545
39205
11404
97845
67155
700
16129
99349
20930
69934
92383
48454
94269
57387
12974
65788
88708
74306
43552
38726
4934
63452
60140
44101
37023
52295
20865
84627
91946
11406
47493
8333
61984
16377
25652
91879
58061
28172
67575
33639
9722
65508
74185
83987
80798
49298
65666
62352
69911
29389
23635
10312
60523
35272
84470
72576
87442
3445
99171
50783
39178
68968
38993
55294
66544
46434
42102
39649
45605
60425
65467
92948
34823
94123
65536
25155
29680
96388
57083
74364
54570
4885
64152
87736
12029
21060
86286
60727
2891
45157
75524
71768
43884
12819
12828
6463
21122
94522
48974
13512
76698
67201
26403
58225
88936
22828
91908
90538
65781
15228
28883
21041
96219
22681
83972
53627
6829
7407
82947
61193
59431
96956
68840
9460
52206
309
32261
21083
33416
37131
25566
31380
51355
35573
83524
61715
3158
99260
3732
4128
97362
75914
81543
9747
8526
18227
85184
6563
38549
86343
87323
83414
48864
7836
71021
99057
73333
80614
496
97254
61424
10650
29644
88313
88496
80331
9898
20474
76123
67191
41447
27266
57056
5815
67433
85536
21529
17140
28610
20867
59689
92447
90002
87533
26130
84908
10721
87794
9515
46575
77449
77787
29594
1209
7685
89047
31466
98433
85636
56245
38449
94522
20713
47068
75444
94190
82592
46114
32857
76120
59365
69753
19153
28329
31664
18294
88815
77997
9523
51018
72602
26013
35537
61243
79560
69520
54855
6651
40119
75617
70478
64370
86862
98264
22019
55678
77089
49947
58728
74099
16050
10864
42849
95167
94201
64872
74076
40182
68557
57165
48744
60977
95546
80248
34825
24595
15244
28885
99618
46923
74129
29989
22195
5589
50100
5817
49737
95981
61685
82470
7129
98161
50062
26698
15879
53891
68932
59948
2132
46296
31881
42536
59013
86002
54117
82137
28244
19144
51413
58602
94911
34635
4379
52139
97891
80326
9277
14249
51241
31068
29962
68751
32445
23997
76841
8508
92063
19503
6959
5144
87131
68756
4353
75620
17729
5108
57194
4860
22552
47132
4720
8668
52320
55018
44622
26515
51196
62319
96457
92241
34185
23747
61614
89307
1011
11835
41352
93637
14101
30590
70380
31703
31333
67601
8983
42553
80166
49246
53261
31754
18128
91865
82935
50828
10203
39065
83854
84159
33403
46685
42639
54978
56871
39938
90639
24410
29325
30385
74394
76408
57375
39488
99839
81225
19918
37064
7803
74428
55160
29878
37788
62107
18984
54989
69200
24939
54502
20751
43273
81239
62106
4615
67827
48489
66752
45085
82752
44186
14077
89673
53311
81078
66661
82311
85739
21934
90239
4438
27512
2785
23969
35558
5950
8493
58946
88194
27155
69552
81346
35719
63018
66218
24124
34405
43417
90065
5724
94136
8065
33266
8193
98247
4309
77195
37552
9142
83656
51420
80900
51918
71338
83910
15654
64861
13689
40177
62391
23344
41066
6512
74343
88882
5841
44842
88432
6563
40931
79154
81344
38773
7563
87322
91063
68531
93719
73885
75753
19377
35607
54463
1108
42677
56954
3208
81808
52406
25343
6783
14949
11452
76989
18603
87149
52016
16734
46892
4663
68663
9861
65663
31922
88745
54344
53016
23003
51089
85152
28596
97224
78245
49360
22534
47553
64966
84457
81732
23521
7558
46638
30188
11887
2619
70324
55359
71861
51291
61348
83286
23655
51642
21953
8504
40609
43814
98434
89152
99480
45942
37642
47164
58746
42910
5744
43320
98285
58264
40231
41360
59508
72510
73466
97590
70127
2232
3292
58637
43824
27475
31460
17638
25703
48267
13389
85183
81970
41544
15240
81457
63442
96678
80718
92786
4234
79173
34063
23291
91708
34366
26264
44867
41628
84507
57838
21029
16848
12289
74598
16594
54723
20555
35061
42019
59861
29868
97184
56161
53988
99589
22584
7074
38687
63562
84635
59661
43205
22339
16580
4734
87973
33658
14447
60181
64694
93564
93732
58037
49583
87233
42537
59315
9892
89930
2258
29352
3844
64188
53991
81539
56167
18318
72510
37913
41575
45623
18407
45652
5815
147
78970
60478
93946
36692
31258
19223
68350
20179
49179
72803
27108
49593
57423
9602
28196
60202
98095
36679
28031
92422
94746
80250
29504
6524
94198
70204
33095
95238
54989
31518
37808
20203
6551
95416
1286
83481
40461
25771
22276
75829
34998
83094
56194
44965
33576
87851
58245
21260
44126
74164
28847
19862
68606
82029
75145
71589
16941
24214
2711
84622
13868
83814
8529
72210
83610
36496
15544
57645
11850
99494
82777
14696
19476
9031
62719
86750
34108
97354
66356
16633
41378
42129
53117
46209
82103
47920
61811
60777
34529
6323
76955
64683
98600
23561
66227
62342
50854
59897
98209
82602
86812
74724
59875
65450
17462
75431
6907
12545
35774
16717
42161
21562
49985
41070
34749
80324
30724
20263
9203
42504
96691
98658
60656
27699
675
76021
76301
52246
14933
26684
50314
77417
79595
27513
39332
49791
68173
4232
77243
97652
86244
37012
98061
41892
31879
14705
96897
26586
19241
11465
51945
55197
22287
90314
91711
92708
15529
15179
38289
37373
81364
51421
27807
6845
2668
54839
35985
78689
311
70622
34180
86791
58651
13329
11631
30122
90034
1007
86997
88541
16232
47161
13836
60726
42729
80295
92993
73379
8251
96359
56571
16657
69933
61676
35480
93369
24529
1907
48598
62214
3267
53512
59194
49130
48761
89772
76092
93911
32446
22780
57460
7001
17580
2842
58909
95701
92129
57603
73374
58398
6518
62217
46165
68113
59445
15314
10624
34258
26644
62897
6326
69381
39445
27828
34229
86177
21638
45337
73506
64833
36396
34425
57810
19127
10566
54246
9107
56046
25167
96709
68144
56902
81158
5223
80934
77934
97414
77409
52623
64157
54330
49661
18348
65389
15931
83710
31082
11037
97395
81857
70264
47848
28413
96778
32527
68913
33546
90617
71990
12542
3380
62150
60923
74483
23216
28478
33144
23908
92951
60192
66722
56443
46518
34620
47151
63121
58968
98704
22603
40725
81373
63086
59134
29190
48031
31186
32158
13345
74148
88468
91661
58516
18982
34206
10026
55771
83364
58632
39023
46039
89522
29562
95529
87595
40180
56970
68138
99249
74674
71068
14749
27704
29424
62098
79498
8409
33764
49316
79961
93771
42192
78315
87501
41788
546
95729
23782
29783
10299
54622
9257
96201
61578
24962
15325
97169
52821
23700
19523
15350
79800
81404
26494
18743
43586
72224
39561
31958
92348
39009
96269
64271
3488
23559
18605
12147
92752
58169
30954
84830
14682
99674
73878
82539
54101
75884
3340
80220
38614
88544
60389
90574
5883
40389
72515
85683
10522
88968
66135
81041
33156
33553
92433
11668
95535
9789
32061
19485
15906
11064
35302
81758
51407
19073
52788
9283
7298
13396
75272
46665
50721
29973
45305
93214
50833
38600
34862
43405
15990
33206
8912
30572
30364
58371
53804
26169
6753
54728
98486
76660
94345
35400
60292
11631
22526
43272
16645
85594
82849
54920
53988
85580
98427
29627
48327
54341
13791
7785
30579
29342
35031
2485
82140
97813
93189
67353
85293
13682
27548
26935
2195
18909
64765
51090
79380
3833
52801
44645
86223
78542
80737
63383
37789
94493
22138
63332
81523
11921
98936
46977
64862
75849
98659
90144
63785
57794
26633
33090
51834
37645
99538
39791
42811
31503
99987
58211
75985
69349
40043
37458
20106
98147
36227
38076
21520
39913
14770
67721
12459
66324
21330
56139
67676
41622
86646
43842
17045
58319
2751
24851
25225
21678
16101
70859
71779
31461
4242
31319
26344
97838
7932
94771
93358
87539
31887
80325
12797
79219
23172
33671
8162
71505
50290
32169
33673
88708
56996
45726
82482
11161
75942
40893
90319
17395
28418
40306
27810
3767
53756
82768
96903
42307
13695
1226
72986
48110
56182
48011
37110
74392
38886
8388
61399
49341
24009
49018
65372
65908
57178
77250
99605
31756
40472
31364
10848
51542
69727
26031
68292
93274
22704
64813
55187
5331
80827
75590
28992
52869
39219
56023
84763
72137
53818
68016
93353
36076
43814
88595
56856
80931
57806
91791
56018
41038
11686
55738
20677
32898
48734
17097
39353
41368
42189
93218
96544
35896
54364
12135
63514
55419
53921
29744
2271
96651
74419
54415
29429
13662
24095
63680
6908
23240
45543
71383
5029
24849
31239
76142
54484
26824
54540
26345
93411
95894
42081
99179
89384
3513
40724
69175
93143
50673
34683
8209
25944
21544
71148
28748
59409
31939
30312
78957
2808
18430
36220
65377
63496
37874
11030
62625
6400
47602
70636
24731
8033
39895
48378
27868
42257
25723
45416
13811
3841
41124
37839
10410
75188
58489
74534
21991
77282
39106
60791
89665
29427
89212
98695
44746
96369
10604
95200
52055
29315
70853
52812
946
59285
28315
89282
26125
66479
27473
18695
56026
63480
97096
5223
77946
75443
63444
92838
98426
75004
37018
70012
96303
58342
25250
68077
86947
38452
9141
14820
67100
66737
89432
23887
62521
16904
82755
72685
11152
39329
86554
84956
16209
94821
2795
94888
94722
20973
51670
959
78260
44457
94843
76202
90523
7050
74538
35472
76518
42060
30012
36973
97238
64926
54172
5163
7458
89031
76400
23148
2219
43981
78789
76262
72702
76851
19935
71568
2129
49782
17706
73723
92892
4251
34190
22532
89562
56938
12038
46014
48615
76232
53327
64455
30347
96014
5622
81159
19309
43594
17438
17613
9851
91792
6855
30697
24325
27385
17795
28469
70331
94368
53700
70483
42327
93465
92228
96748
91385
55116
1706
85239
21806
32295
98460
64702
54749
35229
30746
6969
42136
60777
63389
16578
8793
78513
42790
18804
9054
67989
64580
30174
22825
7456
37305
91760
26128
4709
70228
19190
2999
5721
53916
54769
89317
6828
64571
20406
71353
6800
8707
44538
27960
36437
94895
24786
32600
87656
6324
26891
75943
81828
52653
36021
52020
35227
83292
98545
97161
42346
16352
53528
73670
52443
76117
78667
31684
42702
8427
37875
20000
9529
22007
5833
55689
59365
44327
420
40886
12957
14266
39315
56271
26617
13022
34379
7220
70591
68985
84350
68683
83125
97981
95895
67118
1222
75173
72813
4931
1491
83422
67658
26733
4594
37944
18708
10968
81276
34878
93888
28537
98517
62211
26587
31712
98789
6909
50052
27466
67435
33151
40809
76849
89817
55537
49809
65093
77492
22614
16293
55531
78648
28321
60638
67960
84382
97629
66931
67471
69893
71552
1504
3097
54564
48717
12995
33595
89068
26661
37803
23919
71202
94144
44735
97382
73013
73582
15524
34249
53716
11035
22885
31011
30300
36245
24993
72489
56706
42898
18555
80248
52902
43276
88056
16572
52064
53441
47073
24334
52095
74155
29653
42064
37655
65987
59292
30533
55345
84360
31134
66234
32718
84524
64818
56980
85260
57843
28972
32674
96833
27640
34123
75793
9099
52994
59904
40245
97127
97528
84372
137
79422
43487
71866
2282
46219
53440
23391
73410
958
21627
29638
59623
82641
49581
65182
24291
55966
61366
79639
76000
24466
23109
16093
88479
61410
11974
40619
28716
91125
27893
54255
57566
60792
99784
11692
31509
48047
94394
63751
2736
48609
1019
96957
66024
69265
72486
98543
40086
73545
14148
65542
86322
3803
21820
54695
75471
47289
28575
69147
87
572
60503
74734
11095
63314
46543
82058
60668
32165
75458
55949
26023
83298
84145
23800
41376
47721
23384
99607
68702
73037
27886
54183
22587
59644
11573
3480
8394
76537
88921
8556
1273
62156
91158
77758
7516
2028
29900
39560
53733
38318
42617
24612
55993
80754
74711
5099
87909
75062
3516
84497
44846
53245
34875
26919
10409
71791
33665
57487
95926
53246
5737
22811
28248
39732
15213
53758
59009
91283
36675
63944
12534
75962
87878
19362
28175
99601
90799
4240
928
78710
2852
27577
68523
27044
93057
7871
72659
4606
21067
85335
88050
88735
84983
63956
1209
25479
79046
58536
95030
98524
7165
4101
64445
33936
79775
42103
45451
9471
41673
69324
38134
54803
48847
70993
31603
27609
71034
25555
26264
55155
96384
83874
87464
90381
23819
29689
31600
68494
77237
97870
56294
95279
73339
22950
51584
32911
17838
41380
10878
93885
17053
31823
76529
91524
88547
23564
10801
55752
26507
98987
5976
90110
44259
62480
93014
88798
75589
76317
26619
75612
7893
70953
77659
25489
99981
99244
97776
25485
77050
27039
79689
33326
12486
77320
66645
3863
14178
34788
32003
67236
36142
82648
65552
16372
15530
67356
38537
49322
54102
33286
74358
97396
3408
61468
23425
70146
3859
19617
37245
44240
39638
71758
70445
65288
74576
77311
48065
17300
47381
34587
57350
38687
40881
8885
69957
7404
66384
13031
67102
13505
49626
35645
64275
31164
68965
75333
69515
73636
29418
78477
78341
13839
70701
42506
13489
94648
45014
83252
83851
26701
44652
70871
25200
24942
75581
6362
18955
69811
33783
57978
6974
62027
5545
64544
16830
23408
28005
48375
19995
55139
29717
65387
79813
26027
14878
90179
8714
23479
32847
12543
50588
9274
55134
6350
16694
51589
88634
49825
99455
80076
25783
74135
1089
67111
47545
34604
82266
21880
53476
35037
15494
34395
44033
32160
86284
52024
88201
50561
29183
62916
2427
4971
9464
10361
49564
49093
89461
77711
72630
5910
54499
59635
81422
60512
7853
51272
24751
59831
15664
87960
25629
54252
90354
27524
55207
74943
51164
89103
90227
56492
45215
49140
73943
57601
84952
65674
57426
82720
51657
35419
42069
63672
83808
82994
99531
20440
10420
96939
44976
94923
63117
66012
80910
51856
69871
9568
86355
83879
84086
35838
15008
81690
47442
91400
112
74273
92736
3069
74107
47785
14058
64705
28297
50106
74306
75294
5210
4696
43937
51838
77305
92340
31378
68595
11581
28841
64645
1578
7509
48560
74922
64241
71425
6545
41575
17866
73324
63008
22982
24720
94497
51515
44455
87330
29333
92053
77096
13143
61207
23128
89257
87603
33550
84813
60842
82691
30224
40110
47038
68834
61798
48942
38147
89568
76766
63032
91322
39711
62732
73012
91818
61985
9453
29527
41591
92334
24419
85164
87370
56640
86336
67853
41887
15994
71414
6635
21160
13578
35598
8745
16606
32434
77899
58606
70725
36814
50144
4082
80649
51194
93118
91362
90436
93271
20374
89675
66531
40289
74748
79095
14083
82032
21754
91742
26544
16470
13311
27590
89885
87763
26211
89625
4289
23470
85573
98832
41689
30249
203
43935
30432
66429
96931
81618
7801
8923
12302
1870
81294
14263
68415
33782
60348
46567
35868
2532
87033
16983
92636
22420
87500
55525
71912
71922
97270
73708
60867
82719
53608
83515
47415
77381
21554
68646
3724
77084
74897
31724
74563
20446
2260
26056
61676
41534
73751
68826
3536
82902
3849
21021
62646
28491
33109
10034
38758
67212
41892
99393
18092
75629
85214
16988
63281
64987
10585
98126
71788
8381
71948
33921
45892
56211
14958
76183
50084
57516
44579
98641
13307
33782
54009
54701
89086
10718
95589
67615
94799
19211
93473
93052
44047
33442
7438
26636
88456
96609
98339
20913
66890
94047
40378
19738
90185
60335
35865
99117
97891
39850
49287
4048
3402
41002
63564
13225
59779
83292
77659
76621
91051
62454
914
35982
39970
50489
18986
61460
40675
9190
61308
98324
76987
54806
17801
43106
81198
93211
73495
59513
6912
84521
56278
94203
20192
8568
90543
86603
45580
72767
23413
3688
49333
60300
82109
27574
93857
52180
92571
48833
91308
27851
21598
99690
31776
24988
90962
66240
97879
32436
16764
34974
80571
21684
17344
35389
38080
27060
61602
11231
33359
63718
27224
41777
97596
10698
3620
49661
80300
73603
22557
64451
58848
57790
23739
65866
22189
97869
10516
202
27405
24792
86823
73272
53091
84759
72740
13926
48342
83578
78299
74624
39705
35190
91032
81239
35714
15800
62703
77501
77357
80332
83067
999
86006
53580
10390
92969
42006
86314
97916
94540
73099
54645
50223
91135
44714
65943
24177
20860
38803
94158
38831
11726
84141
67313
20387
68575
56866
26987
99167
10422
66086
62073
27069
62576
61088
6074
91912
11744
34859
36640
23251
31909
72676
45796
17650
39541
76288
23188
34769
71802
35319
12495
18095
94024
63508
48316
37601
56159
20373
67858
71884
84770
90309
39050
19269
25806
35851
52589
18082
73953
19840
99704
80284
47409
85571
95922
3297
48518
80299
4977
7839
83516
36990
24047
12569
89216
6546
9709
46983
88744
92979
31658
97091
60280
57387
63936
25739
34144
38859
20628
50029
96903
38138
73075
67313
79158
76481
60419
11993
89079
42109
68263
93367
97189
56563
48546
54850
16254
93547
8018
36699
52610
29142
92535
76668
44438
34751
4906
32584
50406
43649
40122
58018
1501
67267
68374
4553
69991
64955
90626
9121
22853
45363
5249
5034
21215
75592
59393
13336
60581
77689
19697
34170
74299
9833
29113
758
53712
47604
44309
55634
92647
95760
60593
44169
29603
59074
67703
80372
21583
6495
23016
46363
34691
89711
96721
17415
9106
48304
38860
11275
2561
85823
22794
32186
82730
99275
41711
58832
72394
68933
31848
60884
4271
6733
34270
32384
13136
23555
66846
73538
70602
21870
40414
32937
40844
69868
77762
6734
69549
49669
69278
15410
41073
81752
45700
37003
10020
33427
91846
54621
66442
589
28566
41728
40933
23991
11694
7902
95584
65920
51502
72637
59240
11669
41702
59493
18650
58502
66085
61504
65668
65388
65055
21624
47032
28169
97807
22678
41805
42719
85738
68312
8525
43725
55297
96665
54644
14589
48934
53192
47471
37581
16867
76534
24684
15497
56845
67001
30703
12221
93708
75661
53388
43595
67763
80894
1652
96342
34597
83372
99542
89167
26516
37257
42853
2234
89102
97123
46627
34874
67100
27414
78204
64746
47582
89341
77254
25409
63449
86889
20786
45462
72408
73672
64051
67582
30228
62537
14888
90387
35868
58398
32515
67328
93900
4198
29850
85330
58210
33457
39688
71952
297
92259
27004
44072
10519
49800
74615
19682
22480
66853
43930
70276
98441
70751
34212
85031
4370
65851
69370
14444
85538
25050
28336
7643
60897
37078
35054
50470
22875
30716
51555
55610
57430
78395
25060
22659
2883
60478
67230
73929
91574
87659
12456
26749
66129
33368
62094
878
32169
21179
54068
93273
71918
38589
29019
58346
42312
35540
52321
92987
75392
22849
20923
88145
5507
82523
4661
3299
61967
27113
58890
83800
44143
99585
14257
80134
37024
14019
90478
94098
46880
90490
11514
65485
14728
77695
89780
16947
67590
71823
86012
67071
75730
91161
67186
15002
14013
90890
15417
5103
86809
73172
33729
22800
11292
16206
80108
92041
41596
93825
86402
92401
62495
79938
78542
6101
56953
96768
86501
71202
32267
69804
1045
4320
93174
31599
36560
45434
88082
1030
55455
17911
33752
25037
45344
57209
66727
65841
69018
49234
99905
85144
40001
92144
34756
53283
88769
54006
12974
30064
27769
60007
16277
80013
6962
87454
49635
93711
4149
8985
12691
70257
45341
44561
77083
74588
14145
39157
98153
89021
84096
41661
36544
10445
61159
62323
16523
44520
41985
49998
68934
78871
95184
24292
73115
48629
84148
24072
12139
42555
97767
86550
68416
74520
2896
7104
75092
29743
23804
65788
77400
92902
89130
94613
54211
40857
61338
80932
36263
85978
55640
1421
50799
39211
47462
23534
8727
4536
51300
90513
35673
29747
90959
18852
84331
52768
90068
43507
52395
89545
5383
68644
47776
74380
77896
99913
41468
25670
16102
49391
43495
95680
64790
12044
19366
75790
63300
28840
44404
54607
15510
72069
8240
97486
5567
96820
34489
21384
96329
91775
19588
61
97305
82123
71945
89130
42842
49105
51841
98711
93317
76095
90738
46500
7146
60220
11277
28142
97833
95449
72625
39930
15891
5196
17016
54627
46604
43988
43062
19787
82102
1912
40931
68424
69048
39691
65023
27222
13232
269
5859
7711
67185
34682
32530
10977
34906
25763
15943
40434
68261
22960
92772
75745
87833
18158
86740
99639
43105
19937
33526
60289
92818
62144
6743
34618
20581
54939
43442
31502
75460
72114
55635
46067
15144
97370
53719
19695
52444
57049
95743
8226
96905
49437
21278
32856
15250
35537
48313
38258
17009
8189
41383
56706
46960
17093
88823
9178
67396
35873
40563
23134
47614
57030
67518
13750
26581
18171
2215
6320
18038
58048
88848
95637
30640
59152
62473
12915
91300
10247
89432
47940
1772
45418
86493
76380
13381
82114
38524
44911
17385
49450
387
79222
12195
95936
90366
1244
32038
74287
34222
70193
43656
92293
15364
73681
78425
84990
58083
13091
80474
93632
37731
47583
45891
20326
36532
21190
83231
73436
61326
11894
12011
26480
80541
88009
28876
49431
21893
50350
94820
10334
1656
24101
53609
22256
99670
21513
6689
70786
97340
69853
1644
35080
55873
19248
75404
89089
46322
92339
78224
79258
35777
92975
7955
84181
55911
48772
15734
6002
64885
52741
43142
25936
72724
16249
87377
74956
78798
91307
98741
53372
25892
24598
87224
60729
27521
24787
33554
94695
2263
19859
25739
94677
52934
92513
77183
38717
10683
67586
96216
42126
87533
20632
72114
45539
30678
89955
13153
26042
10041
11467
8311
63893
13239
94886
8945
69446
76419
8218
86044
84493
91721
46293
55585
56448
33355
49258
95751
81206
8133
77560
78511
88358
121
37936
62228
60631
76499
61641
42696
31797
58703
36774
66243
8234
76563
42476
4510
99872
69726
36756
43430
43732
89698
62415
64357
13744
79000
62132
9145
8692
58746
97467
66072
55917
2206
26598
27359
15967
33598
73598
52868
18301
80423
32499
6693
17696
64668
72766
5162
91331
29059
50835
942
33519
91040
25165
99516
14611
14729
63813
63827
88563
12733
43475
2816
75120
51252
77212
26682
38283
89082
53167
17738
21941
41067
9306
28891
63207
59496
25157
97147
91013
16860
57705
61652
3763
63231
66684
21627
29671
74331
6449
64224
91821
24257
66657
98390
18294
15612
2040
81564
26101
37712
85809
42987
17680
52490
33738
7158
70106
42261
12260
30897
72147
72898
34830
80557
90050
98433
82665
52969
33908
10849
91736
40569
37610
39766
32642
2899
69979
64415
67625
91577
18719
55980
66779
68764
70129
28421
94854
84635
90407
40461
55860
81232
76966
80283
19880
52001
23342
8607
73487
8862
61059
39259
48527
95815
19714
90374
26109
91525
8675
68733
8586
18287
51768
19224
29358
10642
54728
60578
93109
53296
14360
63890
32529
24403
8549
2181
14001
53397
56692
69655
58178
18595
69454
35601
49998
59655
21853
40837
70325
27014
70165
10224
79389
82881
54300
15511
53272
54309
14713
85821
79147
5988
50987
20686
57191
38385
78202
93023
34315
48176
80078
82942
34240
50241
38795
39613
69807
59044
54213
96608
54531
45837
38953
28215
95902
14377
36579
7618
58501
63951
57697
9755
88606
69981
93336
64517
98416
61233
87428
81334
4723
78775
82126
71935
91579
92494
65488
6629
94078
95309
78093
2711
41386
30180
56746
25583
19620
57876
12145
49972
95287
78850
96903
16574
68339
48363
9305
60243
87847
45595
9840
16010
67254
4930
32811
89107
9948
54712
33532
39387
44063
43417
87674
98965
58847
65742
82131
69322
45805
69351
32107
58840
90886
71578
3771
82526
41760
41206
27819
40421
1680
47413
66866
89409
93149
12930
35579
48337
57834
75774
43878
70418
35703
70855
28558
29513
39404
2521
86805
71676
54250
34660
30240
82500
9731
49034
32419
23088
5135
38128
40787
32820
5945
36289
9970
94611
89991
89032
74605
76402
23807
42028
22962
69852
19665
34065
30793
25962
31607
15528
54462
58090
10307
59765
70450
84274
75004
52632
29727
13031
71838
113
14009
59875
44803
37336
72831
90814
87262
78518
35448
64424
224
810
37850
39916
9025
79188
3939
25418
59582
22235
94504
82069
80100
95098
60665
4808
83020
79413
45033
19339
78723
56925
75306
78160
56695
67080
36127
45189
51580
16257
14202
93117
31352
84160
79327
21539
32382
61134
50455
7393
30123
6285
94195
79008
42082
55671
19494
26469
22098
4711
42848
37748
87492
22757
94088
75127
79322
76036
36285
57272
57992
30724
53374
21179
89490
37391
34372
75994
83553
73085
84613
93343
99626
69073
65820
1817
15731
75292
56703
84433
55916
79604
60608
51272
86142
72335
26723
53799
87714
81772
3153
37522
47931
88532
68971
47606
8375
85566
43828
6326
39367
51645
1182
50278
9126
32219
73629
76738
2885
29432
85928
94721
39473
266
18556
98756
88132
55775
49508
11761
13474
43553
7711
1415
79725
12188
75886
83607
35630
21953
47933
12695
2639
24350
71545
34252
45137
81750
35922
12019
69943
61710
34269
70802
66954
17092
5370
21809
68283
10625
38737
19326
89490
43557
35264
76748
56102
8565
81027
41117
90873
74591
19140
87217
39045
82850
79726
56054
28503
97453
15583
25300
5445
65503
75970
45328
16672
23458
94535
2511
84184
28267
82835
56223
46383
78323
30250
59535
89865
41889
55669
68381
48945
65180
79572
96439
37938
67099
26570
29788
46004
46502
95563
41770
34457
25989
29369
57083
90050
30793
43839
21269
10435
36650
4330
54946
98868
17268
75124
11349
43886
36144
60440
12033
79371
20593
25066
78235
27441
59537
82639
55540
44674
71708
42861
76010
74479
57945
81045
2208
14636
24776
4703
27263
81520
69784
4532
75703
92191
90394
56348
94889
88680
26532
31053
18090
85636
60234
73018
57695
58119
92318
71966
2083
98869
66927
28104
91486
80239
12074
19356
4957
91812
33384
80003
40013
3691
29529
163
45003
15818
91963
76314
2153
4848
65538
42535
91625
41792
36398
47645
2092
45757
48113
32388
9256
1348
79884
922
21768
13410
28990
42116
89855
90641
71969
72125
52633
46341
79378
99914
44084
33791
69503
3487
17974
34331
86673
29980
82256
70868
40731
54917
97270
56032
18828
90238
12076
72352
37533
26154
84811
14662
32381
3368
43390
23110
64771
11245
28066
46974
54275
87341
21864
89034
99301
26500
33585
62841
38631
86874
39918
91355
13808
50539
23517
53332
87785
81295
9741
14096
70329
40559
74844
83933
71281
70447
32878
72950
72377
9504
48518
75553
67842
76511
16300
44018
50093
5250
96078
66896
40979
36318
20879
5138
10211
94779
43282
30286
16295
59695
47989
9750
87163
48354
40035
61726
80439
9750
92114
23262
35868
55929
7383
78791
5907
93827
67301
25395
21074
24474
63828
82671
99877
51294
2313
64828
83819
36706
99069
22653
38879
32408
92303
39871
10581
28570
33348
53840
91328
24552
20130
99982
99801
58313
13280
27036
12107
19336
60713
93759
91017
94676
30192
91426
29556
89154
83110
16752
51228
6061
80906
70056
52631
29231
46781
88606
21254
69625
81714
76203
85901
65042
71677
26466
40139
94343
62351
24757
44626
31584
10001
7945
90220
89447
95878
14176
90318
55532
98240
88962
9179
31566
85271
47318
49953
49257
98210
84193
69654
29093
61815
49473
70675
18426
69957
69468
9729
75362
27488
53312
28870
77785
21741
42139
58340
46090
42550
78379
37879
47923
62391
6663
44118
83604
89207
13644
61717
93224
85000
19730
43716
35329
28038
43593
15389
69022
70130
10895
23919
93259
63652
55836
91487
94722
89697
80846
25607
41653
14161
21180
16028
92030
14104
2390
57230
96450
94465
46532
76045
26415
7754
75510
454
19762
52546
2614
94000
13626
93419
60317
24022
81373
60032
29719
23458
45533
31080
75712
5582
80991
80118
41907
50298
27013
19276
31878
10459
13319
60206
52285
96402
38811
39395
55988
52173
49462
93922
24866
45916
89862
70685
89919
38594
96530
13577
24565
89052
86961
6260
59958
83877
29829
2475
8041
17825
1898
60876
32254
20591
82649
84588
18029
69660
77594
37507
67282
32662
4515
11669
49721
36298
42814
92409
31710
54997
52662
15837
72760
54035
63806
97265
38528
24883
94121
9428
89820
69403
65615
85556
72425
36276
27365
79953
75770
96152
52065
37118
60214
13959
77324
40498
77314
31320
31145
68934
94782
39731
11564
96275
58340
7724
71994
15122
32212
41868
41218
38104
66419
4065
10153
26783
54726
94786
42430
48735
3
64320
70903
92458
36166
85447
83220
95576
69769
69509
37684
74746
15645
43793
12815
78001
43283
87961
15094
90716
27014
95707
70905
62437
16425
24182
60978
86992
40139
20898
71334
62445
88871
11410
91190
60178
82694
59776
84442
91551
37420
89547
45286
15234
30593
79863
6288
19296
91198
70430
56992
98254
25476
56
1500
20466
36308
56979
6651
89267
9369
63873
6951
12345
65534
24888
38815
37906
53031
99306
47155
76928
49456
20200
95864
98525
94020
92733
88316
17593
15596
40328
84850
17728
69296
2359
70763
56878
90257
74093
29363
74604
62826
14373
48734
61778
34531
72474
17583
35116
12431
98401
4469
75290
57554
27130
39689
23584
14445
39020
27732
61599
3676
79460
18402
86384
46479
14642
27510
94825
39773
64114
38486
49477
72462
50063
12303
52988
71863
96692
26029
2740
43170
18100
26386
32874
51492
43405
60440
69349
18887
34025
72881
39913
98954
56518
62283
47532
55148
77378
96059
5992
40252
56092
20760
51257
69563
13525
80880
14899
9121
48183
28003
60999
98279
39856
85860
71021
23554
56150
32536
37859
16785
27594
30889
24849
69800
7810
23155
17481
61432
59798
49082
9739
10072
28044
24759
24517
21695
92980
84277
64953
72139
89222
9703
22830
19579
46544
6642
11244
33627
65478
68350
62166
8503
90518
8199
49046
3181
49637
67098
9442
47111
65016
10807
75078
18385
11895
56462
79366
50090
78116
72562
87246
33178
78136
69893
47303
69527
37869
13788
44132
3341
29850
38016
69020
92132
1855
81001
56766
26294
82925
48601
57696
92445
95348
93591
91608
98901
31320
33220
45248
26737
9633
5280
70636
79318
85919
17712
44993
77792
19073
66046
7837
69958
58675
26342
80984
11368
74062
24764
95277
75606
40581
58577
65938
36112
470
59666
87809
28206
48034
15822
57215
23327
68758
57201
13976
36724
74324
32760
29399
1464
98083
94051
61755
31943
31212
91246
19573
42720
94310
78692
11090
66718
57239
82726
72904
73896
67531
64811
42983
41816
82620
74262
90615
49503
65397
66774
13749
87236
72200
11090
32821
7312
61467
39552
23612
25624
7335
61773
79123
12193
52730
61205
90773
42466
17238
68481
30248
98862
87869
85490
38003
96398
93112
61513
86417
50448
43435
72770
64644
29150
38251
88409
27824
93567
3393
72692
59441
59648
57293
82115
43323
53208
47372
28543
25763
97331
6273
25952
36367
47544
27460
15906
11544
60872
75749
46869
15248
41667
24860
9285
62403
72722
74187
95139
63878
68223
70858
49469
649
67032
55627
34504
16096
39786
23750
87688
96147
68178
10099
30060
21217
31038
45526
56849
35298
1847
23054
26951
45972
40563
43334
76348
12805
26879
1485
42512
78040
88587
96430
96151
23448
43717
62465
31178
97979
1251
2989
40096
61635
53849
14748
38124
58264
58019
55025
91045
89334
47766
77601
42266
75044
49694
66164
49068
16620
87787
36737
46586
13060
23488
94395
58870
55093
87966
1791
15592
52578
57133
57489
32869
23699
80938
13551
19290
74749
31204
56017
3383
33862
28259
45986
42309
55171
30866
8206
61778
40792
62917
39673
76472
47616
21323
38270
53349
28176
99984
66931
55376
94232
47103
75265
40406
38416
58486
91541
89570
13064
17643
12994
11635
99800
75901
97452
49279
24291
68871
78425
19375
36022
37119
24002
28262
5714
95480
73087
50573
60152
62429
5177
19385
98665
48768
77589
1393
82122
56438
60507
77868
56316
47180
39718
21961
30576
86192
14555
99442
89558
49792
49855
55741
79151
11180
14564
37634
99123
64104
77962
48280
69549
20406
88756
65539
89972
75519
46337
81262
90021
65835
15248
44907
14210
2156
98919
15655
54159
69589
53029
7117
88585
65598
1511
54305
88314
42849
47412
61202
64315
79571
53843
73283
40285
29423
12193
11704
69841
86890
15522
67479
79409
41019
50170
43664
91125
25359
87261
19006
84292
64862
89120
51064
22228
4430
84341
82812
62258
24316
45873
2777
90520
92557
86180
62739
15667
84371
75867
25472
2619
51089
2758
81860
94706
35119
28249
6136
29874
93836
72867
83812
37548
83146
98448
28283
71638
15694
69188
72285
55964
57428
63020
30413
30217
39960
76550
90274
35256
50635
99341
54623
6770
77163
79259
46039
16877
89382
39143
76935
85608
16871
47816
63188
32286
58719
74312
16033
95485
29380
2630
27919
55763
81719
67562
13779
6584
74032
55965
69130
85847
37375
95915
43783
63576
28966
36539
22978
36055
21050
19914
67714
9490
55802
7942
8355
47960
53849
69519
18954
640
33085
74267
53897
6433
95716
95747
23782
31661
20751
80550
86615
48949
90201
60263
66583
99509
63252
29004
37694
85979
10837
82310
75952
83740
3728
81590
22883
39421
11407
97783
54381
32098
96087
10395
5247
14266
94615
94338
58304
1715
26505
55498
54370
29655
71406
50578
89072
95713
17499
4408
8157
70312
29202
65566
79273
39294
50748
75404
95182
72095
62354
44404
83089
20242
81092
96181
35204
67767
81827
7703
78395
78242
35691
58471
23795
90628
393
29908
90327
26719
65538
53641
68486
96912
6880
37606
78725
21313
49263
50117
40881
14919
30897
99788
91000
96190
58628
12847
51373
54036
74840
99979
62745
52367
91956
59395
33704
81662
61117
70993
87178
77194
73949
65148
99157
73283
76981
53007
82999
2166
23488
79087
74630
73502
40041
99812
86320
54880
17604
58644
97381
27125
4950
54191
90487
66133
32914
62076
71505
72135
52201
73541
75668
26117
40312
22387
5659
69621
24439
70762
74645
88244
42838
3587
32640
53749
42274
23026
49155
15225
60493
3423
63156
14585
51047
36296
32899
206
97229
89515
3212
62979
75475
37097
47098
78848
33057
93946
87489
34293
54373
5863
58233
67161
82963
7809
35698
80075
67953
77136
74664
30099
21681
72681
45500
53462
67357
74654
78714
75872
7021
9604
46629
9232
33299
55333
66885
73849
24527
9992
82135
79591
26398
38886
12291
36280
15834
31144
82278
20720
71406
32917
39200
93907
19637
7078
93483
92363
23947
90988
37249
99395
88173
88099
49023
93553
26638
12013
44031
76892
64126
94718
19036
45075
9663
23652
76809
99226
3357
46252
29358
17900
3517
13349
16776
12550
56317
87787
22122
51218
18183
34974
15389
1370
32791
60588
25206
80577
37853
74753
81735
13818
31446
47628
32966
4439
85514
49637
34571
3513
43047
99690
67920
87936
57832
42283
14094
67723
33832
14480
84397
2472
76612
19569
85879
1971
26340
62710
98690
26636
76533
19960
82074
95530
37186
26394
48759
34856
32019
17486
34865
60325
65124
75206
30333
88721
8242
72146
83366
81112
36670
97315
83317
79779
91986
76231
13936
52137
48409
84428
20630
55658
67731
82754
18859
75634
27925
88889
83884
29260
24420
91074
11940
59722
91346
64365
83830
26627
96118
44155
88120
85830
84044
76981
9966
43939
24600
3377
3451
96815
5730
51154
28087
42541
97732
59937
45951
9502
14144
77496
75009
14057
64121
97750
93927
42800
7154
57988
15712
84651
27195
73890
38845
88024
81438
95225
2057
64561
61504
82122
51409
54105
49425
97211
39079
70106
9179
29555
70292
99280
95538
21904
46760
12466
84713
41319
24356
99270
72422
39825
70703
59578
55490
65301
89583
98316
89349
23892
89241
1928
53660
99884
67634
23009
78674
92870
96381
23568
49548
88256
94659
17707
39898
57195
63520
43424
21143
62108
54808
56257
9814
30049
61859
70050
40220
59498
34779
75233
70375
30972
5136
16006
30449
21302
42155
47275
39509
97386
97925
649
30035
33343
12828
35466
29945
63917
68777
83298
49242
25811
50495
79236
7116
74985
71212
7605
63908
50251
66127
10224
9334
68538
64139
46755
6267
42413
93527
18863
11037
21532
4698
48531
33098
63501
80572
40037
91527
49122
30810
74331
29307
13081
13815
87534
93825
20545
85193
87795
80993
96211
29567
17696
58229
97847
51087
7490
43191
63259
54530
46983
38742
60305
20323
15155
53523
2639
39751
55753
65662
48708
94159
51207
6049
63538
3122
62937
40031
76318
68384
11103
38018
61816
74459
27292
13778
56678
77774
99702
21313
54796
93873
94241
56625
62584
83783
59817
41673
28974
12654
91025
83809
78920
63577
36629
23227
45435
32403
19936
3326
86129
13564
13035
18524
37738
15030
7758
11947
82880
68852
2157
5499
16675
64790
31655
7282
97103
66090
82546
40224
70301
80309
66042
9782
10775
61106
48425
3766
93656
60301
35852
30382
74729
24692
68606
69131
30066
88575
38483
33336
92195
19180
11185
40575
25619
88511
49005
15331
71210
84784
82080
29239
97066
46352
69402
50044
41992
10129
87945
10814
12619
51866
12977
95206
72586
87497
40269
54272
37024
69669
49608
7382
82951
80742
79673
30948
98489
82834
92633
36212
92324
90772
85044
34543
37007
98055
93722
1767
68965
56500
11038
54084
15913
66771
43412
27603
98579
5249
42807
47911
97908
91818
59612
72839
57179
14466
19306
18185
72190
38920
1094
29787
42345
85333
83792
48810
77249
77166
1979
29692
20248
39139
25117
33872
46867
55128
13770
16174
47630
66095
22961
6105
83555
50761
56332
70856
58542
90139
38350
28848
26723
2447
43765
27419
39371
9704
9910
55782
21884
39875
89734
81452
84713
19618
68789
83370
21997
57730
86715
748
64835
98273
91887
44018
97166
87391
86045
87019
82989
46001
77504
76169
77558
94410
28322
81401
93419
54160
77873
16528
45451
52347
27832
80129
94320
2847
27215
95349
48820
48712
7510
27351
25045
35745
55992
34286
47174
9940
40825
51432
76263
86649
20861
98005
43188
91124
3994
91774
97260
13876
76096
99937
49653
94473
59510
87040
80104
47056
99817
83197
50929
54948
34201
11642
3943
12157
49043
7315
52438
92539
88278
20447
68547
12568
57303
7246
99128
14451
62672
61208
44096
42209
97375
23470
75619
40655
1870
88265
5279
20296
93736
46950
2534
13971
45256
9266
63793
52263
43954
79980
69281
52492
48074
71341
46336
81029
66461
21588
72668
69098
61074
60651
59837
53245
4735
94912
11740
78151
58518
1621
4469
78893
69011
52680
12674
49741
51660
9782
78009
81519
468
41315
65153
75684
32642
54063
83650
88662
30263
6753
6343
3033
15166
75981
72764
90278
16549
13979
45910
73481
31096
68835
1290
59440
32225
44446
60748
23552
15823
38883
60140
718
31922
6549
65032
4527
46552
68791
2610
47058
34004
26466
71470
60864
48967
39476
20748
13023
88877
72989
3858
24317
67240
88146
68105
83472
37004
70407
79986
57611
3484
71967
70098
87049
56469
31652
60497
90372
27208
35670
48077
93868
61639
73110
29483
93705
92596
8079
79191
46288
27716
96163
59339
37571
25992
17537
4397
72446
42518
6889
33789
11926
53224
65658
22867
7496
28176
93096
21117
36088
48177
49470
42619
30182
40586
52962
4098
13401
70822
4873
62781
7953
65085
46778
64052
21019
95869
92087
2330
9283
86847
59514
1763
66835
50264
92581
37843
43882
81166
65360
67959
52866
40479
21960
53364
90686
32967
59697
94325
78821
67318
40976
45677
80101
88707
44436
80834
8075
27649
72005
83773
99847
45992
35459
9977
98941
74023
99425
2135
11742
63883
39832
5861
41163
37866
30449
90310
64205
23990
83770
70780
77960
99641
77010
37238
54866
86406
7985
49706
17002
44682
38250
93306
19106
60175
5835
13010
75196
30533
55489
2672
15258
4659
9762
26905
78492
63910
50565
8249
53548
91851
27543
16503
16194
3758
36855
8186
85811
70101
37462
81177
58288
19706
17430
71782
5104
26119
17368
23177
82391
15604
4819
5304
67306
23141
32328
21955
81743
87815
80373
3604
38765
69125
41845
51699
80367
28129
92265
48424
63324
88283
15510
44724
23636
92448
29222
12299
96900
20760
20086
11403
87551
52114
76992
11876
11531
12460
37534
80866
56025
97072
28193
59817
53931
25217
90584
14123
53457
35486
96595
25384
56663
5325
10301
33781
11092
4985
17451
13447
24869
91037
39219
38204
35525
966
61759
87108
60996
96546
18034
48702
42383
65833
10502
79367
49318
65780
23579
22793
94791
77592
42366
58709
71183
76852
7517
43198
74796
96879
11454
35111
63755
72067
53912
80281
32890
56988
9153
38770
55263
46766
75796
84612
12085
19645
32913
20010
67601
39756
13858
35764
77781
3242
57608
20356
41925
17363
34741
34916
92035
85189
52946
26890
82919
69626
97484
54660
2520
14900
42223
15332
80232
48124
35194
15799
26410
2358
34775
40760
93416
12601
71582
2431
90149
62880
43249
71272
36866
69259
29520
6788
68479
86653
41051
94833
62921
10955
47789
40836
47776
130
92070
59930
59399
89736
4907
12858
51707
15990
85005
61365
78538
96839
16953
14789
54867
80898
4494
17605
21274
18827
65322
76519
14411
15603
96673
94389
97623
82314
40759
42690
71439
21954
46847
63091
21655
99701
11923
34251
9711
46825
54263
55305
31521
18933
67692
52471
1520
78803
94424
4108
10513
86360
53690
70329
11351
30272
77575
96666
99678
38279
26829
66830
16597
29483
24703
98586
36748
2622
1730
85409
8596
31911
11705
56533
58383
5736
82365
23267
84790
88401
787
70219
89147
60170
70618
22269
28173
73696
93449
63174
25875
96742
77734
34631
32115
67533
34971
99702
93873
2874
38636
83620
53402
92998
92949
43824
51925
91508
30757
13492
93873
67969
92559
64913
39473
37934
39232
85541
91515
73990
19064
54223
28594
87475
54809
54133
54310
64384
56167
84812
35873
21891
75271
81285
41555
9742
24596
42324
24505
27982
35962
973
95809
73772
58875
43357
89655
21484
42764
11494
63167
45974
24283
22710
52090
89620
54313
74231
19940
77585
9128
40619
59682
69484
79350
96893
20668
94144
16835
65795
41287
31916
57190
44392
68582
77259
55126
25741
82956
3313
16618
29464
88415
43426
93110
24621
89372
84809
75480
98831
12753
12623
44277
40944
87610
49637
62372
58428
38477
51987
41614
77179
98096
13726
43527
14583
60368
34418
4974
70371
55623
7274
47040
83134
88941
52064
3204
36511
62038
62439
82408
3221
91796
92556
31888
4957
77863
90517
12813
38177
32388
10237
89283
31831
59639
80419
42645
4322
15979
53311
98184
45560
11079
91655
52175
56162
62505
70491
14664
6251
50022
98139
6887
80179
42971
75471
51301
61990
38352
66544
86637
423
57994
37169
3762
22881
35846
35628
30951
55239
78030
77172
34261
37633
19301
3845
64015
6973
12168
94098
77616
21933
86013
85881
66501
97424
25313
53251
1442
38935
87573
39380
93255
22319
21304
29054
25999
80007
57329
82855
66405
73201
1414
46066
53274
88875
46170
19909
11629
19582
89871
72080
44928
22264
53719
20349
19373
31784
27558
65388
18906
11947
5760
70155
19678
84717
62775
18863
81200
24295
55347
53964
53208
41343
55081
61157
98181
41390
56404
78804
81962
79904
94134
94120
16446
56326
90262
50437
18260
69358
77024
47572
66212
58533
1895
37627
94118
20275
54868
34678
47503
60445
84398
14676
66747
37544
87109
86477
84893
85415
57403
11909
86712
92295
65839
55758
23419
74490
58881
8438
16988
12971
4065
67935
40387
66694
88843
78015
85353
94119
51577
11437
8261
45242
80897
49112
70412
16864
44418
20099
96648
93750
50407
99864
80680
54136
9701
70582
84090
15166
73187
76513
43492
43491
12846
71153
82400
74085
91057
71571
68524
67591
47296
35378
2217
45920
36692
45751
75224
5582
93372
53536
87377
56555
19912
94995
7931
53201
64690
76252
92527
10865
52059
66427
68450
63495
13195
85957
28832
40036
70761
84435
57277
45155
48997
1199
92728
3188
20467
94877
55802
89210
91507
63141
27359
51244
11328
31499
53684
27658
40248
11346
60571
62285
84504
58403
74527
52674
64232
98701
73845
67603
64582
72531
44621
90255
68090
4986
60537
87045
72253
41019
30412
34571
34139
57032
18639
41735
33984
42417
92697
7767
82232
54434
96572
70283
97320
24823
65902
29673
85579
24068
57634
33234
67968
20760
9515
51156
26134
77067
34200
58305
87425
27637
3652
94426
50611
24741
56104
34012
25195
86013
63784
46859
34976
5715
14568
3102
6108
14600
12100
23912
69951
41602
76746
89593
63014
89487
33934
84083
60154
45858
55170
85797
49816
11828
98359
90779
27162
58741
47827
75169
46969
86158
61329
84205
90630
90707
14631
61672
34454
33329
51574
41381
42605
1989
38517
59564
99372
77984
22469
74107
30683
57949
99721
34146
51187
56718
49435
43803
17262
39306
3268
7831
99562
32225
81592
94392
27799
93692
95976
3205
63303
33186
94339
82469
45839
39641
68269
84109
227
29204
60840
83049
8816
67939
83780
83105
79672
41655
5219
79275
96028
61094
59556
95178
60504
25559
67863
69313
89232
16362
40753
21001
42976
65509
81373
89961
93036
65178
35076
32076
73357
31993
94757
46316
34811
82390
7638
65109
12807
65530
7449
53839
59285
51727
87578
26415
59142
93703
28464
95103
41905
49586
38203
4939
42543
13048
74642
19729
3039
57423
37349
56877
58457
13786
83305
2072
56955
30329
31656
61454
17912
54015
30334
98961
4503
53073
65249
41120
60186
22774
35323
57374
61872
19595
82989
69453
34453
8912
63446
19165
825
85188
49377
33875
40910
66955
79651
49597
23275
76760
15867
58936
57538
50860
5228
74021
762
41503
74195
25738
34528
80699
11924
35870
75600
78406
53608
60859
6962
67122
15080
88726
72398
21905
92175
47133
19409
88424
45086
20217
71616
77340
96745
19584
97180
28867
4821
17324
91445
30193
28121
25522
90
66932
79890
95579
7412
51650
50660
5456
75515
49301
39033
92724
16916
85607
53854
35606
79331
21320
91588
73215
23172
45547
79076
21077
67342
30594
3408
32855
92562
5520
62621
55311
85261
18697
68944
60270
72800
4976
19258
94582
35649
88189
46140
19861
84371
81742
47811
21866
47003
28820
16310
74526
65044
34707
95465
51528
70366
47581
45581
27692
26061
6819
43236
49946
92176
15219
15443
97378
1584
2866
63355
88574
48152
42725
88658
71522
14318
20988
91140
22053
31620
83087
50785
82004
44951
85995
576
29239
64878
4639
83806
23852
82348
65835
70903
55963
99198
30511
83780
40275
2600
60710
34960
85295
31419
66320
73270
27443
73010
6036
44633
51850
95310
72798
35599
14764
99986
78922
27399
26099
59570
94196
67990
41416
5074
82449
91444
77700
64392
92546
96455
76859
62147
87995
93595
27374
64816
59136
67340
15932
47229
76719
98734
53243
46373
70759
35600
84163
92113
53216
34358
74122
54134
58516
74112
32416
23698
36524
53434
1055
47432
27100
84173
21404
73269
88026
77172
73308
36862
74403
52139
31668
26239
38637
46947
12197
86710
56594
46487
24880
84691
84496
26051
95718
60662
92575
97689
38977
741
69541
14002
50232
37631
54905
80937
58030
11928
56541
49564
67850
61357
97847
8850
64628
57630
34307
84843
21152
91599
59720
85431
95068
34702
16733
41313
29161
7802
17366
4456
18441
82758
57959
20892
71441
9940
60602
79418
3531
15800
97047
88970
60289
85928
34564
56518
70080
88053
3853
30248
70772
15468
32280
70688
46065
89474
69739
50839
71786
40032
45740
67262
16923
1815
79087
41764
38261
46966
70223
53776
40006
29382
58096
67424
26245
32578
6550
43152
52487
86722
57071
71304
11758
16882
39607
82582
34409
1754
51547
39469
94224
97742
10089
60278
10250
69686
57171
21826
4606
34129
78333
86927
86804
22668
86862
34862
4237
37190
76073
24953
8333
4112
10878
36698
90288
7761
85517
42150
4805
6002
13817
29658
64956
25717
16676
27787
6379
61784
92643
16993
42083
28709
7842
31846
91742
85127
90057
59882
54497
46567
84263
22252
71752
17369
23471
51175
21519
75374
47590
89074
26401
76137
19581
70923
65438
30339
38
75861
17600
69765
5990
41399
17767
24521
12464
45291
76459
5015
38104
37822
18442
4860
76787
70695
89147
92168
91015
81685
61438
95234
96084
68357
8710
83025
71490
81189
61286
51366
12486
43085
85178
20266
75122
74611
15458
5146
99962
8814
4101
61813
44174
79042
16080
35983
22616
77284
40508
1031
75496
32389
33091
86062
55754
84743
57708
15674
72468
88496
53160
27743
73743
97593
27243
69526
75897
62192
2493
28745
54858
60297
96673
3855
66553
13915
25912
91547
67150
4090
66234
54460
86216
64540
69854
82521
28018
76175
10092
62715
96799
82960
28
47527
7487
39106
78114
73128
31005
42825
68377
82337
42933
39189
40375
14526
76632
28382
51303
4355
27389
4253
43678
10902
43162
32983
77271
38190
70888
76312
91717
41567
29515
76160
13699
23101
78969
93167
99530
36656
73062
3727
19592
55665
23497
36571
49681
77101
27291
11600
80438
13881
60909
94273
33016
94497
12841
95627
20200
22294
13790
57586
79966
69566
49035
35792
70253
85501
71258
3898
95058
50145
20251
71142
26497
7493
11255
37408
57554
52020
87817
3068
34311
50651
58673
76377
53219
58528
64320
48438
54147
41983
8836
70912
21328
81653
82184
47399
21302
74702
57957
36546
80875
59415
49547
15298
7373
44675
86673
87507
70976
61911
32509
44048
36583
412
74517
46935
49511
87609
14035
38124
83616
17063
25047
5875
58602
97605
50609
67652
3813
36921
697
46339
41149
77965
25878
35588
80923
43859
14929
75185
94810
43291
53858
66632
73660
47250
25356
65498
48549
11077
87270
9779
91958
17715
93815
6799
19004
61726
16010
51775
23351
87891
75306
96516
63596
21037
49140
60532
71415
70187
4390
47353
71695
86724
15555
6939
23000
32942
24428
45665
61720
5455
84286
33469
2354
55077
87154
17639
55855
42378
63582
88251
46431
37098
35307
5248
34890
61726
90495
31167
66707
37988
43843
80157
99253
44182
31776
1894
86910
33144
65974
28877
87021
4967
81976
36012
59126
38541
54719
96543
8642
77195
19174
11800
91133
1756
11568
35511
46581
48494
95312
78121
1618
86725
70675
3103
42382
71804
87754
6179
97708
78556
32550
41034
48699
65061
1784
84555
12425
49923
8599
79607
21211
97577
5245
32319
9907
83808
75849
71370
48682
62446
87863
9331
75367
51636
80169
44307
53168
94485
88317
89992
81509
43427
6040
26098
4741
7585
30095
86763
39439
13227
58274
57717
61801
86845
75451
47038
60759
70370
29931
61605
79539
61645
80320
62127
46320
88500
65837
94883
82214
39034
85472
32846
14958
64898
74635
28290
45472
82729
55178
85328
59298
34536
34830
84782
20246
98915
55396
67253
25800
13809
26093
54363
69298
76032
14702
71329
39464
37919
48974
64184
14879
62854
26658
11789
58398
17094
86210
46365
60508
26118
67796
73708
9756
81925
11954
54838
62283
92616
86313
64783
77711
17292
16582
5250
37949
11911
36849
80497
725
1338
30780
64189
32809
78502
14909
24342
6398
80644
60276
7330
94032
22147
41775
61598
63207
38148
92862
35654
41691
74509
45184
29675
42884
71696
24610
80515
55034
93487
47477
48284
52512
89483
11088
90298
30730
13141
72909
58185
4733
65925
26390
38266
22625
53000
1127
4600
77443
78744
79622
66222
50795
30832
58107
94141
30028
64311
13335
15442
12826
61144
13663
43763
56250
95030
61505
9498
96
88669
48041
47226
89223
66029
50723
11769
1276
92334
37349
76478
49410
9531
54125
42940
6262
94110
42368
82399
17331
95274
41670
37058
81505
84213
15151
19757
85550
10196
55435
16673
36769
77713
95892
55208
10365
66459
75654
22617
37327
67915
8409
22479
45709
82837
72986
884
72467
66537
73044
76729
32092
29890
90820
26123
30977
4599
28066
93063
43487
23146
12712
91105
35723
54213
60303
16735
99924
79702
57180
69696
24811
22334
88577
59738
65531
79290
97785
99397
38908
3263
87276
12715
14785
6678
58513
42230
35964
2047
43681
1239
72983
27315
13456
95158
24569
62148
15155
28368
2862
86348
14739
29234
30939
33330
17100
47925
96006
75473
70298
89985
90880
84310
23675
22209
64871
64480
10565
23258
433
23126
54810
2722
19298
89751
59416
47440
43160
53736
44120
62506
98532
3528
73539
54063
8382
96534
44762
54339
9558
64243
89739
76431
62802
24991
84034
26507
187
4606
14430
86838
99695
57473
30263
97334
39590
7082
67123
46594
97833
41363
76063
57581
72499
69983
43797
30125
768
24835
28607
34063
85794
36783
14961
82477
75181
38882
6788
83887
7014
20935
53033
73405
1100
89931
23811
8181
64333
83235
99228
51775
82427
93390
60015