60798
86253
20133
64994
68106
70975
19496
47310
79572
73656
77459
3911
9459
86804
58487
1119
86474
61250
37718
32922
38837
61706
92661
89421
23749
78879
94781
87168
60662
19512
66059
95791
51941
88681
6638
69987
24904
76943
98139
82618
92608
81549
97713
36048
20740
410
48487
2064
48832
5270
68199
53937
42088
83061
21875
86822
3159
76760
57223
48129
59291
70877
59950
29540
34707
24697
55056
77101
6459
17033
43279
50248
17289
34190
29059
48207
13458
43809
20477
41277
62028
97446
6366
58784
35320
4135
38596
96631
30406
7453
66856
47221
88119
77348
9750
29663
22688
51342
59354
6552
22029
11549
63849
3038
11300
12948
22543
69162
56660
96998
71264
86326
76755
48295
21292
9559
31046
42234
83277
69331
70847
12535
14782
65628
19492
51341
16564
29463
62452
99656
72585
46819
30228
21830
61427
30481
10776
62572
7189
53154
21709
82486
12030
8995
40135
99455
98761
94366
33852
15217
99476
16494
24946
45713
59252
14527
81724
62776
2212
79392
15683
61397
73205
62648
29243
85811
57773
83641
17604
57884
379
7375
50440
71971
26671
16354
19767
73386
84367
36093
5759
46558
29031
77686
5801
80743
36333
39308
86044
71951
9194
73928
60940
21595
46241
65933
54975
7522
97186
88999
57075
81992
69439
50982
4994
58525
8134
15234
73549
90721
30134
98197
17497
33660
36028
84904
2813
51922
49645
68440
39021
27263
91117
83822
8487
23761
6213
99107
63845
44416
21461
43856
44203
84492
67694
39655
50140
89487
34568
35804
76107
25194
50189
16858
80508
89230
39781
3893
93133
98200
61388
42945
30457
59020
85373
89859
83725
56955
7985
80791
47671
92485
94958
66987
37171
29892
95916
67750
17864
70056
66404
95796
95940
71910
7667
48397
89886
7672
1435
17310
95420
93421
63273
26422
94815
68234
73265
25743
91603
47513
15343
71168
39808
97023
39324
2458
67291
65449
93743
59370
172
20200
42435
54753
37510
7536
34621
71346
51287
17567
79363
80841
65906
21204
51446
36452
65707
71699
49804
39196
57304
50968
44657
41459
24039
68128
70412
81453
648
65501
60458
15730
8954
3279
16563
94821
63929
32712
9331
11099
1230
50683
70397
20540
81139
1896
19989
60029
41334
64271
703
89041
22119
46931
57500
52548
80065
25553
94305
58107
21478
75467
11953
38246
64452
380
42539
90721
88335
96695
8280
28096
26546
44211
36797
62452
92786
44118
85058
65771
58591
32778
22942
34658
47084
31234
30700
71609
14377
82620
55912
73874
76411
90088
50972
86314
59340
4107
1997
73907
60361
31226
45473
48732
94943
59338
71740
9994
27019
50289
20924
77207
46086
71141
91969
69980
2007
82484
23640
10325
5598
55739
29879
82376
91388
57534
28196
11324
71387
27841
32323
52153
26960
36378
28704
36184
64074
23851
6605
51163
88003
67444
69644
35836
33323
1033
77687
65538
91615
97975
87582
84452
45419
22256
26382
40475
4641
11995
60944
56209
45765
57209
32827
23248
40938
24805
18032
48876
76475
71974
56118
64188
18649
29617
90927
18649
47199
69909
88338
71769
67198
47566
98497
58441
41116
94567
37706
41524
5426
63097
39778
12642
94551
8011
62843
4545
96047
47704
68599
27635
37363
46461
26495
47839
77540
50979
11185
41879
60861
41845
20355
70735
9674
46530
5636
83214
35997
62660
60369
47911
22987
56561
71404
94121
79815
11138
54945
36037
8962
31271
54465
34673
70927
31723
39254
25444
70030
54890
28137
51966
20257
39516
37166
64763
97620
19969
29197
12992
80636
52730
91926
22989
47829
96162
44049
8386
5045
92743
66024
85182
41136
56734
79336
67261
15504
75683
71413
69344
77347
48144
77633
51976
60636
56111
19995
28105
43257
66636
40586
63258
85892
95322
45285
67552
18031
12364
70186
67331
50448
78223
27056
31874
39602
45756
1703
84586
4360
6444
66240
97606
33479
24262
19528
11907
80611
11423
60652
99749
39603
68002
44148
62544
87349
87018
67618
4862
97836
43692
80137
66801
48393
98736
68020
30931
77807
64149
76873
81037
3942
66917
71674
42138
53036
5688
56843
53050
34569
16664
56123
49833
31594
28749
48481
4034
66357
14696
51019
16668
92043
50273
38782
59977
33992
89280
66680
16291
18071
66763
31949
55586
72572
33588
69180
65326
12450
95437
92332
92120
760
438
87207
65250
38204
87841
30776
12740
55924
27341
53366
53476
50439
82899
6347
53858
52357
86896
9944
89613
23628
64733
93464
91532
84333
57156
5664
56655
24974
80228
3617
22799
38699
83692
46496
425
30173
91759
48881
22518
13207
70826
62209
78531
3608
94960
23784
3918
13574
4634
25123
69502
57692
12157
45498
13380
19899
60484
77104
58633
23707
51111
75077
92970
45085
56395
44680
8213
89142
20338
50278
78293
19182
10989
34065
73880
983
91125
79608
49962
86661
62023
44133
95615
60942
6212
69936
57749
39930
61099
41436
42055
14544
371
59635
77090
54651
45675
77269
47530
24029
48367
77913
70197
61294
24494
79394
71008
72750
85320
86824
10115
87467
72540
4598
80669
44913
77124
89668
30274
51529
14921
50064
30435
15737
18773
63248
45457
23887
19902
57780
56141
77700
45453
94803
2782
32199
12538
52277
11527
20325
43180
58997
20408
71849
21846
37966
8430
55016
34382
54031
65537
88061
77786
29004
18220
9574
75818
43819
51660
38037
90472
56361
70551
89752
14986
99345
20250
94139
11403
56964
47998
74704
89234
41214
25913
54013
95477
51374
55405
56736
70251
55744
44427
5195
94962
16645
75807
41571
27446
87644
17660
53345
35006
48144
42089
84957
25267
99508
43424
46051
19807
75983
47591
59065
49198
85923
11993
85198
91842
12018
97492
30453
7601
69837
28271
25273
66376
80869
36407
69794
71705
46045
50025
63089
88064
76607
52540
61455
61328
14558
68976
15221
31447
61259
20689
784
71697
13137
92711
52075
65170
62988
68428
35902
44783
47891
1835
61255
48870
22644
64004
41533
46356
75533
67887
93549
75659
38756
3430
74111
29055
77719
33251
20002
89931
47935
81179
95065
20527
48231
23920
97227
98766
41379
88049
37811
22023
26979
3908
55908
91173
8391
204
41701
80604
14637
18989
17200
40096
91670
52061
68669
49851
64073
40764
42460
79940
52760
98118
25159
60906
23081
44576
80565
74715
90606
39440
16295
25476
79369
56200
66578
71757
30110
12740
97535
9081
39585
77189
68301
5841
23430
69135
34813
55592
92690
41389
47662
94678
54098
42012
69559
44084
13364
8090
29261
93838
64663
45732
44227
58806
53058
68048
76747
43157
94756
56202
16918
48859
418
55571
73402
681
18380
92162
63427
12577
63182
25196
43341
13406
50897
69551
96112
78300
98812
71729
2142
66898
36658
36133
26003
6428
66743
30800
54000
95389
33827
15045
75419
60792
45877
67433
1259
23821
16505
68314
28800
32803
60722
78827
23048
75163
38937
40457
41647
52682
51409
11169
54692
72949
67984
83862
9503
39973
17432
45905
71248
95944
98676
83046
17336
76185
76750
47555
11991
3314
37041
89480
17461
82773
35444
35939
85920
47202
74783
33937
60668
49608
51933
83947
14406
30012
85393
31905
7500
93568
57959
12774
11468
6806
62842
65293
70077
20609
43256
51658
29396
58919
27086
59115
32291
63249
69288
12338
18533
60228
47916
16912
33726
53543
39830
20149
1934
73416
56620
36603
60455
585
29649
76039
36727
94436
38022
87711
97765
73565
85745
52164
76488
84850
55778
58671
89023
30437
30772
70541
15267
59773
1072
38836
69634
98075
34329
4603
37311
39914
63971
22834
91416
90019
92508
44008
8455
32788
28401
31327
20325
30840
39848
4794
96870
44178
65335
86438
5378
88854
50128
36268
98859
52157
62276
33716
58409
43342
31014
42669
23533
22251
26243
28064
58576
75777
83300
58086
89301
62281
66174
92402
27588
599
99465
99804
71572
92674
73760
35184
16927
29837
81519
35361
51114
51541
42951
3105
63198
24165
75080
79546
91028
4300
20708
71854
33361
30559
62764
96206
90033
97293
37051
60484
87179
68751
65461
90719
9194
70398
14466
34587
38996
61715
4868
31792
83802
99257
19610
89651
56373
10728
62111
85387
52993
25215
35959
98742
93990
79432
98724
92928
48034
58368
37649
76780
48641
53841
19919
61728
68008
23717
10031
84339
60695
25612
58164
36958
65693
99543
30431
14557
78314
70848
52744
95304
64028
9356
37185
76842
5551
84804
40234
31607
67133
82612
46996
50013
51588
54966
31748
45967
40490
97356
40085
73423
48973
9372
81005
22860
72544
65495
48363
53551
34964
89691
35655
53402
76828
87320
5640
53275
91912
3876
40841
76363
22692
49404
52614
75274
64830
7164
5566
97199
9782
13197
8646
59891
92224
69012
6672
25377
43352
80761
86795
98561
22253
5981
92832
30835
37091
15558
53934
88592
84901
52836
59926
48389
9086
2627
38955
24556
73023
51769
19521
32926
39604
8353
28961
78808
68041
37951
4977
57735
17623
14581
77336
76123
21611
37665
21114
49271
21844
20789
26180
12874
75004
84251
18644
51066
48123
55219
32192
43470
22935
49017
58348
37573
17359
5639
88615
76850
24948
74820
2122
192
56881
35281
65089
95253
34760
38566
96977
83936
34490
44118
22221
18615
48556
23184
39903
18662
70041
96872
19283
26040
37805
60146
21885
4551
83455
7328
38933
4496
52199
47471
81023
86791
43199
71799
224
9605
46530
23958
90360
97734
50969
59069
45045
94722
26264
50098
41746
46784
8586
8130
58232
81216
2637
4293
64349
87747
40348
80879
23296
20204
85352
61300
91130
78019
47341
54249
78351
90660
80723
80882
89236
13149
70895
16830
69566
76132
11273
35772
6412
34712
27327
51788
74969
33199
9984
62370
37825
30193
87993
31031
20894
53215
63292
12350
96236
37589
20727
65243
43802
89560
13739
93115
93144
71790
54186
22711
71645
39511
82862
40860
74302
3498
51756
59607
56103
10320
97518
49072
55524
43269
15247
14004
13736
59679
16213
77387
49392
63131
95057
62909
95483
43642
45533
27045
5580
74929
34845
99626
18055
13402
63867
57348
56123
44596
52578
63103
59380
25271
20212
75088
21031
27297
45747
88455
32954
51813
67745
98896
45688
71659
27097
69125
51078
8801
77666
27435
37556
12268
60134
53914
42644
63732
41279
23092
93313
93403
79409
87973
73702
1050
6583
31012
43842
72312
15890
70013
40145
75247
41207
60675
19880
79351
68464
24537
38731
19893
22364
19726
81190
77979
92824
42552
11850
63403
63284
74853
19382
9891
3257
95679
70267
83556
79366
15475
61824
23764
76221
77753
42138
90381
39810
45935
98582
46074
70090
37340
96664
38105
90736
23267
83561
72739
15730
39267
71077
57621
46074
26441
11327
32708
1261
21454
43610
97003
59797
35186
15404
12442
77623
55443
79048
61787
87848
83272
38437
57302
78983
72012
43844
69734
32015
23858
77556
87964
17532
51491
63395
73469
80312
14094
27703
80748
92809
51591
76400
26386
53488
91702
40438
88026
3625
13684
95034
71325
10546
48624
91358
23928
8020
20552
20404
94513
2642
38214
15829
35951
96555
1668
96097
91421
19260
38324
26540
92174
4859
79395
18673
15896
81779
89547
87455
20935
50648
85694
22817
21824
54035
23842
18994
72238
64544
84135
36132
93667
93418
86079
48690
80977
27414
27973
36529
10277
60651
92152
93221
38548
83948
68506
10588
35730
87549
24885
64583
6624
79342
71399
49554
13460
15524
73194
66806
9536
13489
3966
11287
93575
69643
73822
35229
89866
85685
69448
30111
82725
54459
74054
97283
23069
82637
30795
64459
26075
98956
98967
16748
63892
82355
64555
16123
50291
93003
39899
24938
89682
58762
99026
61589
8452
36853
31348
92989
56557
43474
21054
34125
7375
11220
89063
69074
88190
20722
58541
78795
24118
25515
48599
83139
39676
34102
59408
81460
97427
29334
58267
50496
94761
50726
37096
46647
49796
33012
64346
45936
3919
13148
64674
19113
1582
51780
56748
60449
70245
39650
50884
90602
93508
19934
98305
10859
54910
87804
86729
84402
15951
76723
77285
28213
74426
50162
12820
34365
56058
24339
28841
80849
51942
543
86712
85498
15014
19558
11403
30555
32494
39334
71096
22325
87977
79168
65972
32772
78443
68316
89018
8021
88239
29495
86148
28916
61893
7276
44019
27793
47976
52740
87757
59020
92048
13805
44755
7619
74628
15793
24883
58983
42902
23273
19678
72542
25102
88863
39975
98186
83312
72548
61825
15570
55698
95624
94926
93636
57881
51886
29711
37374
81692
69520
59051
98798
61491
83021
50911
11014
22114
37042
616
91917
53949
62946
47390
18520
78666
76619
91018
80793
74650
20447
96710
85099
89856
91231
76345
89584
73558
63945
46463
36323
83183
95129
27160
34292
17036
80270
71892
93157
36463
7837
69532
43075
66960
51931
62413
25187
2376
5090
50499
99362
33032
74800
26887
71093
74429
7531
25806
99247
99321
82658
81327
90097
65857
9862
95054
62962
2441
81598
96104
4833
61261
16887
32077
22256
75750
47261
6616
51080
61372
93183
2054
39762
74805
60822
51703
36843
13366
45503
56565
5628
59310
41930
11524
71484
37905
26007
4283
14776
41489
41718
68659
38859
87012
44392
16255
77454
63047
71913
46410
42546
68713
53999
61680
14473
10161
44578
79297
72626
55424
63168
4402
18945
39218
67657
10063
44830
28834
87196
43152
61103
52133
5146
16945
18706
71672
15442
64063
66775
48985
17061
90692
19073
59486
87215
30021
68916
17403
94733
56306
41749
59378
17250
73339
67147
58176
7255
19092
34897
9605
64142
95892
70829
71289
96116
43402
49932
96527
8853
63406
81851
20561
63919
611
32301
19866
48856
83444
50894
53095
37864
77719
70445
15491
49244
21744
26527
90928
69640
89032
32034
97060
11386
37446
50563
26981
92217
62167
439
62480
49671
91566
62041
90742
35969
69010
7591
28426
50448
73941
65237
85703
83491
77943
35512
28851
36547
27456
49214
79931
97127
6937
47557
46939
2588
56987
58637
73954
83270
48512
26458
12145
81929
34648
58558
87367
54718
22595
91218
20874
51502
3564
80718
28268
86297
1801
84005
64819
33043
73587
59912
5458
26995
66010
78380
90806
63810
45840
45093
44028
22378
9719
58989
66563
31822
24754
70711
68438
7555
39943
12980
24375
19421
42139
89404
37032
51512
80588
91715
83173
60443
98910
93768
33975
80961
64406
21157
76641
93503
78231
85851
47921
67915
61359
46957
70533
27787
75568
40404
86410
34909
15821
27187
6946
75382
99391
69570
64548
90831
52747
25656
77872
2321
8095
55094
18784
82622
24880
48493
21580
40051
66434
21211
26225
94459
45766
25066
10775
27376
68955
61603
38800
87302
53973
57223
63912
99734
42747
62657
87277
81174
8167
95943
23854
98161
14124
58265
16701
76425
47815
29691
33175
47321
90644
53218
60683
75486
85579
79183
12302
62183
97304
91775
42865
32179
39048
36810
76063
5807
6407
40690
82240
54372
40326
8303
5309
6706
56585
82765
35448
86857
15179
80593
84477
87368
41351
80570
84538
92830
59235
83673
50726
17142
4437
23095
72097
87928
30187
47661
54350
77185
35614
73957
13814
57077
28050
69962
67020
67788
20674
49774
62091
14170
90933
1175
14229
26830
76136
44700
56310
73703
79593
44860
74845
55334
60670
38469
46867
81592
61178
56489
41092
75655
51468
92066
61080
82283
16613
60662
22327
44957
88455
20219
86769
18834
12316
56965
61579
60401
44922
6531
45453
17366
79651
24368
93974
90683
35062
49070
7766
80214
96728
19987
1674
97588
7211
15563
26607
62550
95814
93277
4988
27837
32279
37908
44164
52581
69351
68724
82302
3163
96293
19363
19003
90887
33153
97839
59660
40777
78360
95247
20929
90950
68321
77601
58152
50374
90396
50936
43403
87318
14443
26489
5256
97447
71809
36313
21998
63389
49722
71464
87524
25695
56554
94187
55842
45745
43122
5348
87538
41953
14554
36742
54440
29796
60449
21208
20885
43552
42745
21680
3709
5027
69202
69434
68539
98947
93122
2881
83816
55429
91083
15025
13238
73057
61265
27370
44759
61615
78451
22570
88771
46807
97916
64621
55100
1388
99608
8863
54256
72672
52217
49202
59924
19458
91213
41836
69887
6280
61289
79938
19764
76796
88213
26281
40750
76006
1892
40238
7705
15936
92062
63788
49596
15202
5288
13743
35941
80131
58166
86554
75219
84528
42601
31569
97425
15188
72707
12796
68903
20415
71264
4091
29863
97382
80959
83571
66537
73566
62800
5253
34742
5513
12892
58514
44294
25322
29642
56746
49453
26046
85923
3690
63632
59039
38931
97365
28801
44174
73248
84182
79903
79137
22207
16563
6596
36644
40772
52895
53523
92123
89570
93771
6508
94304
4580
43396
35126
30041
28154
39170
93734
93505
61934
68314
2773
77704
74060
61289
20006
23274
51141
34226
63786
99371
63938
4422
28225
86733
61429
6178
79534
60828
10273
23605
53819
93572
43073
22365
93502
87610
38294
50305
54176
77849
75698
60613
52589
74884
81877
92103
21945
54654
82419
42048
49953
85282
67639
931
51091
6693
13723
11759
69306
37168
25677
83918
40489
90896
22034
7931
89731
47271
76981
49338
3031
61612
71
29450
23829
92418
24589
90180
77548
8715
90493
6447
87264
89457
78084
34320
53350
89048
75138
27310
28009
5090
48233
27719
8091
75653
28880
8743
33004
2623
88732
88642
35732
97007
1177
38857
39200
12858
65819
85126
54924
7565
7012
37007
61294
67963
5909
70104
51031
45400
5742
33507
46891
77197
89328
66908
92713
79756
93155
30125
43237
74126
75778
91092
10115
29434
2957
51610
45747
34132
16675
53393
12345
39491
23502
21705
64654
78918
18560
20135
43496
34013
22457
89909
72790
56525
74958
6336
70800
49286
92027
71528
19627
27832
40026
36288
48122
10251
73779
3408
50306
90828
28918
18903
42071
20967
96574
68343
41288
5343
26775
55218
83796
89780
45940
46858
31556
89620
22250
1831
64540
76818
63220
64315
38157
86531
431
77045
23412
97164
8663
50888
42790
60588
83058
93401
91666
91863
8690
99753
63018
93401
29733
26699
62520
45224
28364
40224
24560
91486
32710
25962
31035
52386
50283
87354
27018
13758
68442
97766
6438
15247
82424
30031
48518
97351
50233
12833
37892
32235
76766
68706
62416
11003
85725
70270
9677
98529
75798
57551
89485
36362
75944
92923
49843
80654
6766
70144
13910
50684
48694
75879
18029
69005
74664
6584
42511
1093
8929
53361
32293
80730
28605
46675
4215
92105
62135
68387
81363
64248
84029
43874
14024
53736
66480
34527
56358
97547
3037
10578
28692
39583
26841
5598
74450
99032
21768
84744
27902
8961
37797
68032
49602
5845
25656
64137
3737
87904
51916
46134
32788
76146
77322
90180
61069
3334
28038
37432
20031
14596
99271
38067
20793
32179
8508
11390
2476
25405
89541
53249
84465
73031
17438
64062
48327
70506
73484
28869
48022
73562
71727
98370
59513
86579
70126
14917
5915
11936
56093
91656
48227
45617
39646
44019
88005
22733
22904
77630
7089
12890
39231
71189
95283
29555
11730
74841
8478
45723
13804
91270
63462
14031
31702
73308
72232
37921
65777
74710
30686
3951
18194
83635
73520
8543
64355
71352
36688
68537
54847
69953
3734
80599
96343
41601
97330
29108
43
29893
33645
12385
69121
22277
28311
26125
24759
4123
29473
59673
98014
52081
19038
53534
65125
90759
95122
41909
75812
10974
44006
95759
43880
24236
53570
84501
69934
98426
66962
47800
5972
42590
61922
12167
2310
76092
9129
57923
62152
81978
30502
96894
42558
41958
79624
50746
57978
96031
13407
46570
17263
25413
22124
19104
46440
77831
18595
26246
51476
62201
79975
22327
41779
86981
63290
39706
19811
64041
94798
80524
24886
20846
52791
83956
23227
49139
95796
62072
83810
86300
36473
59665
77555
40162
33290
71155
5055
63102
27029
62482
23308
32617
56272
60622
98330
13617
42622
29851
15503
90424
52813
72028
4709
15933
42881
43075
51146
28693
19417
63240
53375
12290
70996
17044
37121
4101
74408
8281
73046
96499
32610
1994
95827
57191
67872
64129
35141
53032
78333
80823
49340
36866
22334
48506
1434
60599
12427
29947
50193
2033
13484
66286
41521
20386
58297
63867
94619
5489
58881
38174
43002
71756
55878
81139
35467
79873
37204
65159
81928
48708
41882
4818
37218
244
96498
39047
73875
40173
70816
1867
27702
94005
70484
56027
54935
20551
93745
50597
60829
64144
27852
88098
70557
78714
59976
18243
90481
47169
16558
78987
79522
61290
56647
35619
6460
77402
39515
14889
87794
58193
64698
93222
16244
75271
23276
70736
54495
5615
9870
72886
74577
22509
91971
45026
95581
3654
86559
56313
53002
30333
49203
30769
94983
63664
893
73761
78072
66417
68396
2697
9248
87198
25075
84314
1041
16458
71043
318
43679
49635
51920
81233
55874
99190
3618
67015
3336
49740
54658
31237
24151
54160
13315
12205
82458
81149
28028
31097
24700
97566
93642
71391
70645
85501
38664
60707
86475
83969
72764
27814
83392
85581
45204
71227
3053
21550
49333
49965
86167
30245
78895
43146
47844
60664
11384
41611
91151
58603
57666
80222
11501
21554
78122
63266
4101
6571
85345
99932
33212
20094
16690
61322
13215
84324
28912
58212
42493
80522
40591
64738
23865
45335
66823
55370
94163
74832
67424
40306
78124
31403
20110
48499
14016
90316
99138
64029
27401
30417
29811
86742
22722
43392
20380
83239
42637
65957
88361
25008
43026
75141
628
81231
35874
22752
6385
3170
38855
74570
67373
1187
94945
25430
12729
89869
38531
38604
2604
64252
39209
1539
9524
36173
98983
45605
56688
26502
66541
68782
40351
61743
33148
51046
56466
98910
857
39081
10615
83944
94580
82552
77273
1837
24012
22111
13399
63067
50578
13305
68607
63085
60963
45161
11776
45682
54384
48688
1548
9156
72959
76831
71432
62793
29025
30695
69396
64351
13163
70479
29133
82159
19449
24333
9588
98564
19650
66802
62762
21504
6514
14050
68466
8778
13538
8907
48769
32937
25437
88141
35888
42702
15318
26493
81689
70298
32226
26052
52394
41273
15617
46260
36967
73690
3086
38100
41603
16244
79148
31403
22883
1868
5061
2933
97735
8140
69739
13190
82306
31254
47915
90213
24422
11369
31346
71624
42546
34209
90475
95087
52972
96162
48463
72192
91816
89517
56740
45754
93431
94930
99060
40242
48803
96514
10731
34032
43721
25970
10240
82336
26344
22111
30508
92037
75681
29534
19576
23577
61115
34565
83535
87065
40698
82949
96150
71388
22232
88101
97180
13019
68619
43538
12340
32419
77598
45583
79177
68302
54224
16318
81802
71671
37635
2079
14496
49592
66495
13045
36795
29197
4553
47184
67632
43205
58747
67666
87887
19751
43839
13456
72902
94806
95671
38856
88729
16465
37112
73012
76125
14041
5405
32917
38642
90788
63124
80523
81778
18282
47216
43189
55189
1878
63179
45307
24151
14606
95285
29735
51949
63890
60456
16169
18406
89835
67155
42995
81071
14563
25782
14311
10458
35681
75880
39404
14669
16110
13692
76428
12500
30861
80893
29010
71932
58040
93663
50347
93669
1292
99370
82533
85412
20663
92402
89746
92163
66890
91471
24097
38305
76794
45357
84920
72456
70484
3365
12898
23291
60255
27303
71111
52928
59008
29105
97404
70054
97652
96132
45138
36882
45301
89842
79289
88150
94144
79578
34308
63749
78297
37894
16108
65534
8502
97392
79681
76670
44377
54659
45181
94583
55440
92409
45375
37353
39758
72276
82104
60859
36292
51059
96138
37051
52864
37433
72830
59919
83263
41600
66061
98540
58968
92049
21822
74233
15958
33155
67448
44283
5086
89178
10723
59246
87838
30913
31191
66512
53745
47843
46944
88776
21831
92617
6579
7039
76883
92878
2348
87010
47828
38506
22535
57799
15147
44391
25090
55474
34623
94211
78329
56402
69501
63373
31154
10249
91998
56637
17749
34078
33072
32057
48626
27132
2837
7637
38996
81084
16410
7750
12600
52370
70812
96526
24980
80528
92682
32116
44946
64235
36677
68226
61932
99860
46089
92872
51553
16517
13963
71646
81979
80762
38781
97223
62861
96989
1523
25746
32043
11942
76287
46227
84608
44565
45429
38632
25179
43209
28477
79756
73966
72739
65282
46394
65725
51909
92078
27032
74707
86474
25188
32542
99884
30954
74345
60702
25089
24830
22032
26927
97409
76760
12522
47573
69456
82317
7409
21943
31638
65085
40964
22549
5352
77581
64027
82185
70057
71993
89820
71666
2562
75093
22858
34472
12016
52680
30050
46727
61792
21927
25969
86506
93067
69184
56115
17703
64716
501
82101
25888
85963
11117
64159
88473
88169
38278
489
97333
94445
78749
94945
92262
36258
66370
7004
48881
37696
27145
12424
92150
29817
29418
42512
22074
51777
79695
26920
76460
16959
58778
13536
58027
19847
26580
43072
39536
18115
70768
10957
3678
41208
83376
29017
59334
5239
71401
79091
86940
10956
71997
85466
69990
79994
11745
2506
38167
66317
72446
55139
85764
74805
90687
26690
83234
82228
9002
56403
16545
80961
10707
96712
42889
67686
8020
18611
51514
35942
88729
36697
41410
33344
1332
65718
31912
78602
50137
79021
78486
95725
79151
65945
8566
88067
55224
98194
21713
89720
60539
94077
49339
4744
1868
29848
89651
64989
32947
98153
4238
78108
5948
968
32949
53463
10459
8711
10920
67209
82262
84408
38863
91139
65561
64242
92941
5891
32685
74217
26259
66091
97117
51241
27085
49512
24009
66845
2499
45008
23106
51366
91399
29228
5742
40558
23032
47615
90809
3024
47470
59114
59470
61171
13922
82677
71825
89062
11663
78342
6313
31367
73862
27627
97368
5066
23619
40195
23497
38935
23714
99419
10438
82346
50313
14001
47481
48573
77251
74789
78088
52462
64767
36907
99377
23521
61159
1331
15969
38834
75044
53519
10545
68606
21808
99747
7382
90341
90603
42208
80841
89914
26857
54343
14481
29883
23792
61012
17706
56660
98053
20753
64996
12600
51256
11740
25710
14457
1162
94977
92568
96415
48708
99049
61970
93897
71258
76748
13669
72687
93988
6169
98968
37509
50612
17645
51843
80920
4142
5819
20945
56470
63578
61210
61929
59190
14045
12160
24880
49437
14726
20202
86585
9613
52291
10559
64225
47941
51805
79007
38197
86767
60475
97308
64160
48154
35137
89022
23250
98777
21122
28321
85840
32766
70407
88231
10067
40373
66324
2579
35023
84026
14348
39104
75772
33033
9366
77549
82540
70941
80297
28972
31602
14391
55373
16984
35554
86747
65708
61850
13145
10554
39345
5593
55024
27728
25322
71460
96613
26752
42515
98129
5879
56216
92272
47649
84785
30478
39031
82339
77497
19556
64394
80594
94213
59354
48687
34406
16785
55221
52280
92739
3420
40809
50641
81740
47480
93965
30907
68246
54199
59394
53983
66974
23772
59811
52457
46297
34649
48090
1808
65672
89267
79544
35281
10102
25652
66809
54215
57886
37887
22449
37654
17172
37151
45552
98641
44527
44959
94319
8054
63689
98549
63560
275
43094
8810
97360
22853
43537
56121
64499
18531
54148
78481
15757
32303
5184
66568
3120
19495
59906
86855
72235
50140
50357
20229
68842
45308
19927
99046
7487
61292
38325
73878
85556
66414
68616
15646
58906
59629
31649
64371
65333
17692
224
22282
11238
38244
25304
19100
26864
42798
89063
64328
37609
11388
61391
16374
39903
32649
44832
7126
94541
53157
64646
70337
53341
60091
58663
57738
50735
79162
46538
91764
35974
27761
2829
12505
89542
71582
3259
66156
9587
31220
31738
73855
4262
46445
68200
37990
69484
31169
76520
1738
48291
37681
30917
64332
7465
28661
57663
35845
73997
89480
99442
94814
68052
59518
57173
50077
56367
51707
98209
93065
51828
15236
57802
98089
87672
59664
32037
46804
27330
16107
10906
14860
26074
48047
82550
23434
64359
61197
80719
82442
73340
31170
917
39605
56957
1933
90499
5085
63970
12977
80154
21941
82957
76513
93145
73036
53477
26430
50756
40972
76302
95688
80736
41787
43917
52391
55
41700
36313
50878
77610
85184
47324
57827
57494
47059
44100
37736
48147
28089
81477
2670
23419
56557
60401
6958
99119
17005
25376
11318
23991
92381
57647
67599
63703
67981
3896
35561
55410
19169
45044
12051
39152
6994
93486
64116
4467
92866
7551
61042
61895
11158
40209
34528
75424
41982
59089
72838
21062
44882
5256
92129
53321
49047
11002
72966
33043
35476
55019
78929
77534
34044
96163
84007
86713
86072
84493
25129
22055
55781
83847
62151
22426
48926
99625
1682
92259
87694
99484
74578
18045
30711
74509
62978
54839
41237
57958
70144
49836
39672
17249
84110
73825
95303
71255
21358
17844
69921
84771
38685
22300
802
15197
23769
42630
3017
98040
44759
31019
95149
16468
15600
85874
71047
80595
32330
62848
27659
65787
87185
4971
35667
45916
30084
12925
56681
34740
57062
17730
44379
77904
12353
28823
24803
31839
14012
78966
12993
45271
8886
43010
799
70465
64939
13222
78821
83925
93520
38795
41701
41650
34960
33123
47617
91700
85693
67482
33496
17151
40511
88126
860
72385
93994
46794
33976
99901
80094
50411
58989
92776
19891
22043
70933
55317
12508
46306
52713
24384
95195
6921
7275
76254
76119
86033
16918
25485
22547
23541
56815
12048
30752
14175
18715
47566
64077
72991
19590
16254
35584
85817
6962
5611
47895
17382
48682
67575
71765
22150
99651
31516
20985
33749
11843
88867
69555
56318
60524
14935
27984
93701
47261
45847
68102
25915
3870
33034
21879
88903
10272
61553
761
47850
10416
35014
45013
1510
46299
20939
93567
48835
99429
43130
67721
5092
19113
15506
69359
44073
43853
62285
79192
79265
15933
83111
4347
36346
59727
22021
20601
63055
79537
2409
94559
54621
99430
29559
90272
2949
78561
98344
81950
89367
24866
40192
73143
92791
61579
3250
65446
2924
44186
41155
97742
80161
53832
27212
82518
20796
85246
50949
41056
81504
1785
36624
38055
55550
450
31725
1808
93586
49451
32
32095
90839
87260
38238
21532
83688
25389
23317
89437
92061
99536
85056
53613
33607
14764
18137
74527
10014
53719
14141
78128
72510
35995
72760
7380
58599
16164
68497
36172
69774
95590
47341
29593
13659
93940
7676
4646
97247
25916
47107
44520
5136
20082
31649
38789
52316
81080
93700
15945
35197
76992
27120
79476
6079
64266
473
84867
27487
35309
46475
98527
75217
44149
1612
5765
23466
58064
68994
38844
38749
98475
59324
89630
75383
30264
29519
27103
31459
41904
23776
86940
92774
95691
30501
87524
12721
88996
21314
53210
56395
84070
92749
12285
11873
76312
5965
9693
6901
94005
19658
17824
42466
86506
16539
14719
56312
52747
36823
84171
11856
75082
86344
32205
10867
27937
28539
45395
20149
12958
16098
44042
1084
65233
12828
95743
61814
14265
20076
27565
84061
69850
95261
13573
76663
9378
31154
55625
17838
68789
32171
38175
28073
30145
53969
39998
89511
73027
57653
72428
86567
96631
68065
19404
91859
7667
4628
41715
92915
62055
75657
63385
48887
13171
38007
73937
3977
9730
44536
80013
28200
94439
32501
20049
57909
30951
52501
85696
85519
91133
97988
89369
97049
63393
45416
78826
2431
78520
17139
39780
33824
77105
61086
17786
81763
20817
17620
53923
20242
6828
7666
35489
26591
955
11524
57875
63613
5625
68551
97362
17726
5761
91332
95650
91949
69981
61511
62468
69497
25126
64965
26484
83815
56378
88435
36015
89248
7711
21928
750
46330
19764
57007
26504
26409
1989
37294
72717
47334
61781
20533
33622
23825
6151
29108
46375
49531
33712
50503
57665
25751
42341
55395
46812
52722
647
51878
76004
73972
81245
80318
811
62254
24785
88480
54429
11322
33712
89197
14421
89087
48636
54302
63427
72475
93806
53041
38508
55488
72855
98212
1194
78043
45316
70978
23013
3848
32024
24237
15885
75920
37241
67373
55864
58296
68947
81915
32944
24224
36770
58776
50534
8873
37191
76206
77906
18184
39004
36122
19883
13188
20883
53163
49594
8915
50495
34465
84793
47845
8658
59531
9147
16189
19487
33522
37109
55401
35944
89067
49387
26518
72178
69098
90644
48789
68168
35376
16287
86167
39733
2389
92404
10546
19021
56609
19565
28369
62676
97350
72682
54736
62806
27658
18840
50362
37591
17958
16366
1088
82123
66333
69804
45207
90737
6937
91152
14212
73784
62332
86909
89670
61400
30367
89531
52916
64378
82145
97169
68659
67282
42197
19152
52081
81831
92369
99769
67793
33591
33369
97271
48809
32532
10953
33398
16183
53673
78710
29643
89714
16451
21131
2446
7372
21906
64786
16806
74409
31556
79984
5628
37636
28260
46202
50673
7021
86856
99347
18234
78946
45590
62770
3984
53126
17441
59981
68665
83444
86055
77312
11018
49495
8421
25810
69129
76092
94180
32146
77269
76310
49012
46563
18238
71142
7209
1689
78881
705
51479
41778
60802
36853
89067
45152
29068
92184
17865
26942
17555
53244
46544
38747
56516
14879
30268
32311
91407
10056
82061
70190
53130
64082
53627
50356
82666
52804
75474
31573
21288
76752
89082
39139
33346
1769
24353
14485
40335
98349
65175
70514
40344
18251
60270
58759
46235
17952
77873
28319
83407
16295
78890
28827
43593
84191
36182
16975
62031
64120
4019
92377
69495
6803
67404
33194
81075
93051
67404
29048
58733
46009
86488
31753
50777
42403
2114
24332
91339
32298
81853
42753
67686
89090
28753
82451
75095
99957
23790
31622
34250
75900
86434
73299
13282
26494
13886
72990
7045
35715
4718
29160
37708
64087
21496
22798
52969
29907
31227
3428
8816
46155
59524
1307
17916
26878
47797
1801
59459
95391
77943
95959
73222
82746
92157
76890
91902
27710
63621
42663
8620
28952
43252
49402
13785
94367
43504
91552
14561
51041
20384
32434
14257
75790
36725
70709
22591
3278
48999
49887
15832
6378
86635
13446
37618
67816
7303
93431
50388
11929
22791
18401
71203
27186
86897
2492
14446
66394
66338
47226
9857
31114
99756
14975
24772
79624
50671
6805
33029
83293
87682
54673
4839
43192
54002
61866
54808
56518
7808
13200
42811
67255
75780
11791
38881
51825
85033
52856
36018
89943
88120
87527
3100
88992
94874
20941
63418
28213
48197
95517
93820
20326
84727
68035
72303
11453
99346
20590
22696
52121
68700
79743
83039
33164
67564
32426
73565
6606
82971
22430
19464
72679
85673
59471
4724
88961
60921
20721
68863
87472
37223
98232
74773
32039
21487
38171
93157
86638
16729
89470
3072
69418
69244
40744
99212
79894
93663
47397
38855
41882
70500
81666
37394
98942
58516
17882
22699
26150
78840
2055
21131
90894
81432
21543
18635
82544
24367
70302
29656
18236
82729
40393
90727
14675
55176
9012
65723
74960
13936
85499
84951
13744
71157
42085
48708
28254
4741
32105
89386
45695
24116
51855
66672
78662
44473
76960
7635
50789
472
28951
65262
72422
71509
58057
23990
1939
62548
54438
7463
50064
63585
94595
14266
91839
38053
51578
28330
48435
40748
71165
74278
50845
16809
51790
61894
88882
86123
80920
27044
62804
22930
53853
22509
12314
85030
78122
32935
25590
25115
73243
21754
8674
4775
77700
62753
34775
38968
43876
64465
26460
74096
19641
98566
15151
37565
45614
23114
96183
71665
98833
19184
5460
71554
19572
22903
72324
15424
93516
39857
10830
30378
43361
78617
19076
57284
26320
77977
3862
64990
31369
47523
15533
4612
87415
78110
70967
68135
55307
49739
93029
30891
39693
19597
98559
39342
49807
95858
88365
85088
2341
31045
19906
6399
82003
37583
82045
14355
5848
94344
15952
13776
37613
23413
80341
45981
5162
93678
86825
90824
37726
49541
83565
13128
57064
10398
91509
9629
25314
24089
27523
93414
84720
48764
19493
57257
60870
34841
33455
12904
94942
10347
4400
12383
30429
46338
75519
88933
29839
28740
36649
49358
25678
89185
20024
98185
3850
28792
80504
19161
22362
40187
21939
98762
80698
53483
56365
49694
63954
50014
90556
5783
14004
26726
69766
78220
96279
82186
25101
80444
96030
90605
57580
56765
82245
19163
61791
44382
59375
9034
38116
89846
26699
27691
12978
17949
76396
62457
82707
9351
41510
46575
39581
5902
29099
22788
87848
1706
1393
47660
1792
49516
37659
69977
89350
42548
41907
83313
84075
313
18206
23315
24084
12723
11735
89599
52819
80613
41237
56466
44662
80982
47789
77282
14240
25951
98928
5906
42729
14488
56170
82891
56440
73332
49533
39171
3874
62538
69714
19645
29250
13170
35525
74119
42624
88651
27825
96847
51742
32543
80181
88103
60936
20793
25084
27700
26553
7812
28826
71529
33504
65542
85155
68074
59372
84683
94404
4116
20442
9000
92818
14578
28234
85656
30367
83878
78127
73494
19630
97943
23365
40912
91570
32720
54968
20493
13261
91960
14055
736
88622
39461
78942
42043
3970
87178
87905
84371
71676
73491
95066
27048
27600
28902
3080
25527
92273
77122
44408
36043
14754
24344
81634
34116
92740
1265
25269
62145
85548
74759
9527
54433
99360
44985
37857
26274
79333
27123
49164
79153
9594
17501
48963
64982
7290
39149
55832
41898
64804
12011
64010
26637
7369
68502
57055
20392
5362
86738
56896
85528
16444
90442
10327
39682
37209
54051
88555
44604
8583
66670
96677
92482
34815
45121
80381
67958
20812
20071
68461
78064
59890
94487
85847
70868
94855
37535
18305
35408
29260
12491
70010
72192
92867
4231
5086
98408
1802
26342
78476
21751
97735
66478
50914
3908
88577
84169
75352
22325
41149
46703
40134
38368
62804
39773
39618
67266
53495
412
42376
9120
84829
64992
80531
78143
30498
84352
91476
99512
70602
95670
1001
77311
26558
59861
42787
92962
96107
4798
45160
35443
30251
32377
29617
35641
18927
6258
362
69664
57724
26889
49735
37120
45969
19176
70703
69395
28486
94301
88346
23423
94426
93039
22520
40812
52151
54031
5519
5161
602
77695
26523
14
55593
47583
6672
92472
15201
31106
88397
41377
32354
75658
99356
1546
31834
39884
27392
30066
34341
84712
18562
18590
6707
48510
98582
89211
38535
8187
36711
39525
50210
87626
23251
36869
69965
7695
29934
30961
24561
40038
9686
42971
96803
26878
95406
86996
87278
3466
14707
6967
38259
33303
35911
43407
33598
24196
34797
65745
81211
90546
35021
66903
88028
60997
36316
52889
37048
39573
26651
1407
12957
27151
13670
73657
17038
3765
27610
98764
62234
49327
30792
78229
60460
11295
26241
59860
68183
54549
90169
24278
60886
42578
56358
19345
96888
18289
4729
55086
98393
46486
55012
93016
7682
80045
44534
96987
43937
55827
48339
5285
81058
76578
82679
37557
58396
51617
39167
81019
98567
83724
53225
18333
17458
10131
30449
12179
30635
91616
76619
42253
1307
73006
10565
21002
30536
59163
91353
99911
18920
625
15709
41094
62971
60435
44923
62322
4434
69086
95618
98421
93636
96377
86430
46454
46623
73245
56984
58099
72367
86827
6116
86951
53071
31951
53789
15733
75960
17928
16452
531
3209
72844
8214
35037
9076
18073
64006
44980
58980
13804
14737
80850
37377
4538
13276
32841
33446
50854
15612
8254
90215
15032
86299
60826
19223
43700
95797
3967
2132
62112
24936
591
22008
62236
12835
4742
23905
45813
64193
38147
13021
15297
78949
38269
39136
46165
19578
3835
84278
65257
50246
77760
32896
841
2054
84611
98147
84739
20789
96469
67526
83973
72982
15599
97845
98711
83341
26838
20364
76153
77108
79235
93581
36623
95716
27270
24038
62068
10494
41868
49956
58587
99096
24943
68067
69448
1207
61049
43122
49533
70129
45309
16273
81776
51788
10693
23591
64973
77051
76911
78147
32640
94687
22732
52366
18918
76957
68385
73493
92047
63676
56319
75940
52027
64426
20276
70033
75155
3116
12343
62714
17899
27679
42347
83226
92142
40067
60138
12593
86494
92708
31197
68373
58409
7779
92044
87935
362
90388
53755
56108
66312
5815
37710
48236
64716
89151
5666
89951
5728
50719
23472
92096
77620
17601
11315
48679
93301
39710
92610
9421
19676
49721
96368
28598
9484
65442
32741
29178
31323
87388
86540
11245
91941
92158
33530
8562
13690
31624
15510
93795
42794
78272
43812
26581
82938
58873
21112
91095
1698
21199
99557
37458
69147
42767
10171
75879
8567
56735
33265
50915
39968
15194
64100
24654
81807
75740
57444
73033
51437
78510
15607
77510
564
25051
12673
19334
39772
24449
45176
34276
62365
59255
26245
96437
51155
6901
11513
74431
27370
3202
32790
12405
7913
56754
54210
91722
56674
59227
99478
56639
10807
26497
47176
3059
84859
1657
9053
74557
73662
52509
97212
44425
82136
32131
87631
80262
82650
62530
15211
16280
47701
16090
87566
47247
31490
61662
965
33360
40349
72687
75820
7762
32900
43066
31592
50191
18159
58926
92918
48339
71501
31466
32391
37936
97136
9148
93197
43364
33374
88214
78612
31620
91525
66287
38915
69139
3170
13326
89758
55357
37428
41425
46211
68449
97924
92751
85332
26487
79096
29379
51719
44950
68642
49057
49516
60669
74336
79272
29014
81818
26647
78068
79955
3182
73985
30624
52815
56747
60213
70994
85701
5345
78510
17654
95988
16726
30172
72549
61186
73042
22274
92912
45465
38712
97334
72530
12916
74537
89743
83046
23569
34142
34628
25885
1139
9426
91277
5269
20400
1122
75768
89462
79235
57323
97725
76038
68751
17774
91890
47531
60779
61707
7620
87429
44772
10928
92873
76508
32704
25095
52449
63246
75621
29248
2664
27636
29967
92413
31443
28253
42918
69004
84461
94885
9238
61370
80577
58403
67089
11206
12610
76134
40738
71246
51804
84154
66594
32043
34374
68052
94098
65838
22420
97652
59730
51343
79136
10136
70015
49851
2769
94637
83427
25559
2292
91937
42769
78367
3071
70685
78193
37387
3870
93690
23409
55573
69197
53751
96837
80594
27913
58365
92533
23197
20496
48744
98722
69974
24822
32638
96780
92183
35564
52755
53852
325
61833
91076
43651
36235
30531
79688
63024
20965
65935
15047
96972
1507
23587
26397
36606
85153
45313
45152
44354
27451
72286
7939
49989
61625
19546
48576
90807
14631
67885
43809
96773
77298
76484
27856
13244
46479
87069
33000
83240
94330
23483
59263
4861
83172
46440
17394
40848
35465
36926
33564
75676
68104
27914
96013
35369
71617
96005
29208
32066
74718
94767
22326
58946
77613
45411
34104
10313
70339
40080
92855
16518
3745
88207
14915
83509
8949
16423
16530
73961
28903
49866
32616
60671
79915
5477
67943
63275
1218
13409
90435
98416
66176
15254
91746
201
561
27936
26314
83549
69434
71730
23173
15649
69554
20722
50006
68667
98265
34049
13358
50411
23773
34689
58222
17271
98081
36361
86662
74349
29192
15398
71793
70044
47449
44509
45017
2896
47566
27877
36862
55021
95450
82998
77070
16698
10529
75544
89081
95683
25436
41567
76737
77533
47332
200
70512
84241
93617
70743
77167
16255
49336
67882
90214
93070
36806
33686
56985
74515
46259
13160
36189
19815
38637
33683
44844
98926
31023
13143
48829
57548
37716
74576
47858
71890
88691
44686
28320
45131
94217
44997
94815
52873
2023
50876
54832
42355
27338
44567
32618
25740
12987
84340
58474
90666
79830
27241
94427
84435
86618
38592
31101
7659
1451
34535
75859
5986
91748
47524
55916
60441
92261
9393
43957
7850
43275
83271
88173
16970
47628
1817
77615
40997
96720
51635
17363
48690
31329
18621
27218
7882
883
19696
77869
93408
29327
36561
34276
23838
92450
68931
63010
20333
48110
54444
85755
92828
69428
86003
3114
97354
86440
53165
75848
18690
92605
34534
56093
97500
46732
26377
29258
72300
97534
35527
42966
69049
3460
19497
64065
11217
83642
60087
47180
92348
67367
78473
19268
5563
36724
52848
51869
72567
91461
55853
10121
10446
44252
10385
8925
83932
37812
593
3588
32465
34214
79938
7949
52018
34187
17566
9798
51301
11395
52079
19456
43598
51854
50993
7876
41763
41314
42700
65512
9748
31518
81738
21474
58044
18719
22501
23294
39072
95783
17599
53710
41882
65156
30732
68887
32998
1792
75907
78085
35269
45699
69581
90972
7558
65428
4326
66915
54615
38067
47455
14804
93550
150
23795
87264
13591
67862
72849
6272
41286
75690
72220
84684
53454
19508
81747
185
76361
13190
41612
70682
27842
12825
80610
73409
38208
37015
46998
525
64554
9450
56752
6742
33266
72366
27215
55419
24785
94308
84449
17461
942
33584
74429
39419
54105
71940
21567
39937
66556
9103
4890
86763
91505
60114
71711
75353
15101
42938
99851
37492
56585
80765
75824
57597
72457
30811
20661
1654
23622
40635
35147
9080
71897
50753
33247
22175
46096
35900
7719
7891
42096
65974
99554
67967
73850
39978
47549
79241
73353
87275
16628
64149
57770
8999
98192
6772
92489
99568
20099
22255
48881
26291
18904
38289
5080
58686
55649
17945
40633
16516
58995
95397
7493
5469
92654
5103
76261
49730
75493
19318
11084
57023
16888
42137
62129
45621
1585
21227
57204
90399
30674
71337
82288
56034
19270
83412
51514
40845
58001
11686
93213
91917
15065
33634
13149
95226
94172
86911
98228
58686
15904
72113
28695
7245
95075
11766
82644
2276
99993
72026
29113
54331
28796
55309
18096
57976
74174
19352
90323
83038
25688
56637
7148
89868
30394
4847
76373
57029
77740
42760
45286
84475
82832
98593
57335
77891
25976
90940
52314
83564
74405
46448
87886
58708
37036
20577
57529
46938
15204
71836
77790
71820
90983
10721
70102
21816
67574
41089
76482
90944
3683
40971
92978
16276
48
2129
32062
53789
51036
39350
86863
63724
78046
27768
21132
4068
67898
81305
13582
23500
94978
16128
16494
62321
4932
20524
18938
6135
1917
91617
41211
4881
42816
69521
6986
31856
86569
97031
13487
11742
89780
3243
23741
2553
98732
95115
82404
72517
41597
25207
65020
33648
49805
32699
56085
77889
2612
41330
10571
46370
11837
49858
49440
6876
6617
83454
13224
75617
71650
33178
4894
85912
19792
52443
2428
70948
90587
83623
62070
18499
72678
90879
31629
87321
12891
36605
66998
26250
74981
27513
58108
45297
85455
67607
53051
42317
38571
2642
84628
90070
38847
7311
60837
50967
22404
99954
46486
62762
64708
58442
58715
82858
63670
34058
63791
6767
31326
87570
84446
55086
89559
75070
16787
38395
57443
79018
76693
49191
94086
18259
97993
5016
81979
16588
33082
58060
75767
18801
53666
24517
26466
25787
53474
67575
19669
92179
85631
44620
24628
63977
79887
52025
31131
31318
72459
35006
70886
20030
397
9671
84374
1792
90196
18134
93593
56525
53472
59630
44741
35595
15864
54650
27071
43033
72289
16581
98267
44496
77612
63687
5693
89945
90726
38287
85285
64502
85151
75972
85827
70851
93767
97477
92883
9250
79246
70910
25704
53071
53594
88153
51340
40536
50890
84530
53541
45946
19859
15332
50625
43578
13913
38002
41423
58518
37981
45744
95683
56706
55007
13387
3024
77182
28656
32551
7062
13787
41685
12465
58068
17109
58184
50733
95709
88225
26387
52357
20686
24969
63691
95092
93677
2698
70366
90330
41671
33059
78971
12401
74004
29054
55419
56969
30854
92769
44209
48875
86444
37089
34160
49337
74711
15960
94344
94180
57374
32075
48879
38179
87704
28066
13295
96635
60998
75420
6522
7315
9332
47429
18261
88052
74724
52815
90641
18692
77040
38933
84295
45579
10221
87215
40300
28081
45019
73051
62790
19745
29820
48670
9431
25512
49429
94504
71894
690
90655
32898
93718
44036
56103
99261
73923
75694
72657
13833
64195
90892
70352
16053
21023
26156
5376
69468
73767
66340
75713
1788
62808
20092
90919
71017
44276
77135
68657
20424
50312
86366
41384
50365
53454
93550
46879
4636
8127
25235
45536
37250
29035
98115
85715
37788
72417
26052
84524
18294
74768
85964
13139
56771
56694
11082
22177
23959
38065
44962
25142
30946
45472
14309
25614
69542
56218
95239
47594
37630
91926
17032
98086
61430
77141
22562
29696
89593
49848
36881
17796
44795
7198
41799
37342
73247
47387
45725
91951
68886
96336
65622
12609
95389
67928
50977
16017
78200
28350
70567
54546
30646
67553
83338
63885
88489
23954
25247
41898
97786
3026
68628
88269
12812
25974
24813
78292
79872
38555
23114
20367
26543
28750
43458
75367
24705
45955
96114
21749
48539
12727
47017
18119
81365
73847
2555
18805
52565
47547
1643
37283
15438
69089
32716
57338
1726
20456
53148
2123
53981
81231
15387
35820
88469
36089
61069
69200
22644
1779
11809
66421
9221
73070
67243
48967
20972
2709
74611
84595
54474
9996
91669
6959
70129
91318
67505
10155
50330
92148
2563
20285
78256
81397
46230
58072
92959
228
23185
20222
1458
68882
92235
26685
14695
69487
86751
79458
61285
77009
18081
91920
96201
443
53231
73217
21883
51103
91483
97821
25232
14042
14420
51343
93065
68593
85186
1817
24624
56604
9990
90400
97996
31841
12819
71131
1863
31251
98230
77392
64008
39673
47825
84340
85243
9662
83759
47119
81392
38
38947
44432
70971
14737
70937
54075
62934
82676
76220
46290
78204
95824
36853
64808
51424
45570
78273
61466
98061
29020
81763
29712
71454
60380
67654
86086
62212
39778
80475
70103
61674
54082
62306
65520
97376
69997
56980
30742
46432
50613
97548
70376
33156
5787
9022
92145
13130
44999
97765
56039
89318
66360
5038
26254
19436
27686
28673
88379
40236
97465
41529
97718
45526
45108
95201
96675
34087
79639
52574
54823
98949
26325
65814
23202
23391
86175
55732
50452
36613
47792
73550
34953
22467
45644
29804
33865
59194
85749
66050
70880
38047
69918
78223
33110
25533
95168
17180
65905
69284
55789
22083
95135
36798
29022
8666
96954
64255
47851
38757
71651
13661
47381
84298
26506
73253
79283
29517
94962
19484
34896
25590
91623
90466
35480
72624
44371
41991
23940
28680
92628
15494
56678
96358
21039
48841
84066
87557
95750
86631
7223
37152
57851
1563
47944
34764
82287
87972
38518
54745
86436
12069
52177
87262
854
95807
24011
33048
94539
94310
40298
15060
66886
55030
29813
26888
78644
12166
80271
83128
17964
37793
32773
81754
9545
47971
58068
8127
34646
59130
32646
10248
32663
66246
72179
50400
55044
10080
66893
83601
63985
73919
86319
54305
67432
36159
13006
31661
4015
68904
68666
18982
24921
94362
67563
25442
27507
75599
89049
57073
26608
42655
14127
84908
29259
22589
68260
90451
6327
92421
86512
30359
9039
86358
39744
46268
3894
5159
81113
12402
58952
76993
53654
33495
85681
57857
86673
50090
26196
37333
11610
63305
31923
43365
44941
57695
76141
91392
90990
83951
60237
65361
32586
17273
84709
22450
47322
58697
12082
56941
50637
39954
49146
75928
85266
33446
77525
26557
10073
68480
13086
23277
92979
55124
68282
42210
66029
83333
60997
10139
79161
72959
82757
83510
76400
15524
773
71090
56886
94869
23828
810
89666
4134
63277
15823
66103
52517
90593
5612
40021
70448
77772
17668
30431
7015
10607
84830
74819
33423
68576
24047
4928
37990
52045
70265
6466
87621
34646
92848
50006
66543
94049
65130
99482
71374
6314
88463
16389
60734
79553
75101
40581
34253
7398
53878
56389
90695
91098
73590
63367
34965
60136
5040
26245
57044
29980
29949
46138
48327
44484
50569
12907
86967
46787
23827
73033
97636
57127
17327
2964
59546
72761
90734
5033
80417
11170
81471
58747
17368
67261
80202
49750
11693
36172
69980
9643
50
66320
91379
67561
20961
29195
29460
87832
43308
42869
68900
65928
54977
50082
27099
23126
24084
1473
28037
7530
948
91858
50169
86764
40163
22993
15601
24342
18072
42170
76974
45933
98893
45415
70802
40572
65027
43516
6432
7545
88953
72163
83241
68003
98335
32905
47728
17825
62703
59154
68798
4
62141
36240
951
54354
87462
22057
51222
87731
78733
60803
36706
13509
40225
49778
31863
26012
60881
79694
17121
61993
58060
40003
35653
87800
5362
97631
83908
7725
59587
7105
81925
18195
6245
3182
45734
26636
27688
48549
2271
29181
19886
72819
87331
43611
91473
61360
3552
42540
50447
34768
45216
46267
23887
10049
40312
79115
40106
45267
3150
23477
24950
54142
28635
69372
96417
1744
44771
98509
88770
31611
33840
44877
13574
80210
30352
97613
40372
58292
91670
66529
47199
26009
69352
87678
94367
39599
82604
95642
89913
38921
25182
22417
99308
3233
44046
46154
49186
4151
69883
1003
76003
89293
36519
85119
28642
76336
92690
2734
61384
88536
6435
15060
17537
428
65190
95125
94355
60218
58849
22055
42460
36651
35067
38465
80428
30715
21560
84091
6091
77546
2195
65460
24996
94219
13138
36790
37387
54421
31226
79002
3657
31724
28048
19666
88323
93926
12119
10726
40945
51805
78090
91144
7908
97208
70646
68960
20848
3389
73112
22867
43743
2577
45494
91157
98790
95572
16370
44127
36939
9625
74248
4925
72585
15522
86660
53714
96476
20389
54122
11839
95194
55035
14847
89448
18164
40980
14714
73256
65406
14450
24328
9717
41662
36841
4414
76124
5395
75736
11281
96979
50953
23450
78377
6694
42964
33493
70216
54101
93562
13716
4966
33228
38993
40684
92295
42243
61291
53511
86974
90488
66920
30792
49696
2330
66336
94342
92997
21628
27674
54429
72812
65979
27489
27929
2627
73900
14885
68106
25980
80771
33165
90007
10894
47919
23403
20505
21998
71339
85018
56405
65146
96679
58642
18197
35126
11586
55010
78163
23412
71199
55848
87464
42012
11006
32122
25791
25363
68398
65076
32907
96404
9977
81129
97977
97473
93175
51175
29983
85614
50789
45283
87663
23967
70102
23838
5895
65804
2370
66363
59564
98502
26584
45724
23590
54384
34481
51743
80293
11809
39811
61851
34756
9785
50583
41172
32213
32516
15348
22852
30372
61867
54886
93417
69233
778
33753
79050
92548
76753
34490
96184
54866
62820
94271
62305
70104
17625
82876
5312
98109
26261
17032
11281
43047
24098
56524
92477
73506
29839
87116
950
1845
80356
30621
14624
77005
180
53029
28788
77933
8963
84842
11630
1689
54194
55820
19660
68489
66773
76727
30739
94502
74574
12174
31223
38971
33298
42907
14162
84624
79885
54505
36085
50302
8227
16801
73241
87210
77095
19040
66250
81937
89902
80441
5349
7328
83733
32394
57137
88307
95139
56932
26704
86456
89523
20104
13577
55628
45881
96028
5716
85030
49594
56989
15979
88290
24792
18999
61773
64070
93236
97028
84347
55329
27859
82814
91820
39857
3947
71417
8023
43225
69508
7073
46845
73281
64968
57248
44866
62624
61714
43122
49762
22611
66035
87415
81315
42269
28873
24000
81607
80350
45085
87760
6452
59596
7335
4943
6883
74483
64652
60006
20110
35734
87001
52130
79281
64895
22113
4326
73707
45449
83619
92043
74239
81310
59479
86262
71493
69575
42118
68773
48443
58194
14808
48639
25510
43746
54964
83348
25802
16103
3482
87376
85614
74927
34852
1968
45123
67749
59297
84794
58178
40522
63437
47398
97354
25137
96159
30573
3317
43503
29981
78794
94833
59483
9963
92823
52397
58490
13202
83693
58837
77189
19764
74528
49872
23985
4238
39399
90501
27240
18485
96683
37378
73067
13850
86183
44674
85224
19443
42215
47018
1980
89601
48321
46539
60144
24593
56779
14591
10837
6260
32998
79900
42714
60521
32391
83956
42128
66513
7724
37130
59613
10165
19013
71043
16664
63452
75476
44063
81189
45567
54976
22622
62982
15122
50668
40007
86148
15181
14406
68139
7775
49991
14887
906
17962
69914
70352
75921
32103
28375
93026
41929
61312
69891
21628
89206
59463
82598
52485
61685
7374
67859
69013
50594
94074
72131
54911
66716
6487
20253
16921
579
89947
46990
18040
28975
62861
76088
58265
59715
18713
93212
86872
1859
23010
10576
82561
75374
18971
52063
9940
18989
75068
82594
27746
22126
57299
52366
16105
86232
42283
60237
17427
41351
64458
28979
34545
13831
11338
62446
93225
71925
51742
93016
21839
2209
49532
91285
68274
79636
23225
75311
50038
81129
57017
51202
47359
30749
88116
1850
95319
83337
95907
21503
70818
58621
20722
38751
37613
37966
36303
32194
25638
71680
21382
30988
80909
39969
60775
17087
62048
98980
54991
50157
18126
38641
63630
67947
49993
82342
24251
87677
35602
62463
32846
36215
18386
9213
92879
49882
27924
38927
8962
45258
33569
9968
84571
26516
76938
12925
59238
92838
3415
63959
82397
16853
12697
15363
94523
72086
64774
92330
91176
34578
1397
72073
149
92271
30186
73075
89360
32084
79140
91328
27445
7802
94062
39221
36695
28730
48297
20345
18024
917
93838
19910
14375
17174
66992
93180
54250
84468
16090
69558
75919
85671
86493
74834
81657
4877
37842
32533
36849
473
42386
20985
94516
62223
26907
5478
89657
44336
8156
13410
78403
37772
49774
91455
32517
95854
89560
46325
50266
83757
82664
59666
6948
39383
33420
82757
18321
79270
3497
63444
92553
71888
94139
92774
79053
41669
13891
98547
1726
23104
11001
75799
84090
53115
71003
96058
79576
39073
42824
2267
64227
59657
15517
23407
92287
22530
22507
18203
54872
37547
60328
47494
93116
35034
55446
53611
9885
41588
68462
32678
3293
44742
60156
64019
18725
68922
24763
23604
54523
85831
80463
61776
45965
50273
57958
42302
36230
16774
54589
16139
54204
26641
64667
99630
44124
14674
72712
29431
70393
84413
60541
62700
85388
72730
93496
17537
44014
87945
75738
59133
81476
17366
38847
78150
32732
66372
37353
76138
22042
78836
94618
74359
68839
25813
67134
6777
57681
42601
28120
94389
99409
40209
18607
41911
32785
1511
10033
74985
24438
84618
31216
78213
62815
96412
71373
31077
92876
78885
85605
45495
89763
70456
84669
26124
47654
91515
66258
51464
75851
63399
44681
35856
76889
96879
59411
82153
51677
52511
48279
69564
60253
83111
8334
82744
69316
15747
82331
15380
78576
14796
61283
19392
81962
39836
72008
79332
46353
11705
34141
39821
70360
99520
93347
83444
22568
30804
199
12669
28602
51953
29270
48901
93620
27490
61433
85403
95329
97639
82522
87596
28209
62362
69561
23076
92361
93066
22016
15535
60764
45076
25802
19467
449
22770
23030
31705
53118
24059
65890
91574
58023
91127
88707
83177
79145
30294
35984
40211
73178
18855
46854
77841
43770
83968
33192
45402
61397
20963
75227
722
24784
49325
45386
94869
32147
17051
8719
98014
51757
85106
40011
30877
60901
67382
51708
1016
83773
60456
36461
46749
33258
26026
2288
74459
48695
38065
28748
98472
37002
6148
82363
59407
33295
26641
17385
89485
99358
45996
31671
43453
92783
88200
89724
76784
72961
6019
36336
52820
13613
1595
72239
98691
50581
95044
19614
25971
44485
49530
6762
93185
9127
87332
68915
91421
71637
53220
83894
40227
20153
46220
33193
20285
23866
47896
29058
89822
38474
56828
19681
58248
91096
54813
44814
79190
21821
18005
3516
7914
26680
92215
30188
38139
96031
79769
80633
20952
63897
9177
14863
85019
5268
25752
5325
38560
48830
90849
57836
35592
62885
78263
71665
83800
99898
93491
132
31490
62422
73711
71348
82531
41533
91167
24307
15881
99493
20646
28760
4417
80190
86093
76044
79597
97142
9370
80580
4612
77936
80587
50243
95341
32875
18054
70866
67121
61964
25305
98426
89932
26952
59179
33390
14801
88706
27201
19880
95307
93720
41733
55318
23835
11669
55133
95194
87933
20713
10038
9474
62089
5697
75661
21422
75456
52146
78178
82636
25022
20007
57329
8129
87963
52130
97230
81221
49254
60555
93281
17169
31986
23876
17652
90474
31307
71884
42338
46370
5237
33189
48589
23542
90176
25857
8986
37820
52852
42837
83725
64990
61228
23644
59819
59131
55138
89979
33658
28785
35797
29666
2305
46009
34326
56536
12081
24975
73038
50962
32959
94514
69368
11995
96161
38123
53553
14416
98326
83922
72049
56388
69290
35457
59057
77105
74395
9123
94220
88644
37967
71289
91080
40212
45256
1727
80085
36246
55859
29476
39040
53120
46333
77269
6748
46917
86543
70411
33619
13709
99187
55056
72725
922
8686
71460
74652
95958
88128
73738
36524
10880
21353
75133
9178
80854
85047
2960
48309
35579
5595
78567
40704
82690
24331
32903
41844
6993
87588
90375
53302
93566
87275
70899
50161
67363
80723
18569
25341
25777
24854
48941
57913
32368
54652
63322
44083
38550
21942
51488
71646
84363
74573
91927
62306
30620
96040
10141
8133
88714
35523
84892
8050
2677
88451
51558
33404
34300
73384
18391
75443
35296
30151
94027
46447
95974
98633
82771
49085
15080
57410
39303
44647
81178
68801
48940
87365
70842
539
88867
75295
14195
88250
46394
36163
89769
95960
53126
95116
23391
23592
30796
57602
81008
97770
87096
60222
29652
71436
47163
43407
95644
85296
21737
23241
66246
99933
84011
67505
29683
88758
55899
69352
88460
73534
76867
83835
49747
88235
21971
64697
56371
46183
95173
47331
99068
65074
24909
25645
34156
61959
68306
23930
6233
52648
43262
29628
20195
49784
60821
86645
29172
99732
52012
56956
62333
45688
69277
9075
64653
15916
99360
42974
98127
20702
83069
53418
39372
26053
67702
69231
45114
25877
62594
730
48313
34508
76611
82077
54772
28255
35378
17744
13666
79517
72191
29803
7068
96133
3583
76712
77230
8981
36392
45207
57183
38198
68675
70372
27594
91828
37984
99869
43178
88913
67948
41347
84215
79368
63905
20984
27145
10545
99027
588
75856
32455
7322
11364
90070
3509
77369
57096
66476
35859
31505
28202
58652
85990
77527
50362
58
7718
43414
99539
4943
82091
25287
3217
69721
89732
48829
25604
92515
40875
32180
74092
30674
18067
70645
30808
64147
16359
35122
37730
7585
94756
67208
28151
85399
25034
44021
12423
58982
96627
49016
16403
61663
30134
95683
64371
20352
58311
8955
64606
1565
9149
5517
57973
25212
90652
87822
61268
93375
18957
13373
43044
41062
34629
69036
22036
19776
93483
65667
53119
78700
39220
75863
79377
78467
75177
94644
96143
26787
70286
76542
46226
84355
17905
93227
94562
25416
16660
97278
39276
26419
262
4256
99629
67797
41999
81295
90534
10730
92643
95359
96935
80924
38102
7517
15311
19741
86462
64023
11853
61384
87381
45354
28225
80668
91768
13363
40197
92015
62317
18361
84881
27192
9502
39248
46219
38054
50015
31500
68616
73213
66140
87194
46431
35145
69999
2849
46385
36424
23900
78741
66421
17581
1992
92272
44096
45308
59888
74770
77026
17900
96460
41774
60758
55334
78276
25675
21160
43885
77404
90039
3023
53652
52658
55776
86111
38934
26833
17187
30515
77686
36548
1807
93033
41342
29566
88902
40638
47161
88135
98507
23361
63145
11271
93215
66502
99992
82661
41292
88817
15071
74133
33857
54168
10721
71153
69447
10196
333
15160
74986
37784
46511
29055
14823
44229
47656
16759
87654
95096
99996
66595
56661
34059
59338
41571
60368
11815
99157
48832
12634
77749
21237
98343
57982
21261
35980
80711
95191
29979
13293
57758
62589
34267
69867
17718
12770
90858
96036
20595
70276
28294
83041
83302
30280
95972
44176
15680
39735
11699
38858
55956
90407
87581
16718
36612
10218
1581
18462
1859
99033
58091
15794
85360
23976
55561
63400
22372
66826
22073
46946
95062
43482
8533
21160
94285
98366
48995
48103
37613
97307
22791
55220
51246
26793
4251
45766
9934
96362
98198
90350
81519
51125
7142
1955
46302
70522
93502
84569
54284
75674
94178
77154
91010
44246
60648
69888
77975
16637
9220
18290
49595
76840
55890
13526
71183
42558
85567
2223
68476
93313
40401
55862
41143
28911
92892
51220
22278
59773
89200
68763
7933
85194
82980
74977
55403
70612
68087
19064
46921
80260
47904
8867
90703
84
25883
37435
7269
2736
55703
4186
23607
10486
87099
38296
91034
32857
3376
63439
71593
93149
45180
32530
45832
22858
13843
1611
26291
37338
80262
79928
94900
46842
18693
55168
10784
46840
44349
24267
65786
40503
31721
51119
6105
27138
24711
53331
87431
79083
33292
34213
66036
80973
83262
37024
7063
14033
6210
21761
32497
34622
87451
72607
76682
63621
60745
57789
94545
23667
26818
61614
53962
82200
36164
69869
25736
35350
94936
10403
25422
78581
99221
84871
59859
52308
2748
23647
67782
48998
60602
98410
78095
19419
98512
34645
77676
18662
35127
61157
69486
89067
419
1628
35148
30481
62779
97468
31206
77689
54827
17831
11508
16829
56648
61572
10670
43448
93072
42744
83824
59743
2018
56338
90408
79660
7602
81714
2199
55388
68924
50617
29546
63491
77975
53545
61568
40716
41462
95922
91134
17925
11531
19684