29257
68977
85620
58187
20611
58464
96759
14436
59994
25626
83574
25486
28109
12575
72186
74499
80821
86171
99820
2369
88095
11092
90370
92362
71175
50477
59739
74801
37482
60597
24171
98399
7837
34562
82999
53748
17543
70043
54419
93345
478
50465
43783
46810
64601
72385
19366
66253
60280
4932
88026
72630
59936
49952
57987
33836
45412
64254
7304
16446
41039
86529
54686
89537
4251
35150
78379
78219
59839
36090
49501
5766
19755
71366
77227
22512
69878
52104
26757
88330
75247
28734
32304
5512
15338
43380
16276
74006
93654
71633
69270
50621
83740
24940
22904
74680
19627
1040
95671
12610
23464
60239
36500
4230
81293
65735
73961
72565
50967
73957
91249
48147
67531
40686
3558
69601
97526
73035
27652
81338
44826
63881
90219
81640
54677
30902
95949
89523
48488
68053
11752
43402
3169
65546
40992
52436
31293
30035
80094
9693
68809
82322
40815
53203
71993
8269
26337
99426
27908
83130
79504
14370
14322
88858
8960
53963
30259
61147
39886
2960
99526
33279
31868
7082
23848
49378
90812
99445
89742
92234
8071
29681
18088
91949
1803
38961
72797
76467
87462
68687
69520
7479
53078
50197
91839
22176
34921
70409
43614
54855
91279
4096
17808
97920
31618
31559
50608
581
99301
14758
39805
26387
84489
14526
75702
29983
77171
45021
3571
31671
68609
32221
12966
35560
57872
12158
33276
36186
71946
83744
59252
72502
29350
20299
9757
82978
96025
34225
16648
16483
73444
58824
40404
97473
51768
48658
45914
3268
11493
58983
1916
51227
52195
72609
75596
16619
73963
47429
46426
21910
74617
49505
40167
62154
5296
64058
14103
42375
42941
54265
46356
75158
26127
27777
22963
78577
43560
85217
13039
59462
67456
80374
53083
54224
47377
1549
39790
99393
49897
17108
45408
77134
51906
89521
92661
58982
90810
46597
24731
3096
62850
94157
36433
22106
55096
900
28746
4982
55626
66308
69121
63450
9644
10153
49517
62004
40796
18744
30890
32708
92071
4647
58450
15803
23757
58466
67255
73184
91129
30395
29857
48730
84570
59000
26064
46182
84069
55863
75135
60300
18336
77122
28252
9440
14910
3694
25855
96193
29800
27355
40483
46767
94453
98367
49566
86327
37042
95055
4059
33744
75148
5927
88566
35884
37141
72535
50787
70717
16308
76652
50880
82743
78728
53044
21150
62024
37811
95321
19751
45095
94886
26195
31684
27799
12913
85260
55713
77775
36307
95129
69232
86102
50296
9785
18628
32608
35089
63457
8361
68693
14611
58533
31099
13053
19511
83036
72573
50364
8584
60150
9482
23959
29877
33171
73389
33900
7408
63196
71646
12058
69176
84613
12159
36224
17890
25720
83108
70251
24741
89329
55078
64567
43589
96031
99748
18864
6649
48626
3675
60466
69781
55141
9640
596
3889
29984
305
29950
10239
23314
22968
19574
93699
66810
78049
22015
71338
9575
73667
1753
49402
60292
46888
68746
45203
30210
93079
3865
41341
66100
21696
29163
98173
63503
38963
60043
57009
85625
97462
36808
37641
9769
25038
30858
28388
83087
40305
50258
19182
93815
71964
63747
81310
63097
69030
49284
54879
75561
64808
14970
8791
68777
46293
44319
85032
84852
97418
79539
61326
81186
19878
49259
71610
24599
87914
16516
13642
20703
65290
79743
4212
34633
36038
20746
7966
37416
22646
22335
1633
14659
47992
54724
82159
49705
21690
69163
95519
52525
56049
7594
41145
52244
94338
24516
47495
63476
46693
95420
96287
42330
14827
8044
27036
35563
1052
75046
54493
73985
15951
58970
34312
81825
67378
35853
7512
65668
80387
95732
82715
29487
22738
57308
31064
48610
25704
17319
48065
83307
58075
46891
94793
85458
16230
36768
88492
37699
11050
17429
12352
70255
31584
66944
42654
61042
88322
70344
74456
43257
76887
61573
78980
39448
63435
41475
3421
51477
90400
40789
3089
500
58079
1637
42735
32735
3044
7930
56537
11076
93944
44839
13047
37454
44045
76119
24681
9487
43361
98323
49042
98453
93104
34637
93023
37869
8853
17670
66842
45175
17004
90086
98853
86703
25488
90687
13672
72376
14035
45348
57142
66450
61192
19304
13222
8702
52405
43888
38811
86947
51609
7004
44569
60088
37430
51951
15682
598
6290
64991
10288
78737
78715
98350
47522
29159
53271
14977
26150
55758
36309
79750
33240
12605
86295
94306
70817
88310
96748
57640
76089
28257
78582
14974
99936
23953
50900
51326
55664
95406
32744
88037
67708
25362
97613
34863
47595
61235
39696
35337
43099
39110
29992
26248
19925
43532
47392
59943
83248
17947
43142
54660
79492
72356
12728
8834
90519
59451
68890
97149
99446
60573
53691
45313
72325
95218
20468
36184
6406
84471
72694
13049
7651
51490
13131
62549
97407
36955
68835
61304
49272
31094
57734
9142
46503
85805
66481
80973
7288
1388
92194
14975
72388
77749
92090
66697
45254
23751
60586
19549
13508
38975
92385
90615
59985
66589
92241
41660
59192
91171
40083
26464
22511
29254
20800
92490
37569
54777
4939
44214
43905
79948
92801
21616
63987
92213
60167
87670
73249
85193
63838
34664
25877
58997
49123
74560
89129
80702
23993
56242
36008
46095
17852
12598
62419
57922
92192
33351
62408
30356
20322
23587
92168
12632
43645
32688
77574
83408
1300
6085
62485
30372
24162
84847
98109
74486
52684
86183
8471
22950
84596
56191
19792
499
22972
46297
64289
10294
90912
53758
43557
31319
59788
97850
74906
35951
28138
92224
23948
50237
20704
56826
82135
90714
48504
9044
76729
15254
79394
12250
82343
96551
596
72138
51707
99996
44960
17484
30350
9792
73098
66794
52550
26226
81846
14779
67402
83276
79711
31198
14461
29812
24921
12303
94076
32939
20851
35916
37126
8043
83452
28542
5246
23208
61665
63939
95188
68216
97621
36033
83629
87193
78129
54401
56164
56335
339
58370
18194
86080
14380
24896
56953
77748
95632
99969
94143
27341
58650
76423
8765
64499
22891
51719
45633
9198
57775
49124
36521
85279
62688
50711
99699
97049
16852
66739
41327
1140
7965
98620
89172
77399
15813
82357
89736
17238
79476
94081
15566
6713
22806
90424
33312
39878
58165
13591
29711
32167
66564
2471
29055
13296
6664
95020
13923
38432
4592
53719
1914
97104
21750
57827
20048
82104
92008
558
86086
74593
51999
13301
63349
90671
7752
55559
78286
76104
33137
52160
1605
33614
66841
12874
50851
34889
37040
116
11048
23514
36019
56398
98524
50987
85101
96513
76850
89949
41441
20710
62839
7623
96187
21839
6499
11932
65343
84662
53742
4225
70140
26128
12130
32073
7038
90239
30707
56012
7044
49390
53694
82819
98053
19531
96453
2021
13699
20821
40997
3054
20707
3681
57049
76223
13116
95826
61071
83956
69796
37601
63517
84119
66903
25087
37075
42159
52397
83784
2612
20673
4602
64481
65363
42728
84289
75989
66272
67290
54775
65697
89383
46648
66470
42524
20794
5651
76708
22
96987
96188
27649
96170
58799
18392
45879
7450
32453
58577
83874
11427
45481
71523
3794
70701
82343
71029
11869
60487
70959
50810
6746
85751
15744
89493
22157
47654
99540
48850
58780
71314
83170
4577
22005
20184
32519
56799
70294
1
62210
8687
7704
46324
94425
51377
10565
97663
84678
65757
90552
34621
23213
62603
94559
63334
49325
80383
84377
59662
31532
26277
9291
4814
86638
79457
6901
97442
62091
59130
75094
95485
4958
99392
86622
98346
70987
55316
64229
4518
5643
23894
17300
33932
82971
96022
1927
94091
74563
48680
63005
94256
10012
60870
23799
49802
13332
64156
16837
63293
97995
33436
18487
92461
52312
8655
5170
1024
13040
10077
44540
87712
48786
10488
56064
53282
9087
86026
31554
79180
82368
77897
26852
83179
68623
10763
57381
15553
56748
11782
97122
59663
34215
1390
13051
28293
8776
31725
30276
96910
24302
40865
65875
83043
42494
36339
4996
23454
75374
32588
21977
69683
56321
95050
13266
12446
62024
81377
69503
87480
24143
32456
44203
26603
90863
21505
67536
52199
7180
44854
58796
45605
61603
49270
27464
98219
46655
90842
39236
31490
28525
60763
11223
48531
62564
63852
74660
37260
18132
21176
41219
13187
48720
55274
74455
90433
63390
73599
75331
69301
12353
52303
23691
32553
60932
53655
37460
73402
99533
46112
99645
47329
95235
75618
99113
89348
96337
4704
35584
81395
48835
33556
96380
92627
12410
61686
74226
59111
81650
63240
40255
17083
47619
28683
11536
76906
9642
67651
79801
7753
11580
32326
91318
41634
72457
16178
87842
6528
52544
33438
48919
18770
59120
20949
33600
10425
37807
94707
32720
81963
89582
39169
35908
16766
25267
51696
92183
87169
88567
1491
99736
42710
99756
32298
23448
51937
62490
7558
38142
49421
56619
34248
37315
5754
13092
49499
65064
95114
99511
966
23055
50987
69800
68416
17501
7697
91626
87452
93421
82071
5204
92898
93972
43968
53731
94256
39613
72817
29728
89704
25236
70708
49718
7318
45307
48444
37137
60339
115
40591
63620
72022
76721
57830
9847
19927
49673
67761
79449
75135
59886
93879
41494
91710
99779
97825
52945
1439
67820
19194
46684
55823
67956
32260
91104
23978
20544
4163
46985
40002
84027
44196
63095
23411
68982
87572
53700
92905
94771
87120
21423
70775
43305
84967
42637
35491
72336
4781
73848
77846
75324
81279
55781
57335
95238
92425
81709
78362
80143
18162
40576
77466
30287
22622
55856
43849
83762
59987
3555
66416
6332
90515
24273
28550
64603
47007
28865
1655
93418
62277
1811
9402
79592
75899
79411
75961
78827
16254
91411
50227
37623
40250
40846
50693
70325
9171
61295
20045
74208
70440
64671
68668
44610
17903
30850
22837
21132
68205
21368
36482
46191
39931
78230
15523
85261
78981
7678
22109
35098
66901
44795
59473
93550
79329
62376
76307
56479
67694
28519
89527
78211
74680
35194
36576
15990
18306
90878
80789
15271
45790
65777
43387
36860
4578
89854
46159
32845
66751
97916
80878
87141
74650
52714
29669
58331
92195
87819
58694
13467
98504
28444
63300
81206
50960
9274
26815
48394
32196
29387
30656
72730
14352
32823
66021
89019
36853
85626
34494
48010
33999
60151
1991
46490
3060
62782
87239
80587
54451
92536
65154
44529
1333
65616
51916
32597
4915
4488
90854
21601
5994
38716
59507
30001
3087
45807
25392
8278
65478
40981
12096
19643
65908
68434
3725
55650
88210
91320
16254
95614
95855
54902
1393
89137
96298
90786
75074
8772
53198
97963
58352
23309
84518
63929
44991
69412
32048
29476
57416
89093
95312
69041
98067
77073
8408
82594
83875
35666
2844
8721
12594
38638
74678
24939
4040
2145
67851
76099
89060
95379
29661
60372
76354
67178
33439
58661
61940
24421
30678
48138
85388
57087
98178
66349
66489
32772
83964
64154
54315
99453
5928
76505
59728
92147
93926
92995
77468
53589
27310
46810
83486
81676
43339
59614
26797
22980
17890
25679
37473
212
69331
39973
70010
57006
4574
82328
25806
58900
75320
73620
12764
21647
36679
34554
41517
10703
61046
78254
85398
91788
60135
73143
22509
19050
24016
19160
11025
10424
27687
55408
44282
57329
8115
98872
11810
57915
62052
78876
47600
74322
79277
5772
25750
91351
20230
64176
21362
94131
17831
29207
42046
38711
35096
71791
69347
97937
78438
3373
71407
12569
71155
73581
13191
9542
9134
44474
16544
377
36684
48682
47463
81036
71862
60660
67900
73922
44149
92343
47086
61885
66901
56604
89695
11691
58469
90766
56398
46034
81542
17605
51038
16720
42537
74281
31005
50363
32886
39867
78121
30915
84036
72941
49040
76367
32792
28959
64557
65664
67562
49381
84027
77945
15800
23529
91431
51993
65956
74914
15490
16983
98923
49518
14144
68712
32348
45549
18422
70167
56729
55504
10387
1646
32145
78345
6194
93385
49855
93686
66310
7348
16968
17773
3982
431
41980
95482
97441
30400
33280
14846
28919
55922
1255
5110
85113
97083
72335
98437
97480
10774
4845
94638
74034
54615
59886
67683
11163
88631
57912
62420
59315
98564
49826
31932
38645
37725
89461
83094
8561
16459
85945
80215
77680
28418
61083
51825
22544
26626
62321
50694
67016
30966
58222
67438
53847
41634
40839
27119
10538
52455
35566
69465
69289
74112
32075
12044
1870
53757
28541
20643
35997
47298
67284
80608
80719
12193
50966
398
6482
41825
87901
11239
37429
37970
7905
29602
98414
66004
3816
67467
25323
45071
55572
35721
83642
95449
93082
70066
57069
55590
5265
74702
4049
94219
85480
2533
54517
18449
13824
57918
97425
34566
2222
20188
33413
51158
33068
26501
39711
76396
96401
51121
65098
86329
27815
13831
16546
44925
26963
4871
47931
62366
71792
73809
14561
29245
78049
82135
23969
60402
54233
1920
3041
21994
27629
43166
35064
98358
37546
57583
38521
35564
40304
52515
32618
87347
83774
47251
86193
79958
3537
91747
13874
47512
38248
27478
98708
25829
39975
52384
8225
67534
86194
17020
78391
60302
77985
24165
78287
81441
7349
79222
26498
7972
70018
67146
61903
47360
90315
85162
48439
6150
42420
35431
58841
45471
46014
50287
21322
98476
34935
59698
5745
15918
2097
37324
60951
81215
93131
48036
22769
74557
48377
82910
62983
33360
64451
31688
5600
10996
84424
9488
95906
83955
69316
68665
51369
30541
87985
18918
80895
79013
64069
62359
89207
62551
41103
54792
9143
22180
72847
96368
97029
43573
11416
31442
12868
82351
55429
59471
93042
94092
28615
6561
91292
76712
8916
76603
45318
8314
91012
94241
8270
90141
94007
1026
43110
11499
34957
53509
49375
11743
31913
80209
15903
92735
94506
6056
79505
20023
59061
5974
20844
72055
12286
30443
40495
79190
71983
67703
48975
55886
66624
78846
63606
79075
29514
35292
79060
90681
99914
24702
39197
65257
26190
98666
84547
31783
2422
72746
4894
64696
7299
19007
29439
91319
37226
48564
71023
85975
67354
67673
66474
65588
27451
62178
59952
56376
34573
81648
90540
14255
44746
28494
91332
30697
77810
74923
36048
80103
4163
98513
46124
58932
36496
69015
59597
38822
5538
47242
71017
97273
94082
82629
747
70392
9473
92023
74018
59141
54028
93122
70978
49449
53294
86669
9100
82216
77935
84358
9187
68512
87961
60094
97321
61146
80907
38091
49994
40331
7235
58174
46500
39774
74217
73496
68051
2409
74507
48351
30286
27993
19990
26868
84635
33363
63428
66651
27274
90773
52352
39478
24287
26416
14987
38740
77881
71581
6436
14794
31489
24071
60455
55020
45769
21072
39216
26516
17184
41653
73553
5967
51158
73024
22996
64822
60590
50458
98311
42110
25605
5450
68432
97023
5082
9603
88725
1287
55262
87954
77572
46554
94320
58685
69179
89332
73773
7388
32155
28958
90600
75013
66587
23257
51544
67086
40508
59723
95048
84933
75471
1699
76958
26211
27857
85592
73864
88122
68795
41320
55082
1352
22778
11466
1456
42080
29844
69939
60436
91847
76150
45040
96556
91823
40046
65558
7783
96072
40482
86203
51289
89788
38699
80083
83339
23962
26646
21234
69570
83854
2356
31094
99056
50839
6276
97449
95511
98325
49240
63391
16846
37301
20171
81083
30669
52275
785
75190
32454
38927
48554
40234
23587
9639
80277
75392
62646
88868
93909
77675
23622
5753
51714
9956
22959
14892
86351
64442
32102
68504
32806
67176
62568
14829
21500
15644
50661
67644
78491
93742
54196
43323
58328
13621
99222
38160
68658
4036
81266
84094
13489
10868
81239
74565
58678
2137
86115
7647
751
12006
50501
14552
30987
92503
62909
13898
71364
33737
37914
29584
92611
90665
46651
14249
2535
44360
5607
48246
83567
36699
64959
38250
16176
84290
17779
15784
75940
42450
81062
58647
23851
66594
5033
82553
50052
94513
30181
46723
49794
9461
77381
94023
39189
39810
31273
24137
83101
66735
83895
70413
64378
95147
15277
15644
97216
33437
56304
96976
77957
20438
30498
7650
82281
47908
11352
72050
18143
31407
72397
65293
56329
76577
68658
76046
15316
84644
6462
54015
20151
60037
13059
57522
5323
56293
50652
27282
99591
47041
7913
51310
22727
20190
54025
25368
71801
32978
25146
62281
837
87030
29603
8245
80719
1335
51638
8968
39967
51864
57095
96121
95549
8693
25566
58745
88106
9437
33499
71283
78149
93938
82307
94730
34106
2836
13240
51084
1751
8752
96623
63196
71651
7454
30204
58015
45868
81416
82317
43067
18390
58159
14497
44953
39718
44222
71777
10086
59429
11318
30890
26390
55306
47909
87186
48584
50710
54640
41035
63757
20783
46031
47039
24278
31564
25314
10294
18939
69194
62502
2209
29774
17915
17811
59949
19243
86207
81197
97186
92467
49119
23786
53596
19125
5776
11991
8008
12068
81044
29199
37652
57625
1308
71457
40519
20634
9523
94027
32296
28651
79279
42550
35520
45515
50391
89498
28491
1990
94180
47279
25119
59843
33701
7969
13502
29855
9906
23437
74413
32818
72821
67061
37252
48523
3529
17446
27100
29142
72380
60282
29284
84278
63615
69913
63285
23576
41522
60357
24390
16567
14667
41916
70605
7987
3504
91814
36940
70377
19139
42835
40226
88487
56342
50539
87930
87120
93593
38587
94628
78622
42222
51373
90684
69344
77911
91473
73283
37760
90489
87216
20266
90185
73061
3176
65011
47180
43948
18420
14322
36265
4125
92047
84811
95894
86776
56740
74485
8324
43277
96769
6381
88187
39814
25421
69247
2163
97924
60671
11841
53832
93691
2234
26726
15619
79482
32971
50361
82924
69637
65340
41502
9716
22630
42060
13537
85353
50054
2355
90354
90597
67634
5741
78287
84772
20631
59198
79248
63593
71672
57009
93717
92733
19899
50826
20675
31916
62120
53208
35946
63729
22577
66808
6861
61470
41663
34643
10351
30462
82099
9642
2520
44759
7446
11982
75574
38849
59194
55446
79655
30197
40310
97731
26504
74225
64495
26988
55125
1306
63401
39753
65196
98768
68106
22352
70111
84217
36162
35811
3830
42288
95980
25480
76017
19211
94256
20832
46533
11193
20816
47972
80326
67272
67280
92641
38022
1425
12623
31603
65900
7197
18890
30863
37869
1546
83582
42011
65722
79614
74448
37920
64596
44708
42895
40282
11547
56375
49404
89720
12934
78382
96715
19318
70251
95328
96578
28982
34911
78732
70
17400
21763
59445
68063
99888
23181
68730
49253
8508
70570
84610
14162
14792
19271
32819
45409
439
5849
38928
72314
81162
85947
80570
83121
78536
90699
18520
72458
55688
72034
77596
376
32406
41006
85153
16865
43692
38139
8760
91283
50258
57025
44324
34938
69854
84256
24941
64572
24672
78341
79394
59606
66743
90182
18674
43167
92203
59117
960
57657
93193
72716
64696
18245
43148
49547
42524
79848
60320
34120
54805
71736
49009
76390
84798
35466
51797
26125
81882
63655
4603
77172
6628
41293
87487
22188
10653
39223
96441
28732
76532
21248
41640
19301
7474
24873
9236
1423
22560
87136
58778
58058
3668
95534
98000
75440
6368
62396
48797
84297
91575
77561
17049
55966
52698
45931
1806
39253
80913
98708
12912
90281
29344
2530
93091
40834
20561
52649
87091
87233
36461
95140
32033
8004
46388
33952
5871
93137
65633
97677
40754
29874
58426
4456
90680
98676
66962
89334
74685
63132
77995
56366
21555
5187
36195
62936
43559
25026
7052
71889
42720
87541
54617
26147
37012
18670
6787
7147
21306
26100
22759
92457
28437
1107
27250
9716
50596
49881
82977
99352
23040
78131
41901
61539
56744
6324
31797
78899
31749
65329
14547
14837
8672
92217
72858
17555
28504
66561
63719
32829
36042
54727
58879
55867
13634
43090
37189
37821
21619
56744
85289
61808
99246
97440
13349
56900
17333
55295
82765
83953
75840
52645
89471
52751
49787
60559
14983
43034
5727
25223
20399
384
79254
92953
72839
65829
70576
15557
56264
42955
56886
59321
82473
8273
29362
7813
12499
308
63335
23743
94609
80786
14325
89494
21062
5423
33192
73567
7006
53673
69816
93856
71035
28175
30153
1961
39021
26697
68651
78258
38238
56070
33014
15754
43606
10483
67556
37960
11293
28402
71810
30921
50161
29579
52291
68792
3159
10889
98135
82980
92456
79306
39913
89445
14455
71291
97919
79560
75235
91935
82887
27447
3435
56677
40837
26196
53346
85100
81357
72388
31657
32128
94435
98429
41905
5972
81543
9526
76790
12886
17653
51359
83133
44607
14996
92851
25940
340
91577
14019
90594
26591
48529
56634
34093
15688
67524
87048
62367
65286
60735
36490
96065
3313
61974
94965
94796
17760
61739
70004
67051
11878
12104
60016
26428
74522
43139
83496
66377
92071
15508
49181
51511
98174
33198
7633
53166
26448
94540
25860
89073
35881
13538
46016
17762
1568
21300
78943
57325
55498
37526
38795
51737
84499
92241
93733
13960
85790
29224
39811
48380
1509
94720
70846
18580
2495
33310
1294
82335
42263
8226
57473
74563
98952
95603
97896
68627
91588
48742
9137
52406
56471
60211
30317
30463
72663
14157
99095
60177
78627
66751
42351
95843
45279
65418
52119
70088
64048
3121
19809
85922
38173
76553
19859
45153
87564
97444
77098
51914
68821
15238
36920
99262
66654
54270
93405
67612
3268
22788
96209
57617
87711
57311
85016
58262
64979
44165
13417
97261
81912
24903
46110
72222
2165
23306
99320
67055
89189
82052
9724
16912
3987
25594
46997
50188
56734
61425
91571
62481
79204
20990
2257
7029
51168
42535
18604
6513
67776
94717
35046
37839
58786
5130
46125
30033
77099
7757
29514
51876
58658
45274
32163
29419
88840
14570
65027
23579
93831
1573
53262
4779
90440
13915
5546
31273
60604
84515
68629
5105
42061
46065
7206
17676
3044
23354
668
4069
53455
39728
36214
93699
49152
22096
21375
58295
21978
75573
95442
88949
12955
57235
67733
1043
83860
78750
59482
60044
25442
73068
73155
27933
44946
97128
8290
57609
88013
23799
71384
32177
25875
88822
15657
49739
24954
64368
54322
86047
19711
40943
43084
76280
96645
23697
52208
19532
69883
77016
37935
90191
42285
19588
67554
52433
99211
17682
16597
75326
5492
36843
5632
93097
70842
91666
95630
66818
10035
85347
8326
76302
58852
69513
57736
19252
371
92520
90363
65994
13696
80312
53634
63239
85165
77031
28010
71236
40622
63266
96099
32570
87709
89460
15978
62177
33132
48354
51545
92991
20389
91833
79656
58613
12909
98936
25140
67283
47765
47579
29620
75458
63705
34843
83933
59760
6254
49530
10404
73921
1021
64482
2481
98946
51320
35003
65677
58148
45048
86632
46308
85187
79245
57546
65009
7561
75067
41593
35270
32377
81499
17235
39729
26238
61474
87468
65931
74240
21964
60371
44189
63206
25780
57667
453
56128
82175
63404
17696
62775
92019
43492
5185
3086
63901
99257
25000
30451
67128
17452
86792
86648
86250
41369
84519
63634
82491
71910
99915
81582
10304
15784
49326
29872
5022
48109
34328
9597
37617
39911
26684
49602
87506
68060
44682
94261
46691
19122
59578
29210
54640
13105
40011
85558
87362
69493
69698
42342
66963
90014
81986
16044
94979
20075
53470
51839
11063
6659
89045
82562
31302
96990
46753
33364
82234
99093
39046
35774
79644
94941
28185
96626
45634
72575
17128
56808
44815
54340
78290
77404
84574
6096
36662
1160
74827
32501
57200
37233
54005
17412
63579
24952
33685
33043
8522
96928
42560
85668
98151
5945
34723
26375
69696
80595
14677
96500
44094
82578
70538
36900
95627
73801
82106
59014
70022
59276
9374
19413
99390
82660
21534
33414
98100
47077
12016
67471
16732
36255
85864
64284
64044
10651
82485
92607
24948
67586
15908
56585
52281
69693
57012
90636
33511
20560
35112
58985
20949
70469
731
51657
77571
72512
59524
79579
69541
57919
11808
84615
26770
53319
52272
41018
44847
89042
10791
63308
95270
2362
40429
66748
77686
54639
1489
65910
36983
86214
60654
59061
68011
94087
90035
19977
53157
62379
50973
40594
55537
61597
83738
37527
86719
73844
69228
83855
16292
74331
95849
84693
32287
10888
10140
62400
92671
40945
82465
75047
24989
4516
96477
30135
18804
52349
84115
96942
36294
43531
50993
7672
2488
76741
17175
83004
100
38222
26778
99635
16266
82170
40577
51410
74969
23104
40550
5889
14569
61707
20391
33140
22278
78199
7247
48510
59827
86575
58192
7900
15833
45901
67066
77054
97866
80530
24119
5362
50281
16651
49345
59035
92269
71651
77231
89138
73335
71442
46524
78497
21060
97412
54406
41152
45157
5008
67081
33132
12255
34797
40867
93382
23738
63244
76465
55418
53423
97971
93549
65033
67334
13140
51302
95938
79245
95864
85431
20332
45487
64193
60820
22578
19956
25664
79603
98635
83165
45066
73153
79647
3850
65275
67414
22822
92956
36614
27178
70571
47458
96379
17022
68589
17451
20771
67462
4211
63212
8534
7706
86692
16188
65152
75034
27716
62634
41345
21597
37994
47808
57216
42748
87950
46004
81277
96363
38035
72067
95966
19055
96216
96245
3749
12959
6566
38477
15176
36092
5842
56984
10077
85865
4078
84347
34853
88641
10558
66966
55613
66866
81561
18142
77161
44114
53922
74212
30489
17853
39954
76395
38162
47409
69105
65937
1249
6279
19065
54734
13826
43767
6217
79770
81245
79749
42008
6284
16955
68366
83421
59380
95845
58775
61310
93148
54653
60845
15177
15731
55203
53144
34087
72390
52980
52989
53861
513
60257
86615
21503
47176
17311
10387
98903
63539
96585
55088
72032
9576
47347
80912
92177
15198
6464
27193
10095
36986
72410
47479
75275
39093
52766
13039
27066
47974
84089
82572
17964
8805
22647
70845
36629
87728
99866
24487
78083
91801
63125
87599
59955
37977
26242
51967
82356
28407
54755
82669
3197
70475
70185
24583
56892
76390
65286
20581
95603
4095
79319
95945
69620
46255
47383
79415
7311
37984
71372
72479
31404
86926
64889
51009
21830
14221
22157
34267
41387
87951
5325
86512
27515
7830
49926
42125
19882
72448
62456
98888
68040
47820
38030
88049
48299
2732
7818
89005
12335
54197
65407
23303
80746
93115
92858
23809
60044
55610
81080
8649
38860
45623
2353
91355
97907
52684
79918
91619
2676
99468
67635
51107
14306
79154
69855
81244
44779
38713
8235
5781
79701
52988
70662
58059
52406
55951
94301
78529
61476
9116
13534
86516
61834
77136
77943
74604
45629
20437
15806
2075
56803
38652
49496
85286
75971
6440
55008
32141
79164
4414
46719
69884
89290
57328
46339
30245
61273
45240
17125
9052
20492
54094
46227
48315
96488
27273
38185
38527
45678
35576
14513
56010
98332
89847
89415
83752
68317
56980
88513
13967
99979
53421
14818
29592
37383
83468
82702
1560
26665
64402
36925
85481
94793
83621
80870
89384
21584
12488
39779
26709
74628
16698
83804
20349
77250
60497
52537
39865
96801
46555
91543
18157
95443
12459
31040
50872
17107
59456
19808
55199
35250
78477
16265
40919
27040
1096
93858
44976
97873
60482
47202
64698
19030
65606
53057
89060
85621
695
79115
23517
42874
49828
18669
52649
16359
56170
8374
91256
45060
39886
50285
73641
56927
73001
63708
47916
22090
50499
66964
28270
80554
14350
79704
54634
47222
64719
26343
67087
15979
76912
92224
55849
48703
32504
77967
21254
64447
87264
73415
45221
7106
74043
8048
23994
49999
11577
65011
14067
2268
27073
19065
60975
69646
20353
8849
50979
45435
15671
31334
80064
65371
53009
33255
89398
52618
86749
62660
75485
11099
64765
21361
99075
13032
14116
52568
51771
59685
89839
61494
16799
76919
37887
43471
24920
68520
10144
92593
11968
96537
91190
7194
97099
97134
39567
42332
35362
7712
49296
12482
26716
21943
38460
40333
39944
88774
30773
15819
50158
80505
52375
73845
1789
24394
44823
50339
91906
60871
66249
68769
85858
60067
87160
66460
75295
695
93422
25716
16255
35399
13279
89961
36171
827
29600
26199
97998
72916
68581
8826
29616
37173
5970
88474
14492
71891
81790
68705
61210
42985
39859
27726
18833
13196
66360
60459
10373
99419
60251
92968
16230
93436
79431
2220
37211
35544
45023
89220
54493
65414
41354
89
46801
18207
57583
37471
7971
12114
67689
21982
51621
31288
28479
63500
77262
15765
40236
94451
28647
74123
31411
36933
32426
48538
17394
64661
80604
40970
66702
91559
49939
47557
13331
17929
64960
99922
88715
51496
15995
50450
13150
56743
52100
56142
88579
41508
55115
50079
83956
54583
81048
35119
59771
39191
40722
22914
49246
41438
2045
76717
1615
7828
49123
98217
65603
80175
60021
82814
34943
24588
54353
86420
93763
89574
44618
73038
19975
69546
30886
31864
6613
17752
73106
14008
4179
90248
96011
93133
66260
18299
97812
64501
46833
154
52847
26769
11993
84089
8406
68578
33114
2477
41495
74457
19538
66088
91521
81979
11784
31056
64661
91181
12367
23290
4674
1274
14546
90065
84084
52313
49857
56730
70633
65209
82392
98768
1787
28754
35384
22580
2079
88773
43330
97262
39797
57373
87289
20561
9020
79248
35400
31515
46680
55532
17158
73666
22454
34351
53419
91711
21938
95348
45105
14297
1643
77597
42687
73025
43765
55209
41831
49029
44165
35971
56840
18123
72612
18800
67293
59149
64370
52013
14257
42261
89897
13179
59715
36300
15124
68519
59488
10266
31203
47559
51407
5872
31263
52186
70678
62438
91156
70854
75970
21810
82750
56443
42219
55698
54636
37450
47742
36508
7210
39931
72860
65828
18346
47679
54697
97421
52305
99540
14861
80961
95726
47798
95165
29427
78959
68487
33342
19801
9573
74176
6590
72960
34623
95322
28127
65378
70891
64815
56007
5388
55458
44021
33417
32173
2117
92622
34856
31460
90547
61599
63481
19688
24864
69368
81710
645
85150
70315
75273
65914
17855
23383
44538
51040
89637
23395
68035
6
4452
4342
39153
27676
4774
37361
17901
43035
95058
14965
69785
20194
73407
48374
49648
19347
482
44730
9552
41934
96986
65516
22185
49409
42528
45086
29952
82099
40697
47356
78190
15392
80
56581
40888
44586
8104
91207
48846
61354
5442
18183
48024
25520
94585
69884
42781
81078
59893
87026
20900
71386
74554
77167
86421
14921
73913
86212
86494
48788
28499
88578
83826
99078
2492
65495
37875
71775
69381
8654
45841
6752
82973
21364
66381
92373
13036
88272
441
98949
52974
37813
49551
42934
73311
71313
78529
47317
85250
25681
48015
78383
54008
48303
60830
89324
46569
3655
41302
54899
38444
46662
3168
84027
97921
97375
19657
37361
21079
85006
70171
31344
34857
44496
25449
78267
6468
6000
15471
57063
50576
1200
17046
56761
36149
49422
56520
66607
60600
35748
39841
94726
64456
10608
88492
77512
7795
9807
30367
11915
44074
56439
82597
19859
72472
2797
53318
76967
54195
67785
78583
98329
2605
3307
18001
18917
89147
80793
49952
63680
89000
93501
99549
45821
50519
72644
90442
89986
79786
97397
60682
55456
25687
85746
30978
27218
46109
67905
86152
99548
48595
15940
17049
91464
96143
66519
34128
12246
30052
45167
45498
5239
40163
74388
28910
87777
3755
59981
93302
81036
52608
2389
35893
80077
21104
66834
15649
18322
97455
95258
2079
4939
49081
98278
161
14803
38120
44978
45862
98269
63077
6277
87939
98896
49532
32853
91094
82494
15284
74481
20172
386
80913
41835
40778
25926
32732
11589
67730
67189
98774
54961
32829
56222
97437
88965
28467
81613
90574
87749
55129
50446
28382
42812
70746
84994
40661
80209
95636
58686
26388
61303
7059
182
12207
46948
19886
27467
96977
15157
50393
42303
5854
26869
25370
47678
93331
5335
43796
55677
1399
73456
50536
83532
19826
36170
89209
30724
54075
6434
72836
50444
37473
68685
24803
77847
88883
63080
55830
55434
50385
31238
6699
74598
62647
55424
47825
65650
54865
56068
44871
71915
60968
54747
64055
44847
90615
68135
9508
94601
55360
61645
69291
52985
83823
51581
37924
27036
76989
55559
12021
3491
84143
4758
3444
11906
31217
46839
52059
55959
20775
73046
33637
36892
59748
92864
59391
6776
16710
6763
5228
99080
77324
48160
26913
44785
38726
94856
30579
16767
32598
18729
87413
91995
72838
11777
39114
28258
85233
82536
45392
823
76419
4006
2582
734
58343
47661
49060
36754
85032
61610
35400
60640
37063
63081
12683
48815
81918
53624
3056
23690
38750
81105
63595
11215
76803
39123
42013
85522
23682
17427
3148
50820
6716
71519
3561
38334
92269
18140
88233
9145
66359
33910
25729
14854
43994
53894
16638
94077
46837
78018
10415
94136
42290
31072
82684
89637
64757
78336
36701
10116
25939
76437
28350
76283
90798
89717
36963
44685
9022
92542
9273
39034
24836
34439
53863
78089
71458
63065
13997
95291
3639
37382
88518
1618
1010
50787
9008
12908
59596
68688
88976
90425
56962
73332
74215
33720
35340
66467
28134
91759
61433
17410
3754
95878
93220
47292
55854
50535
14901
88095
39047
79481
48398
21179
68595
82740
90218
21420
3154
19395
6468
91401
84929
2371
84261
32620
78868
3947
51955
80257
77573
4345
63142
75011
37536
53822
69443
75749
91908
58491
73751
27522
38195
37294
64472
1173
56019
90521
19408
10298
90120
14512
28374
71973
85761
3307
83715
83990
95594
57732
35480
96284
97115
98784
22624
14336
6326
79795
24767
27307
71145
2366
51022
71004
12319
60654
13615
68157
52729
18403
59450
88705
53557
10517
85867
86254
48664
2084
46008
98804
51796
11520
78447
73743
42910
30383
28044
80901
72110
26790
15700
15116
18674
67674
68645
58614
3129
33242
33982
795
34263
10323
20646
2987
22413
96158
8953
97199
42199
44110
93373
28600
36121
13636
25506
83470
82506
90644
6518
74506
7060
58199
79923
34792
93693
20579
21821
6447
78033
9288
27614
92703
21671
19269
92618
25759
79936
61943
56490
65896
52152
48556
17015
60765
37646
43130
3137
51122
13730
50253
10169
14764
69912
30631
98435
12773
54618
24326
83580
31939
61615
41636
4304
22640
60205
21915
43839
75856
54604
22045
27971
12603
15496
54645
99468
30205
76817
15525
27894
36658
37016
28519
28074
38280
27733
80380
59235
51209
36452
68665
63214
64901
38704
58275
67251
55256
4541
83911
50443
78073
1386
6887
14720
95875
39851
13637
81674
69325
11095
15575
43010
89644
21643
16687
8598
57383
55463
72156
23951
61977
81184
92105
36091
36119
37885
52996
67748
46516
5567
66591
4389
445
62964
85517
29749
7930
64520
50613
51940
39835
67731
25751
83003
49496
63472
29390
44749
11820
96448
90018
85605
36736
33177
74417
58693
67842
52810
51516
60727
93339
30966
95015
11925
97782
90506
75022
16906
21502
57118
940
24459
80890
48836
52574
13544
6107
39848
23582
11830
48066
64589
55500
19701
81291
63536
34468
43194
36105
82231
51011
32578
18027
22619
46617
97976
43506
58393
76269
74342
30438
5777
46660
94033
98292
55758
4559
18858
71520
34603
3706
6955
83387
60767
84506
92220
23103
59726
22138
56935
57595
80167
21873
80234
35846
54731
27496
44463
2891
5083
97838
79554
1478
55666
75595
83445
82019
59972
82230
62283
84125
26718
65085
66448
5688
9180
35880
84271
51891
27437
98904
14838
67694
83858
41931
83313
98067
39976
10872
90549
21259
29060
6520
14217
91564
49228
56675
69882
51281
46885
78854
14900
97476
48994
48626
88105
4046
76757
44722
56417
69363
34553
85191
40044
23664
45060
54868
78651
49621
90871
8633
87033
93260
35230
41239
16884
43575
75743
6173
54161
17136
71400
13472
44540
59933
29128
64910
63809
13816
34762
80293
86571
1603
40275
82115
25524
39788
11295
5145
5622
95289
35851
41275
95746
83975
5381
38362
23926
82083
91040
37542
93234
77682
66260
88107
34912
99381
92769
92896
70512
20738
95272
11818
19538
1257
46525
56825
92054
30106
94581
74256
8776
2740
53448
93531
3297
24373
58713
19162
26689
69549
36770
1105
7052
61682
81438
30805
88625
69674
87
75631
24552
3086
91222
28236
55492
12852
85926
33362
85740
22934
36135
8376
9771
7103
92902
64678
53368
57540
76927
84562
68862
80520
50706
56788
26647
83904
78111
13020
46822
63822
14802
3629
57577
45867
62487
51869
41453
35137
3264
75095
40865
42029
77170
22762
14143
29685
22004
39322
4827
56102
93892
52194
93999
19603
8688
70251
85592
50082
25461
32047
36108
20206
30413
17067
44018
7956
48533
92726
70124
97131
31228
69021
12645
81919
30971
79357
57115
62487
72137
43405
55209
84821
92948
56172
7240
86754
47814
49197
7936
76313
35558
24432
11372
95221
26291
64485
95209
90001
33927
97600
60225
11377
55898
84840
56970
92147
63767
8850
34786
60261
35693
98270
98770
52892
56133
64402
41187
55016
34508
27821
44231
5718
90106
43646
3459
99580
50150
83067
5998
82992
22811
62175
16715
40778
80120
79776
71392
24949
73373
42784
76577
28734
98545
33953
61361
76061
53373
77633
73070
70078
46557
56741
18498
11161
95435
33503
25383
65339
47099
8872
54900
24319
19838
6958
3195
86729
3015
34860
67990
39408
14601
79280
99293
51563
25282
65832
32013
53738
18030
16664
11130
80310
87951
44852
62239
24908
7258
68695
64512
85109
89318
3657
36465
70131
17709
17160
16864
59437
14034
22507
29109
21561
82520
14744
57231
34062
52875
34083
10089
83601
20608
51289
94927
74825
68718
10513
34515
4611
74725
91384
88768
9293
65553
33551
94960
2549
32228
4378
57785
46854
1692
60994
71334
69441
69133
53976
94423
43349
69382
90414
5727
92018
30604
71266
5980
69037
81021
72218
22452
57042
80921
29666
76076
69478
60426
20233
53089
2721
5017
60403
12847
32851
45223
68728
95268
57394
34021
64674
10482
82454
54832
91164
46196
76240
14334
42414
6587
46143
89773
84588
14235
21345
39225
18977
58696
38281
87810
36229
72094
65636
53004
44893
63606
32640
34817
63253
61968
17796
61979
7058
27134
3950
13605
60520
31854
58249
34339
18509
15722
58267
31962
91821
31968
14195
72495
66555
36822
44867
36924
88360
51207
55216
80311
10578
83498
91694
71109
51655
39925
27166
88413
29290
65581
3173
78741
31709
48271
46027
1921
45819
80426
7115
99978
41915
75514
15102
10319
47748
24409
911
77957
75877
44934
50693
80800
38670
36036
19014
12521
66611
40816
20620
79019
19332
92375
70105
67360
1237
86193
59994
76970
775
47368
59522
67847
88982
80431
21415
93531
19180
27821
18383
75117
60179
44744
20676
3205
23258
34108
16106
13645
32325
40432
20026
62094
78147
75369
45423
889
38367
1673
65517
17243
4945
27764
95260
57082
55627
69879
8823
99698
39350
29766
48060
11281
79921
65919
84159
32952
22033
36935
64764
2524
19993
58009
94151
2784
79575
36441
47704
74478
65950
91285
62734
89613
63145
3165
49104
66481
1506
97198
68358
37835
24015
44541
65861
74286
77588
56766
58263
49419
54339
2262
16057
97276
86502
45658
85362
33160
12000
23234
32382
48338
95319
55837
98780
49025
65455
47692
65668
16892
4865
42367
9059
73474
47112
21005
63719
20786
10707
35014
86706
94996
3136
7455
57723
86775
97343
53158
63382
40928
23193
35574
85292
1849
45776
2862
75463
26539
33031
56880
41372
31912
79802
66041
74034
97669
24276
52464
2634
96921
92023
94943
25561
92872
43693
70089
46576
60978
6522
41822
49913
55893
39830
73180
66461
35318
56194
52030
39228
10974
15538
98717
10906
3914
45543
34696
64675
92159
31361
44741
42639
13655
40639
68499
40242
43419
30324
91001
87176
55367
94000
34235
1503
36866
70948
34159
22004
62970
91824
238
22449
14468
8031
20152
46464
98865
60608
93724
32125
74474
99098
68612
37625
11046
8844
21293
7393
56224
97308
73786
90638
30323
4060
58063
56386
2571
15576
48862
28465
7756
54906
4657
48206
99460
67753
61743
76849
81694
42199
93522
50088
6088
96921
56957
18483
58944
97971
29002
39777
4263
7445
51408
12972
53560
85591
58133
79
10700
49806
26482
50309
31507
37710
71309
33403
32751
57342
72556
45382
70506
99638
89826
73566
84737
60556
45963
95239
59106
25187
48853
70711
67364
40471
34962
60242
86311
6346
22760
21670
99081
7926
51902
287
18068
35936
26557
28849
62595
95899
59672
84931
1445
80160
33550
91871
58802
67703
36470
60566
41555
50040
27222
69772
43360
15027
15873
59270
54225
85596
91273
528
58649
12016
83251
49800
25620
81352
15984
90390
20003
54762
4181
64768
24398
35185
78638
98986
8209
57764
92901
99137
53248
29558
35195
3076
9340
43678
89253
25193
86034
19407
79363
7663
74147
85980
44613
11308
53441
32091
57937
54661
35427
76293
41856
37203
70252
2207
65033
61475
42693
16075
13021
74625
22642
24858
78589
67002
36323
78092
49793
49543
26273
68759
18638
77881
76291
11163
60855
41925
98942
6820
57183
96059
24472
26568
33109
70068
43386
35557
96200
32469
43647
90947
56598
77768
45082
77716
61373
53431
1
57216
69865
97699
66933
50647
81202
40385
89924
75384
78517
247
94326
24368
33275
20883
47424
70890
5701
94640
40239
90957
42894
54723
83292
19938
59711
57935
98050
61156
39566
96569
25380
71204
40090
6189
9394
29614
64278
77031
59401
87032
47294
63826
16211
1966
74955
40622
69982
73989
79017
22292
91488
83305
59495
34232
20051
75019
46052
20859
95738
2311
59101
49978
49965
10549
41827
28943
95904
1427
77281
67166
70205
77799
67011
14761
11129
51969
19572
67638
67558
18972
3572
69261
29359
75417
22080
47555
20777
98734
58393
73638
80228
41620
10476
19906
49937
95919
12974
31245
72550
37144
82535
76251
62464
58174
24404
27514
50344
48111
79629
30909
13445
14267
608
34477
83124
99105
79262
39969
2068
40752
84287
92652
41225
39771
3187
23211
97557
7803
84612
15065
81305
40354
60712
24363
34700
65303
79696
84710
64769
49014
98105
96469
95603
93056
67993
47195
59429
87140
94930
88967
34552
58476
5405
35905
56576
42571
58764
58014
38783
39296
18183
61569
5983
27056
9980
35898
40119
8639
35123
60083
94072
49807
70642
70210
28208
98034
57283
36540
98558
97073
3940
28097
64406
89831
27813
1486
30611
22375
96301
52369
60710
54979
41026
74622
14166
75610
75033
88041
7757
64400
16537
1296
88285
4674
66544
33789
52834
98543
22207
38204
56158
91488
22773
32446
22569
12035
87711
16424
53698
22443
98023
1698
65669
53077
66629
76968
28938
20688
9593
17891
24418
25985
89452
59727
75127
45053
91523
67560
17224
17882
22897
10842
57328
5987
46334
41419
23635
55484
10038
34663
8496
63273
44199
57421
99374
99665
21148
34181
18312
50136
7618
93017
99258
29135
62065
69182
46093
56811
12142
47918
73013
66762
53354
10154
36784
46492
50231
37171
1852
29045
68945
20126
83085
55777
14880
92022
46258
72211
2090
61922
21426
92155
10521
9109
38
5080
54346
88544
16895
90742
83976
53522
48988
25793
71325
26271
41751
62045
13220
96608
24829
38558
29680
36299
25448
60410
35817
78126
98390
98152
43023
25814
2549
50015
97850
44034
83284
31890
54915
70087
11677
89822
28720
78890
71789
28142
36831
70175
80207
1706
89272
35010
86803
29270
57937
1136
12456
52507
75417
77520
52057
44311
53879
81916
22677
87102
20378
71223
9326
42701
56918
39285
87281
13496
7688
89974
67722
99646
9997
35665
15090
52480
8078
535
15763
59568
97619
93578
98432
91027
82007
481
75847
30647
33058
87609
40270
76884
15244
22008
35996
50037
84721
69657
31871
27568
23868
27617
31467
68601
39481
52843
9962
23485
53254
8173
44807
17346
2036
2057
25577
93701
96091
11715
94693
62666
62077
62481
11063
11002
58730
50175
21337
80564
94671
84947
27712
82625
45230
45190
78716
9680
12683
49465
34883
55605
712
52490
40245
81038
86188
84165
60573
8035
42461
40763
27969
34292
32762
26119
17851
83918
34115
26861
71916
56790
60811
76609
73328
17513
6925
74635
68707
87344
78481
1693
31298
88945
70628
79543
4894
27007
64478
95872
23099
91011
24602
56824
3584
37120
77521
23276
70799
94327
15788
48339
96840
69605
23218
76496
1611
54465
78095
28066
77032
4708
30144
3110
97484
58990
29926
96314
12976
64507
86568
213
38180
49713
37264
55181
54451
8027
64400
26589
9669
98294
78728
69401
1177
31073
52809
38857
36868
35338
58268
17346
58982
38233
97622
65655
18754
76562
62339
61667
61106
26598
93265
50420
33275
1338
96253
82007
96916
36910
56615
5720
19356
97163
72565
67588
91082
5986
37355
21663
22409
24701
34061
87820
80194
43943
4074
62344
88473
4434
88909
63118
69699
91197
37763
54323
80094
45354
34010
45256
24837
99977
30217
17333
19922
53293
59381
65310
89608
91452
72715
83344
85027
87572
95084
14690
20874
41739
91362
96104
8882
38091
35220
30525
64514
1062
99867
12955
78049
29224
20613
86457
40473
39970
67009
57738
85455
65799
3925
15310
35403
58637
48874
62921
25173
62659
8310
17678
92319
57229
5558
77658
97131
76455
26231
98541
48202
38367
42611
97868
98333
25649
36481
21050
89048
54492
91679
75262
55225
97225
96339
72086
47244
77072
96318
74370
77368
65292
58610
30952
16719
52289
91202
67277
90568
32602
24372
2259
96619
9554
86848
94479
93401
56757
11098
86628
46336
61389
46948
8975
9661
82326
64904
10235
89485
39840
74451
6642
64602
33243
20830
90678
78453
41374
46835
38993
9956
68753
38917
79377
85119
33491
54836
63587
4692
64878
10845
84371
69796
87538
42969
4123
6933
97479
23059
77340
20162
37402
51612
28575
82124
16871
64561
51574
89923
9403
74155
67984
62051
36518
62610
55100
56650
37751
63863
76285
65284
8192
78415
9235
13004
77249
17228
86809
76696
48595
28130
30390
7947
30151
60113
26190
34998
96276
48904
58629
4544
79077
2845
1431
52403
12449
37356
87132
78110
93106
15633
14156
16130
8057
23584
1686
88604
91800
7537
25174
52302
9075
58901
96657
49622
59968
33774
77452
90937
53542
71276
68952
70815
18911
30736
30156
15508
67086
36566
23800
67630
86349
31401
14251
33814
11670
98918
29879
27252
6775
91916
37126
96801
48995
63059
2758
50144
48454
5880
65879
59130
29332
7409
98671
20235
12114
83255
24125
82125
21227
45620
33012
96104
31921
44515
30399
27462
81853
40125
57299
91222
27608
98008
81406
17563
32517
74647
74549
83906
13009
67009
18600
80205
8386
89450
10881
69487
48350
96583
79655
43169
28398
20225
33981
7254
84574
587
21857
33784
62513
99236
87853
85992
29703
66095
10892
78247
39958
36187
56374
30307
58318
157
84427
3934
27396
76721
70168
15591
61136
64146
50326
34508
81506
44646
34775
38565
93657
9367
45033
2146
53227
18943
53688
19757
79189
80414
42945
75765
46251
17765
88022
54881
53530
12510
17889
20442
43753
52272
95213
95048
92220
75443
67821
69012
92723
90284
3320
96518
14053
20445
48244
28607
24540
6402
53656
15576
46967
94526
72046
81657
83271
4186
43364
95357
63379
43645
20836
67456
90034
70486
54966
43820
65352
30552
34292
65049
95299
97284
81376
70628
11875
27422
72290
82732
98054
21131
64324
89721
7901
60801
88665
81920
64649
46369
86626
26456
90226
84760
58876
37857
99534
54458
29774
14044
42748
99558
29815
36058
9825
16378
90078
38340
4016
96456
52146
63177
98968
68004
10875
6642
41338
88553
49580
63100
89929
51555
56119
3863
57741
95878
59347
37531
9145
17814
45611
59159
52478
62865
75434
19897
84058
28293
49579
74130
52985
74250
6882
34765
36624
46035
55952
98794
92349
4683
28110
58161
4953
37673
89358
2803
9499
44034
80560
42124
40775
41259
54580
39142
44150
99988
81804
89113
37245
14800
87671
79525
20218
78713
31134
1987
54588
9007
48139
23624
40741
15820
19601
77151
23725
24846
2047
99543
95887
51595
69794
61244
74671
57930
32374
95322
22007
83927
44441
98055
65717
34180
2217
44661
89373
76624
71962
23727
23843
83554
47688
8958
32840
75605
48767
63283
68113
7032
75136
1926
18213
97338
86617
51002
36064
81610
95702
36736
42456
34462
29445
40885
90099
16871
3566
68034
39957
91000
10920
27771
89591
67110
95362
75059
45784
43226
52865
8261
15107
45415
36426
7778
82330
89757
10837
16809
13596
88992
18073
72779
2937
22730
51243
53658
95520
61695
75993
56713
26544
79014
46016
21553
58070
57820
13779
85464
85076
58278
2276
93972
99115
3839
7694
43928
11525
81758
21304
90699
9538
36167
52695
48304
20325
79644
42951
62920
51501
3917
84006
62811
21746
2929
82038
74177
55817
82222
9177
33986
558
71392
41029
14667
32357
7754
4340
93873
34798
18704
37017
35037
84403
91400
86455
55938
61151
23
14065
90285
62905
10667
53445
49802
63910
91433
52729
15120
21620
69896
85723
99531
77874
86641
14248
97115
63191
46510
1983
74553
75546
25216
23289
75304
71328
46673
74841
76578
39362
82589
30052
10535
88927
24514
54543
33753
73008
77173
59831
43542
97917
60505
68778
84572
25552
8841
91991
7411
26002
63132
801
36287
6212
89023
26200
65002
10444
37129
15350
29076
70793
7442
39377
88598
71970
6655
77939
49590
33647
24430
76436
33842
64114
96909
6678
27791
20514
81030
55280
80387
55952
26117
32331
67824
39377
70465
30811
19043
17819
33928
96186
24805
73322
49002
46935
68035
50099
33103
56823
44930
41470
47029
44372
12932
55843
42796
34505
23606
37619
7008
30676
31548
23707
72960
4346
74246
33184
75536
34444
40544
1276
77350
99598
41435
90570
66643
47898
35520
4380
45675
35326
59020
3325
28586
88665
17017
88286
11603
42880
96155
14471
4920
17767
40590
30032
94512
92529
18200
48153
31997
61690
66023
23197
80826
28067
14730
77199
20032
74574
24922
71637
44533
80374
74553
59688
21454
42306
4274
38900
29621
43927
34741
77002
1960
58993
40734
74163
81844
8419
8659
47608
33688
62715
29437
30501
1494
70275
19810
49794
93412
8307
59930
40043
11964
85361
89253
86624
17908
45248
28346
56718
83873
89673
31545
8192
36349
45060
25314
93290
8333
63783
99262
55055
42840
39770
61828
13554
84433
21701
2171
18563
31566
8279
76782
59602
90519
13038
7875
77207
90881
81467
50256
29121
19834
10015
46106
94865
27678
43997
92844
96926
5991
50800
67107
72561
95168
72959
5783
1762
14153
9591
51373
78169
29549
80001
908
21680
19945
89960
94843
88446
7245
60182
54863
16547
46561
23799
58504
28232
77460
59011
26856
13539
12666
41078
83118
47259
77883
86392
12069
24323
71835
37969
41863
56970
58677
75463
15446
7020
75317
87731
46604
62349
62495
80004
66452
22651
41694
56176
13932
54508
80982
32008
57257
46494
11436
56000
49747
74775
38662
26988
85119
76567
59462
21766
15427
588
89165
41664
24202
62475
71266
48709
49924
63948
38583
65880
53738
91722
76321
90081
51415
28757
15262
69688
57727
65118
95188
5009
9735
65091
808
42321
66110
77981
68555
85552
99962
18504
28810
44352
72579
67850
58237
16139
11965
89130
85060
86438
91080
91524
18261
92758
99549
72617
80772
56263
60309
28942
83269
15822
28787
46861
34799
4673
64614
19303
46014
36255
97982
3953
56716
11145
86213
11158
45478
7074
81905
95709
29533
2619
58983
81787
52528
79959
1692
21271
71638
67852
58282
765
81578
62848
19086
72002
42163
32749
55070
14924
84490
99992
27326
44349
69820
74648
12042
42166
46666
34812
22167
52039
20436
1706
84630
89315
60086
8244
10201
44846
38797
3010
27474
66859
67467
25917
23470
57633
90076
34450
16019
84564
20429
42002
72108
17628
21374
70188
19566
32082
41300
1091
50136
86425
10907
6491
92664
77250
84272
91155
90009
76676
49628
73767
12767
60930
31365
43194
16321
7681
27216
64366
91161
428
33309
98312
94662
86086
9400
81526
84092
85042
79073
47471
31304
75552
47258
79551
33874
74503
23486
59099
47484
38720
15742
55834
26753
39526
83159
66214
32401
59536
33287
83749
53829
17680
47533
95360
75368
82839
98675
73060
5873
67770
97824
86886
50776
17018
68869
17364
69403
4852
24584
5802
87331
19025
37020
28608
99885
42744
85883
94954
15546
55108
71862
38008
83665
33251
7796
57702
66894
60508
464
818
61074
62444
4462
89882
586
2507
56216
29744
33779
13446
34880
51975
70491
95762
65271
9173
98972
14230
10625
46601
70418
83196
96206
91572
13617
47704
54674
51968
51274
32979
15580
44428
69655
72895
90855
79658
28261
66249
33873
60067
3867
8973
41244
59326
35665
49085
14802
59641
89578
31953
76451
46902
48489
98762
48623
27067
2207
49237
78361
1886
12650
77124
12170
33649
86419
83973
46262
18795
18721
22911
96299
86837
38966
99802
43655
30631
22900
97351
15442
4616
88522
85580
90907
86354
149
2588
98186
9826
94575
87202
57982
79810
71944
56805
80064
76320
95618
65257
20169
47129
26248
49523
80375
86334
61331
13347
98137
29916
66408
8519
20894
70476
70875
79568
54986
23869
54696
8931
63859
44790
47549
92399
97321
28640
14486
59587
16623
15470
96191
29523
74927
29169
17665
42558
88609
44538
85107
25111
73950
88904
92013
30093
77286
57348
18344
94002
3573
78093
23902
93605
96997
38302
16752
91928
59057
48032
78542
32144
86055
27977
52406
30388
73682
95004
68051
7894
35938
49300
69460
5209
24362
31334
90153
91184
41931
8151
43267
68024
9509
70313
56620
8561
90509
43885
50974
97538
58489
55410
13912
50902
17540
20809
60043
95233
733
10177
43344
67765
29961
95896
39863
96407
14297
20040
87095
33769
94050
88676
7548
10830
46687
68661
98087
87630
16183
16426
94321
56906
63404
29311
90671
91181
83086
6130
78891
99255
51285
98298
568
27141
75435
56601
10336
56036
50049
80916
64145
54539
10836
68381
64267
56957
46975
88198
95287
19112
73373
49211
9155
93112
43795
48515
11801
31928
93226
23695
32705
629
97671
60281
89834
91944
79057
29888
56215
18107
88830
40182
76359
88355
88883
9808
49949
29637
45360
99895
73774
41410
17644
43112
74793
24802
25852
5822
42161
7144
62848
71591
82552
61429
67047
40774
39625
45153
80526
5925
34515
41613
21484
54206
56417
1210
59706
85986
18298
29742
15020
33068
18648
57149
95287
70410
7549
79403
34429
31679
66245
60657
39081
86108
16368
34571
72872
98367
21399
79159
15573
88541
71201
21990
97372
34135
47812
31338
25511
61840
61799
41948
1026
25742
35043
54821
33735
99379
20956
91014
90229
51437
22967
81548
52056
66760
94979
37561
55406
14367
84944
98940
93736
70739
10141
2600
15372
20355
36159
87989
49130
25647
64984
50046
81567
38088
15883
66316
64740
26798
93278
83463
60028
83766
37963
87997
45931
49068
28547
65224
39909
27357
66371
63628
27976
55539
47967
29068
72485
73961
23345
87029
83602
19702
79747
2592
75028
61050
75672
14082
21426
59461
90403
84819
45303
50489
2891
62228
45648
86608
80912
66135
18545
3018
68898
93396
34543
90469
26253
1972
47387
15897
35131
51508
62146
68674
45731
34401
49610
90159
50552
10193
70072
96131
64331
823
24271
2156
13468
83900
91224
85907
86800
13902
70950
38118
32668
74820
5466
82450
19066
51791
33874
43677
89965
89179
40589
3063
59200
44984
72321
40920
75704
22126
94448
19212
31778
50556
6477
911
5744
34224
57438
86969
67458
92774
48641
18899
5615
40587
80371
55795
88477
21532
74802
44203
40883
35152
61611
14116
90075
32088
43717
3356
72265
91790
24070
71295
31618
24183
41649
98551
61170
28413
8771
32842
46436
39221
62754
15177
99066
95511
17889
60287
63597
92396
60244
45172
11547
79580
82072
38887
86442
56038
43250
16119
34374
77033
56099
32926
19167
38053
97181
15131
41696
20928
59297
57489
17419
96817
74939
9766
10084
11382
25291
42204
28781
62627
76652
72054
24286
90602
19637
82199
62679
84207
4644
11017
1321
21561
53849
31432
75992
69687
97582
79652
91532
93922
52173
9761
24201
61791
76677
60842
18381
25066
47510
55454
83457
92251
24770
49679
82603
47945
95980
22939
33567
68661
95752
106
79138
96102
99849
56147
36383
10300
16970
65342
53010
6058
95490
85118
60439
79089
9931
6002
90242
4144
84947
52645
79088
96283
94732
17514
79660
98373
7236
3426
89542
90925
29974
11396
33640
52440
65074
46689
51702
86324
99241
51240
29314
85946
60369
84676
68908
40768
84503
5586
98538
76091
55173
53906
70961
97932
25249
49501
3126
54295
49746
61018
93530
53276
74178
56940
10722
82638
41817
88689
52701
7816
30925
4502
51900
71831
36237
57005
32456
91093
56713
66189
8939
92683
90095
516
42984
71843
54195
78055
47985
5448
54002
44817
90059
78698
30367
39973
14462
98723
15135
73421
1437
91980
43558
37685
52918
97442
54524
30446
59531
83839
93755
79628
18138
82063
78575
6683
65222
84692
96190
25683
32633
55823
82410
25430
82080
19724
89546
39275
81633
11992
38205
10730
97875
56959
36545
32265
44038
81502
98612
17966
53917
33451
82129
3549
88995
62051
1224
76507
41365
11812
93004
22417
27074
72564
21245
40444
80996
81180
24197
96569
48872
26612
69443
49444
64529
19724
87267
57641
25991
85933
27127
76468
57768
82160
23038
41921
66878
63540
67329
79336
89453
60833
10496
92606
18581
32521
52144
79185
24778
22237
99216
49658
82042
24570
27235
23110
24226
86834
43965
45647
18531
61359
72243
47315
12536
65796
21179
82321
83025
7151
76968
35041
8950
44310
94809
81763
30070
72746
15619
95309
42709
79995
93293
63416
56340
86319
85024
3777
35610
11515
687
35617
61766
80385
77683
70984
46398
59972
70008
3694
70927
36255
47237
60569
15816
18431
26073
92572
30711
44798
20418
84681
78298
87637
47859
69710
70806
37086
20892
16039
36123
82510
67670
25886
11239
75327
85799
85952
30947
93697
66463
70416
76647
52444
67429
84137
68623
15680
55520
9123
16782
87338
28893
15166
19266
58050
16344
50263
76345
96559
15944
66496
70917
24589
73342
86950
60441
16103
5556
2902
22731
21919
34764
49877
2212
27900
32695
85890
99417
23948
30718
19240
25381
89277
59713
88624
97276
26242
84883
33929
95926
64283
13722
17920
51323
81480
72240
70362
68568
29654
11624
20724
85297
26766
31439
96724
84968
90746
73297
29530
2334
75694
406
19232
9246
95955
52861
19914
11524
14162
39954
65370
36072
39869
48177
10824
57627
82064
83881
32588
2200
51075
93953
38924
72450
23898
86049
6103
55998
76185
22351
34731
57025
4443
87506
10448
12735
17023
47527
73845
10756
51128
47531
56518
14555
231
39038
60429
97197
15013
12374
40625
57765
26936
33879
40196
29289
2129
13561
22892
92452
27729
76494
68206
67678
46574
8202
24505
57121
17864
68252
24448
78368
62003
16992
68074
8578
59273
95928
87154
84183
25115
2378
22010
16508
81676
36486
10309
14599
40773
22265
12978
3137
64128
49605
34214
5973
36639
16503
52318
56033
84307
49723
45716
26524
79966
4086
76428
7291
65361
96230
67335
56170
18835
84998
65588
66867
85164
91569
94130
44581
58925
18192
39683
20490
41996
57393
66333
60433
8480
37035
96964
95038
98820
54478
68742
87072
45930
48863
44423
6232
28515
75874
95840
72306
9794
12307
8820
35511
90784
76106
4483
25671
31138
64387
79566
67443
19709
97311
65208
18963
24113
30794
68272
68669
13796
69688
13443
74997
98355
85657
96987
98073
82824
13054
92755
15307
60806
83491
62336
45385
11851
56675
93714
38617
40122
73996
17996
69603
14492
90450
94418
14434
14321
29032
35515
61953
33371
56390
98983
81860
65035
59048
89743
77733
39082
73562
36520
7882
36068
37711
88015
22732
79605
16579
18386
98
6668
97351
10104
17886
84203
79675
93895
72085
96617
80109
8933
10254
22395
94625
12847
79714
23191
7806
92299
37556
53681
40203
67772
92505
28811
89635
21026
13623
45594
57377
54382
97740
24521
2231
77086
23376
92415
36932
60637
49181
97661
12428
38861
63756
46836
60941
7299
14429
31749
31648
47148
98482
98698
38696
85734
37935
91667
19625
86945
74404
8806
98751
72272
25828
59146
64528
33472
20071
83572
99539
27027
41997
80855
56561
8233
97170
30888
21793
28008
36646
99484
28469
1732
52414
70805
52981
69734
34334
2432
60584
27703
44414
30760
76454
43912
77394
55882
86561
89761
62109
75492
33463
15255
53589
60865
29560
74376
25888
7370
14781
34653
92797
4366
48995
63955
93705
96544
25343
19982
14704
87289
97161
71198
69444
18102
8133
26142
97586
88490
49819
30908
43773
96239
89703
36484
41028
55428
50118
13472
95495
20728
44752
30542
61698
67382
39647
3364
19251
44789
70887
42586
45988
56972
17949
6974
90481
22321
69927
31453
68889
30859
24188
10347
16693
68564
54376
22080
84818
49622
53873
65947
23981
39433
70728
18508
41787
42745
3434
53246
10158
76642
10364
50827
70157
29284
5979
77772
64997
46788
88078
3396
78489
64136
31830
83053
85900
14204
34022
87954
34985
40520
74643
3406
57041
60710
4121
93371
49070
22809
60870
40806
66987
31325
25225
24563
42100
39533
9670
22497
89505
60924
57023
3670
56606
48322
7314
1318
62447
80973
67748
77582
15853
62749
62248
97646
30785
72042
12661
71952
20164
68857
53988
71854
84523
97868
47214
13553
78414
86931
79823
79269
51455
40639
74773
99429
74548
26226
98726
45334
60578
58847
11182
55736
96133
16034
25287
57997
93632
3700
1883
62860
55587
78793
36504
42999
62753
75603
28609
51208
56838
41646
68087
24592
95744
29030
97007
75512
25281
68307
52531
71500
17317
55755
69601
1199
47311
52033
78616
71890
85185
68046
51500
1040
29520
13419
12142
7124
40355
32723
45078
99689
28480
45458
39727
6722
96272
43640
56224
11049
39663
95016
85462
39483
47904
53625
91849
1116
32124
97408
86009
79908
36863
36549
37203
60135
80004
64375
84065
18138
24001
95825
63745
46406
24210
6726
10085
51286
94085
87597
38113
42549
87224
52537
88593
87507
93668
82168
92466
22187
68265
44205
47622
51756
29712
53011
26658
41170
85654
97033
98995
3878
25434
45397
33190
79004
55436
23423
37116
18302
65403
41523
2349
75426
8926
69277
32216
31471
21950
85397
18158
53351
65365
76425
73626
56522
89406
14840
67308
7703
29352
90572
44195
50152
87927
58202
32391
46133
2567
6521
26705
96702
19790
69362
36782
18547
48247
88128
62619
81344
31846
10744
89361
91626
69856
82239
12765
91535
91444
36239
26375
33250
26357
76723
18694
31610
5544
92321
79227
38904
99517
91226
56879
96593
64550
2407
2251
8397
1137
87642
79380
86370
39206
71152
90353
60231
11531
23783
78466
19081
7064
77917
61565
31938
1340
17570
7410
16247
77233
56240
60671
19628
76457
73133
93229
60247
41482
98894
39450
2908
90179
20710
80737
85762
81410
9174
95409
28296
57583
59396
8800
52993
2300
73498
82098
29194
84194
4570
49488
51251
46386
49121
74984
34936
1986
69154
43606
80025
55602
27149
1893
60469
91048
34318
29477
1191
75666
77098
73639
99951
68442
29815
34722
7008
10465
63375
78431
97272
24498
19837
58757
19825
60966
12415
8329
39289
66313
56018
75987
36286
96743
20054
61066
4466
32577
15125
69274
27271
98797
21458
58566
62278
30623
7102
48444
55393
87706
15242
88477
51606
41874
32584
62349
45483
29590
24042
6511
81524
58364
63006
50158
58977
27295
48350
91575
81322
51940
77693
27908
19518
50013
96567
32378
80779
23482
64614
7088
27660
8944
36127
11037
78366
63011
60104
61220
54567
48074
72154
72138
8260
87890
52815
20080
13136
58414
19002
36070
61599
6211
10874
13655
10859
91336
13616
32860
77827
89366
79374
9145
41877
93736
47685
12475
87524
44735
86692
39616
11364
72584
43494
12525
23251
98725
25354
4613
2720
8780
96348
57427
33984
91244
39029
63422
39477
97516
44289
26579
95927
33729
85742
39344
73319
45895
64688
82729
82186
7012
52566
5885
24592
89397
43762
57437
44081
8920
66884
11073
97296
96918
97120
10671
36342
26116
94317
47161
1171
28035
18486
50868
71998
3205
35575
23164
46293
79686
94094
11561
39920
40439
44604
4448
48149
12334
90638
10567
81987
57767
26743
4659
71859
10647
10289
61431
13232
28783
22512
49883
99249
53419
23328
68312
12445
63281
87535
83246
37538
33681
38708
28258
82485
61363
52134
20442
64278
80501
1096
51641
93307
43889
91968
47358
39891
45275
86324
55652
91140
63720
65638
80573
52178
32763
44639
86330
41670
44257
2322
27439
93599
35530
38367
77922
62747
90693
99450
66759
8973
20244
99065
25186
21214
99134
22585
78118
65483
25994
13392
27891
57205
87210