35106
87166
50533
41425
72312
23710
47498
57670
49402
41965
84748
57791
75258
34037
13713
58981
52196
69400
62536
62733
97832
99690
24960
21151
2611
71065
48945
37345
42346
74804
32404
11335
34245
50551
16360
53120
85268
55105
46010
62368
46567
24135
35097
9894
34713
50844
17741
64421
66484
30214
83017
84443
97010
69053
96159
42955
34431
77568
37893
45553
85856
72803
87487
33090
82334
8077
67866
57007
71474
84747
55674
98665
37761
28359
41862
44493
44578
18953
68117
10499
78321
68384
35363
28862
3356
60626
91236
42979
93405
24535
69051
60995
78161
94064
67796
1547
42610
82357
29892
79094
59373
67784
15457
20294
75214
54833
55236
9047
34072
92610
17663
57220
75442
99331
62066
84376
7789
7497
74836
99883
76210
41027
16522
40772
93425
41512
503
45379
25823
55489
81695
5842
59181
27538
92222
94745
94036
65709
97692
27238
99651
37376
81840
42837
14981
13513
53496
64544
90215
91024
34552
23196
14830
55695
37643
66634
46378
45037
2662
88889
7078
78146
88937
81975
44104
2756
47692
48022
55845
8495
66073
18200
51477
36499
72828
16354
82838
83896
13717
86127
11039
13855
39465
31552
56207
64286
96235
8075
83994
15053
46640
3137
22188
86469
8292
44829
71456
74786
46161
69348
58173
46553
27168
31925
22084
73274
50719
62430
8344
75390
59184
93461
29855
32834
57917
28420
95939
61811
33714
87086
7370
25417
22996
37550
79501
99828
85615
28474
33910
22466
51058
47098
5171
29478
3256
42161
56433
15526
69930
65273
19950
48826
1086
13468
32367
93427
65830
20814
34776
37528
66932
48402
42978
85646
4089
15794
69236
2693
77383
53488
6564
65628
84239
14894
33842
8541
11573
66319
45477
10971
70511
38675
36257
29704
14667
44748
46176
68750
73349
53113
32356
6974
12759
11499
33258
33936
40270
22815
75114
53976
89689
88148
83121
65651
89648
97400
41193
91407
81807
79895
58208
31338
57375
43528
76090
17182
21665
18483
25682
24469
58449
76618
54474
8472
5834
78371
56215
66484
73109
65472
2630
29132
2024
91533
61694
23178
30679
46506
28767
69378
25132
23898
54959
75225
38238
67432
86066
15910
89861
42684
50928
86056
163
24279
86095
68490
96609
481
89277
20853
76326
30509
51349
69202
69774
9289
37062
18041
59511
67733
3901
38487
34774
92919
38222
50071
17804
10807
17179
68753
16587
57952
69513
67485
51061
32040
7137
49171
63400
75753
75743
15162
26428
48204
21162
76651
32592
95782
54665
67302
45138
32883
48536
29623
54882
48423
13098
74739
76875
1745
34665
13722
73077
44225
75402
42116
97345
86615
49242
99348
26501
41500
39324
80930
24551
75119
62671
42185
15698
37819
70041
34382
55582
12430
12320
72499
18057
40708
6845
89699
93005
62399
83620
68955
39116
98742
17664
77985
70261
68963
64430
63009
37942
70227
11745
38106
35567
32166
33301
45140
6257
96872
72272
67885
26453
9314
34265
97931
79168
91428
1692
21131
47119
49053
64717
85243
9499
17819
41785
80513
68560
79278
93715
62864
31956
25837
633
87850
30457
83313
28546
14633
44604
6284
11246
94491
6600
42452
59927
44486
54714
51528
52199
54339
69439
80992
66019
76879
4375
26671
94829
93211
37017
20856
91689
52679
70061
24389
71223
3031
3489
12312
85286
81249
57700
46882
21779
99068
23660
26448
12003
24182
8979
22503
19809
48970
23265
43836
83023
58714
37357
13873
96028
96779
55685
17319
85528
64124
50538
1367
25592
2089
43622
77178
81403
66853
62135
82760
29652
78410
1990
55673
22405
81560
59766
80430
67988
89584
89206
69478
56362
18715
29311
83629
47965
76945
6411
72876
22882
67625
58228
83195
31811
84941
95566
3411
63478
97097
10555
24723
34023
53052
32274
83491
71613
94355
73717
16881
74839
80255
42568
18325
47752
58147
14239
11415
42028
543
60183
55877
36446
25144
40577
55395
35664
66288
63171
29965
78748
31401
83581
93195
7528
77949
68570
49941
97757
24054
7806
7928
29441
33147
56480
85418
44518
69401
91886
15404
46329
90878
12826
57721
4942
7133
99220
66772
36352
94778
13209
37845
11468
23192
21071
74831
69568
57941
28264
96641
98700
53622
37743
65688
7690
38940
58074
45991
38100
66911
38945
79592
96720
86808
37379
77596
21344
45174
20044
25107
87846
15031
49504
19420
27118
61813
55139
89641
28850
58108
43760
52477
11026
16635
20006
48470
24624
53638
28180
32498
11263
87089
69957
96426
20324
90713
70574
54468
70618
81400
29391
63942
93194
34457
56525
62177
54046
92467
58144
93467
86399
71429
53741
6128
27008
85953
35468
70247
74299
84885
17727
46022
38702
91718
55496
84039
84020
16532
81113
57469
86485
68551
54967
90480
38977
77982
83778
33285
99306
82941
66955
83935
91841
79394
38769
13181
33087
9670
63085
38698
36577
80179
45085
62258
87326
59687
56244
36142
99722
71668
61059
20973
8933
95430
74876
47635
72699
579
40187
92983
65402
98074
29037
12203
82560
90102
62266
52409
78190
76620
79402
10588
27284
97532
9135
39207
32431
19046
15753
8207
8444
62037
12132
74533
88564
97611
51693
19504
56529
7272
46569
59480
65147
86440
58541
45283
80020
2845
14777
60883
11643
34882
22063
86362
96647
17000
40259
11677
24134
54867
55617
57402
95491
58310
28239
56985
48500
38913
4742
68750
61584
64076
91343
37660
88743
74691
67112
43913
24422
96765
4767
33705
79647
49558
59806
89359
92974
92338
8411
32548
44072
42398
83182
29616
80420
94896
63417
71993
42115
79525
2298
96629
44525
37118
21557
20916
75408
2351
52283
17628
52057
17233
97451
11588
31030
23600
67404
17622
76955
19480
65603
79453
43615
607
96041
79432
58562
54702
63759
23576
22206
75633
26063
54142
52607
75468
12803
86385
61180
4312
53404
3858
50718
84024
61717
28360
85871
58608
84690
12913
79226
65590
9880
22041
40875
49769
96364
16140
2009
84331
2881
97539
31229
93108
95249
53107
74228
54524
95846
15037
91426
29454
35903
60030
49454
76992
54075
84991
17903
96539
69970
66604
79790
99067
94221
99442
36108
51792
27634
54239
25769
68327
99933
87845
55426
25180
5008
60289
94086
80536
4064
67722
2989
41636
24988
13260
75560
58189
47879
86164
1431
93837
93074
74935
73506
28579
49133
28304
1437
89551
65704
45256
42263
16447
73349
87516
89032
73106
49657
23201
18882
2299
22667
12986
47519
55583
34603
75433
78984
54657
3195
72641
70122
44214
95731
41772
49987
83226
10162
36945
31349
2065
81529
37852
76444
1560
1395
88973
75672
36158
4387
67422
51141
53439
25315
50655
29538
54089
36546
53640
45573
50034
36164
58013
16928
30084
85783
66035
30554
82913
17254
63005
16108
34118
18354
29295
19270
16126
1415
51510
8528
5278
1032
9455
44898
1142
16397
91594
2576
70592
89335
25604
46613
78360
14125
76538
57930
55265
65195
83053
14340
52163
72923
24012
5476
42334
38247
50435
72555
52120
44830
41055
96882
82808
36745
16154
98788
56324
77928
93860
5626
91836
45150
30157
63006
75790
30647
55668
94556
63373
83475
83896
67783
4416
64868
7493
33784
62152
52883
73925
65295
22552
51923
83059
30945
977
54485
76292
87484
35723
78610
56667
59648
83706
78887
22049
44418
6708
8884
16827
23264
4935
67103
96066
25832
77306
82038
13411
15202
84675
70888
38446
98829
4945
14373
80523
39053
86555
2923
98962
56560
71037
64791
24020
78400
97634
50732
38579
1126
62935
12822
61557
45268
3808
50696
34477
15682
8317
51109
77215
70934
37672
16835
59767
56273
64144
80179
44360
14619
85054
21928
72924
11883
25541
92811
24029
43406
91092
46055
70091
94948
58942
28495
23115
75247
92958
58936
33814
80010
89667
4589
32127
63381
53116
99311
8105
60204
34282
84416
42327
87592
36714
75133
19831
25487
98959
620
74779
57547
23717
56955
6493
70796
62250
37903
73253
7288
39089
23600
69757
30307
52085
74712
89021
32807
75549
57370
11619
26742
74878
6172
21103
82444
4632
76992
28136
15666
70962
54261
94120
64248
77496
97671
11677
79757
55214
51956
16293
51472
15042
68131
56908
94321
79633
26139
38849
63892
53983
80795
30592
53125
54743
34411
56600
3550
42262
79850
99777
75194
40167
47399
70945
14167
26818
58341
55256
53447
15532
28267
12164
37558
36122
87968
63264
50495
55612
87930
13542
17198
34187
83115
41391
26507
65702
22570
19336
73371
66429
58167
78765
27538
80761
45407
64990
80434
62068
78884
97286
88331
44182
60470
91244
83094
94920
28094
22120
45872
38417
28682
61967
76085
34189
47503
8254
11291
50337
92576
34740
2701
5867
51730
60810
58316
72281
43619
24270
54327
35218
54309
17083
66573
37139
11167
76396
68181
75970
41444
95187
9390
81436
20598
82757
39242
85841
52980
50846
11189
99997
20729
95285
6115
93235
15648
5158
80795
47158
48160
10232
5044
53316
97159
17457
90865
56977
71105
17028
39256
14779
14669
77421
52505
41893
94225
9812
6162
45041
40233
38425
727
36416
3520
11303
50377
4518
61040
71952
47252
27564
31993
5393
63893
78841
31883
98455
63272
50472
91685
61437
12838
67236
76175
74659
30378
95922
12639
19929
65146
51701
30831
90956
23565
2485
63936
3761
41581
54284
603
57479
20055
71367
36294
60450
21200
30163
35377
67886
22893
67138
17724
7130
32316
44581
91617
11860
3257
42511
53504
18324
27730
29607
56563
66297
95360
79858
23463
21519
59851
13216
68187
25536
11737
55708
38291
29249
83035
63819
74361
80444
34367
79477
24965
23273
95077
99281
83714
50917
4729
72018
81066
59316
22657
53950
29717
36796
96573
37459
64372
77930
97340
65903
72785
34289
98129
90323
19342
9922
59619
26926
44745
92250
28271
170
2234
87897
87020
13926
35371
61058
32681
18257
54276
43361
39777
29030
16131
70053
76628
64649
45710
49132
69978
33594
98894
68341
92114
12279
34960
48788
30091
38940
59674
28931
45316
45338
36643
29699
33925
52859
66813
69504
50242
59926
44358
99041
27543
61913
75716
21923
25790
25338
97800
77611
87130
71773
90115
31445
10599
22043
9224
35927
2431
75528
19122
98918
6046
30173
85174
58616
36807
81132
84992
24736
54171
4804
32770
12521
21276
52495
40248
2099
71967
21415
64078
60087
82144
15623
86793
35561
55229
75447
65889
35692
80710
96115
70435
16800
83512
43569
909
63024
10632
28876
98771
84549
81778
88718
89609
72272
51749
70218
79041
111
27152
11888
68969
17405
19141
94567
30520
78050
45214
58501
48320
91925
75952
95984
29526
68972
65533
69549
94425
2309
64683
59445
24971
97818
16984
73121
73846
7126
14521
23565
23393
55637
19707
46093
75217
91222
871
61090
18417
3015
62640
96180
90544
70530
46004
54085
15501
73939
48823
67005
42682
928
30445
59984
4587
53883
53400
95506
86162
72939
71756
42386
75099
70053
87127
42188
34659
40936
531
23355
85547
33185
69839
92354
91680
30776
45206
7730
37112
11111
2484
51630
95462
73247
16462
77664
86437
94824
9252
51464
96496
32672
77467
91947
89545
78730
23500
76183
8284
97946
17450
25766
46499
27054
59430
30872
85047
36419
86829
37176
68259
60656
31124
6727
23636
97681
74246
89306
78828
77145
27594
75472
33985
98036
1003
35099
76587
77440
41941
35987
63569
57397
46644
48640
9027
50981
57269
94736
63554
56937
29105
51686
62933
20018
92363
34297
87959
49276
49484
19776
31855
52293
76441
14402
22843
71719
57658
61105
76578
93973
91033
77178
50224
76618
78267
31732
83649
86884
97120
46953
29278
82329
13053
15428
89854
79640
93363
82071
20970
8177
98856
84210
1556
76870
682
66606
97904
79927
55863
67400
36607
94856
42510
46802
31721
17667
53346
1762
96388
56263
74204
25422
44155
66977
78613
92727
29812
27376
9772
5293
20465
98702
37498
83049
30663
145
39289
66490
35036
92382
79158
15802
22800
76757
35832
83641
66515
25153
52908
27323
37517
42076
10142
7014
50861
27564
48760
16624
18286
53432
62020
98419
27683
50257
56531
38415
58639
12055
13538
4815
8842
32039
26548
67092
48860
98618
69061
59091
20347
75
34282
30173
12693
44924
13182
86919
73825
95482
24421
61025
7416
17714
20655
62150
39628
13706
47743
66943
28690
55659
22603
20326
51676
84142
35790
60903
50146
60857
87725
37841
87948
39095
85463
51472
36252
42728
56207
41736
49983
8726
78606
23897
87533
93075
20234
66278
61157
42777
43034
57752
17703
81138
74833
90212
35156
22711
36919
43643
37476
65220
88943
38401
78297
57093
96215
78727
51675
93818
8907
85188
70553
36732
29869
20126
31018
81581
63949
1102
97473
49828
63501
81355
88920
22556
58943
6702
3373
19848
70604
29786
68918
91282
37563
58825
30173
98664
70241
94307
45290
83485
14177
88534
55104
37259
83839
48741
1305
30968
86488
97130
4914
91322
64962
24660
51057
34051
93353
6663
26000
60412
3066
41416
369
1770
78729
9028
51087
67023
45929
74224
85920
76417
36813
58207
84403
28125
41810
66677
4506
2192
49314
89352
85696
34969
8924
71178
61833
8207
6846
64981
12546
22567
52116
29087
317
17682
3266
23238
44833
42474
47336
37726
78165
20236
6479
23087
93430
74450
58536
83090
95285
86218
20301
40187
84523
26331
43820
1589
84187
18527
5315
19457
92046
81233
65894
41831
85492
77675
9626
8264
76090
22598
39751
37771
62494
74610
64956
41615
5344
25033
31590
26585
85309
46886
78053
67406
65734
21453
93729
46168
49507
97073
31462
92147
34203
80569
71556
81975
13517
51968
21965
48226
46442
62341
98035
3720
64215
63970
73675
84350
2895
93681
47357
88851
2739
20368
2945
2692
38919
39998
25621
52342
17099
3215
33310
88257
29298
34002
91334
50308
1361
47354
22387
36697
89846
33930
50093
41097
14654
56954
30716
37025
63305
10282
98860
59987
3313
83922
44350
1522
61824
26298
23745
53751
44228
47130
84341
76794
28944
99126
31904
91662
44072
62039
25565
29043
14966
28207
24775
31540
14692
93503
3909
43054
60855
62265
61448
70966
4446
97233
52284
42096
57067
39583
52928
42145
85472
94351
53839
41736
43719
63228
73507
68850
28999
27317
91309
52770
95577
89609
70807
69193
3936
23610
57975
2728
38735
17566
43907
20152
90308
16587
85419
81463
36898
14319
12783
2417
61719
9855
23633
49022
47677
29873
57329
55278
37160
83057
5442
99275
5394
40299
82462
82294
98209
98307
41306
97579
52353
32116
75207
33431
83418
32534
26474
28346
98160
86574
95966
89085
58027
15312
17687
71691
22747
32042
97012
87678
50156
28435
74106
35262
42787
12816
3143
36628
743
37705
95433
23242
82632
89750
40633
30182
32462
44004
98589
6252
47400
71025
97893
99903
17707
45373
99125
19803
2647
30351
75680
87054
55015
94927
68851
83114
23815
30721
33227
96558
81503
63146
82391
10256
83937
10016
66312
55500
44905
91778
17671
76585
67047
75781
79135
62854
82133
73750
90126
52234
6626
61201
38362
43702
13484
73876
28940
34990
28470
5002
9592
81160
66044
5057
42718
71949
18779
45568
61164
2027
51008
64085
94475
15812
58317
71099
11142
66199
59873
58165
79834
23328
39876
53342
34320
77783
39853
13464
58095
74234
66530
7317
44236
1295
82893
11686
7570
77354
71616
17782
54936
42670
3510
22146
16511
44385
95149
6014
5152
31695
57316
56504
28129
85081
96236
12917
29627
72916
75315
2280
55476
87561
10079
90277
73704
15397
86207
8002
510
63489
2586
94322
24318
48624
82968
34850
99675
72563
55715
17319
88469
77032
77411
55031
48502
11050
67804
49622
39878
36353
75163
11713
67507
19251
36655
49086
75685
12322
21972
65223
74946
7225
94849
51458
64120
83713
47987
46728
34115
66606
65005
69784
50217
46890
87902
37243
6820
6831
13250
34627
45577
4427
45963
71181
84641
69884
51365
68813
88032
41235
60996
46867
90155
75570
30725
69576
87552
69795
83416
3599
57338
9
87802
23674
98254
80304
37550
38831
83942
59994
44317
10679
23028
45147
42957
86658
23665
22814
96127
9159
85975
45548
33361
28192
88243
12086
32322
76868
52263
71290
17375
96514
21722
41830
80003
80527
75983
45605
96475
58235
75416
16108
96120
61056
63657
16582
96858
16366
59368
82940
98952
23708
49917
57530
72669
26399
47935
66425
11478
4836
36290
9489
6997
18809
5243
3709
41532
44074
54722
38851
13937
92925
54775
10115
3427
83545
72004
35513
52367
97789
68951
35927
29235
69763
60133
10963
6242
2340
51128
86337
54651
13666
6236
81726
62578
96585
72371
54183
28385
55742
60766
22110
10928
4539
7932
28536
58136
90895
55091
47301
81222
99408
98797
57242
62320
60981
13510
95751
33598
37836
89081
15949
78036
56255
84797
41807
98211
15553
68437
87795
47055
68231
29001
72706
13971
66354
12302
31741
65993
98710
87060
38069
67325
77234
58231
46603
7999
59176
71220
88673
78605
96330
69661
23163
65857
98769
17684
22751
61851
42281
28729
51187
27580
44597
84308
26669
69523
86628
13129
81374
58705
24673
12948
81199
97567
22275
494
62980
32713
58689
93226
94867
38453
38219
23636
51417
35103
43734
2101
61318
91151
40819
78085
95717
89030
28245
85381
23362
97025
35529
62268
68630
64484
34095
37766
64257
15581
16610
47369
97428
60910
50421
85620
14136
86579
86353
32927
24060
42506
26138
14209
98651
43344
58523
37257
35401
7118
47976
8708
99407
62000
1344
72738
18553
52982
80324
92804
85518
21331
86728
92965
21953
10246
64556
3349
44014
20902
40151
66955
61410
51931
11789
80307
90177
68290
15620
57195
32061
91454
14569
16571
95989
41545
48567
57781
35893
51625
21247
14261
21922
34643
27898
25316
29598
94667
49111
23289
18644
52721
7015
68503
32137
36479
94165
90926
80464
9278
54301
87014
41647
11919
93654
6492
80093
89019
59269
65038
75637
72525
38451
43350
20332
36343
85438
22039
75140
50260
32758
55861
16828
50136
44919
59710
62417
19550
98249
98538
93555
28426
38701
97171
94769
66091
84671
15948
26637
40768
18117
40397
54351
8415
50738
20741
92072
94837
77380
2152
90030
69308
36897
6744
88496
4565
61196
51979
58234
49731
25066
77344
43271
11879
21644
40687
37882
45073
47992
40851
10518
79726
16350
76353
16035
90771
56551
74344
85486
5979
93720
30778
95271
84689
68977
92765
11732
4134
97285
73666
3478
30625
24127
28863
29569
94512
99840
37537
18152
16351
29796
6588
51176
79742
6894
22082
50016
41235
14119
42506
86741
52047
41446
75989
92341
6416
21558
6110
58483
19861
95132
29130
46143
80920
23526
60935
99733
35909
12574
79243
80325
64172
71669
35168
98050
6875
72478
82146
69311
18889
64666
47746
17302
25241
88120
67567
67914
13106
9126
10738
99002
31301
24481
74091
83039
55900
38792
74060
77807
11847
64671
57381
55147
10869
1888
23889
49609
4161
64619
28400
41611
37802
90754
81869
37014
20276
10162
43557
5057
66519
20712
47772
40992
27999
90986
50756
13114
1237
57076
86897
73389
86548
50519
302
17010
51371
85332
58430
37401
21052
16423
83831
20397
59479
47488
72390
90854
56770
69649
64126
2313
35813
9422
86681
87078
82781
75934
77953
93429
1174
62385
82577
52016
71669
32762
38495
54092
26288
53395
69215
76513
54886
66345
61378
17267
26773
92898
44036
54347
81898
89646
53073
47848
99118
97659
77518
34323
56293
48658
11031
93923
52504
82479
57219
20045
68783
55311
80043
93410
56081
3251
72195
18701
29718
73018
43211
29855
97928
8726
32866
53284
26235
65052
62118
23751
69648
25023
8107
82508
39714
55187
99263
29810
40491
44385
35652
93775
38028
8045
33775
76455
78487
92159
36514
96130
76390
91441
19335
20017
69961
56421
27541
68401
83588
55158
90399
27189
57862
36895
41466
41197
83884
91389
88587
59848
62799
48971
62689
13664
94998
90955
88706
21945
98819
53174
86775
25310
26532
53649
84322
92463
49240
21021
77885
1134
35734
63690
79074
9114
32001
26262
25340
22212
5822
64122
81357
13489
46719
24790
91007
29817
89427
53467
68063
87939
68946
55906
93630
56598
30891
44866
7495
17529
51913
5441
4853
11411
61122
2336
7933
69758
95410
23853
40537
41401
24378
673
79920
15742
76717
85741
88253
30231
88492
74738
16063
18468
5904
45777
7223
66069
23577
21056
40687
47366
25301
25584
67786
93458
44797
13382
19743
12391
29505
26516
80744
59628
73692
18176
90126
53941
48306
34919
91702
83487
63617
93913
79684
1272
40416
43167
78959
29019
90871
91129
62004
16656
94271
95294
68877
58023
44251
62607
74490
99142
66713
85163
40497
74788
35055
11873
23489
69233
82290
19971
4721
33731
39428
1576
59165
90257
41941
99559
60368
32032
64672
57060
62556
81387
87891
9706
78460
4831
757
63847
88309
23012
3746
47506
25587
21944
66115
31690
61754
18588
75944
48098
84746
27260
4369
65378
84518
75431
9000
50038
93276
92919
16586
16692
94460
17829
51923
56715
35189
75783
1759
10121
28126
98917
52111
36995
64614
12487
80914
84573
51528
57328
80825
18492
6621
64064
50195
81332
91842
36805
47702
63473
16278
65544
80276
89075
17065
56811
71817
11421
43932
47862
50721
72946
48591
60567
86866
88644
75627
51220
27535
99897
70336
95462
27334
10888
12360
32724
48978
58607
93607
93972
47071
43894
78105
49669
16624
60912
8902
2979
73335
58039
25698
32142
7334
84393
3217
65462
78573
12414
40494
10438
42749
21423
52278
27736
9578
21516
75853
16673
46148
28194
22144
62540
19622
30494
66514
43191
18130
48918
22554
45671
37763
49365
95760
83575
26148
32974
85266
82387
90975
99299
98086
52501
6725
34411
30441
32906
56581
54400
12158
34752
63780
70442
81408
68247
44001
89599
54857
13131
11889
21935
35253
6403
11557
99492
29114
70828
61440
35610
72687
2461
8010
39416
10418
55641
97942
4381
7106
55602
72270
58881
82284
58486
94851
89630
94178
61872
67548
42389
55044
8156
17194
98949
22436
84449
63023
20949
26509
58306
48846
34320
58698
64948
69412
24178
16517
77980
54205
25631
58575
97261
86186
15896
95154
80668
41696
26419
61000
43631
68520
93030
81952
30399
51703
95149
16722
65944
57224
68413
94309
34962
94780
40522
59415
24548
62343
35976
92262
68846
79323
26460
7808
88871
94760
2591
95625
52764
70047
1435
3471
91760
3489
77949
70060
84182
17316
23732
23203
35241
691
2396
6635
78431
33204
18187
15617
54223
77669
36277
34665
74039
25973
97665
47522
88312
13115
65078
34365
33546
35282
95653
3722
60347
9557
53699
63465
12165
62868
10067
59318
46534
4657
92487
10700
57748
81186
62083
37995
83228
36210
43124
52138
58113
36199
82670
17036
15086
44772
53682
89957
88119
66684
85443
75653
36706
52712
75955
18337
64539
96918
86217
1470
22788
72718
28893
94495
75163
23456
16936
65081
49624
98638
64909
16626
58837
6355
20507
39828
97748
87754
33458
36104
58197
49884
13476
29445
27002
5779
12386
70077
75922
69772
49604
39128
12893
50557
59514
64304
13388
42012
44338
31314
19929
75488
57540
66813
98392
3281
94989
60208
76252
65017
28677
49144
53857
75312
4520
12425
41354
57676
94606
95084
84826
69010
58673
17915
87575
50535
34834
13664
32289
76664
81866
2885
34891
32480
46345
2377
67204
75879
16578
21465
84077
14555
77381
63934
49355
19795
8894
30334
14036
5433
39725
59454
2808
97178
81965
64491
57631
20123
66624
55236
79208
41840
38939
50126
53049
19883
41562
28025
25348
44894
26690
80042
46250
20009
95542
50300
43833
17895
16867
39749
27485
26692
31364
50814
18839
75785
68853
12550
78822
12756
13233
71524
18125
37258
78470
21145
82102
51760
5672
17437
4310
38307
96111
72074
76065
85906
50558
26891
83567
83323
78140
39269
11314
98453
50665
51846
55835
63201
50576
25727
10979
48410
78178
50263
66603
27541
39919
66563
15849
53566
52598
45380
96108
74646
91116
89872
54928
37873
15265
10914
56903
15591
8743
62876
14532
45798
78295
5029
47470
43540
80699
20750
10590
2498
30128
94743
85705
41702
67563
65879
12221
11737
21381
47803
23632
83316
61246
89177
38945
56667
6922
2528
38598
72042
61125
3205
71380
30047
61759
75663
46207
86155
26823
34481
15728
91563
29789
84937
90369
91359
41013
5854
38278
96481
35137
57503
72585
54428
29766
87474
10963
4604
32539
63606
55717
15596
37231
99114
67730
72185
40708
98575
97492
72531
40104
17041
96820
46057
10055
78110
2627
71352
99232
5807
31559
17373
62392
70354
13575
61604
7861
50119
17810
19714
9621
50979
73146
94913
36571
77986
87713
38392
63473
94605
17039
85608
27244
57384
1174
78468
99173
67285
8641
12375
33941
50559
85567
84112
52702
88756
78183
94897
48513
72785
586
40074
79591
73533
83776
45476
37001
15137
80666
81833
34207
92655
70828
73327
48359
83898
18997
42356
60394
87580
64690
23264
20643
53235
91193
97171
99363
85784
16389
9147
52377
44400
47721
35198
42256
49395
902
21769
91956
9138
81747
73791
88408
5294
74082
92519
24356
88663
76457
36851
41014
93359
55484
43705
30900
99439
84238
21275
32816
14821
3065
56707
31310
33885
31218
33047
4662
11434
3788
24164
69831
42922
52944
12632
26335
66481
99939
50121
2050
17024
36599
86809
14328
51489
88617
787
74559
7609
99176
68092
94380
49435
63176
34005
73278
14415
33789
36848
76524
28572
97356
88889
53285
14293
29526
36034
80985
42525
88117
24313
97813
30030
64492
31351
29220
8891
56546
36978
42522
68593
50746
53266
25955
47171
9506
47875
17941
60028
34953
570
53536
49465
14753
62818
54853
38099
24211
85765
42848
77741
52614
87810
81842
38308
51966
69143
9411
65479
83349
6845
61730
37230
28971
68684
61397
73421
29505
68599
74069
85986
31453
40640
83071
43401
90608
15835
31202
55274
67666
67115
29923
30291
88577
27883
96061
79697
73528
4725
47676
86689
89489
29601
43460
60988
51890
47909
60590
47782
70935
43320
2455
93112
27305
36308
94484
374
66216
21405
32550
82128
62019
80104
23926
86454
72124
45683
65968
88984
72944
19876
83121
18026
69849
63216
60525
93013
22000
74000
80057
14167
97830
47331
7139
44653
69135
61439
57180
72570
62571
92810
80041
94383
4323
31445
96448
41509
17514
42326
44658
68793
95613
38260
14952
36893
99073
13975
56876
8814
46916
12312
3991
37798
11397
63779
61691
85454
42493
65935
68703
15010
46346
11438
76436
8271
57424
15408
97539
64501
85323
97297
25208
34395
81856
52767
30130
63812
22689
86140
35473
35476
14237
93679
53849
90736
51114
16244
21664
58152
55654
59378
63351
32963
45763
7087
56461
83706
54928
28626
37726
54433
34868
68267
7827
38216
3230
57406
63023
66539
10947
46120
54257
16839
57648
71361
12139
85633
48268
33515
40262
41412
282
63232
56499
75629
20901
40309
45171
71257
4122
41933
74673
75630
29069
25776
47165
17494
12489
70415
58139
84731
52866
25607
40104
14910
639
14347
87577
6001
65566
75202
54483
79950
99651
76433
36631
33866
11964
58345
67074
47994
73162
70265
98054
75535
73758
61266
76338
71594
10373
41643
56582
93128
87005
36724
35940
12608
23812
42744
919
23709
92301
98887
52728
84721
9584
88958
45270
72975
34507
60437
58070
26493
99987
42277
79108
32938
59256
1116
29743
47583
84487
89730
77148
57958
22721
59171
37872
77204
13409
37620
76873
53646
38333
84414
92554
90453
27467
76422
21417
3387
86084
13755
33790
47963
66986
28221
27790
71005
62803
72177
46447
23559
32715
63585
64202
34046
13169
17372
66096
96145
60327
96048
96643
79588
29133
28556
2258
54595
59812
32580
31643
68127
60239
74874
89920
78065
78271
9330
95669
83687
2140
11080
49464
44483
26968
53899
36031
26087
65734
79953
66266
88920
62443
87740
44284
52019
84244
35314
90693
20908
33077
24127
61591
71068
8494
97377
77982
97619
50688
28780
68669
43893
91222
55593
94150
36333
90471
25347
73914
2366
67539
72496
9421
47851
72347
71992
59466
4370
9317
61909
8170
87512
97641
48097
55355
63177
7347
57063
1102
96345
12331
87229
22019
19936
2892
72083
16492
58209
10265
7508
84753
76927
15298
63774
79025
45006
98866
97775
30187
69104
17164
38791
34647
11996
89925
73841
72923
61288
94333
63662
34252
21890
64788
25940
21385
53289
18345
41445
13161
4937
79146
50842
74224
20684
78904
66991
25090
49474
18223
2412
8064
71314
91955
23073
968
80224
94395
74313
84556
13382
40
52545
75204
33330
77697
49382
43005
42027
47747
29015
10390
37244
39847
43088
97222
55546
28731
25330
1899
96994
75202
2174
54432
63601
56456
61827
68120
70649
9511
83732
39146
23090
1845
3410
7803
55251
38712
17168
44209
18325
70188
56770
10261
16545
50379
31542
17494
91030
13159
50136
57804
22044
71372
83944
74352
56519
77698
88540
74778
42861
7476
83811
36084
41616
67337
79280
8381
18086
94547
35674
80558
3826
48179
39534
74707
29263
83506
68198
6015
89259
68395
51314
66352
52997
39406
45398
62023
4355
82201
63675
68946
41567
19295
42200
49598
65601
43396
86884
64212
47786
85454
6148
65441
59199
9012
84490
89047
88195
95143
90221
45848
30643
21752
42047
21204
83406
39283
7914
26551
12276
39081
72657
19137
90778
4415
54961
26925
23008
24462
78197
98706
12884
46466
37513
24764
55755
27484
12651
17193
44502
74357
4690
67237
72109
46679
84427
92271
33316
52789
40547
23818
47565
6192
28416
86539
86512
3586
4493
73126
95816
19032
74853
69767
49765
21654
15244
44911
91001
31528
12301
30668
85490
86966
10608
55237
9617
96423
45108
77821
60043
44702
88048
68737
63540
34163
17117
92893
45351
44821
43700
88240
54836
8384
34155
35902
70599
30041
60094
77081
63953
93855
81760
64290
46903
48639
73171
52937
55463
3233
9862
58373
6348
37465
46483
48698
98059
36785
1881
92914
77729
47054
42148
74706
77306
36023
96651
29003
99441
14129
65734
73776
69978
95994
13808
8376
80889
55126
85836
94877
74236
43727
10228
63912
10815
71768
98737
19111
16308
79720
27328
22847
7486
88018
43279
6576
98879
41639
77051
70303
22696
12334
81230
44975
21245
80232
49435
67426
3476
16656
26308
81190
15727
78582
3793
8336
55868
84204
48036
678
84618
95119
1492
78380
50078
34623
96984
74564
3976
31615
48925
66007
91335
89090
83856
29109
50754
83323
87520
84676
86161
33082
61785
85320
6071
32270
5257
7994
78041
351
36536
8804
81744
44169
16067
26987
96251
141
78327
14581
20596
6491
4422
92614
52523
70261
45841
92240
3732
42641
51867
4932
71284
13923
41503
23552
46290
46770
13629
55603
32855
8390
42082
29531
84166
71495
81711
50981
1222
27885
76214
38220
92302
24517
29126
14804
48897
79111
7737
92611
38859
15030
30261
42568
33969
19241
44257
49026
30367
1940
88708
85862
58511
70207
50790
19218
86748
84119
34993
57012
22086
41054
62248
98356
53295
32962
81162
66035
72102
45836
2729
2649
60939
56676
3190
6032
6327
71599
44428
72645
41130
38315
59350
3911
79393
67030
44290
89014
15510
68029
84508
44400
2015
79215
88385
44531
70973
95599
66906
61774
18334
16672
10097
61198
50921
33290
45722
38876
74982
10893
4846
6895
3577
445
49780
82435
45212
13088
93571
83964
19291
33652
57291
65389
66382
22618
11767
13711
22756
20877
20974
83837
49302
35656
30658
76869
96426
22607
17973
32818
58423
43650
87033
98363
60763
17455
98650
58288
51408
77683
54777
22192
7099
20287
24238
61000
54028
2168
50611
43880
61774
43187
3277
61152
86962
10723
94831
10141
49146
73100
29294
77875
9969
98300
55915
99935
77342
90003
12771
40919
54255
70245
68305
48631
97140
81073
59403
96407
51085
42187
49672
54539
44812
84207
26574
85524
84781
77571
32047
34763
45349
50816
35505
50659
91157
59444
80025
9815
59678
56588
96547
40402
27895
54227
56868
72052
16973
15113
63961
79084
82230
67842
19731
38715
45013
50455
85279
55115
23054
88937
85951
98109
51313
24447
49304
78024
86685
89665
2929
87823
67148
11699
81355
15486
78857
35354
27998
45160
13622
22231
4138
30103
27784
11403
95555
18906
8162
35648
15902
96360
5185
68177
59665
96764
87578
16990
20955
40944
1993
16118
18647
74191
61408
72540
24753
3210
54439
38673
82337
55933
85235
8074
63902
29072
89762
72484
85508
82661
15289
12735
79296
5865
31504
8521
24184
34068
64087
72038
48338
65105
72157
22803
50287
31464
53730
49927
21244
88567
64896
12644
21294
68829
11768
95416
51651
29806
38087
80632
5995
36229
86428
3574
74752
6880
8271
63657
66195
29470
75348
99031
3580
86760
21135
56671
14376
36875
41196
37239
5653
48617
69374
27826
99559
16654
40335
57024
85162
32192
77100
68816
38904
51599
64402
47629
94976
5690
55615
28193
20544
64581
35474
19887
25039
85485
83258
32464
53904
1141
46606
18695
11852
82272
38097
54487
55207
4105
73028
62292
3619
29418
57931
50368
62675
29790
26940
27162
71380
91178
72296
34246
62663
67315
17567
97794
97997
20439
92609
40470
57286
97020
46220
13234
53542
80350
71299
9652
92397
10188
32348
71093
89503
55547
43307
70900
24510
14771
70255
94810
75523
74038
36954
89581
69433
2182
97012
83455
15970
7185
30476
61069
66740
68764
37209
93880
90626
69838
96019
7946
50929
79526
99469
46511
22949
89210
63466
91287
51485
63096
51236
67221
309
74839
13211
81056
92804
47583
44102
49379
43930
82808
26650
71805
45521
31205
26869
27592
75478
77146
84792
2479
43736
7723
38091
18682
28789
70388
69810
87928
94704
77299
74277
99930
82365
99837
67919
39827
6605
66467
37725
13651
15152
42348
41480
99746
91696
16277
76556
74505
82753
44159
2780
44989
99845
9536
32163
21135
88978
81630
22535
36355
85657
38392
84439
82210
64439
40580
25438
30425
55060
9582
95877
23671
61752
33320
77505
1780
59870
69850
27899
3004
3910
74642
62228
89414
81615
60924
67527
4714
96309
34225
93369
38148
23176
29594
4502
69736
75317
44656
70979
72049
5266
60060
48118
60805
68748
53042
21772
66302
86619
37918
59097
39274
53977
4010
42799
32717
79120
99552
45034
99169
64506
68949
64122
89942
9231
4797
53450
25449
50151
70824
37958
29453
80709
3535
92906
71191
25062
88732
22081
16592
72373
45356
22911
28447
73084
30835
34285
84528
79531
93037
61469
58728
58763
39117
26874
7537
12040
18838
84846
787
1079
83850
32371
31452
85638
30056
94925
35899
89984
78950
78048
13669
67587
76723
84517
49154
3881
40356
83803
378
8247
83690
14283
89290
45154
75120
24438
56215
38536
58442
84619
17579
52779
29090
93149
19451
95361
23448
59378
41308
35065
27396
3028
44592
77235
50076
68980
51750
19038
98294
73225
15979
57106
77731
55632
36432
85016
85060
72923
58372
61010
90332
54522
20107
23239
85959
1750
95439
79428
89072
11983
27307
31247
49925
87886
48171
63648
46499
72453
31737
10907
64807
53928
12447
31710
11160
12920
29123
67429
70266
72588
53507
6254
77878
25703
29529
84233
17642
25016
38802
25318
42917
56690
96903
13899
69870
30559
67660
23727
45251
23605
65895
87099
71308
82491
50833
35546
40084
75055
49495
38432
88514
3479
4072
13047
19321
93390
34773
25834
40019
57357
48595
3691
92409
87434
60540
99549
56079
78011
79202
83508
83652
31018
70365
33965
18118
69175
50393
88361
2453
96812
85826
91560
49816
94994
3724
93370
43216
69550
5824
82744
64271
76843
17368
73667
75475
59128
79337
55491
36279
16890
56342
66195
18032
45622
87769
40339
2561
15020
21499
97803
47844
30389
11007
71833
62197
1687
58977
80836
93461
36863
67585
12248
46615
2165
46589
14994
52224
65399
5901
29507
94664
97918
65788
37369
53398
15579
21688
89732
6917
72327
60314
51238
8182
18910
42574
16460
18445
35731
717
12257
75686
39425
91448
26888
86076
85284
84367
3815
73468
5811
14477
80824
6787
95107
52467
34767
18726
97475
68499
93320
17402
8499
4381
31331
77952
32817
92734
39266
76422
65694
91235
54584
19543
60093
58565
87936
45372
20655
26431
38064
40821
77236
53137
81883
76241
99032
32095
31927
46748
49790
23638
71650
54361
18441
26241
99581
15091
78966
88531
80156
84316
59939
7107
80400
90804
91175
43108
65744
6870
93249
37841
2261
63439
9416
56485
80296
45457
59548
87849
37592
74897
28291
44001
319
48310
2957
15813
48541
2572
60729
33814
65174
15789
52880
70862
41006
7028
60126
16859
93703
75607
79652
75057
30799
65231
83924
35686
67785
34684
82516
45430
32878
20335
75101
21641
94981
62513
326
87465
88077
16755
31029
73129
2337
64154
73024
32725
96899
34567
87243
92436
89013
81979
84931
43481
65537
32898
97110
41173
65449
63881
23361
34493
85007
11121
50066
66648
98717
76998
58480
15059
40024
85850
52178
4615
34829
73529
67471
14510
51213
7430
45846
1987
27800
7840
20004
74853
23552
94643
35917
45799
47113
33658
38348
3468
15338
9588
49693
9705
61469
10095
12153
94364
21385
29933
31915
98844
89230
79608
29257
39228
83693
64868
67701
27868
27877
66046
13687
60338
10783
79906
96761
46739
22608
39482
93228
27020
39194
15290
69602
10502
89003
26821
12199
58690
61757
14463
19309
80300
20816
62623
72954
55887
78046
91106
34956
40108
2465
59367
83047
6276
24063
89629
23273
38919
97744
14212
35584
14743
4690
25300
65566
61035
46464
9152
88820
17992
64713
80832
89612
41555
72539
74089
62209
10038
13979
69149
72254
71250
27787
19368
65439
76748
60377
3908
69951
37149
15806
21083
82681
8601
2436
98964
81854
1166
45636
11072
51376
6904
50736
18331
14863
4317
17646
95422
22097
42754
60225
51924
21719
39119
91017
80836
31734
54574
27814
30183
82481
72296
66620
69621
95174
8279
65429
55455
21095
32443
27780
95980
37980
72007
14847
24069
97108
10526
88153
83389
59974
80718
76417
94890
24402
48223
33328
33330
44343
68117
3051
72326
5318
26686
7729
31546
74578
74491
39259
57666
44738
75621
56413
73242
41762
62479
8555
80818
23495
29181
18147
17761
42610
92482
95753
53929
11968
43499
67123
81638
61683
329
19816
55493
15042
30207
14386
42518
85585
29894
89587
11421
46504
22181
41173
82004
75861
96296
33080
6948
55045
41803
3457
10437
61766
52073
20148
73830
59553
72817
4921
28340
47096
23473
47149
28639
1768
74078
26155
56817
76095
82239
42041
95406
43577
81827
89132
14772
25772
21872
18415
86380
80098
20066
6504
74861
28370
76253
97594
47880
68242
95175
52558
79324
76964
96294
32913
97078
10117
38789
90030
87996
86019
57791
47829
96482
32353
46202
48128
31276
61577
36249
89024
75760
32176
2397
77687
17361
22315
14745
165
52181
42745
14848
24099
59071
72388
84595
98494
99323
42591
41809
405
95285
45384
35043
28179
53161
76032
76703
60150
49663
33981
88750
40403
25784
62644
38568
19885
32180
8043
26324
16285
41346
93185
52351
74382
54866
60515
96448
43854
91160
44166
32968
79053
35341
69922
80729
5028
6701
98973
75399
89629
59680
58113
95316
84545
7702
66513
1719
89746
78045
52981
65512
2056
90342
40826
30249
61296
80873
78438
86184
19145
11141
8625
83329
65845
13653
46877
50217
34420
99515
11136
54974
94464
84800
9677
13634
3204
18431
36902
70814
16275
14333
99104
54350
83267
26865
71147
99594
94959
45717
27849
44289
71375
47348
13512
73540
33437
17080
92690
20885
39604
25145
49425
76336
69520
29045
47110
61264
20751
15843
15267
44916
94972
88761
43722
19514
17259
94002
53203
84973
46436
98515
29442
9383
29271
69757
95557
57030
4322
33059
88865
78491
814
63301
14406
7976
11935
16245
81309
54251
45908
64461
82301
48117
30904
54760
26786
87612
66981
57774
75121
90890
57093
96745
66535
92075
94816
71267
56363
44293
6106
46237
61879
46494
37233
85044
14197
18160
61363
36855
79663
5231
91487
67705
716
61743
38506
26857
43216
56647
6027
55139
14923
67611
32486
53432
19478
17556
7373
67717
34985
8694
37726
77543
73218
40722
96323
3374
38386
16726
78102
45712
97324
8939
70836
2007
59796
71226
29773
12833
56117
74154
30829
68907
6677
58751
33383
17325
89676
32785
103
71671
50128
51289
11224
66555
22992
41536
19620
13083
20150
67980
6842
23589
48714
91109
72956
20684
7874
63882
58621
81325
51019
49752
21093
83512
78030
81230
61522
12896
54367
60915
68991
69205
78074
90391
81872
21357
17359
47088
61141
41933
58518
27730
75643
81278
52846
69632
97199
38470
16255
14963
55393
90862
2502
25647
31620
42554
44655
7765
51534
55618
83352
62528
19077
5359
92900
54064
20960
90541
13261
60333
1167
31131
68383
78876
76001
8972
78921
58341
95276
40807
67153
81395
6973
10269
36208
89643
26233
76769
70504
77671
50932
66252
86487
43415
72298
89996
64893
37002
68892
60440
44711
27165
75483
31955
15508
23597
23927
66845
53535
1879
13880
8662
66164
54278
95034
80573
4719
59687
54523
24731
26248
65987
93648
16074
73149
69574
37255
1764
80518
27081
36947
57543
56316
30848
82281
90806
32594
7620
6072
50329
60235
93382
77288
43753
50734
74566
19836
55338
3997
58645
6132
62259
54340
60152
58137
61537
9989
94741
97095
32210
46757
64240
93531
6135
19742
52478
38906
83215
65980
39350
22030
87732
72486
59691
1925
26493
66461
12263
57718
14304
6599
69406
16067
19594
3319
90734
40777
26401
18337
77164
1164
60091
5864
97931
69538
2120
9980
29825
50214
47664
75319
23801
3813
83567
93771
55279
93587
38344
1734
15241
14262
7097
16866
98600
98677
61254
96510
67505
8447
16187
97440
98615
6379
90165
98682
16667
66332
30849
41600
81920
53062
63479
45025
49572
9943
12920
53651
94445
46843
90420
96008
25576
6355
49892
34054
48315
55347
62628
25586
12176
13990
61722
16610
45237
54614
36875
18641
84838
339
26878
62266
68347
50128
47241
13262
9729
77605
5323
59983
49502
70035
32286
16149
90295
91673
24275
75923
46080
97623
17262
88157
93526
93140
52696
97479
33874
79384
63598
33784
64295
89581
61243
56227
65470
4461
46982
74441
90328
39934
80854
928
6789
93634
29930
90205
52410
34604
22202
95982
48241
88491
71832
76910
95159
9865
38156
20517
36606
80100
48327
81319
38115
91608
16802
54727
848
13250
9885
70329
22001
59741
37562
13645
14869
69897
44847
96869
89295
2013
641
40216
10752
28749
76071
62270
50165
37941
680
22415
70125
69377
9493
72943
67971
1483
17017
58336
71922
57978
64253
26317
60859
59437
18362
95515
76105
73653
94153
16201
60023
88585
3818
23554
97480
47545
69173
68852
59377
50763
82374
86310
63593
16915
44256
54921
43028
57376
54835
61622
21348
43434
46150
18908
6246
33123
91541
48606
5623
58021
18703
76918
90767
17687
50674
17854
1330
8168
13996
86976
77984
55657
77177
95456
26649
40805
79774
44475
33328
77958
3459
81419
7414
23551
23890
68820
48993
25909
78237
43833
67104
67087
29126
74812
48634
63155
16035
30167
55577
99532
6041
21724
75819
79776
64241
70920
99457
28664
79404
73856
34221
16521
86971
62039
49257
17144
7181
81549
95854
71000
44049
84274
8016
20192
55277
61632
43599
62418
52796
44065
99770
97769
28545
37150
31494
8791
24241
17973
7091
87631
47353
76056
76668
3721
43042
3068
78347
21398
59892
38266
74818
78678
33654
32146
55017
3240
89068
22737
80217
80160
21529
43254
8422
21638
46994
32856
46874
21441
52081
14123
15279
14901
421
54734
20931
70747
20386
51114
41111
29430
70575
98771
35891
33096
98638
76520
402
71928
19176
86221
44933
43765
12914
81069
70057
73615
64600
24696
31255
16692
21182
28646
21421
51471
78489
82305
1041
80045
78245
74117
27547
70773
66740
33435
56270
56309
78784
94653
43371
41894
92719
63959
68246
23467
37325
31511
2818
73620
3983
16002
74094
81104
57567
43080
74279
81051
90925
90461
52669
66738
8850
72053
58119
33833
24922
12049
61500
42455
30844
80973
47838
75330
89106
61442
58015
75806
84988
10613
29668
90359
35955
85151
7252
82310
96156
30516
43099
42315
57380
33943
44667
52055
10055
43426
58192
98846
69365
32893
48146
94898
35517
60536
84087
92274
79120
81421
50880
74367
1528
56486
43238
32033
99971
45824
81020
25102
44354
59879
87709
2845
91507
25971
47223
47664
63597
47999
168
34923
41970
64956
35746
20477
44763
17497
74170
24250
52927
82677
42406
13692
35000
28979
94489
83399
38041
28834
89176
24818
39925
36626
23358
95550
99631
14065
91704
64416
72515
33347
7607
90411
6963
69303
54949
73200
1475
5134
51952
6088
20478
51486
79946
52505
85815
5010
73008
11614
98075
50866
64190
95228
4475
67910
48787
46382
15287
9496
81248
95315
29993
78725
60000
61484
60441
34531
15958
85262
50642
62645
8796
9656
25047
74968
27999
19523
78038
42747
57774
57724
18986
35785
72845
36069
51047
75166
18483
60644
826
52070
27572
74979
25672
58769
86868
44849
57981
46263
31453
18109
94076
9070
10355
50658
55580
76068
34559
30591
85676
86271
68129
43423
82825
12767
81364
73262
17813
94453
23332
9094
29261
3394
86511
9664
61154
26034
84191
66241
39631
39774
80052
73040
13225
92360
83334
887
62795
12801
52159
58707
43011
33366
93127
26181
33516
65945
15576
75282
19876
67722
5899
12565
14679
48360
85029
13083
57332
89320
74609
56711
9475
73846
38197
89824
4378
62522
49704
61148
42914
87837
51419
57343
36137
45710
24503
63968
96713
36805
50641
83898
68215
85197
18530
6904
89279
77668
35034
57953
51451
35052
16757
87357
32938
25173
84785
14571
86132
30890
95969
2196
1383
28903
77406
62977
15956
35612
85477
13403
70808
45873
5987
7718
29597
98464
89908
10227
39829
496
82235
15509
96296
93820
90332
3043
80106
81699
39351
80135
61514
53837
75775
4935
93156
96515
41321
7550
40333
66664
53100
58954
46855
70789
69668
18611
36411
3315
31085
28246
25078
62425
27227
94104
93594
44269
50179
62294
1929
17808
7152
59718
73513
61535
38936
46097
48949
61208
61884
25444
87332
87492
5851
39599
49771
44284
97572
18794
86603
43514
12346
12318
1247
93673
67561
61947
58463
48537
14181
57093
82028
92615
28228
73855
60485
32050
55044
27085
18506
1252
31763
35820
19938
22648
18889
90169
7104
36623
66591
2620
49488
34555
4415
80947
46355
28850
915
22383
59703
45981
91313
65903
81097
51776
64136
70414
20458
19365
80761
56298
71171
15280
20074
22937
86005
12099
35901
34344
93863
64702
54980
69831
24026
79501
23636
56359
53410
71446
77618
43218
70248
97381
96286
48997
76177
93960
9550
22707
84478
64793
91602
84404
49067
60661
14553
89923
93447
54190
16481
67552
51205
79113
65865
3490
17319
48991
89895
89747
40767
90541
28482
4922
19952
34125
27354
89960
20123
88866
53561
14241
37287
8438
24711
70318
59804
93380
70254
80490
22714
37182
91000
81950
34923
1181
1944
56635
57448
62799
99636
32241
81438
20942
45113
83578
25329
52830
16707
52585
1930
49691
68565
39405
91759
14825
41973
40265
62702
93025
71339
15415
18339
65194
92059
70655
45002
32753
12801
72913
10947
55443
13650
56652
22589
2297
36208
57074
22696
57780
9848
36643
71257
8831
54783
93740
39392
39171
44517
4218
43692
19283
1983
16013
30746
6118
59802
89876
47375
3366
27590
6915
7284
90817
8010
60448
95206
68627
90669
57233
43163
84526
80378
9387
19835
21694
29546
47813
86269
71599
4897
98815
68714
95381
31103
68801
76049
61589
13177
90749
38851
91764
89185
40154
18242
73205
110
74657
22245
62932
54173
82723
13079
80473
33308
39519
27890
7552
26555
54128
4823
74245
67804
6487
71543
74535
88666
80675
47635
88079
40108
73871
58199
10689
91123
38281
35557
16748
82377
99250
41394
83008
12775
35349
13195
57639
69717
28363
59443
75109
40598
78825
98978
2104
67569
26386
21877
83068
21787
61762
92056
69437
40027
26464
78416
8623
34999
55060
35325
94566
10519
19313
9745
49070
47145
49263
77610
90620
75757
17377
34294
94064
50281
75924
56019
13875
63686
32127
46405
44372
2353
48751
27175
97572
24125
79718
61931
53200
66105
602
52058
94305
56159
54259
37632
20736
32462
62467
48345
85632
44109
39361
35395
34242
69341
2115
30107
79670
28319
29164
97850
20984
23150
24900
41653
42783
67149
82705
32368
13392
45432
44243
25258
31422
39802
61539
47527
35500
13880
76849
54614
98989
41190
76348
93952
56155
59159
42731
89895
50272
38516
95656
40409
95250
92477
9238
60218
39359
38380
77786
18891
32252
771
74405
30399
9005
15228
34199
72115
19371
27463
77129
44448
42468
88672
67625
87755
48362
26510
29308
52680
48699
81297
20448
97795
27481
63383
16252
65637
67737
17496
74285
26379
82540
39241
54998
19584
32898
58842
46999
70690
94233
87306
42564
47755
77578
69948
80821
95366
45212
559
97150
68236
94401
58140
77045
18834
21312
43901
5196
10245
24867
17362
51846
24479
9736
83322
30419
42556
91784
75004
17281
82721
64215
44183
96712
63529
11693
2701
57649
38595
96393
11584
53892
89709
33739
19865
88452
62578
51471
99117
18731
44484
54636
68576
72139
61308
44059
77077
34398
54275
6271
71580
28710
39554
8769
99367
83376
51523
27420
30920
36295
28180
80113
23081
15331
85930
7698
33183
54290
44210
57294
98440
10247
3728
85402
93545
91467
38395
38562
52399
79850
45530
67245
96748
42044
29128
58944
43452
64330
18091
38737
34193
95737
77508
13098
47571
12549
12115
24695
86489
83158
16701
88179
17612
24620
83716
99398
66606
72163
79813
78305
61221
16651
81471
23497
11392
15900
4550
96672
98071
90164
43847
35098
52130
54659
33426
84108
74171
25596
9104
9339
97154
88406
88616
63166
90182
68633
71633
90772
48502
65771
20408
10042
52436
22106
95348
83757
71478
90080
38190
44840
45373
88940
38802
53959
60934
16220
88843
72959
40227
33851
50843
55477
90041
63762
91926
99642
5883
33156
16865
53109
93077
22646
53358
32127
53322
82771
61051
43912
12650
95975
50751
38305
13965
23018
6110
99483
10413
35162
80756
46041
23540
33763
37819
6349
36025
47945
78678
71504
2408
44237
37403
19192
54262
52819
56253
22896
85358
79333
56026
60757
32027
37494
94657
76851
44901
70169
79997
54481
5056
57925
5390
35677
15631
49342
51090
32910
63842
46462
45147
79052
30122
92104
8342
86931
47567
902
81979
84163
43950
4802
77093
91248
47633
28034
81681
37328
9307
27701
77815
17284
5555
46245
11834
76861
15739
83949
23511
38392
74849
45096
86668
19823
81208
57053
21263
4314
95326
21672
28366
77012
46515
33277
63781
47506
30893
76861
19801
80556
98447
82386
68712
79086
37202
22582
30174
87699
28331
51860
21376
15931
90732
95625
21918
52745
59029
92944
77968
16048
92971
24062
68619
62814
63728
2471
38696
25809
27201
95948
76284
76381
18925
67255
87806
72723
14483
21921
82287
37386
27081
12280
80201
66415
60972
59026
46726
1134
44422
85563
63129
32377
25014
16924
65697
9347
69445
48293
14864
62024
19210
60591
1857
46902
18185
87518
5210
77537
21405
19982
3389
86223
44360
18310
20067
33130
29052
88667
27635
38786
34120
99838
18290
48321
13122
23000
5276
66136
91474
46871
48645
39221
86545
63209
18794
86265
94166
47108
58015
79697
62150
2638
13338
92634
35718
89720
45766
4635
94082
33190
94347
2535
22069
40100
60991
96751
22238
43778
89392
8117
90718
55347
98541
18272
6946
82525
2002
5532
55257
98061
41447
24862
21512
46474
26721
19676
18983
67936
52280
22740
80825
38372
96209
83213
77621
49180
2097
62388
3283
94993
88658
92661
74696
79279
30782
13719
17663
19397
42235
78583
46520
11778
23976
34773
98827
22867
95122
80497
77475
24803
96209
83934
97728
23942
1321
28884
85704
41502
86470
63802
55664
84533
33511
20249
73598
68601
15381
36961
82098
60300
36441
32719
17008
44481
99868
28881
85478
68585
60790
2058
95368
90602
80066
68961
14630
89187
2394
96201
62683
46471
19757
30135
64323
22376
15013
85204
86431
68365
69707
25231
87809
99311
47737
66529
80528
77557
4095
18067
93971
39361
83511
30549
35187
27166
73251
12453
6559
44578
3478
10956
81885
25112
87738
76811
35875
83687
3677
87458
18850
66508
35089
97278
55600
64631
56925
11137
83092
99410
53600
66497
43863
88119
68690
55898
75913
60325
31577
43928
82112
96362
64657
74847
92485
31324
74115
87125
4158
33785
29613
56966
38382
9663
18851
62136
52152
59987
43404
67360
70604
70956
27059
81630
60764
8679
53476
54735
32424
66242
46058
63801
2715
27539
19072
2940
58550
69278
33519
86947
71401
7109
58666
42166
63009
43534
83966
57979
34362
77676
84252
66218
30018
64951
390
21384
25841
73631
90618
32099
84049
19565
9999
73286
11638
89409
31236
61063
91346
14063
20933
71631
6889
45124
79717
18624
13059
61149
22333
17997
89010
35781
19371
58934
15305
36972
46781
68219
49052
95126
38997
65608
60255
31795
35262
90266
79782
6655
71397
97213
4413
57291
48140
26221
63760
90106
79591
21753
10585
59754
54152
73111
66524
50690
63531
20821
83707
7826
7527
95341
87888
33448
38150
19066
15081
31987
11374
6790
89474
30849
67390
26095
21913
91428
70960
43145
40811
34117
75611
41831
37081
82120
71801
69629
10656
61826
39156
78458
10180
31678
55132
46870
19619
10817
89605
54992
89767
41610
17391
48351
57520
17638
19166
50205
55798
6540
26765
50102
11644
97102
173
66330
79602
82709
29209
83587
62141
96425
94349
13224
21641
81234
52383
71268
89925
63261
58837
30151
65621
8302
32294
87288
90124
15615
77757
82513
5192
55606
28546
5090
80305
89141
24666
64223
42874
79851
63756
95208
17230
85257
46667
83877
6173
34236
95372
7004
84119
28053
96776
16002
24192
99683
58743
34321
22057
67664
78237
938
44234
10156
74135
48231
56967
69099
88359
84727
91823
4625
12551
67401
4440
18434
80626
7605
91494
96275
77268
15846
28663
5644
81995
6105
33130
59835
45133
4174
33733
75411
43023
95212
96478
10356
70048
7605
10520
73843
67141
8946
39238
9202
84922
75209
500
29571
52451
15151
29176
53624
4799
94880
32752
58095
85427
91457
39510
49867
84451
97348
53009
48109
89330
13463
36265
60927
85470
31268
45773
95924
70568
82833
20654
7625
64562
49932
13989
21631
9055
40616
374
41015
59280
88154
86300
75964
87675
2473
21279
66451
22635
82282
93943
97804
18376
17108
613
23740
29489
49433
45914
60756
34216
79066
53912
26752
42530
94369
19947
27802
37398
44123
19566
25589
3049
94318
53448
77251
13822
84123
79446
56902
71762
54318
83906
49189
81379
88394
84882
65170
23359
13377
85675
34363
67138
46601
97891
13646
27340
93716
65489
23802
97251
74243
26206
40200
48903
57480
40299
55389
50677
98358
91297
66999
41075
56112
6228
99203
91442
2739
7144
97218
40426
52571
62397
19205
65401
49715
48570
28973
59430
64425
82212
21398
44321
32440
19979
26929
21710
98294
64640
31759
69949
65803
76898
59604
33549
74606
25749
90403
76125
87445
9701
21838
24926
56761
75066
92634
98200
17991
95093
94501
32955
88335
18226
70611
20775
8290
59398
4899
22855
24856
52387
57610
20251
55352
25340
40507
76462
7349
65786
40045
18422
38510
74458
57131
42454
37288
74034
38523
78797
35720
44472
22798
97271
39369
37826
75470
18288
78142
72995
4871
40956
3403
95682
80
76518
57994
46049
30966
72615
61312
55402
96440
15434
20718
37029
86829
5316
67923
37783
30945
93703
35831
81996
90880
7300
53413
25126
57408
81480
25243
40554
65405
94217
52370
61913
79191
46060
37000
87469
54308
68373
42291
56583
15231
39062
28686
33060
91355
19437
69205
41562
63957
23719
21742
73945
59654
27727
22281
15287
49783
42280
72040
76479
1420
11835
6855
57713
85717
86548
87488
62006
23001
40660
64216
44516
16704
61616
74002
89775
24965
16615
91046
18867
58471
36384
88854
29970
42922
38105
24755
10175
80824
78948
68053
7684
63465
28089
53720
38799
4406
95494
37475
55261
11395
18029
48413
70765
74967
53053
54828
6502
6844
18721
89168
62135
28680
47242
20953
20351
8233
51096
48138
11139
28535
51199
6106
4582
12534
60449
54628
27700
90865
41782
64078
92556
73670
91234
46332
6077
76655
99967
6863
71458
50564
1703
97971
80290
85683
17388
83245
31928
63080
65963
56680
4634
81188
18346
28718
2858
11440
29897
15820
61140
5122
2946
22116
3645
93902
43278
45343
5055
26060
90248
43555
98636
30108
40296
86438
72181
43009
60026
66148
93846
12608
78277
6292
81876
23121
34273
70455
69877
67348
83409
3430
54995
86321
54473
6225
9900
34639
87979
30109
83684
47977
68541
20896
75708
54615
43295
95568
65724
4302
74861
71805
26612
25715
62330
55641
75444
64771
59289
46679
17708
2390
84540
44979
76710
2154
33415
22147
82720
65666
13180
52664
31078
38355
64382
40495
74294
13391
90113
65101
3132
30154
92631
9778
16175
43126
5027
25060
94235
68402
55303
5302
5711
90656
72164
255
65966
6922
4626
92889
99837
58744
40853
55669
72327
86214
74150
3455
20735
74009
17497
65237
66598
48553
44642
94790
54491
14007
49750
49259
18602
1436
96995
96231
69293
23960
48501
457
38208
94072
9540
34669
49851
48687
87218
71188
13099
84160
15503
68553
19276
45671
86267
62986
89176
51753
25406
73075
93405
60299
17650
17392
99946
14402
30374
93207
75278
49552
4367
64762
25461
2608
46062
98779
6792
85209
27806
48782
98083
14044
89236
26388
71204
73084
57356
15087
45152
90889
48155
1548
74102
26882
18071
64459
38123
2793
83134
32073
74486
89394
39696
12380
2619
95403
2791
98792
62975
49006
1114
50742
26009
77912
26233
61071
6801
8659
41463
41123
92607
13204
79320
84827
76149
11259
17840
50544
50308
60545
70879
99699
58864
12159
65809
99799
95860
88451
69461
25953
28925
39191
19322
81102
65702
33218
52311
92750
91064
90263
98399
77697
37828
77929
10275
93629
80090
65497
53956
42685
88581
65722
31621
98862
98655
25682
34994
82099
54806
42584
4777
43402
74771
28863
3579
72257
57942
44955
45166
96681
64964
54995
23413
36306
62425
83646
32556
66799
4552
38024
99715
68753
35945
21718
10045
91329
16124
69197
27476
3548
37562
18298
46509
85236
57772
32334
79698
32687
92621
20171
19007
41282
54013
74648
16294
83427
96867
50596
7658
57207
89344
9546
79840
50927
96307
54015
24625
34773
73240
59558
25012
12853
15504
36287
88861
90013
8559
36011
71734
7458
42665
65229
73363
69654
99939
88851
65721
40202
77139
43824
19852
38220
8809
67047
38236
12463
86733
139
78568
82108
51738
55683
68639
99835
74286
8608
74165
56272
35746
70407
86433
18018
72532
32576
25756
71354
49424
4418
62936
25798
90954
79969
51029
18629
46922
18427
56078
67685
30733
3575
82658
27065
66375
14576
34009
42390
7818
10316
7367
59238
33142
60229
70089
73647
75729
68578
69384
13480
64661
15877
83796
16618
15870
31959
51321
7641
32518
83866
50577
69152
60594
14881
63312
93046
31385
90198
30144
25968
64109
46384
76851
53761
33019
91065
81557
96231
1576
64732
22133
38922
79297
64042
17115
7874
21686
20867
37649
7639
20075
37075
49664
7751
22907
48998
80652
82049
92140
50629
20968
27042
92122
8585
65303
72928
74716
33585
37872
51098
13166
41975
44669
79833
30122
9910
55730
24902
61896
17641
65291
60825
3501
19516
54706
58966
28982
54032
45123
51978
66914
97384
83458
61230
76696
25551
74135
33844
93325
91215
3071
4083
98614
44036
46542
72617
77041
32856
85279
59169
41440
45672
78061
47776
19971
58304
20535
34053
65931
47171
72265
77366
35924
59224
68864
6279
42828
74676
46032
17973
39062
13426
25234
6729
24233
1048
40327
32827
40502
85773
9673
86477
4466
4277
25888
66177
8713
50140
45620
59509
57006
77474
45279
14016
90514
96474
23763
89386
99412
62480
33394
2531
40862
26476
9636
80147
87917
56625
75912
41961
56273
78343
71599
11351
43886
46864
18432
28611
28741
28889
89567
1184
54759
40975
81223
54019
27452
68713
2179
34488
73884
19570
79000
91035
38645
55821
87120
67049
94865
23814
17345
11469
56835
6409
16875
428
23034
55062
22187
68311
6245
65858
60070
60006
36523
56262
9763
63695
11982
4563
7233
3230
36861
73146
22775
13210
29902
6249
16787
37199
63522
87288
92677
36
39859
91886
50189
52384
49711
92287
94478
71063
75658
1565
64311
8847
56620
65417
71120
34325
61830
31948
85281
54583
94663
59146
65165
2630
58841
78469
58825
99760
15698
24645
45580
42659
74602
86270
23495
27749
68016
12313
7650
63235
90813
30533
47390
4883
48272
238
84092
5050
18766
25447
63304
43611
17684
61601
10337
10610
26378
70598
714
66892
89944
13805
71600
35047
36717
99563
64727
89846
51735
13598
95757
36433
76121
18424
87527
90791
66499
55713
24078
5992
78869
40365
31116
73687
41996
31855
83410
31154
83204
81385
34195
18609
94644
37472
50716
51055
87917
22987
79665
52950
3990
94380
46636
19661
40745
5385
99261
85543
82269
92611
77279
82320
50946
21342
36246
11694
18372
42418
76253
74003
54908
56165
15652
19858
3173
44218
47389
89548
21466
76114
82257
67605
80419
83137
94082
86933
42868
9418
58869
45552
11266
8110
14798
79099
94197
20245
76269
34446
68049
42114
3871
72827
84007
33292
62190
6789
83834
15038
45333
96901
49205
91106
18783
63075
1992
43367
23986
28084
70037
24781
45288
70643
56999
54460
27709
3303
13246
80232
45388
54443
21626
40922
31742
15724
96893
47411
41255
51747
43371
95763
23958
99714
17373
79207
9499
13546
92139
50112
64432
42465
85048
64373
94676
32269
22694
75012
3199
39639
2341
27626
91935
93319
7742
23405
43898
87972
58200
8444
78012
40570
69297
12540
8304
20798
14586
52652
56989
70398
4533
82033
167
7261
50610
37574
90005
87259
45651
1211
93349
94417
56191
91218
86410
12149
92262
81942
90092
28100
70221
97006
57617
86158
2606
12522
68644
86312
37829
95479
72302
92597
7926
93103
5992
5908
21976
77913
84683
71355
77021
27923
22336
60010
45252
35111
72665
85148
86653
84
16424
3544
23901
77655
18314
60905
28123
3209
83796
30302
3875
17511
59957
4888
91639
70463
72644
89041
26688
91526
8979
89016
11310
97071
13494
10664
65375
73816
35922
31984
14179
93290
90686
64564
62318
21088
45401
46338
60074
19008
10360
20311
11009
83972
38840
47603
13237
48180
91251
6970
58257
73028
3034
3285
64951
11798
21072
77824
73571
92411
41790
56552
50614
67218
4862
73316
16822
73615
87220
66382
36072
56877
58101
25557
87097
32779
33985
42396
25131
38121
3982
41246
28285
10095
82126
49658
31886
33461
6151
52635
77232
27695
64118
68898
94510
19553
40060
96250
77968
11269
16858
76543
12559
10155
20557
87980
50410
5812
47101
90002
80609
2004
33075
74143
63380
28538
35433
60499
73486
16981
15488
67090
35188
84922
60832
97874
57717
78255
63997
264
61947
69707
10442
7797
24302
55568
19048
50972
8979
17831
83016
6314
37564
24788
73581
89136
51641
84617
17490
42125
57062
4630
84986
11856
11040
7089
26237
42499
50475
76341
16511
29895
83753
48867
92450
5242
96229
99149
29196
62411
41201
73287
15866
21310
77675
54848
27309
79165
1306
47435
68488
84972
48763
38549
60222
18421
96403
61866
68819
20189
43296
58594
60322
85659
98219
12938
48150
43658
10055
61782
28066
69546
1826
64769
11621
25492
96257
40989
89947
28124
64690
77450
41444
52038
50251
81402
86379
44499
95341
9260
15604
20967
75828
16938
32957
60871
9275
13879
20752
88130
99149
1570
88700
11362
26800
2243
69629
19768
66459
19387
60886
28785
36042
25250
75627
16580
17528
43213
13419
19404
76344
65760
63644
73022
24021
36043
94936
3288
81738
2260
63189
26021
32935
76991
93457
66314
96390
61326
76478
66417
25963
55545
9752
9906
12065
24026
75380
92843
56314
37068
59159
39151
87566
65034
49703
85897
52837
38865
51309
14783
96933
35419
77186
97970
32606
41722
69597
19570
18335
83943
22497
69170
15340
17782
779
42821
87969
56070
68332
71122
71755
67141
15311
15989
5421
23770
70186
92332
40393
76241
83105