86015
16031
90826
59395
41771
59968
33301
21276
50237
80213
16177
56935
5605
46879
89271
27320
76021
11635
74781
80847
61055
61529
41022
76699
290
94459
58397
15290
60752
2090
69701
6653
77032
52276
99752
29103
91860
53094
31442
83418
35690
47369
66377
43368
34158
51224
99247
62346
48418
1046
4835
12627
77762
67365
35719
58021
64409
18827
79063
12335
36569
1221
39151
30213
54811
24480
12617
17512
87323
34755
90507
28488
87992
91064
89792
49250
22658
64178
36019
66247
20619
75804
71284
87276
24404
79422
82466
28160
13043
4828
26813
55132
96101
94389
8742
74680
94143
30428
82818
31592
83123
29022
38436
30964
51831
52581
701
54383
26369
34312
17328
97296
41079
79953
74456
58560
98115
11036
67314
71923
14731
28204
52421
14439
53445
63328
69620
35958
32933
6882
13392
84713
18503
18989
47130
5328
95107
8232
55228
73220
4741
69366
48428
42520
54533
15055
48032
63108
48160
32654
83453
63479
47242
46386
86327
63233
6765
65571
30875
86352
22150
3202
68385
19311
72665
99511
24715
66934
55376
67022
10531
66003
54008
75621
5718
8115
19060
57163
89614
88375
813
96163
98566
10250
66766
13039
55063
56481
33015
70319
70132
88244
19911
10370
86468
48749
73024
69986
75794
27370
70044
44313
755
2002
79986
74586
84977
53512
56410
46121
67084
11360
46037
42232
98386
99714
51055
54072
36227
75566
59486
84109
55768
91215
86647
75215
80160
57876
31338
63200
31377
52086
99005
78733
75581
68515
99249
61944
11545
52212
62693
3503
14141
33144
85989
54516
485
58898
72984
20431
80568
83060
74599
7712
28081
68243
68403
28971
97388
5889
24249
30033
54610
95361
44385
49321
87982
23022
42142
45822
92807
30741
35630
6841
32828
6212
27632
79543
5085
81958
96877
41642
39793
93291
81896
87567
12548
89206
22110
79556
34742
88970
64243
19953
96910
42367
97959
49070
4935
46148
46337
1075
5147
77066
18667
80259
17767
17972
4876
78346
56460
61867
26271
61287
96610
40869
508
46480
61864
19870
31622
67875
50133
93042
25107
96842
22698
3378
78157
11955
44803
22105
15158
82771
59518
26164
33265
61280
54066
3069
67074
33263
20290
3391
35364
40457
8058
24422
41868
31869
77617
65327
81399
67435
67710
42859
93245
19377
70395
11780
93116
12845
4964
29254
85459
671
80486
79445
94198
85787
23012
2972
6485
61186
28892
71970
64629
67226
52630
50634
69635
9432
76625
94537
88343
22739
39508
2872
59962
86528
25101
85338
26528
12357
43200
47253
59363
66846
64296
14506
61706
2770
89422
84244
17189
77245
12037
40252
86235
92702
16215
79478
50475
35987
97292
3830
94181
22371
96574
83232
89754
83688
71477
72766
47052
35279
27849
7847
60961
92173
13387
86145
44560
55012
66850
14339
6115
46612
8420
46906
67280
47694
72600
55018
43634
77338
45048
49629
80539
62968
50060
95938
43220
47791
82817
93224
18955
82438
24976
39630
93908
91413
3912
28719
48410
56244
22467
18120
96291
72867
44668
88388
33116
43816
69013
54479
55570
74994
63562
72981
32649
57861
71821
26371
11016
35881
1003
715
61318
77794
30669
44758
63411
44850
79360
42200
19549
50904
70979
91095
83079
30059
36275
80345
81194
92244
93624
12013
58380
20362
21512
12302
90820
27847
9013
59985
84732
91057
54720
97624
29615
73626
32743
73678
4500
69767
41219
96224
31913
91714
34554
94666
58659
23944
64329
56028
35444
75219
12212
70263
75614
19824
1222
69346
21664
80884
10817
8936
44529
63947
59917
61800
57710
96012
80051
74786
20638
66454
69762
3393
25321
81174
85743
57812
36296
89871
98697
24043
22996
20618
46924
38579
66590
78805
42080
82318
78698
62681
59878
70773
99058
13568
56208
4397
46797
60512
8435
89024
13378
15092
23747
6814
13965
38576
6940
58677
11099
39085
73373
35937
93714
50557
18279
30779
32155
18113
91357
1458
60628
98524
46700
66791
16811
35236
33617
38418
85708
65212
73711
55267
15033
43765
16596
83591
39392
98750
53531
72547
44224
27304
46275
60982
98794
54652
44684
52538
51866
47904
75490
78785
3580
1511
70403
82717
80257
48346
20067
88730
22415
56052
7018
88747
38411
46985
86921
6673
17424
97177
69577
28172
45508
85400
35713
28353
86362
87291
36591
53247
17822
62836
87607
13618
2867
70148
89654
93563
4742
56342
19623
993
90099
58840
1325
15858
2294
18431
17919
39293
13095
44277
64668
25068
58302
88822
25324
2437
54142
1205
71800
18289
77209
83821
62136
46949
75057
25762
91092
63546
20548
74475
48192
83400
28476
22546
34639
30037
63729
6188
89426
55496
87593
47217
88021
52163
24413
13702
22643
34951
82726
79831
52606
45169
10057
42949
49429
63879
37455
986
64942
28271
59100
98874
26060
1950
365
52997
54172
1143
69289
97201
71200
30212
57636
24936
66212
8975
73913
42401
95185
80596
78355
1555
41336
85017
5420
4981
63292
53252
42030
74035
5710
50367
50779
69684
30654
2778
71447
30432
84498
9231
4386
3047
46287
95762
35279
55183
31288
38025
15453
19393
30620
15808
59214
29857
91927
31792
18110
27525
5043
85797
62696
24182
70083
20593
53300
19923
28355
55622
4986
17448
20213
5910
44174
19737
44525
79894
12603
69542
73853
8986
73944
42882
2545
91866
59406
3889
63261
34529
33625
88049
87680
43053
22317
46460
13647
55010
89541
12867
74976
5494
44094
5647
29475
37326
87182
4645
20544
49788
83183
56874
4691
29495
84423
14372
73916
8281
4232
96363
9622
66357
40938
73979
9764
46887
61508
41288
21237
25853
24468
22536
98459
87582
49680
81623
81367
90415
19907
98030
84435
30425
28793
47724
86731
20744
90273
45818
33449
14733
61279
98692
49573
79770
49387
88244
80411
53462
72959
14077
55045
67777
68571
75163
87033
29268
83188
90359
71749
95643
37234
51809
34555
25210
94626
80136
96958
5110
68799
81500
21823
1345
92093
56291
53481
20763
92295
11305
30383
10796
6640
81320
32913
478
80726
81813
71826
80440
84404
78896
10404
92071
87176
74679
57277
75864
93202
54193
39693
46283
91407
2073
24935
1240
15677
2984
13001
42296
29849
3488
69476
27065
58210
6895
70745
78081
82898
38407
28159
13048
81478
38176
81021
37513
95571
52880
24101
60822
87190
86814
91991
62795
90962
26485
36958
60556
32450
80932
12197
17570
11108
1108
48888
2664
63555
39640
13322
35520
3107
36541
14848
72854
88619
53169
47429
89013
69762
4227
97089
89691
24006
38590
7342
59788
2792
60762
9740
52489
2689
73482
83784
50102
35853
99722
75157
99223
71880
28923
81303
34685
44090
15140
49557
17292
55831
43794
58087
68654
20884
32344
70540
90500
56201
18246
87567
81967
57593
93796
86100
71569
60039
52278
57814
62108
32575
32342
94134
90508
81212
26501
24544
74963
89843
4095
12293
3141
14758
63739
70876
50831
87949
63379
16795
2562
10981
94205
24577
71470
36367
67943
21760
23076
21024
3239
81421
87810
48089
7582
11324
77125
61365
73194
32286
36862
88202
96255
56634
79647
41529
77831
81743
8775
77087
39455
63888
20205
55684
61753
94014
85031
47627
71349
82698
93541
71833
41485
30257
92401
38450
953
46621
30539
1045
56382
32378
58620
21516
27324
52647
71783
40844
48621
72058
83851
496
46566
68617
48592
25697
98122
81122
64562
73527
89279
42885
65436
56060
47577
19541
75038
71040
95731
61683
5137
25556
36086
48033
46407
52151
16468
32265
45828
20165
31153
91360
20552
91249
9725
72473
87354
77392
14607
52432
52337
8692
38559
85849
98758
91823
43464
22938
1527
54852
8621
22222
70477
95112
87504
19005
56637
53257
96843
99151
29819
26777
78403
76159
91281
23989
4949
62115
70137
58161
63181
1635
96990
53089
40524
14688
1961
39255
2292
9808
21487
62020
75413
85677
42090
74442
55606
71473
58168
30220
4447
89694
5780
93746
54279
77897
63174
6582
94192
88861
24485
56616
54324
15553
86893
58985
64769
93400
61041
82165
89092
3470
54175
70352
44717
87797
80902
39406
95125
86965
54260
20900
10656
79148
17069
52450
59120
92320
85292
88023
42513
89029
47304
68408
65913
36692
14122
89944
31220
40742
34420
45629
85146
74056
99942
35735
25008
88652
58269
78478
67033
32574
20564
41855
43544
40402
33168
21213
65144
22582
24339
26057
41999
64903
80703
55592
9951
24471
47881
6334
13940
91954
82283
24226
56824
18272
69935
58665
45811
55653
38894
18107
57783
13719
97684
57432
16277
64772
12969
89966
18546
64574
48461
88725
12365
65351
32043
52743
99575
78713
86810
32081
75121
77853
85420
4403
54910
5547
14687
30276
47463
70585
93152
50477
38076
79278
74618
19508
3590
88545
38359
95258
71441
34765
79688
73305
53464
42337
67429
54796
94015
12782
46007
60742
571
62650
74765
80649
42592
67421
29104
26049
44846
70261
22251
35414
30824
95345
89930
52306
3767
97073
38688
17262
9745
83614
15120
48663
39099
18518
32948
61443
35455
53265
9617
67045
21220
44272
585
38373
61701
23505
87201
1297
15061
64245
20283
6017
98597
57751
45318
87185
18571
89179
62708
67171
32883
14843
22921
78493
19215
79116
91986
24752
42947
45805
13484
37985
80972
47545
40189
78648
42674
43338
80687
49744
90436
27381
90207
51931
32701
32003
82665
44005
34908
86866
96350
99173
81117
61590
17338
60951
3527
20177
44604
74008
28423
9355
85118
99318
58298
57637
8581
76175
70456
47053
34505
96161
78738
90754
82828
46639
32129
27068
45330
35206
21022
28669
2295
9245
7928
14177
21399
22727
93230
37072
45660
53397
93635
14223
78946
41142
65015
10648
38385
44404
41057
99438
23146
10684
46903
83570
6722
33864
17747
57460
20814
22254
73514
43366
63077
37445
72729
56584
59433
36590
92557
17454
66242
48757
25189
25963
30201
7395
89116
187
31102
32767
95981
40656
99517
73241
31186
73709
27504
6564
38161
7227
61888
12659
61280
33917
5434
54638
62452
51594
47112
96445
82057
20344
62135
8865
67323
13993
97985
95805
13870
1370
3910
38876
3794
44786
34090
71200
16337
75207
86977
27589
78819
41573
19171
84742
88438
56787
57232
12747
25503
95152
86769
98612
16127
12191
29648
64247
62764
33124
71188
78618
59027
12044
30635
44744
1402
80029
61225
84874
81691
54619
48649
73800
20143
12704
55496
69509
27171
44309
30531
73035
65433
65048
46387
77106
32096
28666
7232
26737
79406
74196
34225
81227
43895
68490
76029
97347
11043
85350
66571
20752
36395
6181
71395
68598
16068
98937
87669
26633
75245
21537
65260
82481
41745
63252
55937
93579
76239
1590
78679
15252
27931
62825
52316
27097
5221
27265
14535
77850
61313
80629
52332
64423
86839
48790
93965
14786
63545
89318
31043
94095
78199
16207
17087
71969
98556
22037
95946
95072
98436
59074
1274
98447
47314
33338
75109
82234
82783
13605
82438
51969
42779
2873
60744
51088
9082
21061
99209
5862
60594
52373
71625
26026
50005
57676
51446
34132
38962
90100
65835
92163
25920
12941
53435
36896
18346
36297
87100
12253
92231
59919
99215
89817
17433
60882
17848
83118
49341
38434
55275
25524
85764
34328
515
47641
319
2704
93885
79782
79837
56927
69238
33758
46597
25633
43190
15004
42206
25203
93706
28346
14507
44054
86164
44841
92515
96827
33028
37112
12379
57650
33589
61171
47747
20048
85962
50398
58689
88716
39325
61195
42359
68599
42586
23400
76464
63577
63621
46767
80376
78972
97372
37199
24563
55351
60402
78733
73149
9965
97175
49849
72719
86564
11303
66352
50851
66827
61276
25407
96413
84043
93081
87807
30930
79566
24912
62482
602
51217
66470
31072
17328
76320
57738
58952
61011
56572
90497
91459
67017
37511
17356
33255
54201
90241
98058
72591
58407
53319
62116
45474
1897
15822
85477
11430
27162
6613
72033
84854
70098
6576
22910
74425
29229
53704
21020
4235
3535
85872
71811
3130
25832
58283
81767
4977
75274
32821
58527
95325
57826
57719
50629
70522
81766
73233
33074
85588
19642
16395
59007
62239
35050
15617
57125
32341
14434
22791
45739
76374
14685
78388
32499
72727
34064
12075
81614
22641
53764
41191
23907
19392
86611
88384
53851
43844
66137
21116
34880
80964
24510
54948
92846
36917
91053
50625
23361
87783
99631
16096
18348
7013
25639
9641
39500
1035
70955
7325
79604
37166
29948
27005
48561
77713
72544
78745
48374
98183
63331
32230
37906
87495
87443
74210
61083
71864
39529
12468
13586
56346
35360
36864
13483
59095
84157
97698
52421
20754
41096
70236
79618
35956
99099
6422
56836
78078
31710
49001
21774
13325
17337
50581
11416
99017
44036
4598
37939
94230
71654
44524
2903
83168
9187
4228
20726
34533
58724
25486
77243
27917
65020
82962
68590
87002
63917
97952
57000
3025
28419
1587
62182
95761
49041
78028
33728
4396
48848
93344
56188
85556
74023
46179
17280
86652
34785
70649
86239
8273
86747
91852
63255
81973
61891
84703
65723
98932
59878
47232
87658
8629
36125
9991
42447
36963
5576
85830
8025
8971
91257
77344
65343
77668
61842
42276
77011
48006
5762
47647
78010
77324
98560
52809
7272
31286
63803
49934
98030
30226
1986
70488
18971
37038
88358
31379
16123
78457
65570
31760
7135
13781
80857
8373
27570
77439
55888
8553
48607
54178
38403
14616
86184
26313
71694
32804
32739
31941
39157
53866
29499
7760
37594
56805
66835
83882
3029
90115
90878
1455
40520
98612
46822
56933
72491
19863
91025
42076
34023
16791
28190
70481
14253
58715
67849
81083
82292
82279
32360
77144
66438
63464
87431
11750
28815
70957
91255
57216
59976
23920
94752
99479
57718
15037
95793
3979
25771
76612
2804
63111
60646
78604
70845
89963
95275
29746
24553
3530
10428
11023
4685
29135
99149
88424
48022
23099
65110
33573
94919
23999
48
1580
15807
13760
49935
70121
4460
40247
28740
10847
31987
29219
7419
2394
938
80415
26590
85085
19116
94766
1975
12356
39192
20640
83289
8206
18810
55073
645
83708
93402
57685
32224
82479
31638
39407
41521
26935
63939
72294
26567
92149
72059
22463
90436
25599
98208
82740
28918
10918
35566
85924
26817
19542
15226
78277
38980
90894
24007
29133
93523
28919
96788
89379
67029
84016
70965
80140
72493
82357
83987
17574
64289
53818
83295
32745
56600
28188
96508
10525
43896
67123
39623
2804
23733
661
93609
49044
71955
45465
92986
28805
2485
21737
55476
53839
83195
6998
46800
57680
31995
56234
22068
56052
935
58787
63066
5681
16094
94827
24455
66640
77439
71032
41631
42909
31837
1981
68794
45257
56614
44104
83914
25247
47764
77663
57254
39368
45959
96100
14148
79368
2391
73583
59579
83389
78955
30399
93068
86308
83803
2805
22590
61600
78070
58373
30670
67216
82309
50194
28562
66020
41940
59172
97190
3167
28280
28187
29951
36219
24564
44725
15168
60313
64594
80005
44538
27639
54761
33128
97054
65384
99901
5326
70091
51719
39500
10276
96549
55363
61017
22402
27123
87828
79524
89371
63592
37068
70820
51202
55421
74980
37978
71277
61611
42259
93948
15435
85848
65341
84348
39506
16155
77816
53080
17820
83178
95404
1589
67700
50139
97677
33892
53150
91408
52094
3009
26328
44635
11676
19450
28729
25849
1760
86255
19668
26262
42487
65594
72550
553
22141
63921
88735
6317
22152
47238
33015
19705
95107
43824
45169
94954
53393
50572
89427
30705
43931
71247
81894
23753
95192
70778
58665
37797
49836
57252
22438
53310
37558
36098
74048
88064
6471
52416
94084
16658
29236
17196
35108
17156
89593
27446
68914
14978
81028
7136
8759
20750
59278
17971
33151
24880
1821
79726
5423
29436
97261
27224
23978
63190
31372
41679
6584
16820
27009
92782
41086
6131
42593
65498
57817
39399
65150
19321
40032
59251
3984
57442
34782
10693
31790
9766
1190
83204
46007
1694
99648
12107
36483
63564
81420
92435
46919
27206
22768
75906
38946
925
80428
15116
68765
38154
46581
17686
12946
81620
61303
43256
69527
96559
40511
27585
30585
70417
92517
59680
51375
24738
77711
64855
11325
72052
15849
15103
36042
35913
48785
77598
67172
57807
8079
17675
39854
18471
74548
30466
76324
75409
78869
4256
55706
73158
97623
28158
97074
36583
1343
36969
58819
61563
27516
40595
3037
99510
27272
34969
59976
45175
94609
52738
86406
38988
46219
32214
27053
70710
68495
92144
58747
82836
46217
41560
80313
7184
18670
98702
5704
98915
45910
15532
67798
99659
37857
58953
70817
79780
46507
99585
53689
95011
26666
22179
83576
57605
67088
49015
72507
32172
20119
14302
86223
21877
11921
29415
60060
29060
85895
94448
59053
80598
51521
77718
85744
5614
66123
94839
28147
16117
52600
59378
65702
68749
24378
17846
38260
88951
27478
5199
25359
42147
60291
19500
61717
18123
71216
74108
99572
32797
31400
6525
13294
55377
24099
23174
49199
7366
90739
26631
10085
2694
77321
25666
11331
62165
82199
72049
44667
82234
74417
34682
97254
36860
56521
76531
19487
39931
7027
93372
51068
24051
62751
54919
19722
40632
10244
39795
91237
27264
14296
64885
41535
41124
66050
47289
82708
86964
57919
33944
96113
71089
68269
36060
33793
84341
25558
68670
482
2873
28962
14025
75632
33154
23735
59566
91574
45569
23135
38755
57352
63939
26187
72426
84401
80729
6740
916
59068
9275
1577
42717
73126
6793
37205
63736
4666
2364
44673
47524
37423
48919
77445
82453
81083
47561
49096
21828
710
67934
73597
8925
34055
10290
37357
87564
24542
78484
12543
41321
37945
94509
75074
59605
55402
21834
78182
39480
63650
4202
64146
1195
81379
66237
37164
27265
65313
30548
1101
11302
262
24018
97291
21616
9366
45718
47235
29031
29316
88852
61075
65030
27663
30989
67650
21330
4145
76464
90129
3807
90321
27773
71193
8446
12447
91242
55361
46140
32411
19824
25093
82449
61768
21179
99126
34113
57766
68886
50029
94854
41148
21408
3005
52984
73891
34049
46482
4372
41523
24900
39836
33370
46372
28891
11777
56005
23788
12038
30142
20141
20710
43455
92654
5685
79646
39952
14150
77520
26985
12824
55218
3092
34497
66211
26277
82808
33870
82874
52823
2240
22369
20446
76266
64366
96356
88230
33538
34302
86367
88659
15376
85064
85199
80864
58534
55063
99367
70972
50708
5415
83748
80563
37131
52350
84737
71056
95984
41903
8987
83748
94772
33457
87584
14364
72864
15935
71117
13399
71934
47238
57412
72435
7900
35828
2728
51897
90500
15901
94396
22114
23618
97047
20711
12739
11469
16063
7375
8026
19487
59713
16344
83119
72875
60272
61678
30869
89309
6532
75285
15062
44572
50120
33079
841
98176
99559
75737
54840
29247
91031
93939
65880
41668
16458
40917
49699
58645
68004
72338
53130
46460
86991
17090
34378
83046
95892
32670
85759
75595
76078
87275
59185
2896
91675
27089
13688
53604
69959
53861
44181
38770
54582
69252
34472
56774
39326
61517
48153
33118
54980
6173
21467
147
2596
46556
68789
96950
31801
14200
48837
17602
48591
48218
77590
53430
81115
64483
46193
48360
13931
68932
79289
5276
23278
10102
32922
33188
64149
12782
55599
51241
7949
63326
5087
44670
81843
24192
15344
74442
95243
42196
80961
88242
22138
83646
93644
66956
86040
73670
25075
84814
81060
82195
83301
34
45748
97396
67583
11020
29747
58148
80453
9220
73929
51250
4558
73939
77012
92593
7458
15647
16631
50690
3841
55900
19299
41821
68626
61528
41955
39765
48221
17342
43547
33549
49818
46444
20720
65258
11911
73277
58743
38196
93310
35939
38673
17338
14105
10580
96781
18437
2716
11041
75107
34150
79307
31318
37698
90185
61877
65941
94795
49391
6702
28824
58714
89006
46203
42268
31514
80094
88456
64185
48233
28798
90853
50089
81244
84914
55210
8915
35055
30427
87021
69215
44980
14527
35428
21257
32670
9181
62826
44965
20453
71358
73816
81687
78259
3965
85955
41627
71789
18280
367
95212
59297
42734
81084
52361
696
76438
44322
71943
51630
46044
96662
90912
90470
9711
28991
83361
75939
1710
93736
1190
23732
7263
9434
4171
53790
88825
37409
39409
44660
34190
42960
28192
85515
79318
8121
82622
91727
70122
12411
83629
39142
81413
27027
65884
51139
35940
62280
36668
79392
81694
31008
69454
20915
26649
53099
22118
46191
66885
49384
78647
91581
25264
32741
74993
25653
63447
42800
31459
93543
28910
38533
8104
87623
22884
26400
79828
73928
87961
99889
47000
62567
53228
80061
63619
46519
82062
68196
42607
66611
87872
25147
75121
10529
1449
23578
64274
78393
14403
21713
52533
23320
36236
60853
21591
60963
50915
27691
20876
85957
51182
87372
99405
79672
99019
46444
63875
85246
79923
36854
94363
21758
4825
11818
24692
2051
29123
55313
48921
71305
79316
4610
77984
22912
42314
73259
58290
30095
7519
49640
58401
54492
21900
7803
48123
86372
94352
52576
14762
41702
17
61150
74995
151
9979
9443
24723
56475
13973
89492
28119
21856
12317
31191
66680
20056
31739
8151
60773
54595
51732
82439
54772
45016
56904
22089
84678
40826
51492
26996
24332
11369
30254
86020
69627
78756
96677
14630
59066
32058
5662
43201
41932
34370
23409
29622
56292
68224
9751
45699
41622
51038
74753
40847
67888
84646
30651
73104
27384
62434
34587
23243
88120
56604
75856
79653
40321
68145
45944
92695
87524
60782
42142
74581
4857
78921
90782
4945
9641
90461
86652
48973
64074
73477
58131
11662
35560
95794
4256
37120
76096
9951
38727
87452
97712
60808
45951
85314
57524
69334
37025
16651
26059
30873
66531
85952
37345
88464
73731
15462
89078
55155
63771
14048
39950
14331
80324
7956
68257
51270
45529
60819
43604
84457
10489
18440
73026
86795
28169
84083
86475
76228
23851
65367
9318
78349
30180
86028
15900
59858
3977
74009
12501
30644
92521
9237
62573
32571
77069
82323
78827
9508
58420
65262
85992
47103
53145
86545
51050
30164
69671
6394
15578
50828
55217
90944
62845
70468
5191
19013
14461
28100
86601
34234
70321
47920
12746
93715
6459
72402
77216
11187
49982
13258
48414
14926
75287
61469
33214
49109
47348
64231
10978
31179
3230
31533
90992
70204
77287
44024
91868
25863
57344
98532
24876
43393
99724
23049
37225
65807
15132
76214
89050
28509
80549
80169
4423
85032
59913
21361
58943
76074
95209
25123
14804
33459
43401
49655
38702
30873
18293
24575
14567
66540
83124
39941
4607
34749
94589
37319
87494
43881
6263
51132
74482
24155
49513
12339
49601
12624
44295
58504
73101
95841
90021
45321
61950
83692
55910
35518
34961
62685
31169
36579
89103
5703
99025
43294
59154
72525
7631
52626
40388
5651
85709
70124
86568
41944
41904
87896
31527
80187
71609
20056
47052
57510
50498
57642
15565
23673
3026
74391
57923
81473
55036
80508
9262
86236
20693
67425
77411
948
39376
87778
26658
37581
69242
92002
5524
70886
26094
49732
69814
61981
98848
76625
72774
43099
56164
49666
88354
50332
49040
19885
36932
77977
11590
77033
77027
21561
77750
64375
73885
38106
65471
56501
33900
93826
65182
54859
57634
35683
19742
86624
91609
3097
31741
36937
40120
66192
82767
39647
84052
59643
32382
98279
68713
37136
88102
73215
15132
39723
13882
80340
16275
44061
87818
91988
22337
89500
87300
83751
89123
71399
81144
79708
15748
72873
1137
38679
80041
93588
89774
52141
36861
1162
83983
18337
2887
52804
73762
7924
72069
43999
62158
15399
59753
20697
71629
97204
34029
45491
50842
83137
578
93506
25305
21936
61005
15830
55198
69179
83406
83440
25963
30469
98339
35080
21600
50113
29522
89353
48141
90370
41380
27312
42210
89894
78757
13362
47659
75042
79710
27381
71393
43949
62810
56247
48905
58290
91424
79905
27256
93118
81055
28128
83991
10741
24741
76023
3661
28353
21000
95127
92227
18791
14028
76527
87613
79783
3329
17042
99893
3869
94499
16849
51957
74835
18760
8959
76612
84770
78011
997
99450
83278
60195
67542
38886
63579
64667
62859
49150
26723
19399
58181
65726
45669
86901
47132
43501
71548
30580
36394
82953
52415
36972
9100
45787
90466
7082
39825
3268
84788
92894
42537
74848
41928
31575
63677
53070
45068
71710
72350
97655
19149
75109
84050
75645
5405
36697
30041
68087
37665
65723
73523
58301
85861
63521
80252
82173
53373
12652
69436
65769
9629
22284
52481
87403
49795
97160
39855
68034
78154
49792
42030
76468
10936
99855
16792
25418
13677
74231
8773
1423
46447
30414
86606
32255
76290
14787
34346
80187
64628
51939
33050
66592
88387
31698
19562
50115
84335
37393
69176
49496
2480
54265
65006
60671
37205
96749
8658
62374
32884
49584
26840
76169
41828
38699
11276
42414
75738
61660
94642
25526
34827
56114
64815
46135
23943
16742
45085
93334
2882
87029
72614
80130
47079
7151
54363
22368
40627
96757
80498
52101
32058
16486
37823
95045
61811
28169
50652
88525
40803
95746
99637
95518
28835
20041
91684
47244
32767
2958
67276
22395
94509
52055
16508
10204
4623
77203
77477
85196
90775
53159
34434
84678
79859
54243
15966
13885
17195
77328
36765
82575
63238
88015
28050
13501
62946
26227
35938
55612
66862
74760
58561
45037
50880
57761
72747
31465
74646
53415
97027
53066
1218
79189
25850
86028
99643
13736
33400
13952
1398
5558
48149
29226
19806
70426
65191
54473
92640
17842
70671
59482
34287
25189
36599
70783
40434
84672
23468
90130
65362
33295
81955
6906
30509
89166
87780
49237
96421
47853
29291
65133
15693
69854
51468
89188
23381
79783
43829
56465
39952
21447
95954
21594
4751
62231
8589
61767
44572
13626
99421
72262
81663
86078
58929
18687
28291
98914
15126
8828
62365
41712
88575
28475
71749
74226
49826
12009
29582
31512
34347
69081
59301
59116
37726
55136
63247
49551
32258
71810
67060
31714
39985
86002
24081
81714
47537
61698
14639
64205
61626
36550
80907
26649
73861
5024
46601
3217
66605
76780
88586
88702
74691
10219
69957
89532
77059
24257
51358
18285
23535
25154
56864
90407
98243
58026
74647
36517
35388
53991
50614
39606
89851
14875
11569
6331
231
27639
91426
92518
52246
79483
86567
31682
76705
30604
13910
60305
73552
52206
69175
81561
58289
55310
50662
80362
86328
88630
4690
73479
65485
72929
8888
60406
19040
29344
73379
26178
39870
43308
95593
69149
23208
83152
4725
95838
93107
23922
47095
32205
57399
33398
52324
6635
10719
19755
71378
2371
91649
22289
11859
42517
91799
69588
14145
45768
33210
61738
39702
78102
9546
26219
53701
25122
54627
98145
7519
60476
50719
81623
22388
83957
6433
99935
31927
54444
32539
56748
99098
15917
52129
10209
84542
12261
31629
38740
69226
80323
90788
96821
67732
73082
54906
77235
793
11340
10278
89728
82962
7564
4301
47831
25140
76782
14539
94375
28028
73048
61617
75749
23734
9981
57663
7779
66475
78309
15076
30088
72303
60627
80046
59270
31330
13829
60288
54619
31331
65211
65882
90617
30619
99052
15343
70338
17572
12635
42581
99028
65644
26069
24993
38991
61228
69157
16573
52423
73012
13403
95058
30084
82231
82639
84330
31906
50305
44259
58605
75217
98799
34282
35627
68406
43294
26776
70253
50350
56426
38944
11724
28574
22439
81431
99431
72110
90827
91963
78639
42061
23086
89903
2568
91523
30003
69891
70246
58845
96149
79949
26152
50708
57115
53756
47679
5847
69546
31230
79677
52742
56465
38552
89692
97105
99628
36275
76064
38290
93947
94807
58035
20840
48646
53575
29345
21053
12581
88451
25774
51492
81300
68440
79064
6536
2174
69283
40496
846
25170
73409
70482
89518
20456
88389
71624
64054
18249
67760
22290
26237
40585
83205
4633
25976
49718
87991
77418
43402
45165
71919
21984
34542
89668
53849
30069
22769
85712
2758
78627
10451
80898
63940
94005
17758
9663
12937
96375
21673
36240
83098
13987
64585
80851
29258
98661
69933
90056
40766
47242
63092
57214
34295
41379
8557
6480
66790
54673
61413
35148
77598
39277
79542
67552
590
73341
56020
41831
89248
34509
45996
30895
44553
31627
20463
9491
21819
9627
32745
51312
42749
69185
792
90542
23993
29151
76192
20378
651
80338
85388
28848
61567
98819
40559
10903
79689
22968
17043
13651
77333
10389
23715
47158
24048
21061
7970
97358
5632
63381
38157
55455
73206
47745
41184
93828
95747
54053
74989
22842
79601
21873
95121
54771
40035
79355
4455
28675
16263
41601
50040
17842
26891
12703
41884
14588
1845
14317
32548
36375
42505
26076
6793
40965
35743
12146
50119
59084
78747
89524
1325
6292
77033
73998
24913
54376
26693
46244
59746
25837
51817
32793
79770
12650
50932
13342
47447
71279
7552
96566
4184
87588
60923
73851
99395
88685
24260
63693
43909
55755
30937
33503
78810
51596
98374
92133
89516
90470
2074
43274
82512
82028
63116
86801
31305
97719
66818
9018
91705
32015
51647
57268
14904
68535
71839
60879
4857
67242
2903
28941
21915
7001
17445
79613
38434
91362
7601
3038
45777
21300
44760
34279
31455
20806
12725
73370
21363
3759
30080
66696
97706
29554
8414
70989
18469
3727
59968
39675
25822
75505
91491
2563
51017
92238
36917
75023
90425
66235
66476
65429
29873
98970
56159
23187
34188
66788
51977
77532
9379
56026
19609
6903
40408
59611
47846
9001
40398
32537
92207
46680
1420
41103
90807
60993
62376
45552
15141
27509
56882
15785
51398
86371
86545
62649
54952
31123
60239
76638
66202
11833
86361
10110
22353
81749
26388
27075
65176
9885
74666
46149
31514
38771
29952
81086
61575
69267
81030
57391
88146
5770
81782
74252
32472
81012
96758
64402
43273
22661
82898
10745
80084
84412
23334
42972
80361
21865
60850
35825
36155
16905
52946
14273
90326
72428
53758
73297
54434
29979
90976
47290
80295
81088
59988
19972
34455
9355
28445
29275
80293
4165
16086
30628
88646
10219
29632
18578
98969
72629
9863
20074
63969
80180
76082
84444
73954
59557
12215
80337
16882
44150
62098
89642
29616
79373
50273
35230
60053
94300
66209
24375
81330
97364
52296
41103
73293
66741
22146
46448
94768
58149
82639
62101
98708
64488
82545
58269
86132
46346
7868
68293
68758
20024
78270
60711
36326
64011
59496
34624
91542
12672
74825
90132
47260
82959
50079
89306
35026
93988
29543
40937
5692
77550
93241
86491
67003
81631
10891
72360
34574
81578
30432
36333
40399
28168
48829
33426
56561
29251
74658
17479
3510
84949
63891
9790
78731
68625
99127
48559
42486
7991
17231
2130
43346
64645
98517
37998
3794
91087
75962
11936
659
96673
88081
30594
73068
7074
32000
25828
61160
50357
7623
1608
19472
77625
7483
15153
86144
23503
96178
44501
26322
43110
50081
45122
81328
20167
5559
14235
18780
42066
57537
41874
26068
82149
66322
11977
65522
7554
84057
24687
31655
75690
87875
37485
74464
83916
47093
1140
57893
84519
20503
66798
54103
33250
16856
65618
84955
29581
58641
51332
70112
5085
18773
23952
84925
54761
58649
43046
91792
15274
78591
15454
23781
81554
19751
3705
73082
3066
51565
17919
65018
47806
19882
93628
65651
82374
4430
17279
95355
96621
5910
22230
12836
98806
94719
30514
72906
15142
72323
8233
95658
50045
9809
32166
6168
76732
71479
15630
23910
3071
59644
65761
83392
68462
37313
89262
76427
45370
87849
40048
92418
2365
69683
55175
81265
62986
248
2590
58568
70228
69800
47765
26214
41636
86221
54668
55296
38048
65560
10162
7496
50773
59617
76270
99012
83554
41608
28465
30401
16600
64476
60793
2466
78623
71737
38291
82703
95
43058
13787
71333
75138
56807
79787
50620
29295
81394
90926
77989
13510
66885
32259
16717
26870
87533
8113
81879
44088
33564
25740
85209
95953
16167
69411
59446
27086
39523
61533
61738
95055
91883
54685
54969
74574
19437
66465
78368
27962
97900
71359
54827
67887
29375
71350
76282
65676
74982
18166
85809
58830
25344
18959
48644
2860
3524
61012
50005
45591
14510
96381
53685
49043
79338
28622
69960
92820
28490
7458
23887
68212
56608
37987
6952
96823
54018
82943
33245
77828
20575
93852
67759
52943
55039
33393
32129
68030
67667
88917
37549
23334
58864
52282
12383
16046
80519
10392
26249
693
64660
9668
14962
54906
56215
29444
31730
57089
64602
70686
95372
59470
37477
70692
24123
92309
38951
95437
9509
14453
35045
83473
8327
95479
9014
90247
67105
56044
5168
63174
78963
32109
61534
25177
26158
63865
36605
84805
51018
30247
47806
87707
50335
77649
12995
16249
6362
49389
36153
45919
2290
72718
87238
32885
72356
86893
88978
21539
64852
56206
46077
73941
70909
29641
42582
12076
92946
52313
99964
83070
75000
66082
19408
82300
91264
22414
34720
10893
8379
60196
71292
26072
57439
96382
89520
40596
6103
56571
91632
79214
98253
72854
47943
76835
30046
44752
78578
90328
80097
24228
39158
29094
17891
31916
81087
10964
4493
89317
72799
71073
7585
77509
32716
43900
67175
93564
22782
51279
71272
41389
90367
46525
24353
15037
72484
95406
81414
25179
92091
54771
42159
27204
23904
4073
73002
39084
67701
78898
46621
46294
36843
46539
63350
53802
33318
40744
4642
29069
38964
36651
51712
22244
41940
23620
61969
7830
86973
75536
15890
2150
17865
97342
46845
75030
37322
23618
46273
58849
79416
43650
87125
86569
9743
45479
87125
95221
49486
12645
8008
80440
78547
3011
44611
78174
54430
73778
5178
86867
14688
44258
84577
16138
31168
25051
99737
42116
84222
45765
86064
72775
92828
18680
42484
89299
80707
39933
9954
88563
79327
48878
91232
18999
60036
45498
21479
96193
96123
84567
94244
15350
58421
10051
76053
48400
31009
1446
32688
63286
73524
56820
34715
69649
965
46787
11610
90187
74255
90901
11963
51250
11048
72167
53769
70156
6048
53677
45007
64023
87676
83402
22461
51201
43894
54204
81266
80145
56310
29810
12787
33346
67623
34490
61406
65478
56566
16721
45956
7685
1145
78772
99163
57665
74218
50359
18162
84604
85269
69048
25373
20975
1432
74098
90412
12031
36349
43288
96440
86605
44966
37939
39998
95894
39520
45527
49134
80724
82538
11873
40057
52694
72879
63529
8240
91257
13879
85238
54614
16939
27032
25378
72011
93631
75986
22678
63845
78051
65685
32598
82972
25172
87831
82878
55986
31364
23708
12661
23330
30136
16660
11357
21069
4673
51579
41118
58420
93756
77651
56882
68292
33966
57523
79678
84836
32265
29340
79723
82453
83199
4744
4387
8179
22758
60644
13900
74513
16744
23045
64233
66581
77498
24729
40371
31240
67952
47669
33414
40795
56118
14664
62585
14823
62382
79031
55398
4569
94989
86373
51716
54185
81789
51978
70223
82603
60368
99666
15967
13456
72313
46069
41587
99451
93501
33556
68580
43345
51483
55878
75350
66765
73218
53508
10384
8227
50082
17822
85452
71476
27367
7640
48727
14918
81068
34491
37511
76381
72084
7583
54943
77412
52042
35694
59067
37809
49848
29431
239
41215
1347
39232
79286
8958
52966
2849
91432
4519
61056
75118
76278
77089
93869
98344
23429
43484
62739
1377
34726
9354
88693
82265
91530
22624
65857
7733
31302
13470
26943
81227
91007
46578
59408
9284
55423
41112
25413
22851
9438
39594
3738
60478
47531
13563
10466
96395
24127
69732
57080
63292
5321
97857
41386
30341
89912
22619
96815
52928
56396
59795
12064
52035
5932
31931
34389
67227
94477
70121
35326
30381
55476
10949
63679
58163
18968
67640
75951
84705
21155
302
66039
22163
34871
74966
10037
64723
44260
89293
80451
33702
62331
65893
92120
68708
30267
91135
40806
10461
626
73721
5986
52505
60238
49793
15281
3305
13759
60949
58264
83595
7364
86270
38666
28216
65089
65578
15067
73214
97445
64804
99338
46026
65695
43574
15846
33310
71566
42710
58648
70275
51802
58338
30684
25910
64824
36029
26593
46220
96618
62110
29864
5954
336
45136
86751
44820
99643
58835
89309
98254
1169
62758
60348
9046
51561
38204
90717
81949
45892
28263
48349
91589
67470
70116
40391
66541
34260
91508
31269
66082
84801
92143
34617
47604
45245
57883
95710
52202
32156
5397
24043
90280
49253
65137
97201
25569
66878
53180
93565
24226
57061
16378
98139
99778
98506
31118
4030
70915
90718
2851
20113
20740
77508
39253
16739
4895
67725
87613
12341
14656
58609
23172
47405
75619
11375
91350
50041
37112
19637
3786
37401
19759
30607
23361
71187
8513
12209
46954
39359
54309
729
39959
21774
48628
47621
17948
58911
89920
40570
35844
49880
97389
39452
68360
50578
36279
3623
3340
82653
90401
57703
84565
11878
40216
28906
5318
50117
22199
21705
65064
71128
68096
82860
71139
30056
55822
41327
2944
42550
17676
17837
53037
68493
8421
87587
63196
54081
8205
38710
31942
68108
9216
20450
1514
74351
55603
89507
52750
27842
81697
20093
15896
66383
31331
91826
10275
34848
95543
78080
93583
65387
28619
13137
53782
47150
65670
98166
40337
42250
99431
98265
29311
19426
27113
18255
53180
69424
75313
18907
91384
1430
3227
44624
2655
74341
41606
41993
16520
83566
79647
95530
21193
56031
2268
56833
65793
44345
39761
8325
13499
79286
19425
94353
39078
27062
91600
58817
89912
79629
35102
8457
50716
21099
98113
2601
34416
89069
49950
86561
28287
31277
77777
58652
58962
31737
95446
25468
85716
24834
41056
67958
70421
35959
15010
70070
91762
14302
23802
75408
20340
60565
70196
61095
17088
68395
60243
36818
21900
22830
98087
7254
69468
25761
3021
52724
19901
16989
79352
18353
48590
28716
38737
57541
60515
91040
79581
82340
80894
67923
47525
72299
37917
64174
65616
95882
36986
58153
43957
81163
72428
33365
98522
72112
3291
42997
12769
82251
66420
59833
22713
84606
79663
56653
8047
24508
14569
48301
66501
63902
28972
13379
34881
76702
34976
60763
10519
8731
1472
98011
36905
82654
92808
17764
74892
28401
3528
58062
96925
73499
86047
51858
42815
16395
80675
51623
70682
49948
60164
71925
85468
13897
42864
78651
93964
38326
53939
23778
57975
80330
63877
26683
54811
54929
30086
14950
1506
88623
77472
80973
53647
96663
94521
66926
25022
52597
51136
37020
22452
84408
47833
4605
79880
77548
81448
98078
83513
30101
66593
86198
2596
24089
80994
75588
64034
60066
55173
93339
99294
60950
48723
78477
53991
56397
58554
41247
60409
80622
54067
1918
33739
22976
56020
60164
15702
36302
68012
16006
69101
34925
41233
97651
32961
69194
98342
58943
24525
36719
85920
44318
36562
44416
15631
43811
86324
9115
83636
45369
52727
82578
38664
76152
91995
4203
90975
3803
48435
71860
79337
74045
58930
18704
97553
77696
42208
55823
7131
87237
38096
40765
40737
71612
24276
25242
43884
9099
65974
4624
96927
38925
43501
58290
984
5876
43620
26078
77151
45718
32864
69439
1822
189
82522
55328
13956
93457
99520
37099
7864
89492
74938
21133
42214
38437
73006
99301
31372
73296
95176
54459
81849
3790
94616
15848
93859
17049
27395
95631
35205
46893
58050
80068
48703
34728
14918
72575
30006
7939
69586
29420
67007
13032
99340
78973
4529
4459
92484
89593
42659
14966
55563
67463
73084
57594
50371
16563
74123
70551
65917
50367
32061
2266
95999
65922
31955
61546
32216
40537
72931
46960
93600
24418
64087
97245
41531
64537
37876
85152
16767
61505
1730
70518
9790
2734
77989
39807
1877
25950
13098
20342
97390
53248
96138
7623
34570
51294
79422
94060
64767
31921
93190
80219
49801
68528
86500
62218
5952
50939
94328
13690
66597
31439
22395
30415
4619
57553
68471
51973
18010
24437
68248
79073
70316
22573
85430
32887
9559
9913
87505
29441
77872
3224
43683
10548
21004
83232
20984
84137
42103
13957
74469
63111
37997
70479
96751
32288
60814
68750
78254
16579
58797
23384
44655
89964
8804
23200
34263
3126
30605
3728
28905
16224
30610
73026
45705
7557
79830
23029
48032
62324
21110
9122
29008
44612
11725
12823
62932
36812
87243
58257
79275
3625
90083
32165
14978
3723
21470
35613
15299
26971
5258
40256
48163
29643
62758
30752
20706
70704
34211
6867
24241
55844
34912
99696
50448
90508
60761
86333
14635
48245
89381
57420
52299
6499
11719
69098
4323
71312
91984
22448
43831
12268
47259
25717
82830
7246
62413
89987
82685
64616
62703
41821
8348
33245
48751
40856
74530
40884
64374
45648
52010
57450
78027
50843
91804
71495
77198
83731
10136
91897
83250
93342
80690
8294
47079
55470
57318
73397
53106
92886
1825
19414
73096
14716
61819
58308
8448
5169
13261
51419
85084
40144
37136
2265
55717
71082
97821
78241
37486
60455
27528
62619
16560
19702
46644
92036
2692
50056
34392
69212
39084
14250
61700
20715
20999
48843
85115
66012
93175
9475
7623
98036
40795
92960
20170
73782
24654
99431
16904
26187
90000
54540
13597
90462
8933
15224
57861
86665
1389
20174
38126
92228
68877
38068
81222
33571
36215
76988
60533
9961
22316
61500
85836
10279
4224
82070
36670
97166
12925
65237
11114
2355
13093
50236
77543
96829
53307
80086
52502
47368
23045
85599
52586
77511
17376
70865
91226
21983
77584
14924
35539
95960
1882
40591
23635
37490
87887
18962
91854
17764
38457
3165
58326
93045
79072
88968
24757
89989
24314
86876
33594
78630
7914
59171
84693
67537
66178
71660
69158
83945
74541
43468
24446
30137
2918
69977
81206
76523
75780
28736
56
91402
72206
55279
45927
1299
22922
67951
7671
16735
91539
51226
91972
44508
78357
85185
31909
12307
26831
61428
36754
26240
68618
45467
27871
82186
17348
18416
70525
40428
41825
45834
3634
32517
65107
93621
52016
14994
18182
94886
47795
2811
12403
24496
72699
21606
91503
28811
21112
6659
65847
53722
12283
26077
68220
45061
58356
94540
34832
11482
81897
93801
84356
56760
55016
5451
36932
7914
29572
32445
63290
95188
34615
25846
71359
89530
60210
61890
19352
79002
51318
27816
59301
2440
52692
37653
62462
76151
89360
3493
62618
29172
91651
2668
71033
44625
12415
39211
88275
83288
34476
47284
64589
37723
48877
63796
9758
67455
51671
87671
24597
72998
70625
97663
60839
68043
44691
78008
30001
78626
29245
43176
11788
70474
11871
29809
2488
74011
2148
50856
49133
44049
55170
96580
10710
94768
81991
7456
56334
80451
94145
87134
59854
21369
64102
38216
15961
40801
67755
35435
5951
3683
16157
46510
94300
47976
68858
2393
14961
97974
76911
54238
18408
51245
12154
29617
17513
76316
76805
85772
64852
44647
2003
65059
2160
62071
9216
18387
33179
67076
32400
60300
21186
1482
2993
99449
58922
81181
43264
89224
63961
40505
57312
95976
96919
46763
15490
71911
7367
41391
57513
83469
7571
59239
56876
12825
98702
90502
92508
9939
43728
29677
95055
24289
20212
75438
4082
50876
61549
78362
18238
94154
93055
35920
28590
19926
52387
41542
2787
68795
93119
17882
71387
15527
57471
27694
27649
50846
48007
39570
40817
38236
47171
74038
94455
35403
22464
65290
36852
32103
33557
2281
2622
73371
41668
78383
20075
83271
73856
21546
43421
75859
55721
66084
47961
17175
24540
89630
44656
50979
42686
19504
66089
42085
64870
91943
61413
39
52729
41394
52232
54961
97335
62346
61351
96621
9540
81258
32946
48210
68649
24974
91994
35168
70162
15070
11757
51800
62927
18671
37064
94915
37272
52298
81933
73595
6105
46628
55932
95510
43348
2169
5286
74473
17581
37786
99679
18414
66076
82965
11523
42864
72548
18560
62569
86105
31796
59860
69513
56211
62805
89306
60924
30946
33485
81064
23893
33893
31760
97119
86892
72243
22933
52683
32100
65371
2493
12852
94906
53059
72997
94732
63499
26289
86292
96850
71238
12137
48328
58189
41909
8170
65938
43124
97231
52741
60926
68038
35759
6745
43305
49079
15039
78237
25519
58125
94962
3437
42044
70657
32017
32827
44401
33858
80704
37211
98528
55932
56969
19950
23000
53852
24296
64444
66208
99840
39873
37905
36468
41783
27521
97117
11120
10933
98404
31764
11273
95604
85830
2408
25586
16754
61626
37076
69723
55448
9196
44844
89710
36497
32937
87929
66736
67264
28083
6597
3839
24094
37698
29041
10002
6213
1170
2191
92312
28564
67003
97224
88841
81638
14659
50146
22974
15660
37673
7535
83337
48607
95161
94386
97031
44812
15998
55217
34267
47871
97611
69976
9291
11497
30390
39245
69136
95309
3618
27685
68431
52883
68325
24072
68658
54218
96357
38282
69908
82929
18874
91495
3337
44559
57784
82016
53064
14805
47979
84593
28280
45593
55283
92180
92605
34971
60998
69553
51056
44337
98701
44758
49264
75977
95312
13256
95155
61684
45510
65499
15545
52411
64245
80162
79687
32129
56864
3021
60145
54518
2510
79522
85612
50172
69345
64392
38267
54114
46575
73610
27623
66574
89823
60829
13570
49340
75754
42410
5890
19406
47507
17137
12064
61679
37412
63450
94659
47470
82331
75624
54215
4906
76198
9985
60043
60797
37816
71381
48933
44736
66369
89389
15017
42431
58790
3055
43907
62245
17710
65842
93125
40788
9309
403
64804
14843
1072
77100
61654
87405
88627
80176
85051
55121
96382
97135
20983
96626
82650
20506
83772
21538
45316
80282
115
91688
85047
24523
35600
99158
98235
67141
26739
38119
78425
91608
85201
75464
42036
99760
257
63740
55025
3813
20959
97456
18098
27459
50809
66676
8224
4607
17333
93995
11984
24409
51645
96410
51826
21134
7398
47683
3825
87905
70072
53896
75904
34402
46863
86015
87558
60918
8471
4476
82127
47864
77114
62427
31609
58602
25261
97539
16134
61831
86514
26715
72433
69817
14935
62747
36419
294
85315
45373
78217
3138
94681
9741
75516
7374
19321
47757
8765
20228
39301
61961
31563
92673
24331
81937
98104
22848
40436
40161
12765
94842
40578
11050
3402
30320
62737
98665
86011
14270
13441
33921
83907
58660
15705
30439
47615
49531
26525
44271
30133
40851
79136
44923
63121
56810
17218
80346
81025
69253
37916
71549
6328
67643
680
47416
68128
28749
48162
51002
61336
52203
88147
4028
567
67399
30077
20333
24905
1708
42646
88895
99343
39666
63140
45724
96854
63003
37003
99902
32595
92350
25637
11201
17584
33866
16704
71118
16862
19566
26507
23576
58399
34968
99102
9804
10374
57198
42365
72135
6808
26887
44070
70656
34259
16258
86427
79201
74989
29335
75913
92534
60415
84516
88270
35180
42501
56421
39763
50735
65324
95779
86402
21055
55299
95199
52036
41635
31507
25803
2744
11020
14620
92092
55617
99835
31585
95860
12792
54981
29452
46058
26107
53147
51412
73691
42068
20710
49643
46946
34695
52807
77685
41421
97216
4143
3331
35008
56512
20995
78473
37315
98530
39436
86410
86441
14027
73535
23667
24942
98956
79752
83076
59377
44142
6799
16570
20759
34390
69118
83088
18486
41995
17408
57678
5910
64617
15712
28949
93672
94607
35822
56311
32390
42971
92393
20357
22715
68985
11472
24454
43903
66141
68247
82188
27571
17193
79088
6181
59202
47527
97491
23338
5636
17292
91518
46029
36235
7645
81442
61155
69649
43214
94151
14070
35172
75543
76524
30581
94488
51116
56047
79785
67133
56
75556
5275
81258
3632
90082
22328
99024
3096
12145
28846
51006
43360
98434
42475
17419
95620
3040
19979
96842
22548
88555
70199
7306
49795
53405
87725
4399
83129
27235
22108
8330
64633
42584
94841
65453
62999
1239
25293
92064
84883
84098
37126
82585
30687
66409
82222
82634
56053
6326
60424
42769
16970
34895
82198
70231
13543
40214
20631
24657
57442
35276
35430
39783
79183
8731
95704
98547
66776
21644
49959
32524
19495
91829
19628
15858
53711
33238
72113
10245
55758
44681
8926
13890
13655
58991
6530
27129
81723
95056
96174
21212
41801
17971
37337
41321
64674
31641
44941
19113
89308
36707
3729
26629
89024
3088
99886
34732
61252
8959
11858
5405
83834
71582
84098
31247
83654
2352
24266
67911
91810
443
4615
79295
52425
61697
2482
69096
92334
37829
39949
39516
69764
19924
50303
57502
91406
38319
76230
89206
37485
65094
22612
42072
5558
55717
42554
76293
55777
31368
82749
97790
89351
29294
94171
4997
70672
99586
14208
13341
95228
63849
55488
51436
55208
80935
40706
96124
53361
67742
21686
28728
33700
58288
81155
2323
88547
64427
49942
27737
66605
64298
19147
6198
80010
57633
65217
97734
62576
88079
81209
64552
69111
19607
51908
45349
37631
16907
76010
43012
49165
6635
9472
3313
58043
58591
93559
63390
73845
27413
70977
54580
98865
4381
36705
76207
89200
58558
43142
63415
50633
47682
61506
32370
81915
16090
59040
29534
19537
31623
96833
97515
8350
53204
9231
73267
86564
72115
78534
72423
83264
5968
11368
31319
25610
71414
72180
75249
83142
11174
56362
53916
41743
77587
25070
64830
10183
9935
27861
84108
45839
13359
41738
89190
91429
50152
86809
11460
41926
80224
95263
71993
38694
72005
8744
97266
3057
54117
35474
25535
82222
66572
6703
8678
78595
29903
51108
33565
60472
18418
88513
980
12865
34858
104
11642
60670
20210
50943
46121
33148
76845
56209
62362
31571
49144
34937
44700
40340
33066
6240
55963
64128
23348
31019
78107
68791
78455
82981
61937
60593
80753
42521
83478
63573
76753
7254
39345
60406
29864
43429
29397
80714
53207
70539
91502
48417
89640
96929
57496
17543
68722
40588
1732
69242
4130
54683
33858
29078
87282
61869
11379
98705
61244
62774
42838
11024
96857
87785
16612
89609
76572
50689
76359
29262
97152
31854
46613
75085
93211
12288
9146
50126
48891
66179
68797
68933
60339
10371
24172
20215
97315
80722
33272
24522
45342
33946
11952
55486
29689
76505
715
9635
4613
43078
31371
36350
60396
73742
63908
4468
18729
94565
70247
27349
70231
74029
78560
36778
66249
3975
45366
83507
28991
91611
96794
33008
27143
49282
62419
78387
64160
47114
59749
68061
56830
13035
96027
20944
92746
36873
2325
62799
29059
24644
13752
97396
39147
95810
65355
86957
84423
61080
24202
24932
99474
42432
5848
85749
72964
78736
31405
5218
88215
11437
41509
23376
71028
15297
79427
14748
99775
18154
79275
71498
7315
36697
63287
48802
34272
9310
40297
45833
25064
72282
11149
80905
77247
95291
75300
3582
59384
20184
95662
48765
29395
12328
87519
24755
83273
40854
71223
68407
71125
20588
55103
38949
5810
6279
73702
97009
24068
40073
67317
17675
63230
70271
76235
48044
753
78198
55175
93511
35661
15984
47589
46355
85273
41215
86564
20048
77292
14843
44001
59017
54098
9452
36282
73890
50725
21881
56706
37112
93167
2871
47599
75300
13055
36518
53960
88293
12203
29250
35750
47604
28871
86953
57343
44150
6227
73921
65203
66393
58142
63947
75823
66128
82384
13056
26532
46343
2724
93286
13
76532
78067
57372
64829
18001
91226
71549
8283
42118
49368
21964
34320
74453
5681
25647
95848
44378
8116
74990
81537
32475
92557
65006
43093
87271
11146
46044
42015
81077
2830
26604
98802
12553
4885
36417
1198
35259
72032
54370
25625
66009
97798
10897
40912
89926
54029
75006
47057
75577
4394
72279
23462
756
94876
31002
47941
53313
51613
91087
10108
92819
52729
67042
51255
73521
59269
91962
94259
76435
95330
43131
29103
97386
4477
73754
52118
51699
9892
72280
76638
48202
32758
4319
78423
60281
57922
92532
76064
30705
26732
37480
57486
77947
79946
97503
70016
3176
61964
38359
77709
71344
21885
80916
84675
82292
3337
18367
70040
41450
59579
69590
47968
22651
67181
34242
12576
48317
1844
24096
15602
47465
10338
12771
36763
63861
52799
85480
4962
83117
77746
50282
87581
8869
65124
33655
14219
77397
6630
22445
92557
99359
2719
16422
72811
43149
39333
43264
20360
2524
72691
27118
66881
53525
17888
94750
29013
7769
77131
89958
96318
38974
83438
21220
72904
60028
53223
20562
30962
94763
62024
34911
2819
86730
28634
67391
34595
15442
92664
46090
53554
13944
25374
47907
42614
34628
88997
85492
21631
27281
82767
3081
72927
59383
74436
18142
15757
93820
55484
20861
840
68820
50158
58192
55606
86003
33176
94380
1371
7951
39677
51531
26309
90693
97394
48860
29925
53685
82774
38184
13761
81957
1846
2992
80190
67082
57533
22031
57611
47479
30897
71162
7720
52652
90505
26717
88291
68803
35754
57084
50507
39914
97075
40207
93330
56332
47226
24892
55294
34949
41575
56630
22820
10065
52972
64475
23449
22712
21474
20930
23418
95160
21374
83552
16198
40049
39128
3147
36767
42113
21722
31630
49850
3750
29994
41290
40673
20648
75055
38853
61781
34847
225
72990
8862
90982
74996
37600
21372
74160
87119
579
77203
32550
28304
18257
18529
71141
11863
37210
42239
22389
69673
41496
8466
38594
49694
69167
72599
38158
47089
45866
22210
34757
77414
54107
89201
16146
85444
15894
88289
88262
57311
13569
54010
43091
9971
44440
73278
9837
14348
58566
74540
83902
35874
7452
13366
76942
96764
26056
3154
73261
91750
21643
44681
78646
31181
1261
64959
35261
99306
10293
8186
73729
57234
90801
17485
20214
65344
85627
34742
72924
93836
24143
37879
50220
38907
37997
43261
75668
4775
7850
76247
73792
82731
73410
57892
77384
58594
34179
59339
53091
39733
15971
44647
41019
51102
89271
46117
27501
26438
75285
22030
46842
75979
71171
28930
9871
50786
93325
76574
111
67926
66943
99926
35452
82841
16951
29250
87669
5917
70665
32306
27020
16001
50885
73664
25836
19010
74144
7648
8573
54785
20966
87804
19660
55360
93665
66448
58801
81217
5540
71702
73470
3914
81242
6488
56620
90167
4018
88277
21717
58450
67554
73412
15407
83646
82675
59127
45791
43226
50036
60153
93937
82467
42271
18791
57503
54717
21207
96505
63217
77030
19039
28956
96679
63813
59441
11699
14899
13051
13677
37922
91497
61059
39961
7712
41864
22021
51897
74964
73696
23867
20563
6889
26517
59308
81268
20732
54035
21293
3510
29204
15550
34915
90508
35774
8244
39801
55851
9052
27965
41375
40285
63978
65088
36314
40537
29402
98678
81358
34725
83701
24815
31429
9145
34222
67956
81615
85615
99122
65458
51230
44145
81001
90162
17348
98337
65462
12948
74930
51248
27539
40470
46092
50205
6792
97333
81607
22385
71162
16163
85611
2280
75456
85328
19560
35313
73847
28175
48960
40786
95280
65292
95886
54970
54801
31576
99414
93086
485
78857
39164
37586
35590
20340
61345
2200
64846
25468
22170
18295
76238
30241
36624
396
48160
53811
61198
84984
81469
33040
7428
73386
50222
21620
19967
5560
76776
87289
96809
93924
52933
26209
16085
83795
82613
41448
9723
99480
68846
76521
32290
56525
34650
45003
92888
31947
63396
15874
79110
88451
65982
43218
37377
51894
57598
71803
11476
70819
98551
4378
48057
79878
42440
95225
24606
59970
19484
51872
2411
69926
29403
81580
95531
88114
69867
59046
30302
66498
75296
56757
30839
67058
11358
1484
58288
3283
75327
6607
5630
99527
92011
35217
13489
61209
10201
14216
14853
52792
12112
79941
38819
4392
64777
52922
77453
1552
42794
14518
33267
42745
1066
34600
84514
84067
66343
87366
24643
66350
61909
58901
6661
37215
81730
55360
65530
24868
67118
40404
18449
68678
19047
59589
52169
43722
86548
27379
97205
45375
80539
41143
33416
10034
14945
71479
65691
81478
20204
8245
70115
81881
17476
2387
33819
15983
30420
91981
45056
66712
39177
51437
58756
5149
66303
33226
77576
19537
67655
94526
33888
3822
36497
46803
88204
55502
53935
90140
56805
23760
51516
39893
27440
36961
77947
36192
82622
66297
11062
34432
2041
14419
94616
86519
14981
21884
69903
86118
87168
11092
4135
51022
3502
44569
36523
21869
98758
72937
25186
27498
41603
82271
70275
7000
67597
95565
14379
35486
59143
68183
24647
89432
24394
8474
87538
88560
7325
65122
95520
57952
35184
24311
65362
89358
52766
50620
73872
56371
35174
2170
16998
78560
63276
56103
72535
56715
55476
69369
55780
79622
51309
43313
8121
15715
56
62676
19019
34665
45186
73435
78291
8828
46783
28766
44572
10198
43059
2148
83361
92146
5458
84398
173
15794
12349
31989
52345
11767
97431
78209
41013
77004
94963
21068
66142
79222
74429
78719
69033
98989
41312
28446
50834
48667
75181
96254
37042
37951
12027
14028
64154
7764
58286
59933
80404
64374
3809
92393
44042
13339
82321
67016
12999
68489
83402
82612
50217
74849
18611
15208
46070
57384
90330
85604
69417
99023
68036
79668
30712
37494
21304
48746
82019
29254
17360
19062
85458
54120
89780
92223
82463
63635
30465
99619
21365
3822
9239
94198
54013
61102
83975
95678
81565
30754
74672
88938
47427
573
99440
60516
26792
95607
61464
24866
12552
19457
37712
30819
54529
66243
84207
71780
23648
49379
37698
96496
93405
34572
50233
49607
91634
53907
88298
37777
69956
96499
78492
4366
1459
45053
91159
39323
34903
12646
50087
46182
39058
90772
58
73574
94005
89851
53816
1491
85427
16973
7530
50120
14853
13164
47653
44446
65547
7418
52086
81955
80258
36049
24529
99755
78415
97526
50039
39908
60506
61427
42443
23823
78057
95801
67263
36680
5501
97263
71726
81635
26645
84378
95877
49170
17253
15564
46847
43348
31645
73803
33187
54523
51736
55769
48298
19415
94406
84987
7197
57188
98388
31561
1743
8634
31807
47228
87619
92561
37995
84362
57172
57134
67614
12010
57972
40690
43732
58927
87781
84231
57133
38549
26671
81839
62032
65599
8962
85342
9875
92024
32372
97784
74234
993
79651
11176
71262
41504
32053
11545
20141
27053
29524
13693
92322
19777
32072
59454
36313
80370
33811
81653
16682
72095
2775
28053
82248
16057
97668
2764
58372
51320
68066
29896
97746
10255
89955
86343
39692
19957
9774
78530
74797
31842
21853
33029
72378
15323
94804
11602
8342
61810
90793
11502
496
76126
904
50055
74328
97996
77478
5174
9109
56666
89625
65868
79357
34436
59109
74573
63585
16606
87220
95709
14625
2592
47465
14741
43476
94479
82777
92620
86433
4229
19134
91117
94945
22527
45377
16779
80712
39002
70505
66823
89378
67769
83384
19607
73540
96449
70602
87574
30033
19902
15165
87680
5803
65994
39893
77352
50499
35341
45805
11283
64556
55835
34941
58382
77287
68375
46560
7408
65687
53732
45825
30967
69695
80227
6191
66917
96268
19891
82345
20049
32847
61614
56502
29741
61088
1308
49555
88152
37787
77771
75339
60095
39359
20525
48865
19255
65245
44169
86336
57776
36823
99821
43902
50755
54418
8168
94241
32649
79537
53624
71312
63938
87229
84091
92840
36918
77864
56912
4248
19565
33851
78722
37840
26194
47481
36168
47512
12454
2712
53145
50033
41546
43388
61618
378
98985
77092
93211
40402
42129
35701
95200
11107
35217
67180
33901
1169
25046
77146
65179
89346
94256
68101
16625
96927
99985
35940
8321
46801
75168
85219
51140
18099
99710
2571
94470
72133
32712
69243
89182
48773
66138
48819
35141
93373
99228
77203
10703
51583
88919
47518
5893
16248
36761
3630
13525
69867
23205
70120
93719
35364
49633
43131
76508
5648
95343
64637
53349
1659
35595
96974
22432
31455
17702
49207
20996
19722
30535
14328
26872
81578
2310
5263
66508
94531
79167
46030
29153
84221
81965
14240
64231
55174
2855
49355
29042
36372
99679
32846
72046
65684
5597
4237
44577
21747
63668
97308
20619
81751
68682
99085
56045
82032
99356
82306
68206
73121
20329
11102
41950
37482
54355
74384
7648
93867
20572
75875
89575
60038
49608
80851
43818
9653
53769
87797
52664
2520
14502
98352
56837
24934
83696
17901
69040
13112
87291
53445
70948
68112
92406
96620
70554
15939
39150
95109
89699
40951
53470
10770
370
85939
60196
69926
22445
22553
85285
6238
86781
33429
32830
70799
36230
34328
82643
45094
65871
50446
89256
18238
55311
60993
35207
97003
89238
59043
32717
3566
14567
78742
28974
52052
81070
70527
36383
86997
16404
64529
49563
94626
45128
14657
60099
21288
3838
94003
92920
31251
86719
68744
67847
15929
17412
39191
60831
25440
4357
67424
52468
3948
84439
16153
73142
65006
39736
59552
31036
39120
42592
82695
60989
77068
36694
24897
14978
12888
65514
47266
77069
53638
57318
80240
76866
65981
58198
42096
98935
55042
8359
52412
91222
87506
63891
65891
97686
3057
79769
61210
91873
99653
51802
69921
61243
67670
25229
46374
27070
74493
32543
42942
17255
37819
90948
95933
86730
83094
81141
2044
90870
32838
90664
37062
6706
48746
21678
52729
32010
32712
55997
20499
45341
2233
27065
38139
46333
14860
40354
75708
98021
90949
26362
90229
74653
15270
41748
71714
40108
33006
61489
71341
54948
36088
90759
77449
60478
57441
85798
80664
6926
67439
65684
71058
95345
91061
6940
35615
36632
79572
51824
62574
75668
16812
98343
5996
48992
43378
23624
45382
77288
60234
81385
43965
79452
70670
34901
79168
66560
50760
36308
4018
40671
52130
4010
45356
7416
22029
72709
80647
97357
20992
46680
16495
19983
64369
1487
43163
40868
83559
48986
18463
57600
52959
53280
5286
52055
90846
56556
25494
14527
35564
59807
99880
38796
52385
31293
82680
64854
66349
51024
83060
11393
82633
96095
56927
53436
7333
91290
2213
33584
8210
4163
92821
57087
98752
13913
45853
32697
3579
36398
49543
63742
16092
94305
93718
1114
24994
65001
77199
56194
82737
37221
25121
49998
16271
46070
53031
15861
59647
28618
43114
22951
78201
84436
92072
5615
39688
68087
75336
40875
13313
54717
60445
19739
16186
43481
65538
94249
94982
89857
74870
26310
89419
63506
57295
47396
97355
33867
26401
15155
26741
55990
7683
77151
36749
64249
22046
1642
47043
46143
79791
2661
69695
33976
35628
41712
31349
96836
51015
25680
81176
89251
34387
25959
96004
7980
2908
91139
45483
5919
67573
46230
36614
68677
67621
64902
17981
57146
37177
92320
74402
87596
23547
65309
7934
25401
23674
8588
57302
1391
64699
13892
36509
45046
9900
43332
2178
88626
48067
37767
37546
10320
25204
52820
32122
88306
33254
11485
47363
20266
69773
17337
40823
47458
50734
19468
74260
8543
73656
75443
47030
48785
13413
52664
16492
7736
35177
54404
70197
37942
87408
67241
44771
71228
48706
1139
68521
8217
36800
84463
51799
69960
91779
2456
69058
4581
80892
84219
27699
28148
28826
70446
29063
42387
73131
64274
56703
39192
44180
23334
389
67362
4316
81019
82427
86996
26438
9740
93822
52794
7807
28320
52419
23894
37345
80019
80478
70647
8951
827
63063
85341
7609
90588
73424
50675
21112
72039
77811
14216
14838
28414
53921
47104
99227
18276
19897
59107
46896
39606
8892
36133
44365
13389
12
84962
49779
26717
68130
16038
2350
16334
44722
59945
18226
89898
7545
34191
6626
16662
51671
76497
6005
2135
46862
23421
51692
68990
71460
15254
90315
13481
42747
6731
98740
31359
36749
67199
88765
6831
85321
12137
18339
65305
58137
80441
58090
52083
80612
46570
92882
53822
90438
79697
88929
23327
34691
58306
19935
95332
22091
80872
87828
72066
23421
53415
31341
42630
93524
68747
35604
55681
7357
26286
68542
86951
7143
7417
21194
18438
96293
83477
79276
41804
9537
54974
50606
52605
13960
77375
19062
94410
97984
5098
30035
89646
22549
57791
13052
54019
74890
95640
44887
65560
60945
84912
53221
81596
38660
70553
83847
26055
80910
94917
34907
12613
63486
88428
25545
11948
34870
67530
97051
57133
11275
42971
35255
96395
75798
28842
98871
79645
79153
75447
59682
17460
27244
64173
55740
26969
2203
56909
60953
53233
58501
5478
29445
18221
81089
47320
79640
60777
77385
9867
79675
43200
350
3229
70718
46277
50446
70440
26691
69380
37152
15133
43782
25205
78366
54618
67794
31725
92503
73176
54474
69873
74391
90987
83596
961
70135
1063
94779
450
17568
19153
13866
14675
31912
95428
1147
52824
5701
71334
23897
54526
60691
10778
79453
41581
75813
66575
22886
51203
95450
22769
92533
36735
42194
81842
26151
70565
6387
27927
41332
6367
64558
27786
71657
50960
32468
12878
15275
24260
95009
24554
29680
47902
20168
13136
15677
98293
14968
96750
7543
50554
68563
22143
47209
95193
62978
19095
513
54644
80337
7376
74179
53526
43954
23644
31095
71337
61331
71710
77466
70896
8238
9211
62128
9053
46754
19924
75195