33405
6575
63413
20653
21454
25212
7700
30951
65407
29231
61086
17630
69357
52597
35859
60843
82264
16939
57765
68118
4466
83670
57201
37676
97088
31174
51455
19036
16562
6738
19827
35968
54064
45902
25963
13210
46934
88376
15195
32762
5230
95805
72623
97521
38667
75691
11179
25368
45728
61900
52791
81403
2050
48852
21019
98930
85248
74545
94049
98918
1034
91708
63433
60199
52627
29897
80494
9199
56714
14269
59609
5336
5283
37589
49660
28534
35037
14024
60351
9474
40942
33204
58661
78064
40290
89039
89963
21630
63198
41036
8900
86625
83232
9033
71851
93456
26997
36867
21627
52547
80134
27282
52240
6892
88451
73510
25944
74913
61511
94980
11840
84836
44279
55161
69449
12022
93607
66896
36990
18647
25646
46422
28983
9328
85274
20173
67130
13078
35619
80254
84988
52986
71818
98060
52405
69111
35870
77782
87824
66410
49111
98476
20683
48532
99851
75771
98385
81558
31776
88941
60162
97071
10783
96056
33463
63086
87764
12479
45388
58366
71862
54229
89643
76910
91741
26849
81832
30047
77382
27774
46587
55891
16101
46680
42732
74194
97269
8974
49337
44010
6582
13245
13228
1197
15903
91584
94425
10182
40777
53506
96876
89645
3947
23815
19842
28760
74382
98637
51363
41578
16970
78062
33698
49151
66528
91742
66317
56607
30575
66831
83489
35150
90291
69688
53636
55061
62709
10708
9915
34950
49110
62860
62329
20514
98616
40582
19828
21614
38575
48879
64428
88659
1226
98353
70533
97838
87739
42526
15685
8562
73825
14985
42320
67062
25715
9450
12643
52654
70561
61474
25151
754
11252
95751
3128
68215
62437
22893
42218
63133
56112
67207
55522
56291
73787
50092
92189
7255
48195
28051
42343
55274
1885
53181
83505
93858
11885
78476
87283
77560
62008
93158
20712
26298
53425
73135
29067
78560
28247
11476
60926
20689
28518
454
49773
64188
93496
6971
82617
10072
1770
16949
32227
38862
47257
26868
30837
58064
72997
84545
8167
16099
14316
38774
98511
58212
21151
32313
45732
33048
9770
95543
12690
393
66936
51408
62478
80729
8165
99998
72621
66062
69720
84691
22532
37953
54896
70518
60722
5726
61677
47280
3806
90581
15553
44443
58418
83166
75713
31865
57788
43786
7079
66265
61715
22833
16849
80830
62377
22395
92203
3604
16192
15632
48274
81269
76760
21311
6476
79298
49369
27857
74656
36849
59338
37329
53563
65671
50694
20586
65671
68738
59875
45160
95351
68119
63337
58940
83363
44356
88369
26691
66076
97994
19603
91426
91019
82326
42932
93085
18179
84014
56419
47308
7192
99089
83226
92623
40026
22623
47267
43035
2243
32906
69381
90118
31604
79948
83761
44643
40637
94385
82033
60657
24053
37048
48231
85087
40727
66388
82634
4361
22578
16283
18739
58444
99969
75781
89726
76069
92489
79028
78446
49428
26899
38939
57838
34438
33692
16694
39805
70998
20915
28148
90342
16535
4073
27663
70543
1077
11155
45009
62941
70213
89167
43031
19257
94475
4028
31133
95331
42940
21035
71667
56967
6826
2951
35125
82843
62746
99932
72980
5228
52424
52741
69487
63959
97325
19391
12247
68900
94725
74347
21658
74458
80918
37486
89368
29607
37442
14405
58197
14067
34299
67865
92066
74530
84449
19717
46959
25365
60119
98846
4780
29906
51426
6903
89424
10140
89232
11244
74503
14213
6469
75809
92482
35426
65714
55865
39511
48578
83077
1446
74838
4285
18824
42428
74461
58582
43931
66881
89704
46403
51830
30831
72862
78314
10627
29539
2871
3121
9426
63286
429
95896
2014
27655
65145
56806
92335
25986
22389
88596
26999
20529
34585
15248
98009
95852
97736
15636
65607
45320
68971
22881
99423
68420
38498
87441
37286
35398
17820
23152
432
9304
55859
8867
32942
19595
41561
88083
63235
73860
79390
54512
62617
55324
31726
55256
89420
38874
60885
28261
11783
32114
8962
65342
8763
81859
66812
20130
59905
33567
89472
80915
83633
56945
78237
6213
3619
203
53836
34412
90259
62472
29656
32723
24436
66669
80236
3738
9449
95201
79776
30882
97347
1863
67761
17536
58619
30329
74052
78053
43092
61695
51968
31391
67228
4583
95
66537
56088
23315
76373
38142
30676
14927
90621
46568
61977
75616
92117
40400
19554
96706
68635
36402
31303
92749
76062
28301
71268
18903
37057
51903
13791
7056
51824
91162
61616
95988
48608
29094
45393
83548
78476
9817
40133
40757
63172
56677
45233
48953
81087
4778
22782
30503
66612
83903
74841
68270
42509
76966
54145
34138
31164
198
67490
64883
77972
59356
99997
88215
1239
53465
95774
26745
67952
52922
46356
55437
60031
96833
33866
80605
25611
10478
87974
77687
88263
49555
93630
90866
16174
45410
83237
24507
89676
67137
65345
24717
23997
83704
84542
938
23332
5193
52986
32741
24419
73745
39999
40979
35853
50713
77322
77549
81995
91933
40029
24391
34670
33366
69385
87210
39002
7811
479
97708
47493
32463
7369
32858
4004
51554
56780
6083
39710
98680
29243
49668
93762
85023
81983
24627
69934
3907
8956
62117
44215
82285
21694
76409
38237
40268
84129
75409
13581
77961
78024
95142
94633
96694
39031
78444
8674
37012
17002
81092
46224
91324
69739
18417
492
14678
20739
42523
72702
60703
93623
15273
41033
33749
87270
75943
82779
69930
67422
55871
80104
94929
2846
65781
1364
29361
78861
77879
29707
49306
41154
40577
65161
47397
93957
50671
44375
41848
42681
83783
37323
61407
68356
65246
49986
98125
99204
4746
25398
48738
66360
79751
90406
35412
59727
51802
20614
38188
37164
73396
86864
62082
22182
34708
40416
78555
42063
67447
48246
17577
81807
83787
65579
75457
98146
96272
39809
33280
12487
40288
97423
77102
13651
41146
85712
17765
29388
34416
81950
90717
45661
31316
33052
68838
5208
50939
69505
78653
80648
99717
37350
17772
2820
14532
7625
86834
43320
15538
25819
21341
1229
87879
54376
92268
7460
93914
3841
96993
91172
93892
71830
52344
50025
93834
84443
99446
14863
72756
19634
75371
4590
23845
29361
59795
47515
22661
24748
40407
50704
87802
45777
18148
25043
5097
20981
594
68022
71155
58963
49147
5434
61318
24652
34429
29723
58739
93655
13364
37658
44960
8648
60858
74838
84665
25185
478
79291
74518
79107
63021
57834
94257
34535
54806
43925
7534
43144
59602
43287
56347
46710
35425
14725
19711
15015
26568
76489
3331
83674
53314
6118
37423
39683
42353
23947
72116
42941
77957
73299
10372
12789
41221
4937
54312
13198
12571
43638
74788
70298
49965
64966
33977
45886
504
20581
8095
20876
12016
41370
31178
54933
77186
67461
56726
96895
88505
80628
16996
81622
96886
14908
33743
5106
67577
49614
39369
6237
25556
91286
21998
35703
69485
55195
94395
86016
4664
16435
69978
44297
63983
26140
7281
58543
8761
33069
87465
28899
37448
47000
70003
85069
24590
18058
30628
50180
11273
87292
57973
14083
57071
41969
42071
90347
19400
74725
88547
30570
2644
26700
99067
69729
59230
14189
31229
44979
96302
21669
91013
31972
43654
35373
24576
64256
76686
80220
71220
25182
70386
24706
30882
53652
27574
41567
98061
60384
91415
96933
8446
39912
55268
93025
75500
67433
22923
77713
53700
83395
9587
89591
22163
49436
61088
19708
54931
32046
37604
61078
37662
67973
99468
1549
6746
84322
13295
52045
39400
93757
12866
98484
93893
94059
39941
51474
54442
46597
94798
37420
6395
73234
63423
81300
63120
12051
50109
33514
43426
1340
4023
62193
57895
93010
82040
10168
10497
45736
7333
31915
17234
97828
35764
29946
45344
87570
1638
18194
35101
19268
71946
11573
2313
37595
85404
4032
97574
35083
59756
42501
2595
90329
51516
13599
80396
72863
22697
62357
80294
27853
85903
9786
18332
59013
78723
8293
7770
55083
85480
20239
8262
5561
87249
8723
75336
40146
46880
77339
28713
97772
89478
21777
33569
79023
17415
60704
45204
35418
23930
51512
44943
69735
98214
88526
13435
68261
22291
63750
25429
5262
71363
31662
26392
56468
11087
3798
2961
80251
67751
95970
42348
72412
27434
90886
74589
82187
77109
27952
75575
47604
67084
78848
15630
10477
9690
65559
61266
88761
77448
23513
86195
65608
99726
26646
68244
53510
88804
8981
57766
30428
33373
23409
21175
24080
89828
56935
90659
43774
66514
21044
3801
32874
1507
27228
92597
71053
96661
64912
75684
43544
72095
10714
44336
49743
69913
28628
12619
55315
62391
83874
66944
54636
3317
78304
18168
5372
57555
79441
13734
18272
78146
11232
15249
70289
21271
57044
28846
13241
58768
80689
28823
17256
77716
70395
71190
19322
29143
69866
99381
73447
21244
19513
87256
87366
91827
55343
53913
5016
85285
89092
39526
23919
28395
23038
36365
49414
12640
78878
54159
40898
29164
19617
78667
8473
29143
20292
46846
8405
94527
8527
46815
48385
40649
92763
72574
37581
55011
43600
39423
75913
24338
35502
26189
67963
30296
38616
38223
78871
43303
57377
62664
27733
3944
32772
39445
36429
46684
41520
59978
25705
57475
23195
77382
61305
15084
88282
77803
63008
83625
81832
62786
99933
58146
61469
66469
24372
89196
84187
3003
76187
23666
27871
87986
32352
26253
45044
75060
73678
62177
75879
40349
68797
45466
30768
54300
42063
21818
74100
4094
84209
40544
52734
76573
948
13477
28114
30252
89762
35298
21934
53355
19567
5639
85366
34846
55475
67201
41801
56773
77040
12350
88018
75137
19282
81394
15819
71080
90520
69256
26617
74247
82082
83970
50195
69511
8889
28733
9188
33769
64567
77812
3961
68425
91542
92387
69891
36342
93940
69530
19798
17161
12531
71157
39511
32610
74841
63140
5074
84520
55285
26301
43439
38605
77767
40942
62871
76335
9139
58161
35325
82898
63469
5971
73027
21377
8115
16700
70179
48826
27822
47355
66312
51465
89884
90810
5522
48813
52882
44208
91559
70072
98972
31075
32178
76162
11326
93664
70540
10445
89254
3700
77560
47049
95428
60922
35853
60373
94696
57063
57438
83853
85522
15894
35512
86356
39932
97458
11036
9090
56998
72853
42388
29066
69247
96009
88678
64403
70873
19530
56023
28694
34601
59592
96656
74588
53768
46036
11
61941
36849
4036
32043
7128
60093
11733
84481
81129
74896
87171
52184
75297
98074
86445
31987
80265
28077
46354
34565
82340
35014
66237
28211
39131
71195
81935
10898
94913
80483
86456
80823
16680
61620
40291
18779
6025
91031
63772
85631
18300
48812
78340
12868
7908
43239
50393
36495
21414
28702
83436
98237
71835
654
56071
92348
19567
939
69932
14635
71190
16581
9600
58509
77536
69274
43127
49539
48184
63917
76252
20634
50163
54701
20538
18644
49239
76553
72194
45223
86029
10057
21041
8783
98587
49079
18112
58484
3102
66344
52029
11677
74684
80206
49178
42692
65310
98761
61335
52121
89293
36084
13101
69574
30760
21239
25601
98074
6118
95720
13493
65073
44088
21733
66630
42022
27956
18942
40332
1397
10030
89732
82335
10286
14442
9006
90391
1438
21150
83212
30535
86752
35614
97265
20235
49784
19393
97677
12045
10938
43117
34408
72342
78038
37565
1429
2426
85801
23361
13144
16467
24065
21366
4264
74431
77262
89140
27576
15868
70678
27887
75749
30810
38559
47033
48607
20146
14860
17514
38138
1789
62359
64854
27765
75787
51688
12269
85465
47724
10598
2670
78858
14853
57089
96201
83105
41235
66025
97131
82096
36796
10827
53375
65478
82221
32487
25928
21219
62603
49756
83184
38527
88871
8724
48770
55939
80170
23740
22786
195
40520
10053
12946
24282
68540
84130
99245
19471
30235
536
64780
32501
38063
35904
3593
68629
66463
90479
92599
24496
57809
54198
1097
51671
32988
16860
89331
62693
18826
45006
14157
4169
10613
49107
66415
4824
61168
20373
64979
7002
94543
23056
73568
4663
15773
99945
17739
57661
70997
65179
74928
75382
75777
37392
51584
80721
61389
62005
55612
4582
87319
15588
21428
85010
49873
77547
84821
43198
58635
48600
57826
3876
43179
74401
28337
2760
70487
14171
41883
73100
23688
39402
77534
32768
33395
77349
77203
61139
70869
75275
60580
27326
94187
73518
65063
150
82696
71684
7593
91051
8626
12873
44468
2216
94735
19298
82457
70336
32828
17892
26275
55234
81291
4014
36158
25393
61802
22292
51050
10007
8264
75744
35876
92942
52493
22371
34397
43231
72172
91010
17151
32129
68664
14860
71899
69736
95535
27897
61382
312
34070
62156
89969
76547
35985
42034
89194
86551
28841
46135
10380
20097
58720
77929
24944
90319
21214
69250
26461
51910
65518
77611
56154
35459
10737
36782
89471
29685
79
37879
15366
99846
7749
42116
81470
98874
36175
63551
13056
75632
47412
15301
28278
84349
67488
10982
14125
18051
71409
93806
22534
53564
31885
37315
50750
63524
50579
92278
91996
98738
8106
94930
29156
66703
45306
31171
84844
52936
43023
13963
61074
34534
19818
70028
55227
23728
83443
66107
14779
24669
63612
97043
29276
72348
7582
59777
66767
63798
18036
55854
29416
67863
29119
72984
59219
91538
87113
16298
9275
34715
23499
60610
21523
53412
69610
25863
48175
51775
18367
45720
5432
52836
92225
42514
22141
27204
1952
60648
46715
85134
16376
79779
28512
55494
44627
48609
81180
72616
75687
68347
7763
30905
38031
70449
49555
87028
61392
18230
39099
35937
1856
20117
24376
62153
93257
95238
68844
77448
53846
62733
92249
39860
69735
2690
58442
93958
53779
52982
58955
36634
13528
27106
17982
2011
42012
81962
65084
41114
69155
59644
96840
87079
55461
10914
58143
89518
70235
82259
15829
8464
65808
82139
54796
72512
69054
22751
30434
1215
56819
21166
22201
93633
12787
31853
50266
54276
65861
64114
98614
45525
87684
87227
25869
96604
17960
69394
449
4091
97377
32423
1076
38292
9017
4691
78757
79865
13663
92044
24550
53399
31447
31126
52388
94365
61379
83443
7993
75635
50129
22466
93476
19635
47926
28496
25301
56373
52767
93453
68577
46278
46151
39850
20432
92426
25964
73349
48915
11242
16091
36511
63671
70797
45179
85619
20700
39894
66661
53192
70128
30492
3060
90804
74965
68682
77443
75830
56505
34971
70625
65730
30334
31850
53717
27305
74808
47881
94003
3831
47636
79945
77602
79222
6804
32769
69799
30899
81652
19775
67450
60842
27638
12913
36235
93832
67515
61355
48834
97356
66957
39652
24303
42898
68526
26898
9926
7608
80310
66486
18570
91685
50113
32388
47482
22665
18069
10877
75697
39579
4665
26743
74762
92396
59360
20510
54950
14915
14639
44549
79681
92594
33638
7037
77125
92305
22607
55920
64364
92300
48292
47319
8569
24105
78235
92895
49260
95401
43027
59242
9282
42631
14700
59590
62483
33436
5748
23418
83078
33801
65627
41595
42922
36648
11292
11049
28984
37166
59209
3399
16680
14938
14561
37543
99221
17519
66220
25019
45313
81876
89637
47358
76815
31421
77192
21579
47650
88657
23113
2741
32770
81653
60013
24627
90239
1492
14661
12345
26789
47635
98944
93791
59959
30586
92989
55100
97348
11233
42174
13041
51253
18553
39966
16478
29730
18396
77399
16914
46843
81517
8641
53146
37535
11337
58243
36052
107
24300
2714
53110
30304
11239
84802
35462
69825
91663
85879
27562
84754
26364
11175
5686
69861
28772
87862
34876
16661
4146
44830
25709
62946
31807
35788
8709
44303
39044
92820
78346
60246
77187
31116
89199
9776
58025
36897
24895
31421
47066
38932
97577
30103
20654
67363
81108
70124
39315
89404
40970
38502
23759
68952
27035
48079
61058
90899
59688
24040
18664
85591
77711
35659
68577
11826
63664
11876
14575
47069
98007
54188
49733
27267
93981
57330
77569
64964
70363
29767
97887
6685
43705
91988
77011
56896
74939
54264
22666
26653
40973
57369
84900
13263
45024
9753
32798
2356
78849
46113
41759
87433
336
76422
92728
40016
81339
61499
87680
47971
13037
25270
17681
60435
92239
99305
59668
19730
14709
66340
49803
36271
25842
11386
20429
16512
36080
75462
44059
54087
60897
69473
74130
79376
91805
89686
19651
87563
66618
82666
76120
1573
48881
99622
5495
38080
50188
16542
63244
93621
62725
42597
64780
79618
82776
18958
34839
70341
38436
31298
87266
282
56195
42350
68574
30176
69703
22533
82939
60973
7904
24276
90918
55884
89376
34784
49368
48115
62507
91860
78906
76306
20101
81318
41146
1203
49358
10856
99757
19146
17650
97346
71725
61699
39494
12751
51696
49492
17941
71973
18771
17669
58671
69931
48246
58885
80951
97567
44422
58711
40522
31310
16929
52341
69435
93431
78344
26972
22613
33939
89087
7305
23583
7722
38724
5145
42703
37039
11580
52690
24586
5896
71268
85969
81610
28843
90444
5349
96577
9417
6409
52786
82895
29345
93129
67029
26815
82406
80877
50314
95035
37683
5554
54005
90037
43916
21179
43630
26236
10911
75962
17348
65186
96366
43517
42628
80553
73294
78747
50346
87930
26043
76206
45863
54007
35843
10729
66988
3462
96044
74947
33147
60834
74030
82441
26427
9929
46029
89745
99205
11631
36374
60003
89742
37272
79101
4625
83189
213
33731
26301
24271
19429
40437
66973
36302
44484
79678
24712
85941
88875
54887
36323
49759
50553
31821
59071
88441
19513
47931
80303
85579
73751
87837
5144
30346
83153
17408
39467
90741
46950
42152
40367
3577
23719
5708
51197
69066
21608
38468
44933
79475
167
21078
44994
97817
6827
30923
20395
47680
37869
28743
38529
80787
15012
46715
37628
48700
62835
33015
44478
55507
32263
39686
45626
28240
13705
24694
7226
48330
81183
32175
35452
94131
71543
18334
51298
78597
28493
23800
99958
80965
47322
22852
7571
77229
77552
80729
49856
49384
92807
36733
56896
58879
36981
69622
74984
68048
6428
96221
29968
75045
7323
74543
14932
66361
32080
35380
1934
46033
6358
82360
42586
44014
28590
50636
53101
70061
52615
99053
23014
50683
98732
5783
99035
80764
34772
7314
13965
75316
58021
63375
59656
18024
61480
46656
28600
16080
98057
39945
50342
84243
84917
65172
71636
79391
31624
62848
22428
93539
46780
87764
27478
53667
51192
72824
41479
65669
66738
98900
17538
84164
80420
57248
4885
34261
76355
4805
48693
41180
16397
26991
94135
15440
53603
22043
37506
684
27043
71215
49905
38279
28481
78238
10259
80581
65013
71017
40285
42456
1185
74703
66962
36887
8840
97285
95922
57154
98439
75096
46798
8832
20351
34823
20622
5220
66290
31830
76185
26835
85939
36514
82455
29318
753
29688
65971
85946
51933
97207
71559
64047
44735
9351
69965
47362
27971
96429
94898
36833
68180
12350
33187
74976
82178
87061
97756
20540
61431
78646
70537
49427
78803
33926
78876
454
3594
21369
71991
34461
12520
86045
14232
57694
61824
21858
99298
39897
65630
61755
560
12442
97686
97276
70923
17011
11957
80057
48667
52406
52029
95927
47147
62871
27236
2323
25874
84669
47151
22641
82032
53917
72892
71083
92742
48181
75584
94877
17715
61259
83710
7952
97306
34678
37483
41206
13053
32232
38017
55645
78912
13843
79040
61727
95191
84314
78056
59314
20753
85644
84617
21155
52777
7748
58821
91350
96221
5478
60664
5410
68371
36972
39762
82219
14223
22860
83856
9452
26167
90419
12094
10298
91517
84160
3093
43754
93835
41074
67941
25523
91330
13302
75467
23713
81630
88287
86483
56295
14322
12711
75676
90311
30202
86156
40154
29042
19530
53464
13300
48204
4717
19349
79479
16019
89869
21394
97522
22731
31632
61287
48562
98951
4835
18500
90770
82004
74169
55176
54730
31213
94725
73114
38060
49695
10977
76289
85646
16498
24635
53593
63882
65946
53605
84283
8623
1227
9727
18060
5510
12396
22892
9803
56414
94312
25381
73205
40793
91522
20360
11625
79519
79214
74671
68836
52738
69998
74600
91433
5435
86010
84910
93019
42521
32305
64917
72449
66149
73747
62798
76359
64364
63002
84151
64163
28214
68220
99815
66025
29636
30857
84397
3782
10510
66645
15132
34176
55771
54069
49949
50088
19328
28645
59232
96763
42908
14129
22855
56053
847
35637
9359
34494
27256
10266
45117
1618
64497
83601
90237
52395
89822
84967
82929
65599
32874
19279
9093
34396
80642
95493
16055
15784
97184
27559
45587
37583
16334
74806
91816
34877
84002
1350
92723
83367
26175
75698
88656
8976
74890
15223
16525
35107
98217
57988
10538
91626
6719
2643
6141
71002
32349
21821
57875
67967
9611
92379
61165
2303
41160
68289
98883
2668
61878
24052
79938
70592
74963
87805
4248
31929
55634
97057
16056
24200
27579
29348
60227
92956
65198
88214
94034
1828
254
19279
61200
50355
80569
15264
9835
66718
33658
82975
66380
30798
7655
62450
55298
56488
1851
31269
98557
94929
46303
58009
93736
77650
80282
69496
93232
73651
13588
59936
34129
39121
7084
86578
9484
93851
16706
51209
34530
96239
76559
795
78303
34046
31676
12586
71766
92704
2248
422
43655
3027
5820
87508
31912
55816
62537
18364
1270
70366
38923
51509
1470
62848
99741
80634
98332
153
27812
2666
14700
57047
40861
23269
5428
32132
99147
61247
55516
26421
90211
29604
60468
46280
32406
91097
51247
64432
62364
97488
61843
69487
18827
3474
28480
41027
6790
79236
7729
93703
2209
28779
13303
46994
48180
86633
24318
10404
39043
15005
6966
25172
75921
6242
43342
77751
2510
12263
4559
81493
15426
45602
94690
23844
55445
78745
98761
66376
47121
30402
39150
54956
82886
87261
58299
82325
81735
77270
63272
60006
33112
34775
51129
519
44084
40370
53665
93113
49214
50520
34465
98092
75934
35612
17145
5590
39254
57456
51783
55500
58481
15395
78187
19863
30486
64889
50391
48857
87449
43347
8048
91208
40223
46402
88099
13073
39372
12236
49683
99837
14200
688
74407
46832
26414
7943
117
30049
734
51493
62213
10547
38202
15246
85173
70954
18675
14229
68030
5222
6924
69179
46195
81988
56702
11136
10112
82620
80933
5249
95200
8906
96297
49108
12808
89015
79283
7776
62937
96149
15890
22723
82602
31813
99534
59086
24263
89277
57938
71416
29416
21719
19045
40794
42598
63402
25563
88680
69748
42370
21691
67855
2061
61430
69560
12596
99174
55644
71414
69666
50549
36189
56386
40106
58275
65538
90188
93975
92090
46025
86758
72232
40273
43765
19779
15620
2848
66522
34159
28694
33307
94531
4886
97800
1526
45296
33582
27682
59678
75939
1585
91268
87320
48859
88637
50031
11670
95435
33480
27787
6152
71148
94238
63007
92277
84560
90685
7915
12910
89298
90079
95647
50720
56610
4193
59409
48226
94544
43279
49664
12528
85974
11276
8574
27570
63924
50989
65322
3039
45725
21972
24090
85441
67747
74000
42319
62155
70629
12187
15266
99045
37626
91515
75365
89490
26405
62488
79076
12367
73152
42833
95586
83200
4937
36735
7673
31763
30964
76723
56944
46449
61859
78251
31746
41138
40236
79600
14767
30243
39000
78612
9465
53346
61753
73683
92267
75796
69380
2247
51978
18736
31375
64546
47805
14126
14035
82111
53741
31147
38818
37939
64455
88491
95151
9308
2410
95204
74504
21798
31706
10038
72203
54516
38195
87499
63932
16423
83429
56429
26956
75121
67004
51380
84765
2431
32388
28853
66096
10011
59158
23879
90615
66812
58508
99034
95898
78711
10420
91812
46081
5265
94431
37772
46898
86967
58376
84050
34261
65519
10147
8851
15374
92095
62271
91394
69943
18265
13084
49840
67529
76441
22030
72822
12525
31325
19291
73857
29275
60177
94763
24260
95228
44633
70827
75424
81634
80314
3164
42911
77579
43643
17516
78173
57316
86981
51974
11394
54465
60948
6890
58882
39492
97516
81247
33751
5299
13504
78679
52744
62724
98324
86377
35448
6752
24767
40172
13764
97365
12646
11632
70088
16252
48532
60215
69545
22063
35222
45910
1602
53381
81605
19641
35950
85277
99822
31676
37858
21799
46795
51869
99604
22122
61292
90760
2929
56058
39893
39859
9845
1213
25676
29641
28841
48748
9073
49335
39166
31869
36644
66581
72651
24739
89923
38933
67287
8864
94038
59741
26197
50835
52807
30850
94521
27481
5738
7234
31138
6439
62487
36426
4748
74822
91927
81724
80445
76479
77166
17084
6547
97410
73476
49892
61407
68583
11127
10464
25034
79512
41594
47444
29288
83765
19809
23678
64264
96563
97442
98353
17476
53871
9020
59469
66094
84088
95274
23246
21821
1261
50344
42093
39696
59743
48902
99657
90282
70244
7685
54083
91543
14245
29519
77879
23627
65321
70086
41744
86140
12910
5952
84533
54826
52802
69290
81287
96550
96378
91644
68086
36748
49606
46092
57500
11013
16943
69769
43909
48481
65016
76967
58663
98839
66238
20772
2408
22705
40609
95235
40642
1478
36476
55856
8521
354
64081
13125
82430
75174
39178
16206
73003
46610
63126
35234
14888
59310
75815
32864
63075
68146
21410
25473
75534
35379
58937
72051
66024
37653
1
96279
81548
33002
26052
27342
14556
28279
70975
59177
29298
7248
54255
24754
60801
40893
62479
24225
26618
98719
48761
46583
25089
62939
77760
33199
13495
11070
86675
22061
44380
30304
92114
51149
59022
46600
53724
33856
46322
15368
31549
3307
21614
8692
93027
17822
12932
66540
72141
84986
95659
22921
26044
68779
41439
95103
22884
16861
868
39473
46462
19265
18810
22816
84192
65932
56315
37724
59478
69604
71694
42901
561
62924
61383
52561
75018
22288
41778
75248
86663
83611
70813
4938
66103
42506
71293
23902
30805
66399
70430
48469
17833
499
68906
57489
18385
25137
62628
70800
93223
62898
55233
86257
98894
70531
21710
67952
44512
69079
51215
52001
61230
27966
76741
58056
60416
26003
2769
96709
37719
12322
26421
80846
77351
17282
47236
16843
53707
14250
93397
26313
48104
12478
57095
66339
62822
90303
61292
12356
46735
37322
38704
20798
36053
37216
15233
76714
34882
97047
63144
53067
74409
92851
55322
45559
34717
83295
90133
28635
33378
88480
96049
640
11027
91191
34329
38474
25719
47891
72213
51729
87093
95239
44977
30164
6500
85494
63267
85467
40651
76568
43301
48506
79138
43221
25237
3713
23805
88700
22639
52270
72253
61998
2801
29118
27716
78567
51807
17782
45655
36945
53794
64446
99824
60285
35627
48681
52906
8662
2067
53971
34802
79737
70103
32728
51967
51687
21505
80804
62178
26820
22046
52937
33148
16350
15175
50252
35293
14114
19225
25810
34384
80616
47693
62480
13158
12031
71039
1019
61109
91622
21029
27757
45105
50593
44560
87831
57992
47856
96896
78977
2348
27011
37207
92675
33503
68249
96746
43679
93257
58096
69524
92986
15230
24271
43790
54948
81024
27401
4072
65681
44625
97423
14207
98913
23281
68511
38380
80171
98863
58709
65948
88337
35381
35132
83503
52384
77415
84158
50074
68061
3164
65786
10332
54587
13291
74013
37510
45332
92921
94692
86462
53745
26528
30882
98002
37930
25285
96690
81405
94609
38490
10785
41239
59482
78754
3415
60332
59802
45952
52709
9806
92838
6577
95771
53537
87472
34090
48172
88430
53925
79019
80444
84992
20371
42351
75598
89022
60831
29810
20054
35287
17589
77859
75134
75808
39203
99898
39581
32443
86783
6417
88386
75901
33048
90469
75942
38420
11026
72785
36120
23026
51272
24408
14547
46151
94929
62265
72482
58655
26523
22831
54260
72085
10647
44019
11677
11651
64070
94817
34058
44748
15361
83296
1833
89481
16283
36201
8525
30961
60369
76719
62259
8915
26633
48171
93420
50127
69580
98645
79178
67343
69643
78216
7617
48637
74832
39352
71807
44969
63494
59770
2729
94325
81594
10010
50904
9440
50494
30686
71613
54679
73348
97555
18410
37146
19163
39453
9322
68843
14563
25853
16060
42608
98431
9960
47401
90347
65337
42181
8623
55315
30552
18011
71444
35259
87353
89475
87395
93585
63714
72229
69564
12607
59437
37603
59829
14797
82370
62641
97806
5029
19267
25315
18805
49964
3230
21937
59845
37268
96796
27712
46975
92973
75056
82310
53447
19333
65660
25465
53134
51597
62861
64712
18677
65492
37850
30381
81862
95172
85084
40311
84191
47129
37474
95023
9691
13539
68269
80667
17743
80067
89083
25510
2312
69278
29232
78613
9535
35753
44724
65583
10970
18276
78197
51471
59530
20460
66284
72889
69566
92180
83089
93100
15075
90043
28836
32095
54210
54594
85627
68359
24077
90806
99302
28247
5744
59428
26634
93763
62619
20221
15269
63886
64690
90427
59249
84121
4023
39973
38752
7462
38327
98645
93602
44762
75956
77385
75407
52219
17646
62213
88035
13386
80320
56920
62956
45491
22350
74448
75111
31104
67924
31944
77974
55140
39283
97898
14968
50703
24937
21991
23692
55657
96692
49540
32444
90368
85668
22263
44144
45751
77721
63178
23749
13533
66756
48753
48920
72662
24894
78907
34877
63128
11386
46630
21741
78887
12203
59243
69641
21257
60454
87032
37279
59635
1246
8714
13168
85995
46170
5128
9671
25320
6756
25009
85111
24767
45480
15781
6780
12657
58036
21137
39801
56998
55222
30082
87471
7009
68863
82143
79814
79371
20787
66764
64147
63906
99639
7458
67322
49936
29844
84968
85742
54340
8440
23751
60966
32313
9591
22848
41030
20925
95412
60597
21828
99739
84033
50116
36999
53073
96555
38002
96584
61892
33364
90622
8896
94758
26644
44795
51850
38554
82165
77214
85591
49663
47234
80961
32585
94784
19339
8793
50194
45730
82653
69634
16407
54498
72255
83802
39105
36471
2513
53735
75249
45391
78831
94443
47807
8028
35122
66679
84266
74993
23348
54867
78490
87169
52532
1277
47603
68049
53316
78448
60881
66900
57671
54575
69671
22743
68333
10389
69475
38471
16749
13790
87717
74410
12267
76689
93666
12020
34024
25808
17853
33505
4330
71012
96134
41675
50398
92398
39469
36329
47801
26589
7580
44006
79907
90205
10200
31466
87548
66749
34366
55812
81772
34284
34775
48422
2395
54032
18184
82776
70354
5147
82787
60626
92115
54213
3367
99535
56053
84739
2243
92285
53088
7641
61125
34282
52657
7770
95585
36089
24632
8504
29876
95616
75712
72211
33957
32981
4666
92748
37653
22754
63131
90077
13204
16933
48812
64545
57039
65455
68839
16133
10472
81280
43330
88583
60021
78298
46745
33337
59310
42746
34145
35268
9730
36959
94823
33522
98491
92109
28103
88724
68658
78149
50086
87251
57385
27315
31023
5265
25041
52083
13626
4882
6009
91576
44050
84052
4328
18894
1649
17240
48252
26745
89691
70186
70903
72888
84746
33506
9760
5544
19578
81400
42488
56187
24902
36209
54239
11783
81200
80666
37537
67414
24260
90715
7198
72085
65633
25149
44250
80238
97011
10035
92008
21238
40907
91541
10934
86121
94593
95010
85641
6233
4080
98711
30399
83366
376
16693
52892
99951
66865
69318
30969
48997
65034
46505
39783
39088
95127
2527
61319
60403
42521
92857
83815
44375
50839
11994
10159
20306
79083
81342
19995
66278
61720
50200
282
97944
34884
92180
5245
60552
25637
84091
16355
1830
38101
81085
27611
89099
41162
24128
101
39670
66325
59067
96320
64130
5032
57394
28205
79743
88774
61280
30876
69709
51598
84681
78761
72724
72891
39352
45626
5123
21332
51324
62447
85101
29889
53310
70846
62831
30623
41880
12976
89134
26930
47169
14108
37389
88293
29036
7793
61685
62794
56763
96203
26829
74061
17073
52801
9991
69788
17134
74588
31991
10705
27234
57041
325
30754
67463
1279
36207
64337
49643
89966
12201
12908
96848
23440
70911
69860
26741
45844
7633
80250
86995
80393
47763
58582
34466
14054
58068
38072
84576
61767
92589
52278
37779
92196
63307
10615
9548
65770
87793
47179
77377
47887
93253
97221
6563
22775
37543
75434
84275
72642
97018
6495
10516
89878
20724
71705
76914
70105
92988
6360
88780
30107
29370
2915
29898
60197
54038
78095
15513
70788
5728
80023
34585
40458
87892
88632
2021
76412
82242
63220
53117
59394
7085
99554
89015
58076
79866
5376
63511
72092
27217
4024
36374
39329
19859
45579
66630
85024
39143
90650
27276
92046
57732
85986
87994
26325
24323
61394
46624
53932
90399
20960
64828
77967
89646
118
44245
42482
30103
27109
70983
36431
67179
57909
88553
5003
87605
99292
25603
94480
71262
93806
86664
389
66361
63926
99667
8796
79326
34204
31505
1535
6185
26467
29552
33956
14974
12762
69189
43856
91149
90728
76766
7984
27185
95989
18628
8702
94170
60112
93001
87309
64373
27030
14613
63119
90611
70683
50458
14553
525
66213
67138
27166
50311
3842
90358
47769
98005
93579
63681
77057
25816
71508
84703
83257
37522
37570
31210
70203
12417
71279
998
29384
9922
3690
68000
17842
33860
18712
45244
78321
17905
24770
45960
16390
69007
52091
63160
12733
3844
13057
33632
81910
3792
64501
85306
91941
70253
33812
42605
14704
30216
29970
82958
76707
71314
51114
45433
97271
21294
12073
149
15306
90326
81915
67434
39484
40597
59052
58334
48591
96102
77606
46822
98779
15391
2794
30140
69535
50088
37995
20102
38661
81254
94885
88214
43262
86495
30765
81472
26452
67987
61453
73036
42071
63433
89127
19478
50225
22644
5706
27561
26253
26489
71369
88013
25077
98289
10073
15823
12299
20561
5648
99456
36732
82103
39838
97051
94219
24200
52386
42143
91026
39622
71152
5622
37087
89687
86853
78811
37499
14245
12215
54685
58852
91072
55820
75871
57227
18700
37853
56007
83251
73197
69028
43710
92209
55300
40358
92175
84735
71162
86916
66494
85652
50887
54773
46763
78292
80309
41151
80507
24630
35626
52871
77730
28246
94006
17501
79338
31433
67421
8846
60067
72339
92435
27300
16748
75838
47408
56759
10895
33944
12257
99232
14323
28853
19549
62617
66003
16989
21533
1809
75327
21125
58026
48293
23354
49173
62523
30831
58286
6023
9928
48671
34893
92479
38626
858
4446
47958
42464
11641
50283
30123
94390
7422
37497
6603
54591
22717
67371
11856
33227
32914
69298
9219
93532
57748
98544
22957
21353
59052
59311
71472
23641
80200
730
14864
41885
87906
77211
97490
28090
34444
13048
57178
59427
80537
98192
38852
18476
38559
71911
50490
98515
39563
64503
51139
97394
36326
74356
18614
44322
70744
13215
75776
99151
71856
6488
33030
98098
2664
33107
86409
78132
86846
76050
73146
97463
44993
79851
36529
48288
39401
60304
75466
83216
45934
56347
67675
4170
11864
10406
7003
43557
69311
40419
85764
3018
20820
91744
53112
37731
50776
49989
31255
66703
42226
26335
61283
59136
95445
45476
65066
82217
67894
83225
55690
16976
34147
72036
77014
44405
64623
53593
14242
30029
83205
25100
86697
47380
98012
73183
90420
47517
95479
40394
8308
58294
56607
32036
76412
94289
45560
57247
63077
27308
66001
77751
61773
12088
56990
53875
85161
15990
68789
18792
51604
92060
28664
76341
12572
25557
74254
58552
80009
90091
93687
36369
69132
4118
10324
89621
69045
22836
46745
87397
44692
66882
67927
17766
1096
36366
47273
66133
20320
10980
60389
30233
94757
28692
41612
35443
77588
17199
14049
21816
12200
11227
31031
18347
20890
80294
63611
20482
77599
28026
73614
64495
7558
61038
75586
19802
10287
25376
68141
70048
30908
45405
57794
14868
50601
48087
90603
76983
42753
36927
75893
51655
64510
95033
43642
21517
14875
27510
16031
59003
96653
87860
34383
71145
24626
48226
87523
74516
40355
24569
97287
20482
81316
66802
14522
12073
4372
98917
90677
51513
99752
22465
35155
21900
44279
42804
55833
20510
18756
12021
5778
38066
32256
25291
46343
66097
98124
55784
27473
45086
87403
98615
34106
57047
64073
8399
56209
83235
95369
40656
24246
56928
58286
30473
99874
52540
5670
46271
53617
66312
16846
22916
75793
11664
53315
91515
43122
60455
12360
773
27476
62859
41042
97430
36177
7493
24129
61846
82428
66460
38880
29569
7322
44413
12777
64978
74592
37187
77548
47661
56726
75824
76496
83294
36436
87108
78922
37793
61794
89661
1912
44575
30213
21744
12384
80909
72638
3063
17360
55522
85806
43660
30846
87280
17582
61577
58077
44123
90188
6751
77985
49454
74399
93566
39531
17916
39806
43264
96136
59747
30428
74993
99025
22933
69228
11729
54776
4329
72146
60398
19427
4163
18697
3166
85861
93583
85056
6718
86817
56510
32158
39957
90568
12417
61401
1588
45462
38351
18067
50022
11907
73577
30423
82438
32410
64012
90919
92722
24548
90667
77915
51775
25622
9325
58929
86457
6187
76882
41485
33787
18814
45048
48792
14734
12839
48252
49654
38187
33536
85985
36404
32416
53685
85672
65198
33955
85048
6699
82980
11397
23081
46789
79433
29952
99143
78514
49828
99898
14698
8183
31257
82532
56159
66095
27111
49195
71381
76572
77294
46313
91263
30116
54214
20462
83245
51108
93716
54401
94576
62494
23614
41849
96260
73563
58469
16587
38434
96618
57226
52000
41230
1343
12648
47316
5276
14051
83682
47794
29111
95966
26705
72118
47274
67426
63129
92603
4422
31874
75642
52857
33399
61155
86954
54933
36721
27906
86139
74290
52960
7910
58941
52280
40658
2503
19739
33917
59249
68053
66593
99997
72174
3025
36751
73971
92549
97155
46679
3730
72962
89396
41503
9133
66562
56192
20199
6177
90906
77748
43636
28912
84814
28375
63277
69470
56834
26473
76805
72538
22346
65852
71504
20150
19454
6025
83750
32544
2938
32789
68534
87180
563
1976
32969
12853
50201
53419
64393
27538
76653
77418
34843
68252
86828
9507
67000
34222
87684
64550
21253
89167
70356
62435
61454
7660
24627
22351
37502
54179
24467
68838
41775
33356
10608
43921
49446
23912
66273
95560
44107
6051
96466
25316
88213
91326
24231
55071
32249
2340
77694
87048
65499
94589
97609
44293
82595
65915
43464
10127
91504
55511
88270
70875
1604
236
57500
78313
7815
17750
61344
98426
26964
2781
64062
80550
70518
98591
74208
49604
709
47952
92342
63637
28671
85958
71449
40761
12030
19696
58953
34653
16882
66413
22519
21159
87728
71557
46956
83424
10489
10361
58113
51928
95752
50613
63566
29589
57856
55845
57934
18398
68124
14081
46575
65406
81260
76504
20828
51721
69212
21727
90856
44294
26023
14168
68803
62213
49740
17883
87572
91315
19153
76633
61092
41847
84930
12338
37551
89804
92185
12500
15343
77090
68854
32249
22450
57449
25187
3706
32293
29968
61428
63038
42093
19462
27477
27310
56945
89856
76891
21862
734
58732
95150
66919
90650
21425
2517
25055
8699
61162
78566
72979
30458
62077
46874
68124
92889
89588
7195
12717
41486
69163
10665
37633
82060
68378
98497
57337
85609
99891
80768
84388
67367
3288
83215
35050
47685
3853
75023
32909
5622
94698
56345
24489
39772
34745
41183
31895
55804
17676
49891
6126
49745
18547
60154
88574
81828
41591
54544
28610
98749
40373
68763
27674
57804
3581
52977
18791
16149
10804
31128
146
7727
66784
84158
90122
51258
50785
71917
49045
21747
59566
43233
87329
28546
1862
78872
32955
64277
16404
41601
53113
42349
82630
97688
52092
26824
21894
7670
16642
26901
54720
74541
50684
97477
47582
24559
70001
77893
80676
86104
14247
31884
18067
7282
61693
68758
92566
21383
65218
65785
94211
41432
38529
15636
83603
30956
17922
73889
80629
61562
84535
57133
70522
81889
70610
87224
71194
13652
83089
48207
19822
13751
29280
20889
44330
2489
972
27360
50898
24146
83007
6426
75897
68923
88508
32926
74332
45376
49550
93417
99690
76653
53499
22987
83001
38350
15652
21386
14149
37802
53171
72037
11523
687
63322
60720
78486
38815
24840
57381
55414
40358
40211
27693
98441
61469
65622
34049
54311
12953
80805
21934
60336
28558
50963
96191
46977
24041
12632
80386
93751
49013
57416
25400
83525
88888
37793
64324
87002
10909
28965
2903
64797
75825
97351
26809
86391
73345
95022
22959
92475
6930
79124
73536
51857
46864
67282
77584
44746
62102
63530
71589
829
42319
9807
32182
25454
37806
12182
51612
88282
68112
20444
63834
21497
90771
98664
50155
80357
92644
84314
83832
20933
1211
96697
29122
39331
75491
3540
222
46564
83345
97528
4274
6902
66616
98575
65387
95712
6663
26275
62361
55273
56454
78040
86902
39417
83681
6369
35375
63193
52836
15634
45683
17842
44770
94579
33256
68673
96829
90791
64354
97946
26668
3169
79935
58946
92848
36885
92002
19400
17196
74635
44612
69191
95377
57846
26225
26569
19
6070
36730
7503
70163
77278
26970
17500
78357
53407
52315
48449
37647
50199
11837
15674
94694
14456
25439
23059
8496
78664
60189
30999
91332
69417
16441
44590
34607
90662
98355
11105
21472
52620
40364
35690
51035
32790
43847
94834
45273
15113
46495
90598
68681
82228
34873
69620
93159
43680
36530
26333
56210
52070
70618
78176
80102
4929
95278
6504
4482
22923
65839
43351
74996
38241
54805
92415
59294
3707
42553
42876
53793
40266
30150
63019
70841
594
81014
31930
1133
88027
66488
29265
67181
45580
33301
82409
26204
52690
90979
67596
36120
17448
10541
62769
92631
53109
57653
21506
29018
72405
29558
78051
95986
86933
78882
2912
41681
96274
31238
1986
41178
59144
57404
29783
26610
35005
31777
99915
27589
829
19968
37224
6806
21634
86872
31556
19086
26772
48760
93538
79606
85402
43725
57833
72418
50446
88294
94002
11821
83466
3631
86294
1532
12720
21157
85421
33231
88127
6148
69818
61559
39666
17781
79673
79278
11469
89280
17143
31473
18982
24227
27913
77441
94208
88633
49888
1656
63376
91562
22264
7597
12843
75090
27817
78167
84949
76407
88837
74456
14691
58082
46148
98409
71124
67682
16676
97155
60014
22441
97462
67122
769
33686
64154
28228
1797
99885
73576
19873
98792
75048
23366
49104
97655
62199
6806
59483
45122
7866
79752
28923
530
393
97534
62997
23985
33626
27436
88536
46327
23848
679
87483
1558
94747
46378
32115
11371
81217
76905
49261
1643
84931
68020
86213
45552
13201
26607
91211
99690
38783
4349
61395
62341
99903
99655
69175
8627
35153
87247
66764
9034
44556
84330
56711
40166
95707
17394
96915
33619
93090
67936
56491
53074
93428
47841
46201
65846
80673
44533
50835
20955
81893
80595
8598
14516
53440
26646
25426
48022
2796
96773
477
63659
18650
43008
36457
49014
36059
77475
7053
98268
61013
62347
9996
25275
60617
94885
48168
48616
25645
86585
70538
31641
40053
89636
66659
31042
37642
36721
54786
18118
51812
98740
48605
30512
36715
30040
69492
50344
7897
43659
7505
6290
80083
51878
41135
63578
73991
42306
35829
68584
29084
86814
17387
20225
11609
1081
10758
93520
55488
81948
48949
57714
13236
63467
74904
48921
40415
5435
78401
95908
84660
55780
7920
88770
80981
68739
62575
91642
35789
35735
15476
99934
33148
25464
99771
15017
14729
92401
34861
83993
9497
96340
48613
57730
92913
11818
30594
28451
12737
2724
72201
83773
36600
61439
40367
90545
37846
73751
52132
78043
38738
41367
82147
10241
44366
36808
92738
16518
51823
94873
11270
80752
86831
42497
77022
74992
95888
12225
2832
54178
69957
76717
10860
90818
4199
51113
58207
63462
34523
96032
3563
48449
42365
15533
67272
60631
41611
90970
94291
42627
24208
90324
81747
80255
98111
4977
88379
88083
86970
61066
61624
7716
41997
8919
20328
25113
32550
90035
89570
60043
86477
75693
78566
36197
64939
29752
20195
88186
2135
9485
79646
86052
83693
68914
27612
78059
65196
10161
56645
98429
4946
40854
89584
59961
76368
10699
83029
40556
28264
98603
91241
48138
79957
78037
73015
16187
90418
43180
78157
25871
60036
28746
53628
56118
90715
63552
99408
59144
22155
48004
49924
1720
383
78829
55105
22840
69365
20099
23
42183
76192
14092
40443
65211
12427
57627
1910
53803
35509
7808
46339
92903
84259
15797
62410
12954
80279
62118
4255
3460
47429
97701
44182
22430
13085
63862
16426
80412
44698
17738
86211
17225
16807
98236
36916
68515
18493
15860
43795
23728
79501
51340
6786
44980
84185
73490
38570
74170
71731
77276
23136
18974
86760
33711
74495
28692
97324
77717
81500
78745
84834
22334
49386
4066
93511
94045
46871
12896
25876
22688
83053
26713
17096
54347
55780
87105
67524
16585
28460
66563
67439
87946
43179
33111
84279
57452
24078
28616
29453
3209
56310
7877
27789
83042
51799
34718
44123
39539
78587
45806
37908
25148
88977
87265
33189
17275
90876
27660
10558
89648
5292
82504
13165
1111
48953
87032
28559
33549
22737
8943
18945
12582
64274
2321
79356
13297
7772
77062
97313
17682
93571
68148
1029
57119
81811
31685
67863
51444
13379
66911
85514
10525
21966
17636
74169
98544
66332
65685
57859
99404
91981
13824
53571
13619
64237
82018
91790
69808
42479
57582
28292
21399
69244
24385
68897
99383
69026
4507
2528
51067
53392
60123
74320
79318
93119
39039
38779
17434
95559
37934
73154
4322
11225
14979
39330
46248
47954
13287
8080
18325
47507
62014
6293
19358
75794
43952
39634
14806
5684
48639
80249
91156
99763
20027
13920
36408
8409
17409
59070
19728
42877
78375
47871
46249
7679
27700
54689
33325
54266
11937
2132
97616
8206
52926
84785
25940
23473
55604
29971
64987
71736
40674
6030
10004
86161
52887
85791
33987
33567
89375
18283
74572
85351
95831
40221
95601
16499
13137
88412
6431
57563
38956
71842
32458
37352
4383
10101
5437
51582
65256
73702
49319
52104
10270
68978
58038
79267
50499
13559
14494
30490
33099
54141
53841
63326
43596
48941
90011
44074
89927
41747
59677
19658
65016
59586
37210
70749
82410
10229
86943
78217
52943
85015
89761
56491
31294
38529
74677
20423
67521
85867
80152
10688
18459
66885
32959
29053
44302
43507
21813
8834
60799
87778
6216
73059
16442
86810
73384
5651
11812
2166
19037
24635
48729
83093
75289
50806
65179
93760
14448
45959
67049
50543
56493
4146
30505
80399
63708
30120
32624
36134
23105
65378
56798
49740
63716
11166
97379
64419
59830
8042
35887
60946
57409
77426
84317
82964
95148
76907
14670
20169
59569
71716
59883
68484
22288
10932
39294
35669
18365
62454
57281
72621
93409
25555
36046
88893
90744
12619
16305
88802
4660
30320
10792
82767
9385
8958
98662
87514
94766
96002
52958
89265
38140
80031
58547
50139
85519
90527
50501
92257
55943
8507
36391
21745
46230
98219
42666
76126
15313
36246
10807
68342
91862
68392
91225
98334
62973
36508
10585
42891
45222
22145
66785
82498
59349
33624
43707
52880
73669
89107
88575
11935
3280
2759
85712
88201
21658
58417
87118
69439
92682
98854
11490
11548
20218
99686
45803
92079
57202
20004
81451
70916
80449
53119
10123
13979
60826
52934
11316
73034
55786
14963
32132
90628
45508
36304
62305
81881
37354
4292
11999
70059
50535
52532
96023
50717
60197
92530
3740
58153
69684
41365
20741
30272
63439
43074
53295
10199
67836
44454
86880
81373
37820
10866
24337
62643
49971
22498
96755
76180
36655
74219
16091
70903
47714
59595
12461
88292
91914
92673
80911
66193
13355
64487
79909
29095
8300
95392
23646
47648
23839
17604
31537
90408
45603
64810
32693
1565
69756
2620
46080
59085
86971
65790
97996
96450
99590
35515
82795
46319
99666
45055
74910
63136
56378
88920
33315
22722
88627
56876
96884
4987
69863
66694
58353
5385
62426
33632
33045
29955
63098
1167
57186
20613
58734
2256
24989
18987
78585
10110
80061
78579
20191
32738
25181
73139
34250
38275
59204
34618
394
17044
51613
29915
98179
14919
85420
34213
9292
89910
20707
3225
70316
31910
38622
2416
59557
81799
10768
37232
61461
47100
63254
55863
18520
61876
52439
60203
89104
11019
87450
85747
68008
48744
27818
90146
35294
77987
17033
19389
67766
59795
89837
55797
36447
44326
64742
29172
40940
31236
95125
32554
32601
25254
84795
35253
9422
86603
64279
35923
14437
13821
32345
30025
12392
76375
94743
89637
61951
62332
47798
78092
73397
63787
45466
62129
16159
57821
49976
75524
20633
17260
76382
9827
14266
7480
93938
70917
47179
87113
1717
51315
489
48697
17246
32495
73065
36734
98855
39646
8057
55213
80639
49177
93437
58795
86828
38636
62360
86212
72504
87429
23123
20567
81094
68650
37439
56334
79499
64816
42590
27221
23137
37465
7910
9960
22363
70871
20167
73777
94290
30840
2803
64774
37162
10152
51819
99560
4477
61324
95306
21095
32229
67918
10173
21166
72577
27317
69870
98613
29918
5228
49224
33179
68134
75656
56404
56784
97658
88082
38122
90276
87350
88112
19642
44737
4624
21122
80449
21653
30331
48443
61491
14080
30292
24175
22798
13308
37382
58167
11921
85803
16873
28880
11897
71029
55146
54221
64593
11429
99490
58737
65656
1672
26620
15568
14258
10288
81015
44877
67249
62186
61369
42426
85955
9450
72920
60084
80120
91367
83793
52991
68709
17369
12081
7424
5345
26858
87214
96568
83928
70052
87097
99945
32715
49245
535
73662
99694
98961
28041
81732
6416
18896
48661
69934
57496
63828
63041
17461
57944
82366
65504
47553
60450
57001
1661
41079
27448
36501
4728
27813
72319
83648
61132
29464
82109
87442
474
94519
44430
59311
17234
39427
81416
33760
44004
72680
37657
48179
20246
41899
37329
68124
20186
6779
58381
48961
6449
37852
75809
91254
19357
96665
23586
58856
52107
50137
15044
180
24289
57674
27363
75356
69482
72663
68003
54643
92758
3414
9318
66134
99722
79154
80389
42571
79892
51871
94517
15621
90200
87502
96493
21067
52378
8093
96949
40657
42927
59135
57121
36935
5738
46289
5602
32055
69916
60414
6261
60389
66944
97508
49392
44676
84235
23109
72575
19755
94580
45508
6535
7568
34008
74617
99702
50592
49971
52383
74701
34303
90815
11514
31021
14876
58791
73591
98998
7048
2067
47800
34695
57152
81595
39985
29845
23312
46621
82669
29599
86720
58183
27705
76431
38405
33670
86336
70501
95527
75764
76886
39692
39022
8029
66017
63667
71362
1690
58585
94859
57822
18498
59435
53986
75898
92287
70692
79825
93516
28269
88870
53900
86734
73985
89487
55278
70214
49042
18379
10498
6753
73446
38581
16747
95353
42866
14508
25151
2971
40307
38387
74493
41219
19943
99033
85292
39072
37571
77906
65873
21919
38660
66080
42911
80253
12796
74761
95967
17268
61449
57758
84027
94843
33219
48837
28649
56646
28150
85605
58280
26018
76724
56333
83045
30083
81428
26694
71134
68868
91814
4236
77730
41375
47312
17500
43741
85347
32958
29717
76685
8796
14367
1021
77866
6926
93572
35529
44334
37174
969
78491
92807
7096
90004
98257
75168
82065
36929
90702
75770
75596
47315
77568
62165
79888
12673
41409
58664
45164
79519
48797
99031
59969
36884
90447
25426
18266
59097
65905
20115
5210
77809
22596
7478
8976
46446
61500
33192
96844
43600
59774
81402
55256
551
73979
54381
35055
18650
57046
29751
37640
91726
64064
94949
79164
92766
20686
47129
49280
95064
46854
5859
72031
83041
20848
57138
92413
23351
31924
66279
48396
5809
96657
52236
49765
80916
52746
72279
96828
50927
55059
34206
78970
83771
69110
74356
21914
75814
35343
73525
87526
53731
18280
33156
44872
49649
83810
97761
37737
24731
99996
82983
48290
47952
45300
88470
98481
9116
89846
41471
66658
96595
1392
84625
71070
83051
41126
23391
69311
25082
21723
79440
18433
13511
95811
67810
35924
36216
10237
38662
48230
46222
34255
14958
90749
38834
32906
89964
38557
71157
47589
10972
88941
58935
60936
3474
19207
30901
13579
25827
13240
17239
20310
90074
38312
52179
38946
77077
55500
40846
85755
50442
97449
14910
57696
64887
56183
23260
64378
67145
24814
50097
43555
68863
54619
5987
44225
97895
5411
76031
84978
93847
95084
99512
61277
28849
77514
62061
54559
51649
88123
18655
2470
39268
1282
19238
39089
22631
81294
15029
47729
88455
67450
8745
19488
34223
62600
41154
81287
77830
27587
46258
16187
38708
26551
64654
11464
13492
66523
85421
48317
16388
15256
81794
14663
31828
78352
8659
89894
50795
23048
29255
68472
20479
4528
16274
77316
49975
30471
89437
5559
31458
99270
40040
45057
24293
43634
19111
70631
68441
57236
78281
85096
65287
10570
16300
61977
56620
30164
61534
8831
64607
31304
29234
60329
17360
61866
81153
33573
79788
65980
51986
35699
8165
16965
683
48059
14483
27448
63357
64748
43062
89546
64532
11820
2003
16074
68246
53932
34217
87719
44835
25585
76848
43833
47759
18335
31943
12636
14939
66460
33891
24510
62372
29099
57423
77327
77628
31572
26709
16162
13017
92619
56859
94320
54377
26227
51900
77470
44363
93142
11754
19965
80158
92490
14099
68548
86133
29433
49063
48746
71733
335
8994
84446
65199
47286
17840
71120
24522
45607
44745
2684
4414
53484
62914
28404
78105
67307
41013
61522
66487
21221
58750
23413
1637
39521
23667
30889
96184
23384
58340
9243
45335
80074
10562
27570
9616
90508
46396
52193
86112
12921
86156
84777
25228
12427
21443
83376
95371
75330
28743
94098
94115
64932
26236
14784
81877
62841
6989
82518
31578
68022
40251
75548
48153
62253
54906
49605
19542
28369
50066
81071
11301
52786
64485
21840
18082
66624
19968
51192
46670
15668
2956
1473
84251
68649
36364
60361
47093
34183
87882
40869
36897
82181
64960
97895
79165
5129
73851
44469
15473
60999
40125
39477
29499
12463
61984
53431
93853
88303
36392
4403
25332
77301
90082
68957
55915
65994
35259
84204
94914
7794
82580
57057
74286
40235
85579
25162
19366
20031
18253
61097
26063
53260
98003
51757
73584
6848
68898
52569
26255
90022
69074
83381
96764
68745
56807
9438
16666
39055
43001
96540
31829
34346
2291
24576
12084
56323
63150
53176
64416
64622
26416
91716
62649
17660
52176
52858
88955
47613
94540
64101
60925
4719
47079
49237
17051
45546
60086
81663
99955
4791
84392
18965
60964
99188
95811
68387
16614
32557
84265
88671
28190
93899
9130
58656
49465
84230
66856
55378
36757
14340
35137
40260
80431
95241
46773
40449
8955
58159
92857
30089
97015
5176
53780
34470
67039
90627
86442
92137
39046
25556
306
26540
10468
55124
68877
90072
76490
34786
22015
93299
44979
66528
59250
47884
45774
81852
20196
90960
57072
53774
24738
73448
54347
35082
45192
59335
58940
94383
95911
75282
38740
46184
77468
18837
65860
74351
20579
21764
70564
49516
4427
373
75701
37802
60740
53664
38829
12311
35094
65531
7562
11376
38918
12597
23827
35087
55283
9634
74103
33856
92127
94640
11735
17195
61197
44744
86543
54700
99610
6777
59514
13051
70866
17652
79697
22777
81105
44293
53517
18853
40549
33178
28056
88604
11174
78047
87214
14900
34803
68306
65385
80158
19120
45462
31790
47048
58569
38556
96589
77571
94757
85826
65590
99114
90195
89239
51290
39309
5645
4725
56315
45951
33895
96113
78437
46031
27078
71699
80378
57148
34204
36140
72359
7097
96785
59772
83021
49286
22943
25460
5095
55994
99230
91843
16099
10388
22045
49298
27595
71303
54176
75641
24100
28242
67791
35523
11706
93213
48141
32074
56957
99186
29893
63804
87310
80805
96534
76965
19544
39235
66919
94979
32670
3116
29401
52974
61502
16283
27378
82035
49011
73285
49997
1299
83253
23392
22059
46022
30652
77034
73639
70180
27138
79045
17687
10862
33333
43534
73553
19223
10933
42285
77708
51951
1990
29383
92174
30650
56775
34791
2970
87732
41760
47683
87449
98029
46950
91562
61455
8174
55509
7048
32597
92878
40783
99133
95065
88073
49986
67558
20388
14766
44671
24968
51436
41047
68919
85147
61372
81841
66638
81238
3128
68442
97181
34507
41121
70996
81773
71905
46765
16455
85688
75886
38215
61246
70338
6172
70752
94845
55144
39962
77584
31140
6253
27395
97986
11812
68497
48085
26031
27713
3582
57847
4581
88970
30623
15250
41916
69184
42287
56496
29267
37025
22683
54302
50958
67394
96084
37110
50659
59178
86219
63816
57283
47530
12146
25556
35825
27072
72041
49215
51026
91572
35070
22350
56812
83014
5420
24210
51194
36988
68087
346
13599
88418
91041
70970
46264
98118
25009
92209
68630
17087
93176
35056
51438
31705
91555
12395
97927
25838
38811
96413
94309
42374
54754
66013
8269
42500
12936
46853
8697
9919
73216
26352
28225
25815
12907
51953
4095
83243
45534
41417
97860
8225
28332
29271
16366
4688
61447
46868
9730
51351
29330
47739
62299
50141
52204
62749
95097
61444
41883
77231
4176
5829
62027
14725
55534
37898
95645
54882
59794
35046
77016
72665
76940
66263
81101
91067
81783
50089
68176
42540
67407
72328
88102
86846
4996
48347
44684
70609
33652
51910
13438
784
31690
23149
95645
88174
39632
2957
19529
91380
31794
67871
90896
29581
93356
49526
10681
10852
83183
48016
98585
38679
63292
94913
45996
49864
35492
47751
65310
49808
46671
75628
23450
50298
42486
43217
86633
1553
4635
56612
72607
55043
98850
33247
77683
69226
78883
17656
88262
3005
93414
82460
3188
1461
11668
97587
95893
41410
6237
29909
13211
40207
89291
63452
83884
25085
77352
54759
46362
91593
7262
58833
93650
95409
12225
27641
20836
48711
27483
65677
73328
82917
37939
96164
8643
63566
92564
6031
53392
79487
54871
18464
92271
75605
88606
72479
39357
59235
95840
97193
44680
67852
43088
62335
19977
26461
20481
57402
46962
77530
9036
90099
10951
46864
4916
52896
22149
84460
27788
60861
29584
58789
98858
61499
62781
20582
68885
74127
39079
7482
84009
79724
34563
80973
19075
52282
89038
97772
72789
12279
84780
87459
58813
69260
97638
6154
31179
53819
73349
2573
23451
73025
30723
8278
38224
31408
58854
98439
423
38472
54513
94038
47676
89336
91319
56650
20231
60228
8041
64032
94634
33289
54323
39792
19434
76398
1408
4041
77713
88209
58263
60990
16035
96507
88469
22534
64274
79635
92710
30625
93655
2765
79892
13018
9017
41349
2820
62977
70893
90511
88642
37505
67611
28752
68186
10911
37107
57628
26132
17069
25024
33584
14352
93141
77233
78348
38599
30986
57813
48108
32742
42783
91867
98862
63832
16622
80273
37353
25297
29662
53482
43585
32566
13475
26180
93781
9615
89520
60490
19642
62532
7508
71904
90023
28052
94695
39699
42230
33930
57774
88304
36713
34576
95813
25094
31655
44950
74786
99851
15338
8342
75559
39066
61513
55525
18862
35738
72356
60361
96165
85142
52068
16287
56328
16175
57809
67345
6224
75039
27118
59692
34922
57760
20800
6633
55993
57214
25120
76429
79383
21533
60775
20693
43550
4227
8906
75783
95669
11143
48636
52988
25757
22769
55884
46598
14092
995
40363
75982
88814
89843
9644
7931
71122
17834
96968
64341
87437
31312
60249
87750
52582
20269
83561
92869
88111
95571
92217
33416
85505
72454
52396
19116
61266
498
277
41068
74463
57520
13744
17332
73406
63872
58777
13485
21566
89131
58578
81946
97803
52544
26851
87405
2648
93115
12566
92363
8846
41095
62569
48501
89024
87096
60480
62718
21070
94264
34567
71266
91211
59950
7319
83288
5376
58102
29998
99307
8626
52059
19340
70217
38246
94497
39382
72189
16897
63722
38715
59934
86612
90095
99871
89729
57459
7898
71128
19287
69298
86409
18672
10690
97409
5983
11624
48638
98288
74230
73071
33445
9952
33416
33021
98226
86423
36838
72273
56614
63822
50689
839
77536
91384
67750
82886
36419
67897
93002
46010
33754
29076
89378
24832
37857
5707
42575
4338
8381
64568
50836
7442
43881
35734
80948
52772
14716
97159
82409
28964
82833
57589
80079
38243
24247
69331
25690
40651
91071
5032
31162
33086
49653
83867
54936
76306
68259
47548
17249
96354
11085
53580
78033
14426
66041
9922
83014
46398
20447
29767
18170
62115
88534
21138
40694
67199
12734
49820
90870
48581
46830
74519
20856
46371
87428
85956
36424
62509
99082
70376
78401
86885
98095
58373
93660
19197
68691
2727
19576
61463
92227
5954
70778
18322
40784
59109
14450
93362
3380
34278
18348
32244
92852
72931
84789
69414
42990
39751
33629
72785
72025
37743
14708
21430
80173
21188
4546
38471
44500
35340
62924
79870
30825
46665
79467
30706
35832
42223
27402
84595
2616
18092
53680
35563
8241
96205
32686
74500
94809
4294
52215
49504
48578
87385
48259
27987
69930
22888
40979
51729
57883
87132
17021
4170
405
17592
56839
83953
60933
50724
94860
71443
17877
69081
5200
79208
20935
77856
73760
72383
88251
30139
9429
16268
70883
70150
75497
92553
25468
33644
20174
45101
83835
6009
53704
27336
66099
16818
81920
94234
84095
13350
27221
50786
48065
74785
31348
11732
33544
49676
643
42875
58810
26886
28643
34127
99308
50305
69520
31152
76476
36112
100
89948
35924
75669
33381
19340
92548
11159
7156
65200
92308
35969
32494
63809
93970
98425
95402
32739
87976
98902
5033
62746
11524
49932
35902
34691
37800
22344
20280
98262
79537
88298
19041
72670
94029
28672
693
17233
67588
26659
55103
84640
92583
32660
10459
24225
60284
46230
39104
53414
3411
20779
63007
98845
12390
9152
13207
18940
44782
70438
63085
88782
16694
99534
13340
20174
83839
32798
45173
18010
30393
78480
84822
29617
99890
67249
98071
87660
73604
79048
97409
34325
48560
22782
67068
14938
31933
18668
21955
60776
29182
58887
96545
2275
41567
54179
41505
1157
55065
45546
61049
75645
71120
21577
26849
45393
59394
86108
7061
20989
43145
16427
18751
50863
83492
54970
53636
5834
39970
19155
61791
63283
9757
28863
74310
32972
78435
97290
90807
317
75460
77864
64433
3686
63276
6104
18497
1519
27938
93515
90774
21690
11340
44514
42555
71316
78216
84893
678
15307
14156
47079
3036
87903
8066
69025
55158
10303
27948
68657
76558
30419
98962
4847
15391
53420
23632
38426
39980
82204
99091
6501
2977
54164
22063
26435
75745
56648
58397
94643
61565
81341
98672
37416
26945
75130
34622
39927
91389
16085
14598
77136
3794
79491
42420
14128
3152
3060
52456
74156
46205
62487
73168
56538
91151
55478
9
83534
13447
49515
39346
5730
30116
16011
53608
70399
66294
60414
63019
16553
35199
43541
12208
13180
29776
50063
27188
92725
44194
45852
75589
78546
52795
10744
46190
33112
54215
35292
6108
88348
85830
32603
5574
1130
71114
89652
32481
71595
7389
94869
1993
17688
71097
35441
4566
60390
56435
20465
29394
16338
22690
43774
98657
39979
58071
57253
69936
39357
95996
85235
84074
43020
69777
26875
30171
6487
76401
73887
56693
73789
19636
7054
32618
62733
41487
59418
19236
9898
54644
23024
51365
93440
34144
11730
96156
70125
99568
2960
70932
11664
70215
61562
59994
70458
76807
80873
45748
92504
99076
73611
50322
69439
31315
8977
63708
44058
91588
70496
10341
97176
7193
14658
80875
96774
51430
68915
9468
5015
84368
38838
38735
61769
83537
48937
94709
12914
30691
57196
43644
20325
22971
57536
67539
57037
16832
51678
87890
92909
67502
53185
68816
46221
35043
29349
68439
67622
93096
73972
43825
38571
89447
2862
84638
65722
84292
60716
54448
55840
32767
76119
61040
67493
93817
40246
82303
88908
87095
9419
75207
88733
18038
57496
12887
52164
35980
39828
79535
1021
99893
16544
90517
52970
51881
99046
5536
69943
5383
97089
22074
64345
7252
50163
44942
54303
48597
31969
12961
25022
89423
54688
50452
21727
10165
43022
15335
57657
63691
36775
27540
18831
59113
27080
44309
26666
80095
65107
27710
51088
34566
59930
68483
71474
33683
63755
33689
75703
12508
1103
84158
74946
77283
12703
61082
11944
52884
55256
52126
51357
21434
96617
46240
5034
68746
14412
34829
1874
54945
64964
14243
78475
41021
82595
5049
8038
83773
83622
70636
33966
75402
43248
88341
58560
8006
56280
23067
2019
6931
26246
64023
52151
36155
24433
63489
79293
53888
85136
11349
73629
38810
85826
33418
20635
71272
35374
43570
56467
48869
29673
33606
35895
97033
83451
44587
74638
56651
25918
83846
53852
23737
44238
15723
71539
50979
58362
48808
48625
17531
89127
19219
33429
94353
28769
60321
70459
54838
59155
21607
11050
44437
44534
87452
50476
64293
27738
45645
39190
7497
71203
79630
41013
91048
93519
32438
24079
73611
11770
52938
50071
64695
70216
27535
51761
64380
69012
64664
58701
90780
66622
73728
21730
81534
25901
64022
88520
47824
88298
81058
61562
52165
42481
83471
17070
28615
35783
5283
5677