30082
98468
30858
17828
81485
12931
7018
62172
53485
22842
60314
72875
2118
32914
56633
78691
41521
8557
97186
64968
98139
71244
87066
22191
62336
81264
43117
17326
6972
78074
31775
89802
67854
90237
59270
63584
40905
41591
67651
79392
52654
26230
11598
19516
1322
36038
14203
61730
56835
81709
38129
41567
65043
34898
9119
94810
97952
16272
25322
52071
42869
1470
92454
93405
94739
42146
75399
69744
86076
19962
4196
798
68078
66538
65316
99502
88036
86747
51001
50010
87769
48890
49969
862
45596
6220
49663
55817
88773
47040
28623
60553
34127
86611
41303
97033
35754
65503
28170
14733
39071
85440
8182
73033
4437
12843
57391
63700
50344
56386
33979
9844
50662
45274
36
24485
85579
86256
58557
7603
31309
70348
92353
52647
42453
11182
92527
76597
17182
19817
36073
99248
94232
24492
2289
13218
20097
50079
72362
77940
47654
27681
35170
51274
56077
63121
13053
17791
36041
53951
83577
10533
8232
43594
76961
30476
27329
91153
71753
43159
98362
84041
94210
82768
15061
61522
21329
10146
16056
35184
54254
17373
70836
31106
88412
17571
89159
97458
95774
26098
45544
23150
69245
22417
64879
11499
13717
51148
46117
86243
82456
89053
88686
95634
64036
69137
14028
93303
31883
65106
4273
39522
79761
9326
76803
96192
94557
79248
43412
82304
1920
69350
22596
92197
58533
58663
61965
88914
81512
98890
93725
52231
78009
39361
56139
12700
24703
81221
61211
33399
7763
28593
1926
21708
78015
67295
6760
83985
50538
49649
84261
19421
33709
82283
49188
98188
75267
20995
38600
89117
44985
71213
2270
22872
60702
5092
15191
89061
96490
63544
42066
22922
50161
98547
917
45727
43916
46782
75691
52620
89123
69077
93010
24658
1051
62911
70681
29539
25093
64382
67473
95913
18503
61491
18585
59379
54104
91740
79722
62411
78789
41591
27368
54746
97006
76763
65135
27123
26516
63912
32048
14381
20217
51826
91179
8499
61428
14277
38112
15120
89721
70849
26990
53419
62181
48421
38770
47828
76475
53231
14810
80872
28257
73630
66287
30258
63865
47937
47010
29518
78419
10441
46762
44457
95917
94592
54131
3465
52269
139
49061
39475
44393
68695
56472
36380
67562
42223
97096
39822
31039
33078
80307
48172
91031
58649
87344
46746
54818
84050
14037
72234
33390
54682
83355
39708
88978
80536
66405
4590
95968
10348
48463
78454
23043
41703
68798
66336
19359
18042
81609
8583
17162
2060
68575
94194
49181
17140
52563
10747
3154
53241
93424
31039
41422
72132
27199
78048
37104
96078
34782
22425
12995
81725
72058
73561
71150
94445
82729
4092
65163
46305
70365
31638
77421
58255
60831
54640
78849
94297
10908
64370
89324
35360
75261
8175
7438
36810
81738
16690
908
81345
18137
7344
10841
96146
94838
82805
2000
59169
68352
70363
90585
92619
57670
82891
92148
23806
2013
58996
69540
61473
22181
38043
785
34091
97443
25505
81697
47437
8685
40934
8824
71136
43092
4620
82832
87368
79120
97777
47809
8909
64485
50863
73524
17703
42292
83147
74244
15974
69442
39597
99792
68200
36586
67952
49823
5524
81191
91715
42736
93681
9798
97751
99692
59311
37791
32389
5624
56844
85243
1575
9166
56538
41102
10068
65082
15190
24368
87285
74794
92269
61248
68078
3318
78630
46395
51682
11733
37488
26919
31668
68800
91325
81376
45871
46229
58136
13853
30954
86622
82637
54754
20700
44406
84777
16177
19040
38485
95538
72815
44408
11994
29838
93871
90380
64256
96589
67868
5013
88924
66465
24381
94081
69978
4016
14745
60006
34407
29281
85025
70460
87353
13877
12939
88155
75609
95057
25924
48535
23074
18729
78985
86976
63398
85254
18520
99454
78434
18156
62965
31528
35302
55865
33927
48202
85229
76331
94670
88647
70557
69971
40153
52243
2958
79069
49923
45247
72236
31404
58885
98416
82211
50534
52145
69825
76874
95687
26434
44161
93484
24000
91277
13495
77887
95228
91324
85304
26869
23175
1583
81311
18976
8107
8970
10461
36554
47056
5568
32935
26561
39176
98441
18535
4202
29712
31919
73904
62462
25312
39544
41513
49576
30770
12710
803
40298
53616
69639
75441
94760
5134
97704
18717
56851
79507
84178
30022
99235
24765
10367
41969
83226
98166
83767
20887
32107
35500
92352
37068
91072
76948
5871
48821
11826
86782
11664
78182
65035
81444
78402
18677
98926
19172
43629
95981
60816
90191
27268
68363
80015
65518
98050
70447
35261
54956
1020
92144
63189
5219
3729
10095
74821
44423
28789
32798
35587
73901
7422
48059
57603
98590
2068
23548
13502
82854
59727
84166
28306
40634
49968
15167
31122
25039
52575
51163
51021
37988
63706
46300
34894
24266
49048
97140
18669
68494
45595
22020
68172
88725
20337
25280
47321
86337
75098
96624
72966
90627
7567
46348
36251
89832
94926
25421
15488
61252
58376
7233
8072
53994
80221
67745
8592
65194
95067
81154
90108
94851
56444
90882
29574
98532
63043
62526
83852
81040
71518
74199
98622
68014
1314
40530
62387
7025
47494
95261
11449
85289
76795
8540
96622
83485
19541
97489
53775
55744
1401
64964
91348
25955
2580
96825
48136
28775
65892
43982
54206
96541
52670
29530
67936
1178
83654
55324
54551
26207
28030
21674
90914
50544
24534
25228
70848
32244
24135
70988
11061
99079
21548
32589
24760
7900
32144
5794
96234
79849
98925
87153
22911
34837
66295
4228
88274
25895
44754
40286
98955
1471
96607
76168
39144
87806
60516
83958
63118
47992
68471
46428
92212
46342
74475
13490
88949
41528
47344
66150
99974
90710
77850
59225
26904
59465
23350
27826
48002
35412
83375
76918
2152
43096
52318
99551
98665
38289
67126
19702
7611
82765
11363
99872
91372
32671
43247
62501
94556
32618
34710
16032
47705
33256
49786
30253
74450
1812
35719
76526
11308
87582
91834
93000
71651
95917
77363
75107
52147
65558
2954
84281
52493
83368
85498
88512
58026
20949
71040
16287
41737
78798
84096
47337
60309
28049
97419
62953
30894
72340
67294
10502
41967
62057
53731
70812
82094
30649
9175
44284
95682
79974
83218
52581
38300
5181
46007
19311
31533
10350
99318
46432
12332
60895
55763
89799
1073
79130
27809
90581
87711
68918
90025
76775
52859
9814
69427
72020
69005
23922
47287
42878
27856
47790
63657
62196
82456
45955
59294
42096
57754
62807
80539
29535
39287
97722
11002
65592
90807
89727
39443
1790
93546
76820