87645
30499
17636
43833
47040
57960
17682
12463
55385
29051
13060
62352
85724
81249
54645
26410
44772
64338
77807
8742
19378
50179
62028
86024
27360
19829
20358
45336
63006
76809
35912
32818
21049
33962
95589
81341
21117
71488
66655
17562
56618
10019
20738
82994
23076
81363
86095
43875
92049
46313
78204
38835
91416
99398
4115
20130
20720
122
22786
93027
9153
81386
23124
25157
15258
18505
7721
28447
27513
51441
15802
34385
38750
48764
61548
27835
77640
57641
5661
45311
77072
66775
5796
3560
27380
39500
38027
24616
6259
57758
95696
77455
64030
86028
91960
86492
78541
98239
7770
13017
45925
99706
90690
94532
38997
15534
46937
16234
28861
44739
66860
85016
60809
17635
79624
78498
28812
72021
39382
34915
94872
67208
33491
41959
54298
97539
57332
83326
89639
32719
1623
41496
79779
69037
48803
78783
67952
3314
94469
56916
8276
1964
45003
89992
11232
25559
18218
68577
85419
55648
22211
58972
71243
99399
79604
68429
2418
56064
63288
18599
24311
61405
41875
40242
44227
62498
21587
44175
85511
12997
45501
85739
31816
97950
30728
31352
86510
76237
87356
33307
90897
31378
27179
44835
77394
81241
42762
87337
95277
16909
80101
53898
80919
44813
25123
72283
27040
11244
12845
54836
2788
21370
64389
10002
55667
65622
51933
37706
91286
27510
88450
27238
16427
54325
2976
29746
63549
83126
22705
15594
59117
55516
62895
33294
613
97292
92649
28269
95347
29792
88008
84495
88105
68395
44564
86222
59957
25365
49625
49676
9848
27079
7139
51613
23299
55988
90697
38528
90235
2721
17906
43447
57866
76103
7795
48719
86728
19876
10380
45748
6134
74294
31564
42634
96439
59321
2824
41510
18659
34424
98370
76090
46485
76197
18566
55360
53276
48811
48436
16117
5401
74814
58598
70109
78683
34121
86199
72555
5701
49199
36653
94204
71500
29805
99099
22692
18571
94355
61440
1957
70690
11152
96927
81241
13699
78284
96207
80067
90159
33709
28479
45557
3617
39201
42616
3116
24142
13336
28878
88802
35117
84299
50754
82188
37597
56378
87734
17041
27797
3441
18331
76571
2210
36331
57338
8243
79190
9211
14987
41166
14935
5606
22319
11926
41331
44252
47678
79170
82803
91728
88151
90510
66492
44962
30598
9367
81855
7198
34941
98238
46795
90011
49699
17237
84802
54833
19805
96427
69662
67132
76386
67203
40314
57768
93994
25439
18655
2407
17450
29461
1612
56179
21602
89818
9191
9414
73902
54567
77254
22607
62057
59126
26470
11634
22701
10585
35860
25283
21183
43118
64420
65487
61408
89115
55944
78099
77599
85525
36753
56437
53835
47108
80624
14508
43877
35989
44459
12454
13633
58722
34186
67412
5846
73367
60411
29557
69542
40328
60001
11588
38182
81075
59560
1853
48704
67875
42961
19957
73814
57102
90281
54956
88587
3357
86991
22969
46327
1461
77157
24991
6697
46283
80647
74631
99146
35352
6453
48179
29776
92860
52228
88797
77666
46239
77348
99045
51948
30330
90169
78899
48816
19338
2405
21575
83690
6494
40054
53605
11680
23526
64491
88395
13198
99705
18611
19251
10616
60299
44720
78549
75613
40672
35411
70318
25278
75407
75289
44994
17180
77431
27862
81679
46057
22468
24812
46606
39563
13975
4307
18559
59012
91427
3780
13216
15094
47340
73963
46198
53112
40659
13801
33997
78861
10472
50500
79400
5375
43982
98265
72375
64585
43257
70948
37338
29040
29401
18131
44964
36804
68055
48286
21972
73536
44195
66376
65288
62809
96927
37514
75116
73280
92482
78211
93178
35688
11500
62328
46997
75455
87358
36604
2995
88431
96504
20023
90647
93512
58302
10053
55405
50892
96639
62551
99587
3868
65517
85706
17663
38260
33974
98694
14999
97033
96679
51945
64343
68647
30768
18587
40317
27449
25307
75417
6556
48510
98843
17678
33984
67167
26766
63559
51123
42027
18308
76116
21690
92135
19879
1907
8407
50214
82277
28076
28584
45672
97680
32681
8898
12464
19632
3005
44764
48690
21730
74776
11197
13798
99382
40973
52278
55691
12753
7979
92305
35634
52566
31353
49941
41693
32714
56217
80319
26627
7193
22642
75335
90654
78831
19681
43208
66124
90495
67594
56426
15602
45339
8180
32409
32515
65866
93410
75123
8168
73827
42446
25422
59050
20670
94472
75448
43763
96877
48131
50411
64633
23302
50680
52504
7056
46855
87870
65840
36527
7214
25591
81440
69958
54319
46588
65047
2458
72559
55514
5568
58438
62397
76120
14502
42949
23629
12867
96411
81659
27100
87
71240
58844
2102
52726
87698
84480
98334
35719
99550
5342
6061
10623
87895
31945
53625
29251
16114
71725
45449
19917
66020
56484
5924
6227
69095
9152
69329
28638
73185
18908
62934
24530
33495
98411
25575
60281
33735
88348
91727
85460
81871
30430
96158
70009
83796
61651
25128
63150
79849
90269
12058
36185
69905
53931
61207
47590
70846
99471
96763
84586
11139
63406
83680
18646
20620
49848
9003
71005
43149
14630
44503
82133
60754
65106
29459
27121
21776
52098
10256
41777
70895
24123
64184
14166
29893
34606
38285
3272
52572
91822
14693
71130
99262
28177
36306
95201
87953
79449
50065
43562
79316
45585
90785
33882
61857
84243
16673
77894
76799
66424
23887
74225
17279
3237
25131
31759
34146
19566
3771
10725
56572
77036
37400
63475
39580
35224
56988
91944
4600
65064
31907
87143
35719
36505
32788
77026
71788
86595
66897
91861
44006
53766
49245
63771
2475
10020
4724
19831
70086
23644
63927
4534
43525
40531
15874
35743
50614
30175
17350
89394
98536
45755
53088
72734
56574
64759
29431
74463
9807
7263
88452
83420
61996
30662
67334
20841
43613
97494
14512
42210
47046
12168
98303
21081
1760
22009
50389
77837
15870
56001
25387
62179
97475
24993
83170
12894
75543
81492
88174
57994
99597
81406
58347
62946
57737
18168
84652
11770
32124
35221
51754
26178
85046
85316
94488
15028
20051
32643
65329
62673
83599
48756
1482
27906
31519
22907
91256
29265
30331
57448
33413
18682
68451
41030
36533
53881
49863
27474
48082
1713
96933
57346
69481
37344
32129
59917
98788
108
19007
27145
5839
22042
33574
2538
75567
35284
40325
14775
52574
43348
95730
97238
76656
71765
32249
51477
38419
53074
34485
30946
33203
34594
74154
27978
75594
41847
97626
32053
9092
19781
4871
43746
13789
54078
36779
12622
52061
46921
79417
28147
88813
93492
23489
79126
5880