18454
41525
76070
73713
77728
49271
43751
28917
56064
93955
49358
36100
6229
45723
47901
72133
52368
60418
6893
90473
6525
16090
70022
58480
50972
71061
18936
1913
33594
7727
32899
38098
59113
70039
35535
36305
71415
15267
14633
62901
7467
22267
6112
27477
11785
95610
90241
45155
11633
35940
85639
35456
91034
58552
7669
56494
97248
82410
93559
43600
25037
47348
16737
10204
22002
79982
13091
77271
80474
5933
57834
43691
77297
99291
61415
73403
76588
28651
83404
44246
58690
65277
69392
50504
48934
90975
61508
74227
36598
76860
64295
78015
51354
71087
16233
73298
36837
94942
6201
47258
50250
76607
61191
6560
21091
87393
2608
19237
6362
55060
96219
33645
66636
45479
28919
68595
44208
53817
47476
52556
14420
74914
5118
34558
19590
29107
43906
58154
46977
87923
95173
69753
32956
39211
42813
34865
23263
19245
78345
31154
10809
57895
73579
38458
29303
45943
40901
7322
73607
46016
51584
13334
9834
20881
96797
17331
86615
71227
25993
19984
88010
60630
25874
81649
48223
89005
81978
20219
3217
53396
11173
84385
36124
194
53992
47530
13970
41430
19978
53699
32489
17450
81139
89725
68953
70324
67213
34250
24344
64369
87405
82454
52410
35243
101
91808
82611
17445
31426
1357
74926
78677
75449
24991
21945
51015
28360
12131
70405
77987
94413
90298
44235
68727
59069
38286
22591
24182
34111
39259
38025
37333
96666
39471
69795
81320
39732
6398
53124
21865
48214
80201
5972
90994
4845
16128
13192
47859
31309
15882
93167
83101
529
49848
19301
33791
75912
60711
73685
80608
27148
43392
93341
39423
59919
16343
50646
2061
78808
98476
51958
80413
30390
29913
57047
89294
45273
83438
38581
39414
94711
45274
53307
4007
95270
805
31896
94401
4507
87839
83293
5219
95461
9297
6110
29022
70373
3041
11942
69616
49721
30483
70983
80776
68805
645
87960
98896
72247
22642
26875
37377
90590
58259
81939
33903
13656
4301
26948
19526
40064
23932
14385
17084
12547
92254
97783
24102
30828
3117
36053
2615
63814
40359
69379
53820
61180
65575
63416
68710
38710
76692
28231
17153
10240
42422
43097
1108
79519
46805
32590
11021
74707
38851
7810
11583
38530
15280
28120
29577
91261
47041
88524
82240
99314
58603
97829
17642
1647
31556
56495
43863
33414
25406
1540
66705
76293
44056
6044
12866
81753
75483
23949
42171
73342
65551
19539
99844
91661
85793
2578
41027
55286
2936
53877
24445
36390
44218
27798
57033
91254
55301
87112
23434
64032
13707
87779
45519
3778
98837
87748
30415
69071
5626
59112
83843
66236
34189
16808
33292
70570
69573
50027
75010
80472
99430
48079
91144
38710
58241
61507
72195
62047
55695
81619
11968
28654
48332
81449
90747
60233
33382
61745
98195
12388
23151
74321
46592
90642
78359
43656
72722
71530
26774
5728
25838
29051
80263
51838
58285
12730
48176
45644
65575
77928
25049
76349
70968
66805
4486
87597
62591
94987
66359
51614
9893
71374
63096
9380
83962
86187
50926
3195
58990
9643
61460
74407
74246
32592
20169
4699
60947
55543
94231
15789
84813
42555
43069
61278
89024
85942
62227
34554
44444
96126
74098
36389
31966
16089
78736
53633
13336
24984
1782
79091
67272
13180
88482
94101
68965
98921
40352
56891
70987
10438
32777
13283
78779
76366
96177
19967
96008
44534
43920
27586
41457
75139
36141
24575
33123
78470
83511
10815
1097
88615
86731
12784
99682
62239
59685
12899
90707
97091
81929
6452
4008
18740
50586
27128
32723
13684
92505
60491
95095
25028
5990
21134
63600
56578
90996
24854
92780
69758
75507
98264
64458
3203
36845
1905
61897
2579
91482
43535
32196
73835
50476
14946
6655
80132
56649
32208
53752
32896
8541
1816
4997
55976
77263
16900
86883
66832
9967
10751
27070
71650
41072
72572
73879
23460
67912
87613
41202
31683
39065
19237
30789
45825
73606
97599
85665
48518
87527
62387
10740
21846
7171
19488
32874
6189
34872
78024
85899
18001
67483
65671
84614
5317
56995
66418
46635
94888
9841
40673
52001
13367
14219
41748
22282
71757
80606
82972
80255
79289
14931
58025
88457
21140
84897
58239
35230
11861
39585
70285
12255
4966
91127
41551
12485
77804
79433
12138
73618
22857
4846
1556
94756
18432
17244
81943
41231
44019
14941
54235
12982
51165
63070
41227
48159
41061
54781
92369
82826
74761
78312
15948
57752
16454
3659
41190
2251
65751
16495
63613
24354
18595
52377
78083
28190
73396
19149
94529
684
68653
94359
48557
15869
49489
62621
97336
47878
42343
78682
33090
19977
8121
11020
90304
49879
31660
78050
41337
99963
80183
62230
55983
71439
5682
10175
28550
95866
26
10665
71098
20362
72105
49564
89920
99743
55167
37705
25800
88318
74603
18431
2609
4375
39896
48590
76325
8665
83415
5284
63098
29080
96143
53686
40095
87686
27435
97645
36746
94371
26092
15664
99600
8529
75030
31403
51437
10193
61808
80775
36700
59368
76062
72943
64386
30962
63702
77484
66684
27842
76023
21386
82621
40222
21253
46720
40516
60187
43234
53483
20092
20789
19394
30902
42671
6928
84144
6631
63854
8523
14662
83681
72114
8306
93560
33378
78396
2847
56855
28703
57392
37971
57440
39709
17079
74478
77188
29858
50173
35931
58242
7720
26872
14933
78755
84460
4205
52515
80117
10832
94729
15366
13386
25132
89467
20343
13967
33830
98817
47049
8235
63317
37219
44675
15074
96048
43556
90634
58585
85206
85732
98296
46408
49754
27788
98819
9899
76609
68422
24806
68291
23262
38809
70109
47771
16989
46775
49041
28846
11275
72964
51187
92785
90284
31850
99169
60992
93723
32928
67129
50134
41186
42201
86128
32119
22037
46582
8794
12742
76653
26030
21690
7329
90235
67221
72258
92447
81496
8849
7893
34465
5682
55546
64540
57241
40356
31779
6375
88285
90724
20294
38582
56413
53840
11628
95514
62994
76290
358
20423
90410
24660
11795
6417
54222
38115
6017
81855
43427
19573
55696
82291
21124
28433
34665
93624
85439
45557
53621
27151
90381
25019
41335
42889
96108
73746
85726
23099
87455
60663
85816
71152
75904
69293
62511
67491
74782
18011
63047
7881
42306
84138
9837
60122
77613
91936
75024
32195
61719
54042
75259
90394
73965
62474
36334
62933
40817
89973
89302
65212
20123
22429
60898
76636
58206
99000
26826
60698
94546
28278
22254
2612
24772
22262
36997
5320
81950
62560