44147
27597
71201
51872
84501
91437
71928
15222
62455
41452
56316
31396
9714
19842
48175
26834
16702
3846
49616
88171
10464
90518
23780
27072
6720
36783
14391
14682
37005
15556
9707
46810
91789
68184
83189
40600
86328
60575
90351
23092
20104
52626
51759
97360
7267
86367
99750
52422
17395
5758
42474
73622
5520
33006
47514
94745
61117
22471
33833
10480
5133
94270
21508
53559
28750
19311
61583
39514
73454
84734
507
58726
45956
26045
52274
60242
38942
514
61502
65491
49156
76786
2042
70837
52067
93150
6405
80539
96317
59077
16519
73215
6642
57267
48392
75064
31184
62269
81420
73069
11145
11369
7994
3565
72427
99802
12462
556
44976
18196
36832
95218
72492
12824
81571
87196
74880
79629
11950
94275
94815
57626
92423
88142
67727
49253
31548
31779
69724
22180
41125
26629
7677
64579
55044
10176
81786
74122
39417
74346
28824
78321
41432
92906
32705
90655
75323
87920
38024
65790
65136
87206
62236
77168
93110
60312
3547
9586
29481
31173
95170
52147
42157
58814
77883
52447
66898
26989
62605
51569
99218
58856
88350
98314
54152
29417
71114
20718
57913
4536
86167
91278
80325
40608
80068
44271
78994
44017
89950
47385
24296
42364
11500
40489
4722
81240
23355
85129
29882
46907
81791
87874
5528
56324
48883
72661
95986
10879
47849
1102
85075
71513
78590
92394
38462
63778
89308
76861
56587
3108
63674
27487
45464
52069
20476
40408
5506
51031
621
94640
59639
2105
21149
76632
71010
92460
2516
70491
4385
69458
83386
45049
54697
7527
67840
98177
88628
64659
22369
76763
24642
74736
83967
51895
89709
57862
52700
52234
29389
83516
40098
27100
70082
96536
29187
65889
10993
13491
30050
97961
70138
4977
44458
23778
84137
26555
46731
85574
34326
86200
2620
95842
77383
19526
94000
69192
67706
63184
81442
23466
98364
98095
36062
50360
49806
68002
63573
80488
57613
16221
15112
9117
95280
2037
97119
47200
87000
75219
22807
4554
43629
16453
94051
51355
40589
209
68897
76279
86104
26650
85206
13989
11147
32836
63648
45570
22946
14668
72462
96381
89643
27614
55721
32280
4099
88159
98769
28156
75458
83121
95500
77735
39336
99127
52161
46212
15390
56079
87888
91096
20303
71974
75943
73031
73361
47774
70301
48800
19493
88379
54152
33801
64342
78145
50902
74220
25672
36950
65065
61898
69267
70057
60031
40399
20502
46866
12837
83956
59724
15567
3221
68757
79272
44323
5382
60569
88071
89527
55064
89837
62431
44516
10687
85729
99441
2854
96493
45052
3622
79503
28463
48868
72395
96757
30506
75959
29158
94355
20362
7245
47430
70542
72055
41308
72726
51735
34953
88592
65390
18789
59755
22609
91023
69550
93327
29076
21870
117
49369
68260
57271
61318
27280
70114
74227
32022
69579
78753
49156
74872
54130
20795
35926
56822
79047
36106
18408
33855
78165
80412
31414
81422
74094
72865
25462
7926
7368
50472
39305
96639
31975
99910
40112
54853
54578
32960
93783
70848
26454
76902
21503
5311
33336
30871
33086
3508
60462
15613
6285
73068
3964
4537
4120
61999
85886
55780
32607
21131
46899
60233
84290
67809
52045
89992
64533
65366
29433
96696
97922
2634
90510
80427
55297
38524
99291
5245
33598
73057
61142
14251
89362
11890
77244
60982
84658
20812
89489
97470
8588
70350
64551
95879
25096
66930
53582
84681
69678
8526
96036
24185
33418
36575
64909
1186
49129
11827
80193
34734
54044
7969
53166
87036
77918
97529
8671
68125
18656
31862
41573
51801
4324
70334
17880
46001
17568
66499
46574
73528
66488
73598
12043
79069
3381
72844
67035
44384
93719
42960
45042
14778
31009
65592
60684
26235
78083
69355
60874
59161
61405
82191
65896
27889
53053
24468
29115
11488
62947
20404
56166
47881
99860
31016
96956
25535
68726
19378
92198
44671
10871
75639
42415
64963
24217
64925
74522
70533
13414
1220
95792
98309
72423
32788
7454
77769
74545
17282
20869
58161
58628
44876
94124
15244
58271
70208
75230
3620
77922
53017
9142
34625
49563
58532
84870
94178
50878
28649
23200
55085
20911
77089
95932
93353
13680
99356
39742
84386
9848
81206
13599
28110
69219
92577
26661
25135
94906
86653
10015
97342
2484
35319
81828
64290
60439
35278
40463
57427
57283
66386
27196
80413
14822
55671
36699
84177
9728
34438
15514
37408
30470
38326
91797
86881
15453
86319
23404
97878
19580
46874
37484
6627
13777
49953
1748
96868
62492
31613
22600
90867
43640
83264
37232
12213
49161
39098
76361
56964
70648
93749
66239
45828
55094
59162
453
52109
31428
85835
40611
62685
48047
43480
48668
71414
67984
73206
6983
39694
56544
83497
61299
29812
93861
59865
27338
49219
72084
85651
31875
83521
67955
96422
66507
94281
21622
1769
87173
33578
86145
37416
47853
40875
16182
99193
75290
95348
13627
44215
72409
20024
7963
54431
44139
24641
98053
95496
44334
98452
63290
2505
95316
32848
43063
5879
88695
15202
1492
88945
88251
87886
99663
28504
10943
67101
64984
14244
47825
67105
24231
70363
34754
9026
63030
15738
17454
97042
74557
86287
63651
18571
90489
19776
37971
61891
73631
80625
35856
31816
17981
94576
53974
15774
48584
70892
53554
23133
10139
76465
40429
55454
48506
32202
95286
87276
82802
77212
84005
65343
40827
2413
60997
47834
68188
61948
46454
23762
15299
54911
5199
19924
27367
74885
58616
114
33942
39834
72021
27636
79300
6909
91617
46207
21323
908
96093
75078
65673
98104
21958
76984
10215
5789
92462
94769
71297
64526
92607
98482
23389
88375
38909
22703
22282
86842
59862
59845
26442
93641
50543
35889
19467
60705
50314
85200
50735
20440
20382
41804
37854
2590
86473
91458
30491
60428
67765
1121
25170
25941
28464
73154
91783
9656
14917
60208
54882
65368
80148
32757
87969
43649
31042
28466
38425
75295
3857
59496
69222
21700
1434
76115
54502
5567
65272
79083
67908
31349
2846
77589
84374
43767
37075
20198
82878
66292
41265
73350
29891
88304
78037
65967
38953
87380
92389
90566
26366
1275
46367
21210
92775
75286
98600
90640
33441
15756
52016
5896
8400
67608
5848
22652
37650
4613
99598
64935
48440
95789
76218
19692
52347
40426
44154
77386
56601
34781
27326
49198
85049
21325
89576
42955
51449
27912
1060
60704
71237
45329
69414
37499
3266
74606
49106
28684
83375
97863
47286
43406
13452
90950
83088
65052
96695
34349