90692
80643
34671
81397
91053
92502
93215
68258
39124
35819
433
25677
24207
97107
39847
58557
44217
73668
24315
12118
18855
64744
27667
83918
66799
18718
49404
22237
71881
28136
84055
37081
22139
98941
32427
60213
5138
1490
59349
28619
54915
66756
33153
71788
82903
73550
34864
39935
69832
53096
9821
99968
80456
85029
88161
17828
72398
27627
65168
21222
13891
14993
87491
16657
73266
45215
34306
85419
55523
56605
15973
90191
45546
143
30629
15274
66983
13990
66032
41205
52636
80186
31648
2930
57651
61036
87301
89122
943
28317
70864
34587
12525
66728
32863
65974
63297
22106
27088
31118
466
57434
26655
96253
15613
23557
89436
66998
28957
32684
53894
93929
35466
50560
70618
30924
59011
42359
47894
46288
1784
80934
49394
38805
41623
63794
51155
38196
41762
79175
27280
49643
9165
60949
62324
84858
93598
95266
75349
34575
33157
86021
70779
28071
18862
75066
12423
9430
50546
35358
20124
66528
5171
75985
11087
80438
58082
80349
60136
62877
86076
72571
67639
80477
43081
54591
31525
92429
23025
20048
15790
39457
39337
83123
41034
48741
2624
67447
84030
51164
95363
45416
66536
53129
24401
11673
29420
92763
93015
39915
67853
82959
38083
16327
43938
33381
64398
39192
94773
52081
48258
91469
32678
15273
87295
80472
90201
80825
8366
17769
92010
64410
64738
25758
57222
70855
11970
92570
83616
40400
69420
89336
19095
20185
57477
68714
2859
22440
35097
19791
84184
88471
98129
80684
96709
53940
46115
64356
32029
57606
69261
32418
86720
66732
10853
41594
56604
43227
97155
42348
47633
27734
40249
90342
50129
92125
30170
23407
81963
67527
58418
57903
79166
14846
27594
15514
12100
74360
32583
56351
23874
31867
60424
25976
77830
72722
42772
25226
83946
78993
55203
22036
38577
6946
95588
15552
6875
82936
82123
98824
94766
40375
26458
52736
91645
31315
27549
6380
6546
45344
42848
45733
515
73121
96870
65298
18038
40673
44079
7054
93065
3748
56975
24872
7343
31685
64139
76014
61664
37815
374
33027
95368
2889
52877
10606
79852
48790
24065
42258
40103
74053
83253
46296
58046
22112
89065
72170
36215
45724
43011
25060
27756
56223
16623
8203
89914
96760
70397
15373
65095
84372
80033
88402
17056
56813
26896
61051
97440
61399
50591
78570
82474
75475
24425
52318
89139
51846
17834
55108
28653
9636
1223
48427
25722
2611
88591
14176
71059
8674
26067
15603
4025
96552
45473
97078
63370
49171
54634
32755
14170
83015
72793
39235
36076
4852
81302
76807
95122
77376
12564
43715
56471
24407
10949
81110
75502
95344
88688
96984
88409
11380
13010
51149
13233
66564
2996
16780
9827
79008
43196
71358
7931
25224
32716
2192
17297
18422
18476
19659
34070
45410
16971
16931
79646
19470
36317
3382
72889
91130
23828
68951
26369
78993
54241
76284
21226
4606
27069
75677
95304
44341
89260
37346
97460
61479
77522
76740
37482
22293
29280
47380
39922
86707
52175
89293
69197
7301
45813
97463
94236
10365
83868
62741
7390
43681
98558
49139
19453
7439
5705
19459
45171
20282
54559
31218
4864
11747
65351
77243
62917
25507
85370
83620
61238
97241
90154
4143
17078
59415
47677
44452
67673
2270
5209
75058
84841
79576
64219
64644
27943
32986
76600
46061
13225
35621
71334
11599
80464
25565
76324
30249
27541
48097
88972
94465
86181
22762
25299
71893
64687
88921
13446
16386
42268
49597
96180
73877
67288
60564
77142
92502
82010
67754
3506
29212
8582
81877
25970
48706
73320
45453
64999
52963
72873
16201
20569
70782
84523
10187
23927
17681
61584
22184
62749
48504
50939
67195
47273
68996
50580
62549
66477
92505
16544
32878
95322
76838
69912
86354
22416
24005
33507
82161
34750
65059
96912
76651
95802
68237
26246
43041
34960
7673
51179
22931
49286
5863
70814
46634
60348
44699
63390
78180
92603
12359
97421
5186
91009
70099
99280
87162
62796
73764
97584
67076
19064
81753
6018
64279
95892
33167
82577
66272
37409
34355
65027
41412
52589
53548
47109
33905
84697
15114
37126
14925
89484
50382
65344
10753
84899
87652
57637
76452
38852
62190
19028
11963
51872
55384
11029
52008
10979
54577
4719
46310
23542
75336
73891
91315
55261
30208
29979
45226
56369
65760
79653
81691
80515
97705
75804
98160
31078
27764
18910
1164
66966
97370
33461
62476
72884
75747
81473
4175
64932
90182
87952
62773
16609
22548
11596
17500
43991
39685
82150
38182
84002
16587
87183
55167
49686
90924
2125
65638
10764
57178
78648
38187
17092
20088
40748
76352
1449
52503
42823
23706
94537
23942
2079
83454
74323
68944
75550
71852
68606
87135
62841
3194
76182
7221
62442
46358
58662
37200
79236
5084
90467
30228
34309
40257
52434
94205
58081
23315
70901
11769
53761
4904
80348
93943
27365
21543
63626
5846
10658
48690
24113
6524
24182
23905
93780
82415
16894
87748
8833
62731
74738
96705
24775
60605
97842
36406
23803
83431
10257
92468
20727
88140
23096
21437
30025
43992
72336
87596
45911
57362
74878
84142
28379
15435
89910
98712
55920
84708
78041
54289
69911
15577
51456
77737
73921
93639
8455
92552
76866
7448
90227
55746
64035
19039
31306
75804
65906
12068
12871
56387
27012
79943
87512
79075
31791
41222
56645
6129
15162
53609
94907
74385
46191
87161
74543
68399
52152
44433
24672
54695
23111
33623
23706
46208
10583
33255
27919
63558
54525
85304
20923
87812
76389
10868
64355
79153
49156
70771
86307
4051
70771
91513
73410
59581
35877
53259
31061
73620
97322
62279
74680
22178
80074
43954
99365
59215
75564
56077
83704
41404
16671
80557
51621
862
95555
3644
23670
50115
61100
72074
66250
23787
22430
73445
54935
40559
32781
85138
55118
44891
66069
12138
99867
5516
28492
5848
60335
65474
98505
73011
99967
65395
66912
23141
85048
58370
25341
30750
65492
44647
32463
91403
67413
83608
6180
2832
17997
39171
97697
95737
37167
94297
42153
51327
3212
55783
12892
91867
72096
73558
19893
9462
86026
93074
98864
24553
49516
48850
51953
57975
97466
90177
3181
10221
16901
58689
95572
27140
43238
76028
22100
58708
36818
26395
91633
58920
48225
11949
46553
94855
30658
87211
87242
39615
98879
63157
63533
23097
173
3635
25857
89922
71898
19472
26992
87283
8477
15627
2516
28816
10445
65569
47385
31095
77696
57590
91312
68185
12940
62555
40558
79737
15245
45995