85032
20434
46884
1722
39413
4713
26058
27298
37993
85284
90612
89149
61940
77877
14555
62596
93156
18398
25699
18036
51137
21896
89677
56469
2773
95797
92334
99364
42924
88587
87203
97922
89644
20772
22766
2315
82751
86168
9038
77451
17389
40907
81105
21247
1089
42619
28653
10643
17832
9117
25269
92172
75612
61187
92118
1884
80532
60791
46101
27459
12970
88253
41713
67546
92215
12184
38585
73824
87782
13607
64552
33176
72926
87554
57189
21148
44332
82706
39009
19638
16257
7989
47387
59246
19534
83725
36420
77513
94611
28515
36420
75167
53850
17669
56439
18049
89836
55637
15824
31922
25454
42060
40341
12845
43057
43024
14315
37641
78659
35639
39033
57738
40852
53317
95158
49226
71652
71795
60869
22670
18911
99855
22885
91951
9856
64188
63259
99875
18509
58381
19905
86856
21118
17333
52411
36248
84951
72759
48386
93837
20702
26176
87286
90738
41501
46700
49522
74574
29864
41469
88846
75742
4595
74860
25983
25370
85974
20589
16428
79119
96743
73332
71009
47529
66125
67049
34267
90765
59753
91705
1456
36128
71952
67732
44800
61791
24108
39085
96573
74054
47660
14796
91335
88380
25683
82825
10151
30504
68202
51058
47884
81467
60338
2590
92754
43817
53899
95479
57255
10175
14863
17726
267
93906
56048
31223
76564
16319
71082
51120
30068
26861
12343
19764
60011
15540
37921
96840
38342
19242
16245
5726
85688
68989
70072
18572
11237
49420
61544
62271
6074
97316
91599
60822
38950
31424
12634
34777
66545
98628
56183
91863
73240
24808
15848
16681
20163
71370
84826
79642
57401
68809
50477
17813
21040
42453
86304
8253
14799
35134
47977
93561
36465
7856
80325
78974
64808
96471
5911
96126
94042
20073
91126
83741
76693
26564
23697
88325
29187
62131
67123
97791
41739
75622
21825
12612
8198
53513
53899
43117
77646
79987
91499
35896
51733
63784
45837
47131
10445
15370
13800
7766
72022
68793
9544
62866
15427
57629
9455
2486
25580
36028
89211
4334
51273
98189
22482
61046
31863
13435
12400
9067
47207
68224
25272
35144
91310
65160
6818
73510
50092
63307
95237
84312
58030
82868
45851
18756
15081
7318
51229
595
12882
7058
90157
5613
5291
52912
78397
17682
2143
27084
77432
23907
5705
95804
81453
63114
12926
86576
75238
17386
1790
96332
84395
89297
65587
88783
38768
97365
62341
86582
58279
46887
47689
95636
89269
4650
21764
54032
63641
48896
98901
74551
31148
35195
74214
80589
78447
96032
71425
53488
94683
50265
46096
5004
25244
39560
88034
24958
15789
18179
9545
90532
72722
59230
54978
67349
72321
95806
61899
84933
70036
4052
94157
65837
58647
92241
30837
78814
8949
5768
41355
98002
6608
97885
96093
54336
63734
72022
33780
28118
23357
38275
74397
42943
71897
93672
84822
64980
29635
57563
69395
97771
77914
66047
3252
36440
97284
13186
91610
21091
59428
46592
92907
2310
56106
51459
46235
66536
45260
59091
57507
75923
21986
26563
78697
87640
8395
57774
58582
26057
37660
5796
8751
12030
70648
51474
50804
87294
25419
41385
59697
54597
37097
62367
96741
71986
44281
30372
80460
90622
96372
86840
76356
45035
49025
98458
33039
61696
30133
40015
67859
14072
68757
29841
15395
82843
12681
84104
49306
3416
8373
7399
94730
75440
66642
93301
81975
61537
37577
652
98517
20585
34973
85572
6824
54107
98471
44409
2184
85319
54094
41632
93612
5285
94333
72900
96051
77620
71890
27336
79549
97164
82366
6765
61783
13000
36506
9749
11813
48975
26431
65247
28526
64300
30203
79679
37163
25306
62791
69756
83308
49281
94862
10665
30332
77474
75247
56576
52222
46732
58058
14379
13413
53465
55200
85117
6414
72009
13579
62846
18727
83233
22198
93761
94721
66594
71534
38140
66994
32240
97589
42312
55935
41667
53406
92001
35218
92413
56965
47322
83117
23552
86808
36770
19016
16934
28211
5067
35258
46731
50308
12963
63547
31444
50297
38014
43083
66800
1024
34668
52608
11701
21787
61476
23802
40476
1348
85350
70287
27655
55582
18129
53607
92122
21834
13640
25918
29162
76078
18152
16462
90268
23818
40753
86909
78009
33263
71154
86874
90285
81481
53290
70609
43922
61310
40927
29925
59101
89488
27442
1355
41632
87786
37727
2759
54952
51709
26573
89228
91142
75538
69557
55363
65802
78331
15772
32737
51535
81792
17773
81854
91280
63397
64044
33281
30641
38540
67276
43969
14627
54117
74449
8268
25136
43354
65308
58925
87819
85327
70997
58080
25328
38450
89906
19607
90850
12264
35246
56111
98692
95174
71217
90344
50047
91659
91774
83155
95422
74833
49897
60044
77607
29659
24522
20111
24496
52253
53805
56490
91581
18594
28433
89379
22885
74822
24937
40383
49227
50439
14808
70246
98660
97499
57977
41171
85604
98089
21492
32969
299
21901
4270
42962
56244
18704
10365
26461
18667
50473
88820
72576
38382
55679
69266
29058
76863
44051
24841
37946
23019
97741
33225
48149
69613
12133
35704
670
53515
13563
82439
77027
67623
60289
29576
93621
24070
89151
12589
56477
17575
7708
74709
90220
36044
57082
36980
26364
77608
78859
12296
81750
89716
88416
62911
53311
13694
10420
30375
83369
34564
6831
33880
49587
64646
1088
22551
66103
37613
85094
53765
42125
28933
6403
43608
45866
13605
84988
36083
84571
17621
50738
68947
37630
47420
79246
77655
13900
37168
58234
69249
43633
6829
33238
12574
63095
3267
49589
52585
37557
73602
86245
11025
90016
97947
27496
17661
1792
71177
14709
31323
98362
33929
73493
38718
95218
74165
88925
49222
27895
56426
4795
19107
54467
17657
94423
98796
49455
97971
56240
61379
25859
91531
44596
85883
77837
31723
11150
49405
72950
18003
83554
85030
68133
83020
3588
56048
87826
49351
57944
84797
69137
98987
17691
54338
33057
63179
4047
2706
60054
77997
70529
95006
7094
42646
32308
15228
43035
59163
69414
21432
91446
65294
96506
14201
36103
61972
27731
81764
98933
43344
92648
82144
40136
29940
63511
16070
18894
48044
48217
53673
83966
30596
17263
12475
77616
78157
57169
71150
71518
2718
62194
46117
42564
96442
908
58820
52377
67485
77391
73546
95748
79153
27931
85154
93703
28625
99243
1007
37896
18466
12039
63887
94696
30490
80374
38010
46238
85983
54522
64576
95764
68084
23635
21587
15503
23262
71804
49505
76440
86262
71314
20726
63205
9970
67981
62449
42374
39003