38968
48420
36650
61602
44086
46230
99676
59030
67521
14087
98238
9016
80437
45118
52898
49213
8099
81971
23215
40787
75377
80607
3735
90129
66230
19544
20873
84796
84658
85110
8349
28826
38520
68523
16218
85819
11504
5048
14321
65622
84368
67197
95546
86376
4654
48969
52233
52577
9277
32814
3426
95147
73888
36728
36724
25015
81221
97476
39162
61146
65053
30199
48807
99754
36840
62946
27172
16153
12785
13344
4728
98714
92632
60213
21198
90036
92975
39759
12537
83873
73615
88682
3489
32130
36180
40428
8916
18884
75093
80513
89845
16316
77741
91790
13850
39472
97169
62600
5798
27093
45001
28350
31994
25166
55753
16991
94339
42773
30165
45853
89259
65975
60922
57014
3296
8878
64709
35470
65314
31125
89507
47748
52119
80615
20199
79766
56088
32576
83345
83329
53921
49793
70039
12901
98978
45991
60180
51458
10837
6002
39354
11932
86924
67988
3182
50892
60010
4340
96672
94887
19574
20619
9288
85253
23205
7217
22025
78559
93639
59838
19931
9708
17039
3516
33542
71020
35793
31378
52839
49395
76798
15615
46659
13233
11461
93205
46911
49536
89579
58229
94714
52091
34292
31186
3998
96503
79192
55703
82506
11613
93061
29102
28341
64954
29628
47158
852
42671
76590
14192
94715
88688
60691
97111
84872
48829
41905
74182
94062
14630
13823
43401
95784
59816
4491
15370
3717
89469
67870
77413
53228
60078
17412
75523
70115
44890
56488
77355
31744
91028
61330
65052
70173
41079
11535
13529
31260
59554
86492
90699
33092
43418
52727
41354
69300
72221
16115
71144
34899
38858
82870
2294
64635
72825
27089
58691
3378
33411
8096
11361
64529
72457
97581
3328
57717
29926
36880
93592
3440
94345
95073
64230
42150
74511
71078
32636
19733
61652
5111
94552
23832
42706
40213
91459
8946
76999
54550
31345
34053
90487
73897
10446
10799
16330
23520
20499
68294
75628
16180
19187
64207
28798
78070
85240
84737
51959
48243
6246
49466
79091
97973
70049
64069
89134
46819
84240
72998
52587
46762
56426
47618
16689
41679
11288
89934
47387
53008
20213
11254
96327
19157
28791
25648
3166
80145
24116
11367
10465
35664
53133
4919
23135
81599
62336
2056
38600
95959
73319
17136
86362
14051
35047
58625
52542
18366
56596
82722
77130
5887
44263
58826
46565
91752
81457
64330
77745
32333
31217
56355
13850
67198
4084
52610
62914
85099
46260
17384
20135
59278
98494
99092
34998
76770
93607
49381
70136
45274
69796
65133
64338
54409
4199
11022
51935
60444
41023
48569
10151
41075
69726
17425
9610
74153
31785
66751
97144
66334
83383
45965
10275
6979
37362
17262
82642
5092
70143
75015
31139
42186
88984
81038
49502
59134
73141
23967
13841
78992
25847
62813
10539
17660
84484
60200
29969
19124
24319
1487
23175
31106
55366
9043
4491
30298
21548
84533
97132
50242
39269
66194
30023
78767
57351
50868
97157
65641
47108
77442
23296
6289
21616
45957
5063
70382
59875
31571
74538
40937
99407
27559
3643
10371
19523
94050
75370
94626
11775
22570
55847
15423
33472
13204
25325
78318
71663
23685
95339
84824
77286
62101
79208
6868
34678
9368
94959
17984
3582
98783
4530
30561
39492
96456
7719
57912
28289
15001
46631
82390
55675
5031
36218
51135
27259
60858
13742
35224
59275
68006
63820
85180
81116
81245
66528
8550
92525
44902
49793
65850
42362
5447
67131
78870
53722
39535
1904
73690
58056
75779
42911
83819
38684
94835
25342
2084
81023
15017
64959
86294
47061
41568
7569
52395
43795
30956
33292
14442
14760
81318
44268
9908
88884
49662
60540
31386
79156
37006
12592
89444
3080
82097
19491
2383
84595
24926
39372
78832
51958
33621
23767
44515
13383
55292
24763
24690
48868
77816
35497
44045
13895
35629
83580
44988
39292
99266
37172
7893
65859
17154
59353
71927
10689
94223
28828
60791
92813
13370
30109
9680
19494
54554
66618
25517
40711
26098
940
90433
84624
59940
5477
29068
32282
50931
53046
86989
50736
14555
67634
80979
59771
39208
86529
96327
23135
18998
28680
40996
51378
56813
32152
55636
44254
80628
43845
58978
9585
28991
30407
47034
96953
66621
62664
72054
57648
34929
37490
95301
30641
83374
6513
6345
91758
83346
53556
884
37337
88261
79247
32893
12968
58043
58301
94542
50431
36879
5592
95025
55618
13308
20496
63898
39228
19939
98327
3632
72734
24782
34792
1029
94773
886
92151
39795
37903
18406
36397
31265
4853
2265
76030
19761
44961
97865
68135
26706
19179
63441
96142
86979
43402
37000
77876
83699
39174
9905
20518
81233
65074
26532
67931
81199
90791
15562
13385
62956
2232
34544
51024
25945
13132
34792
62729
90450
39198
28616
7850
20407
92605
2109
90223
86842
83863
64826
92894
87621
95898
7395
2299
98826
77576
56312
51973
89492
8330
47883
43326
69452
60086
40459
5045
34446
77924
15127
22207
32780
43962
4286
30437
13691
95240
75176
5717
86055
79158
18697
55849
22249
16842
44511
54602
53373
63298
68679
76045
12395
80861
36407
1268
93205
88351
67142
63053
38574
55437
90444
60030
70876
50205
63866
3778
63195
18031
51335
50028
65182
10044
17208
85803
67454
2962
10791
25335
69361
71227
25178
70448
70669
82653
17139
89990
6345
34464
49727
15582
82511
93701
75971
55713
23143
1531
75158
54555
63171
47111
83300
89739
35922
51476
17116
84592
30481
49985
94186
5615
75539
1238
32223
96930
17395
35270
89844
23833
33683
9628
11831
76387
18083
96959
81644
86528
42249
36664
91169
56512
66781
45684
14390
95997
85712
5096
10069
27284
19625
86661
5376
73982
49485
22164
36847
6334
63828
27205
33299
38820
66062
44429
70492
46314
63584
45022
15099
35234
68621
82726
96202
69276
24174
56780
9349
52801
35902
80753
958
70697
43809
16939
53408
56507
84647
77164
75072
6604
99509
35368
25658
8339
1151
73804
1042
14740
68787
63512
16509
45220
86706
84148
29841
26062
26386
57449
41853
26510
81926
56503
66156
35099
86068
80561
45020
5744
35916
29591
49375
87864
96313
83470
94130
86972
66784
26223
69853
29230
87933
89925
68622
37165
75487
22660
27578
22937
40165
55666
37045
21783
50252
7076
96961
94300
20590
71020
22864
66192
34379
47237
15694
19500
73135
94061
20658
49778
40242
42402
87365
96452
84651
21944
14678
60578
41021
93021
30328
94703
51029
8113
31649
28249
8844
45039
13841
58182
99368
38530