38104
11666
21867
65649
33423
97195
59379
4676
55971
11834
94339
5601
88274
6323
88419
82999
41943
18884
23141
70728
83181
54059
77700
87315
4210
86107
20890
96591
74183
44128
72238
75207
34047
42101
6918
23264
87478
1754
44161
49861
97035
38270
80271
22845
81847
70915
25600
55574
78155
79601
81878
89906
59442
5167
61129
80394
89601
10106
82472
76835
43013
45636
66046
72203
69924
17154
56261
46463
10953
42383
30996
89511
49450
94471
1708
41805
3373
3514
37741
21473
26788
85534
75635
68804
2231
73231
32095
96605
8600
45326
33169
62578
36889
72565
99307
10743
3120
66734
77969
67936
49150
29487
4980
48470
25172
47508
51849
23622
20788
20169
50891
75799
61973
52810
98430
79719
3117
73582
7081
10512
32948
23090
46042
45551
37806
69800
31736
91625
24019
415
74002
21096
23901
17851
49884
84453
73927
2486
92965
61273
51969
57962
54734
38866
72850
89448
86508
82746
92829
11404
17642
81772
13247
74645
13576
27953
18850
21646
75283
80624
69644
61734
29242
98729
76925
13788
58036
19208
78491
57736
80326
12082
3679
92528
70713
99729
2098
33728
10499
93109
99632
5472
29766
18871
58969
29634
58846
47534
44685
64449
31087
83466
51220
50940
29493
38247
24665
45749
7313
8688
73217
5190
73025
49408
72094
73400
81118
72609
70532
22968
26859
88169
45997
54274
52970
97378
75589
35977
67476
47740
72373
98522
25255
93
65288
7748
95848
72471
11125
84603
96295
33027
60580
97847
6739
90013
30636
72157
92879
42911
94039
535
99873
59647
99765
33656
62165
29692
27863
26580
11621
73559
7466
92215
81258
73508
34880
35603
3544
64986
97885
79078
95410
79255
94339
95654
98465
28705
30690
67325
51937
69928
37039
49729
66699
25746
61805
69565
40386
9616
54613
30314
84455
39296
84574
25665
52902
34889
72054
53312
2388
94313
13509
89460
81908
4890
54824
80658
67801
47332
87711
93838
36947
33698
83077
9581
10901
16702
6836
94356
74371
65858
27265
35948
2551
6609
6345
43464
86059
32092
17465
23916
3151
92317
5058
32246
68386
6464
47056
36578
19323
36729
71942
33165
11668
33220
65120
41363
77594
70575
98618
32390
62177
30386
61495
35740
73741
73898
25451
34144
55292
99312
49327
2926
71476
58050
63324
15540
49414
43598
36823
98096
30986
11568
85207
92357
58469
73787
52257
88475
51187
7467
1184
14724
37657
47540
39141
65061
7833
72311
79744
16252
30453
56711
41529
47679
75529
46426
50199
6065
59456
29737
72688
59460
19198
6658
11633
17143
35306
80148
43491
32609
24779
75319
28741
58852
22450
59731
59411
86089
57204
96403
38033
36880
32447
2645
79548
53167
83634
31
18193
40451
10284
34019
65822
98005
67236
71345
62405
96118
62863
9918
95715
12560
72121
56054
59156
20375
50373
1184
93380
5135
23195
48182
28874
62968
83894
13034
70633
94125
53970
17865
93492
1926
55991
58543
63302
2270
7845
78809
21702
86733
70300
90655
72915
47506
26138
19247
56930
88751
38969
29081
86723
27365
86756
83144
93490
40690
38751
49594
24848
20612
10593
54183
55162
23215
33568
43284
66228
93213
34825
37879
47631
78619
37667
45150
55085
27236
67116
39009
78166
92993
13124
62985
43550
74316
60703
91972
47582
48901
35728
53294
17054
96753
77937
13626
95847
34176
98861
58057
22433
31891
74301
14851
46451
22688
90402
81647
21218
58007
46310
98001
61071
6838
93248
11954
42811
87972
74548
45767
56756
96157
71164
12817
78481
91001
94712
99306
56764
53978
87554
22302
20422
67717
74545
6303
49257
23909
95918
28919
96413
43431
94999
73223
82825
32647
22473
89889
98210
2925
72850
44415
33422
30282
67769
88514
28455
48494
3549
71234
91903
56821
86684
89051
30152
72521
5458
25998
491
77551
5442
7766
98528
79096
54056
80891
75727
41176
46048
85307
63752
20229
33654
23576
20053
13250
80391
95486
80078
77058
49311
98365
44837
54069
69038
77420
29982
60128
12394
97898
47923
44981
53150
26785
51380
35303
75545
16308
95683
80535
52842
54657
19285
52815
30758
38715
30920
4206
21631
74246
33559
81173
15857
42679
63737
57266
79645
17481
84871
54015
79720
20856
23743
17539
40310
93117
88337
87725
6018
34051
56556
93431
81701
32633
44270
37537
13028
92655
55692
51081
36682
64290
15522
21873
65763
26672
10718
91616
59673
68938
85304
91492
47328
61765
37174
17802
87095
15258
7578
93956
68286
74958
26248
49098
69581
94299
72044
68604
2654
55242
65129
74536
37691
75012
32804
17045
30096
8611
5965
75666
40279
20706
86612
23194
25358
77101
29363
31481
38526
45636
11786
40859
49036
2051
72159
59626
66143
91913
72109
119
30934
35154
85485
50832
61457
67131
82521
69023
59113
30835
67446
88634
37698
62865
15323
3985
21178
19285
63186
48934
26366
75215
21090
13693
31257
94905
73619
96035
8126
43686
20550
40530
76230
91546
58908
89759
58054
585
46347
19003
15253
68900
47259
63359
15454
49090
24859
75539
32217
12292
22346
52928
33067
22366
7540
55789
96880
22580
77451
14388
22420
61385
13566
50108
63018
82801
40424
41904
33136
15943
88925
54636
53785
72373
62155
81124
87956
24097
29204
7339
19037
55737
28713
54454
69596
99575
67320
91078
40025
90297
32661
22526
59664
72072
99215
61103
62016
32479
12839
81508
93002
59992
14255
69090
62997
50958
55946
95811
57656
27199
99180
64774
44796
23217
31553
62084
54146
6240
98216
74744
30125
79174
97253
18454
4018
47063
48224
68597
82755
13134
13937
32860
83170
34253
20550
14287
9935
49299
14296
85036
68689
59833
5187
64372
11529
73688
81209
64199
16188
54941
54407
25574
47730
14151
25606
11107
92953
92113
39890
44786
31251
32887
68625
45462
52640
67774
74962
2065
3716
11177
63683
96887
15057
33109
44188
70737
52869
98202
61287
13276
23072
52315
503
22956
37253
65144
12783
41078
44288
47977
77292
51737
40688
77736
34323
38456
36695
21489
10191
94514
16730
78406
19071
48942
56852
35290
41884
13265
72184
94851
80461
48430
16598
81139
88975
56350
62246
76124
5121
21999
51233
62316
24752
40805
40007
26874
16793
82500
42273
59323
83024
90306
51871
76255
20193
71499
42385
4381
17570
90217
84843
39422
33285
53903
32078
24770
77099
82810
57923
98612
50277
56937
62262
95361
42777
53505
52740
55193
90871
13112
66035
70426
55590
43347
55809
15131
24399
89961
77690
36406