47528
20805
81229
9740
938
98854
38212
87366
1361
92280
65662
79340
46348
55341
729
83044
76600
41662
4034
5577
10865
26612
24893
24228
2264
84420
66764
67245
33414
52829
68205
46678
21409
77130
62456
74041
19887
30940
98997
67969
50330
34689
35327
24499
78144
33224
27815
13735
47309
21677
49771
83814
26795
93708
18697
70983
88901
75440
50202
90116
51886
64390
56210
55748
48720
24564
83483
43566
4798
51639
86040
32363
98878
87293
51665
841
80201
45269
48673
51195
27005
31726
45844
8948
74941
58163
69561
12324
45701
59467
9200
95531
57611
15480
8494
49559
1396
99831
36102
89499
1789
60897
57109
60405
52069
74637
32666
48660
3137
81353
49242
61446
51505
29088
79892
24174
21620
80683
30869
70501
29843
10704
35976
17727
73828
57791
12672
99926
54482
60078
99337
80884
87765
72859
70476
94532
38425
32933
95527
11661
47734
31264
34547
46613
23361
96162
72586
33502
70196
94082
29309
23673
86376
50817
90761
55565
93343
67396
26038
78669
64818
64588
95889
50200
50535
64417
30542
84063
73408
73120
40502
87866
23849
30458
78178
33144
30500
72259
52220
64469
88869
99715
69423
7464
60534
96185
2055
70339
65591
3163
39241
26532
17802
52548
79264
10007
20340
88616
68871
81103
72777
53227
27113
20061
38306
46152
10146
60153
7731
68969
30850
81269
79513
88075
19217
9893
56016
69787
3473
89741
61109
18330
53652
32970
18020
89997
4828
33331
53950
44835
91997
47041
36001
97287
54930
58570
15284
88514
87994
55961
30124
97563
1838
66443
88654
39852
49248
78455
38093
46463
49773
87153
23468
41042
30238
80345
70427
46110
22898
39633
47021
2440
46626
66661
10872
58933
13265
39830
14608
27319
23958
36714
23481
56660
81276
2856
99038
53976
10356
68151
79847
70394
5556
53070
90929
85631
73739
24175
32761
8819
28934
70876
78376
29080
83916
61990
93498
20912
62387
2123
58185
33767
21337
16829
76766
53412
4363
39672
44714
68331
4600
78062
8802
61404
72431
77979
37286
19722
33787
70219
54894
11748
31487
30267
73541
300
44853
17800
54134
99969
92671
97603
41692
67085
80663
70799
64894
79749
68723
88650
32702
86838
24623
99937
92206
28086
3306
51271
26239
13413
39175
4658
73011
5577
11539
76232
70004
37377
17537
63546
59146
78636
85904
34344
86755
94179
15514
63613
36539
61098
22950
71434
13603
9965
55822
14904
57618
35433
76474
49460
44580
58556
76470
5421
60260
29439
18282
18096
69150
77595
74375
8470
33609
7344
17661
25584
85746
93229
23600
53340
3999
75566
24050
94409
37313
21494
67206
72580
78027
68641
59908
82029
65265
55502
68347
64689
9194
62901
1590
60102
77075
68412
32818
20907
22156
98983
67844
96412
20238
29127
11472
25588
14753
37896
73399
38262
85865
65164
60453
51164
5885
9653
14444
65718
73768
31226
64193
55771
20153
58727
36753
6224
35865
44980
46803
41014
96943
55014
13081
80954
64296
29179
28061
36190
38887
43915
62869
58428
41735
54585
49293
30902
29651
97673
86130
91262
65320
85690
84058
96892
12241
19085
82274
89054
7055
95217
38277
66862
73689
70647
48511
90438
34916
32237
9347
46798
23974
25586
3067
63324
12155
98980
23266
75918
78530
93395
81193
35486
52860
57802
79187
30330
26153
42426
77738
80396
25713
17347
76960
39482
47998
68087
51930
22669
7030
19957
23011
48093
54105
80324
40437
87929
51456
71198
86281
93203
21888
26822
21603
55359
61645
11494
25513
26546
50555
81584
82332
57760
54606
48856
93337
14861
82511
5441
78026
39708
88840
27930
49776
41702
78915
43291
98464
49220
26312
23157
18911
38627
99653
35044
63741
90657
18876
72423
3825
56479
61851
50787
72465
91592
65082
15913
33798
52932
77409
30599
15091
47100
75833
7039
57401
18324
4211
41109
4095
95140
40405
87284
86537
53969
59579
11908
5362
81852
99044
46924
12015
97849
53717
64929
87607
11936
42319
19925
37360
82318
84533
75789
72264
52162
61502
12508
94820
87610
87609
41619
58891
86109
23154
66334
38986
2479
89775
96497
6386
8368
68943
92463
42326
6358
27121
61065
7196
47044
68657
92663
87577
91994
67107
46577
2028
92751
51097
23530
88454
26169
80362
51871
38839
90901
30538
92690
12424
33600
21121
53461
52599
47391
63116
44962
17117
9936
68441
42129
46192
50622
75502
99457
53348
66789
90127
66881
29957
31711
36902
81135
32173
44204
27566
72629
31264
93095
1145
17528
39482
37214
46120
83006
93498
40911
58821
54169
67422
29377
40622
60763
63636
27090
41742
50283
45442
96565
54681
67519
7015
77849
80942
1552
72106
42765
27177
45073
47291
16177
19231
27998
19336
69312
39704
40557
85157
96258
72520
73261
75151
19473
1698
5161
73774
67837
16333
61603
9605
13278
17586
49131
73261
3953
61402
78123
63839
34794
70192
82653
18316
33784
46549
40436
24577
31480
93185
68578
73592
48682
26834
60896
82849
77560
37936
51765
87285
78954
76871
60534
1485
25898
3287
82249
93022
42513
95663
28454
18424
17458
56012
93626
80328
29200
41395
95275
33240
15519
72154
4867
34849
86477
12736
84914
30418
35418
67135
33658
65739
78311
79120
2206
32991
89898
75752
94970
62920
23584
95591
23022
89922
57453
69260
26970
39602
35111
73962
19627
32094
43722
63814
29603
27664
47645
44947
28612
98930
23020
22115
54349
9054
28259
79131
30586
30631
6240
88349
31352
89816
83990
33184
75235
74198
93598
63167
49387
27277
65664
67642
11425
68654
40428
78372
10652
51213
43872
39737
80446
51924
84742
44628
27107
29466
55063
81339
86944
25116
38456
10934
18541
87694
83094
99388
37071
55817
50803
88478
43386
60975
52971
64563
50827
26314
8265
61243
13555
89375
37091
24122
35681
25006
83462
51718
82683
25173
55567
51396
72563
40197
17515
19652
96425
85183
99367
58129
37912
2874
89344
66144
73330
90227
56391
64659
97773
48962
702
53522
78177
20020
80388
42822
70786
73134
73701
25970
33449
83810
81919
39326
43270
63141
37153
36237
54157
45460
34926
31092
7212
33203
7615
5782
15506
4361
24152
55425
62165
66986
32542
38772
95359
62911
29205
19160
21303
23328
4505
42787
39855
25426
54202
95349
52348
32753
73982
93942
87825
34394
78464
9185
54096
83153
80372
84369
22728
66718
93604
32807
62698
56359
48711
49962
18516
26562
67706
27799
6863
42844
18422
3435
76940
88555
16449
98760
26418
30892
6999