39476
58026
88783
9104
39095
33430
38525
61494
34951
18503
16020
40595
7546
73827
30690
44608
49179
90330
70037
76614
80021
5942
2054
94823
3203
92241
55856
29008
14592
95526
83216
5032
15031
67584
51071
29077
99200
50359
1526
36908
98802
86740
55406
32204
81058
65825
87500
51100
82874
96620
83605
69937
13780
20102
97266
3493
31960
64705
79062
94522
36962
30467
93617
98265
5653
59900
96096
23127
32691
44868
24140
30341
30273
90014
50651
85457
97545
36882
74877
84023
99946
42445
79910
4326
40085
70708
41366
7773
77402
93036
99069
74446
75768
17270
29334
82802
55738
61859
25616
84793
19921
44495
14603
6064
29750
50796
58750
12652
10836
415
49133
2334
28915
39773
76968
75948
80197
99859
53803
76326
40506
44760
14705
74936
56738
87155
99176
84428
37790
91940
99679
89446
98098
83885
85107
31171
6854
18101
48915
94733
29685
77150
1943
73998
4166
6431
20784
36979
175
36308
14002
33305
70624
57737
77759
84807
8476
39698
70322
91776
91788
73130
75684
65198
58108
78529
16541
65804
59626
74683
4511
26132
36667
87038
61209
34464
8388
87796
39988
60470
82774
17363
79083
10148
66923
33113
11810
81403
38838
49758
9586
32264
99090
78767
53953
31458
91718
45292
60017
26063
17587
29244
82923
95421
89450
72211
79411
88627
45372
61297
80610
28365
53762
50587
2714
89015
87387
97248
54678
39613
41088
91200
67459
69083
26128
9822
96372
19334
9185
94444
94869
48331
27168
81736
8938
68846
53048
60432
62378
42782
50054
28908
56374
87707
26636
49414
45676
1727
76267
15186
99833
92057
22354
70473
13625
72322
14894
73809
11933
6561
47196
77318
41645
54910
22515
21941
66055
56255
37550
25479
84139
70672
37077
89189
32562
28395
24479
35157
81278
73288
50429
75305
5055
88520
54970
69444
43066
19812
12933
49406
55670
64339
50383
62358
27268
99909
11715
79192
83954
34466
61448
49271
49499
25845
89451
72763
43603
79657
42649
43846
40924
21525
13592
7107
26222
69402
25273
30440
25479
95926
43751
28278
30813
76886
45257
36427
44173
58537
4914
27780
82997
13556
70743
15630
54503
68220
3685
91423
39224
43248
9325
94753
68794
90015
70643
67116
45336
95251
49685
59525
72323
46094
38651
3059
52005
21902
38189
95953
98458
4663
53699
92889
39114
58482
88792
21800
83805
31908
19298
81969
86623
45197
28359
87766
42104
34018
23794
3771
54864
62036
5537
80848
39803
6741
20086
63785
70084
18636
8987
95366
51156
70450
61649
19197
70641
63984
53087
21671
13877
77438
37376
81067
85430
822
98138
47235
86885
28095
17511
23454
20388
48404
64724
67969
64412
79605
61197
11338
8664
87025
91589
26984
46488
56467
87808
49811
74542
92766
49123
72431
85203
8122
31458
29540
2041
59997
32573
86466
91816
37263
14059
25679
32529
78124
20989
39952
70520
63605
31520
45893
72513
3085
51013
39631
36566
21297
93037
6580
12452
4579
94499
41649
82896
96145
71101
32397
18093
9227
16730
82318
99116
33956
56824
14439
68164
35337
65191
87886
39436
27078
99520
10610
71700
57939
18536
30135
20541
7161
13022
6516
52736
27838
36303
60286
53478
34536
67554
68173
27595
52713
3067
26876
86330
59957
52688
23590
29389
42288
32403
30183
75859
70955
89875
41036
83766
17843
36634
51384
34384
13977
77774
66547
78839
27746
48378
61988
9064
97361
18390
18922
26224
28719
35191
93590
61532
4555
76793
1795
86219
74544
89775
36792
69595
12399
18427
83817
84393
80843
8685
95661
73885
67863
87299
9717
9223
13570
70337
40424
69829
26236
8879
5661
88683
22240
88118
85446
48747
27241
39694
29183
96565
40562
2767
73359
28493
22551
31909
97530
37190
37839
36487
26944
37953
49332
33821
61819
24740
15511
34740
51065
29478
38854
80004
51998
34380
25726
67686
16178
70404
8159
98596
45544
22911
69468
61205
43201
41865
90150
55331
98065
77379
36829
36897
70541
55383
6784
42139
24200
884
56982
39389
14473
12184
78051
39242
91870
99630
86869
43700
98622
95874
38373
29940
98735
97538
60222
92983
13039
11661
49694
33842
55659
52527
31076
27209
32612
80628
12723
83626
88968
32178
30634
27166
44112
29457
72338
39268
56933
90598
51293
9375
29559
52178
81059
91376
34645
68826
71165
69124
54321
68642
22191
66001
4034
13201
2372
54128
49378
12593
36113
48126
5559
13789
62781
45948
33976
71203
57134
30707
7334
98806
62810
86167
55347
69353
81890
89333
23230
66870
22016
43482
16759
38387
10602
42419
30084
33731
84252
19574
63287
61291
3188
58310
16540
32207
73203
19965
69101
97760
25731
77998
58670
36668
37444
44519
98644
82539
11291
88616
32403
74026
60490
11141
71906
98319
21622
17728
97335
53191
81993
13253
70489
74719
79004
28241
62661
37377
20474
96535
19613
74216
70527
34889
44569
50267
21659
76164
26160
67421
69510
9277
32270
23611
35623
36771
99943
84237
83854
33873
84153
26918
7174
63768
25835
99953
4448
72292
48781
41503
41431
56428
35306
36329
4094
99859
5651
76203
87477
71513
97831
23616
22089
62265
1178
84701
22902
35081
16130
78310
6513
62456
27468
24617
29908
85731
97504
60288
69919
29416
29090
7162
45453
97577
63327
27998
97115
76140
2774
56181
91057
68210
78681
98041
64076
1146
33221
17444
98803
897
76887
87448
57172
93034
10038
56199
18311
12612
96765
52106
41956
37476
71876
28865
31188
75064
57113
4767
43237
47060
66527
48512
47970
52032
6415
35633
858
10613
63949
70040
19721
76175
69493
70584
14992
40694
48950
44109
76216
85583
50580
68201
66961
48422
28195
39543
76475
86947
60049
98359
90937
25556
10473
76231
22418
39450
36088
45365
58068
65937
17742
17469
72115
25267
87457
47138
36053
1019
72258
47422
5641
53178
66587
53237
45588
26688
45586
94133
63215
12383
10981
333
21496
57817
35291
78878
59166
33937
58892
16247
78377
35733
54877
1508
48945
4101
22379
31364
53457
27154
72192
25867
19957
21904
32708
82501
39605
27781
51523
4675
39832
35555
2744
37615
35255
73458
8962
8925
70407
2216
50940
88841
45028
7157
96723
68941
40263
57596
53827
33979
56341
60729
61940
86745
63350
40366
79631
59912
77680
99352
10459
80350
57445
69802
78151
68484
20131
39716
3605
73247
68163
9040
43492
98622
36567
18343
56381
66353
33293
5622
51460
34203
26304
99853
90588
86337
61645
54853
17799
24700
62646