396
7293
98428
34321
96027
98787
79246
37858
21394
70104
76321
32613
13488
42944
73615
42872
33933
61801
91453
16397
41787
71216
72489
26084
8654
65020
99776
85298
15253
4056
89737
56912
58817
91170
17072
136
69321
70300
64193
73966
20121
2125
96306
36642
21555
32607
69792
35414
45563
96763
36340
83240
38262
25476
3894
79456
25162
90377
49075
3202
76830
81238
68725
66684
70397
68114
99415
69728
73426
5626
27465
65985
62958
67087
84260
52912
66773
61377
93768
39823
56627
66183
62005
25139
10701
52383
36854
77916
66508
21788
49536
88899
42306
41017
82448
57610
32554
43768
46141
44360
101
24172
3005
38173
45812
20307
9559
20634
62516
74296
30522
34665
83431
57980
79186
6650
62088
15817
52748
65098
18035
12822
38933
49925
85265
15795
72973
6043
50985
41738
21765
50944
75277
94512
34666
66587
77573
23602
33737
88589
97813
52462
28528
49839
51189
53782
28048
89387
42027
30393
59126
20685
74593
67845
4882
66361
90496
57948
27429
78815
27659
53335
18087
49966
59027
63561
67412
91764
51057
44513
75622
70805
61031
43921
66065
64635
18218
86666
34078
82574
25190
89421
50882
16540
1479
95659
77942
32826
50236
80508
85617
17743
60664
73173
23538
14490
62068
57217
9573
84443
66301
1315
39521
93910
13684
87257
82845
71079
86229
20652
30624
58318
92548
28261
37896
24834
22761
8733
16873
20974
90227
40914
63120
99709
71580
1470
91470
47616
66239
11998
52043
27949
96077
62032
89461
80005
20998
3880
15338
96147
71808
25849
62080
48364
5492
23138
80625
31563
37186
91921
35072
62336
97030
21129
44754
18917
76803
87727
37007
75088
92209
44889
85478
1760
30485
59888
83599
30973
23768
50773
62331
71416
21860
12610
47435
84619
97106
24450
3291
1770
64546
18981
78065
11456
37265
5484
59583
42834
72387
64693
97499
97322
64777
72068
41849
98468
2459
25632
56610
63537
98852
35812
68631
86891
12150
17819
24146
83689
59393
35507
31993
37242
36262
98128
15675
36521
30286
46680
29888
69987
45712
65402
4418
921
7702
22576
85526
66950
21097
92836
50091
91129
96189
33358
4056
74763
74148
82365
67772
56683
6977
59877
49793
3482
26773
93885
51236
34789
75283
5284
12138
66286
13340
96780
64527
23932
93664
93104
67644
63402
35707
6330
60166
36387
57305
54074
18841
12588
87607
60539
63463
35267
77455
32287
27332
58521
90951
72556
79877
95478
99786
26845
38474
84098
4103
20882
35821
17625
64218
64454
24481
57400
59567
90076
36860
54123
80538
14156
79552
85770
62848
88163
17986
97153
44941
33519
37326
37818
35299
70273
81496
72667
93544
17293
99878
5995
73579
20777
81563
87950
82436
98546
22123
62362
20698
82518
76918
93840
82892
22289
98078
69958
91150
98295
11882
67400
47871
61291
52308
89717
6592
18121
83157
83562
49851
3310
86921
58518
11361
8090
53931
35029
53580
40969
99254
86028
15693
30961
53851
78300
55140
47569
59042
39293
78818
12823
24464
59773
34814
60039
85757
57412
3911
49919
91635
22647
36693
799
94108
18856
91622
41733
78623
53922
70367
3766
34772
361
32431
36684
13045
3321
85006
12662
57309
44153
25007
18679
2873
28869
38423
77193
32925
27705
17203
94319
36370
65468
6254
27683
90254
95017
19210
40708
53184
39827
32433
36375
72426
82276
70733
56463
4915
87574
41776
78762
97395
12226
83713
17250
53452
30118
35430
36081
76050
99251
1941
60961
80594
84871
21257
38916
85750
18651
74977
59086
58701
18975
34429
28893
96383
26467
49788
73415
7409
54301
51142
89212
99769
30355
70536
35980
64775
18913
10348
83556
51436
16355
33505
62216
94984
25575
30643
62504
11137
63168
43434
47707
87039
3190
85332
84004
82474
28089
49889
24634
78795
20043
68447
59358
4310
815
4265
4895
25667
95026
96412
16501
81379
7448
10864
59237
55170
98104
83177
94176
23775
6506
56254
13844
21335
17867
14299
75711
67424
7937
6221
62627
37163
58908
86951
18803
87433
66009
56213
77763
98283
77469
52740
85884
66916
86702
80587
43043
70545
34277
10539
55852
63987
19028
49504
87617
69285
2054
7096
28545
31575
27129
5029
10222
21317
98484
34173
43343
26913
12727
97171
10276
49591
42060
64237
99613
23441
79849
72174
86037
70040
82587
9585
66017
19436
11482
52011
44000
40257
99759
87549
16403
99756
98604
98269
72793
99377
31706
10554
29904
78990
20248
99608
65134
72306
49827
89575
73199
2928
87779
63459
21127
54389
51705
9771
34694
79067
67773
7461
36179
88760
60242
99194
38950
14239
47692
98979
83917
41422
11119
92924
73456
57306
65667
17787
21680
32134
27567
46692
84904
51823
95227
61439
30684
58763
53807
74752
77072
40508
54307
37095
35868
44617
28838
76926
22465
72676
83174
82440
47490
29041
343
73436
78038
49088
52384
25596
99087
62515
66046
8061
47338
21482
88238
23170
60091
65446
28225
37299
75217
43946
23957
60152
84624
35018
5353
6734
66083
32680
40716
88884
912
17691
41346
10672
66781
82036
26457
74278
51862
16581
11579
70073
29551
15707
88010
8502
5081
6777
43565
47914
39172
37694
353
70579
31961
60742
35987
86371
25571
87506
31411
89918
70905
93165
75958
74696
62074
11820
55024
61913
43438
85630
68645
65694
66516
49278
39100
50
26306
30293
74828
71301
16553
44924
96454
5348
93535
42915
36964
20014
22240
85035
25715
21013
87664
42780
40472
45629
58957
15269
3792
11657
66346
44902
42278
76938
62998
71208
56788
5240
51175
32009
46365
89821
94075
90058
82146
2052
43129
6602
84569
99698
84849
84088
66147
85402
33266
45807
21837
18200
46747
5842
40524
78104
23997
98150
28837
5930
24029
25704
2541
31756
26823
38127
81571
84684
99326
65066
65428
1736
98187
3079
56806
61635
86017
79584
74564
55154
60654
46033
1961
22861
17668
84652
60364
62775
72899
45208
78967
28866
70644
78617
26355
16403
99125
24285
67221
19332
52730
18104
2662
16169
72161
37660
86178
99112
30967
11035
27824
38530
64172
92898
89478
4970
84343
3042
36400
80066
3258
51954
58647
71843
56840
75878
72711
18783
6263
68780
80778
69502
75307
14060
39152
1570
76495
50190
62794
84291
6807
93698
9295
98828
34783
58369
37260
30468
9232
55301
85428
41625
18109
36659
26641
55152
91834
9871
65621
53378
7551
84560
28795
20677
42724
9991
19774
48084
49869
17186
29394
3950
15252
74637
47358