29334
20426
31275
96244
8196
3155
83989
14297
40835
29314
89584
15694
66403
10420
63293
62972
21987
32950
25146
54362
73106
92282
88296
67178
54570
57199
23501
7325
2795
74247
51216
80832
20943
95810
50933
77910
22764
53424
9618
6251
32099
60676
64898
75448
52479
81794
2736
29267
47342
86919
6757
23679
61687
66816
99575
19603
10950
70410
3161
68121
38846
25886
77434
52258
64790
85807
3899
87201
43163
61838
75331
48586
28238
42996
14751
39123
28970
58734
54601
59792
73680
70102
24168
68612
22383
28764
12727
34356
36734
28676
48152
30894
87069
29702
49623
13792
18805
74539
71100
10298
1493
99197
84029
75554
39899
23853
21160
25524
49196
94396
33163
57670
78392
44504
79393
71564
9960
24796
39414
73530
22305
37839
4137
14889
55697
19280
42809
76746
29422
25268
84495
47684
41901
81075
28058
74421
74473
11556
29552
53772
20106
2738
81563
85513
66921
99115
32775
89636
1163
81951
62399
14038
63757
18643
5275
50790
54320
64330
41224
34477
59474
21944
8918
54995
18323
24353
39152
38415
91670
59695
42878
85703
93921
36411
48619
46009
19983
46763
62818
1326
97953
51446
33239
80132
18792
50770
37198
7657
86116
72431
7213
12316
69612
52284
46824
5625
20415
20276
21443
23700
47882
46906
73239
4394
40553
14620
82489
76553
35556
54915
8459
44123
48689
73321
7197
71714
55463
44304
75932
74754
13976
47759
50294
54571
41950
49549
22687
64587
51465
77468
83380
19290
74028
87123
30936
62417
76852
69997
73826
78595
46396
65736
43570
66908
75417
63193
41584
5062
85152
42474
38604
81703
14729
90793
97016
32230
19057
13437
49766
88986
94467
10815
58910
84925
48623
27133
53735
4150
51448
6798
66237
37908
89348
35289
96427
70497
15011
95062
54164
8729
94246
69022
15426
2762
62605
67869
29151
5455
80616
12403
44415
49121
23441
51682
69941
92935
45687
49727
36510
88162
39849
36227
15619
27848
29722
31130
12777
9110
29328
90510
33269
23699
49500
99931
71805
70686
52978
10900
92910
30304
69098
27176
67161
2452
48632
88065
30934
42880
94125
29306
75858
9872
69407
90323
62411
96403
56541
31111
92022
49300
73760
93521
49056
31324
8965
23946
64762
97448
18858
18192
25015
24162
73995
8675
98458
75709
3367
46475
3640
75708
53872
41018
20005
61346
11820
39289
62025
20282
50630
20403
75087
59295
28176
68590
19561
70483
22084
5681
80051
82116
70942
81521
39873
86673
50571
39354
91849
81724
19715
8090
5686
25941
55415
68985
42762
77276
28075
23920
93323
9316
95551
70280
80423
25982
27349
31485
46938
11137
60582
20115
55407
57998
2991
47841
46477
12297
16274
52450
2809
39325
94062
76044
48723
8099
81345
74762
34723
89589
77866
27769
38479
6413
60030
47415
36201
66480
32737
23063
56740
94958
19005
52746
39130
21586
61948
86884
3421
56638
21993
88718
48865
34810
8595
91165
27335
42240
80662
99788
61184
96627
12800
50750
24169
48355
88155
64892
54440
60222
87445
6922
86144
9375
82319
58253
10182
49447
65653
34468
38443
8222
1680
63442
74216
96211
64869
36167
58511
97825
76104
2557
17225
78341
58590
57937
10629
20387
93936
91139
14522
6078
86920
2992
60560
65003
47057
88849
56033
67304
96870
68004
24916
57345
55785
37837
23356
33730
95362
50810
24801
69416
47004
54254
58038
39482
58923
6909
7839
98124
85583
18031
54957
65153
22637
8782
5825
867
36798
35668
61542
84389
16394
4716
78318
53924
84375
54803
50616
12518
37004
2923
81105
53922
32660
29896
16407
11351
44729
96101
36431
87156
83174
81206
55788
34450
69120
72572
79861
96181
728
38356
55087
90894
5122
62481
74500
19808
75094
14763
68320
5592
99427
6481
77465
50263
26427
70640
30459
50205
21795
70741
39315
52312
42802
7095
77255
1386
5669
80114
35795
5085
72930
55781
5955
73538
4659
46532
82640
45443
34558
96046
83980
13742
79462
35336
68306
40021
20431
41556
65489
24933
96323
87210
17803
73174
14793
62801
25549
95628
90602
37810
95803
98918
50799
39953
85891
88552
4612
66314
85575
96326
74312
65245
16483
16345
16077
63683
8940
88890
32488
88381
27376
91883
59131
81357
51998
25603
11469
54705
25312
63639
72910
80392
20695
552
32586
90511
46411
21140
67509
10596
88341
77251
85642
95993
53358
85355
28175
6180
63508
48724
65421
19119
55288
52214
78463
30624
27182
17947
94079
87718
24916
82870
14914
46265
83026
96857
70198
17579
9001
12604
54341
78341
49492
84559
96285
20005
3891
16379
51835
33349
60558
42244
45360
73622
86126
69060
23228
2760
34916
7932
43512
46970
50201
98931
53042
74171
35069
91238
96863
76106
77265
92293
98808
61667
90375
17419
61144
16946
45023
41519
86756
38666
5864
98540
16785
89001
34758
85242
67173
35955
70809
7725
74409
72013
61694
78899
88032
83980
38563
6504
81872
93357
50628
77798
40813
61100
56561
25799
7281
27960
34234
1863
92049
36859
69148
49162
69463
84922
75863
24647
69095
36082
70311
71622
6555
94356
35751
60481
11042
9827
87873
40080
2851
90063
16595
84957
50662
15822
95071
96700
46402
8153
79752
73156
43674
52996
82947
32502
30644
50118
81696
45549
34641
26862
2416
90924
3469
49766
23953
26427
66833
93293
25567
31692
10010
95822
63153
21788
84412
33700
62871
84967
50395
89719
3175
12431
43660
64344
69032
77306
3045
29671
20883
16583
28086
34848
73206
87421
64781
62901
49056
1250
92116
33852
10792
95624
16045
72594
33409
64127
4111
79521
26883
31723
45887
31850
9252
61355
92941
71475
61321
17677
11966
1523
44812
27567
39180
27972
42318
27228
19144
54973
91843
14127
34135
74665
83576
93167
74169
21399
11018
93772
19606
60139
47800
17380
55064
90990
20445
56761
62662
93941
17043
85872
55981
65916
12668
15397
40751
15384
79999
33275
63081
49051
7579
37373
44756
97372
40137
21784
35687
12673
89849
41354
43619
42915
16418
89399
16657
97594
15942
98388
71089
88740
71603
65178
43477
81699
44105
55290
44452
44583
70183
40516
29436
54392
63852
19889
11975
38512
18771
57238
54252
20084
4055
82857
90824
8987
87948
84923
2317
85688
63807
63282
25705
69671
69493
9781
6386
8091
21413
83906
25099
53208
22875
92944
40820
36545
43781
83572
78526
65825
74585
23069
7842
47038
91825
21669
64487
87602
76494
65430
25663
54487
89709
21353
91967
54283
84316
61255