70337
37399
79744
20537
14189
76572
74134
16718
95058
81473
52906
67783
83843
53930
95691
19728
77514
48161
14294
28003
65908
80654
90289
51900
94988
93912
21332
24519
26398
95102
81449
91234
78462
63881
36803
22195
88531
85665
40352
77794
98315
56080
50250
55325
20011
83184
74398
16527
10580
46159
35024
71509
36064
96237
32650
74648
60267
81095
52249
88514
31465
71948
54670
71073
35144
74386
36945
64194
74499
38293
38838
27264
55396
63841
76081
39154
38429
56617
71275
78688
92671
83136
93874
63362
65815
27007
2489
83539
14561
12383
2366
81724
85583
61762
11461
6594
87773
44001
84742
30502
59618
24838
83725
55217
78609
87965
23759
44425
11187
58396
88780
80371
58686
85923
90214
33064
96553
90388
58590
15758
15445
47896
51523
38096
29255
36245
3857
68551
94280
81834
37521
49842
20720
10852
49799
97863
64511
47731
95475
70527
4955
504
72029
95097
7223
84856
13439
60885
62572
14990
84702
26400
87493
93500
64915
6286
19192
63940
70790
82185
48833
88333
65924
86679
47564
74504
98136
22422
85
50440
46718
33775
27101
66006
57808
5871
81754
20268
47231
24546
14317
95779
44765
44369
49223
10986
82922
5896
64509
68428
50712
51237
4443
35582
73836
33267
60068
62029
52408
44720
50440
55337
63526
24316
9071
81207
85600
83815
641
43259
19163
78721
62097
99418
61029
3633
38385
89151
13348
95929
51663
28627
71868
67248
11007
73911
40621
16912
81037
90399
37654
1899
18470
28229
13322
49388
18107
91063
17312
21973
10736
205
50513
70746
12141
72202
79850
22788
43494
74223
72183
77815
91286
24253
72749
3446
8499
43807
21734
77551
74705
74711
79576
79973
705
16224
11193
62724
60994
78498
5577
15005
44291
27989
23867
56439
22639
50931
33289
34225
16693
7122
27823
30647
11198
73347
77963
2411
30833
70058
3390
20879
28238
5112
18854
19195
19585
29717
74236
11160
84563
74009
51141
10153
53247
8104
68912
7925
55242
84754
65680
60976
63884
95261
72355
11143
20123
2324
37685
5446
33095
11570
41228
51401
88831
48255
92173
68835
33009
43659
91731
89051
46944
63210
24871
43626
23650
51328
17512
92719
52952
63171
24205
16915
2498
11658
43369
10769
38523
75311
37189
45131
68674
20491
7281
42154
9896
52842
77555
68625
15977
7069
49136
15456
89881
1504
12819
94816
56155
36214
69519
6583
19502
71108
75671
15135
21852
89593
22113
97489
75667
75372
44016
30178
12494
10131
40124
7833
65857
69832
99234
6554
78387
4151
43037
58787
67028
42353
702
89058
18948
86449
76008
28628
46014
36228
86468
31640
37305
37167
2239
31973
62094
29936
57324
91693
75869
18120
48224
13298
26674
91688
8226
18506
15508
80333
90063
86386
23640
80903
91426
7155
40877
25564
20208
73537
87148
42406
53475
54929
9045
17322
73276
31879
35102
5577
93388
61559
32090
83366
74535
66266
87633
22609
7506
84818
89651
79026
44564
51585
70820
59082
85077
19451
43740
42372
6409
1396
87427
55584
58977
13587
27076
66382
35109
67369
44765
27747
59105
36275
87947
67414
80856
81212
26651
6322
92320
20005
74439
34277
85660
57532
78941
59326
23856
59577
25583
28713
90956
2354
89667
81042
33914
16347
41701
40747
97494
93330
75761
86732
60700
25139
47428
98323
30711
17132
38549
35361
72773
5017
32909
70797
74914
27159
40646
80220
86085
16978
93089
77370
38179
98127
8805
43954
28191
77765
66879
12006
99643
62833
16055
5895
12060
72176
34685
3159
45252
284
82276
87485
19849
81136
79462
42278
70747
35044
91068
85132
55078
6455
87186
63261
98466
82723
46195
62126
13617
98375
1921
52115
40221
52328
27246
80244
43029
68818
66784
97577
58551
46113
68636
5583
56267
32549
6937
2939
28472
73516
71034
65770
92005
44468
45318
81875
46565
60846
17639
16257
47578
1159
99276
84686
70176
75548
13979
15211
83368
47607
53276
2016
67583
37476
5227
43557
73410
63577
66105
68008
42860
98517
957
35567
25800
7926
43420
40070
67136
3362
34323
36048
30776
71223
88384
46968
30287
97528
20289
22552
73947
89277
61810
86013
22453
23619
89897
39981
79307
46656
15395
1523
83120
82660
68136
65495
55669
12038
59404
26989
26428
61783
70492
5191
54345
93065
58366
5368
27636
13270
77227
14761
95356
30309
7796
1842
58617
81976
7292
66160
1994
7170
35841
21035
21487
5167
79625
51406
98943
41456
36697
86587
88142
49746
13128
31889
50127
2645
35806
2953
92175
1537
48248
14310
92573
91168
33597
12655
51729
3317
79538
68949
62509
86319
88707
18033
56181
42127
14868
63581
83948
87406
57969
21187
33835
22694
69638
29287
14632
31515
22730
22043
60874
64369
71552
38345
62685
84202
45180
96560
19681
27288
14101
75787
43311
80924
53688
32448
3783
28348
91310
51931
15718
46228
1524
71045
67088
88550
57446
92946
72305
50651
45426
7051
66828
49962
59152
90088
62546
96163
48909
30091
49235
85505
6407
3481
78590
5378
70476
4317
94333
17518
88876
24940
27934
11165
96502
4245
17130
42808
33050
88083
45151
42921
63847
93873
5927
50146
22472
76875
15470
38521
33981
82417
10164
67590
37577
74362
98253
36252
41319
22459
91285
70122
19996
35539
12236
97781
62517
98424
5058
82307
69096
45314
302
36329
90897
40315
79612
88387
60530
63690
10584
47978
1748
92842
69528
59122
39068
33171
11657
38033
58369
19576
43885
6221
16438
16959
27895
23386
70625
89104
54027
29745
83551
2824
19983
90234
62200
89164
28424
91697
86978
70777
56500
90935
49268
95233
22193
30204
8107
78124
27971
85664
34056
62600
8365
62480
88685
97810
9602
11983
81591
16498
16810
31431
42800
41702
68891
3059
18128
5281
27033
67614
84984
84380
25308
99801
75185
70419
55058
84153
71882
94731
10311
70644
41804
55956
11003
13333
73107
1104
18416
26556
94168
86835
15760
90505
66822
94210
70055
93683
48679
66695
28857
22150
84499
84490
96090
20772
21672
69781
83320
72561
64991
18012
86253
51582
1705
24156
52207
72727
32233
1055
56852
83821
66275
38240
67244
46973
77309
21989
29720
3673
4163
18061
91088
61255
30331
5522
45581
79704
26089
23176
70026
10052
25377
54902
32156
51520
96841
34928
60282
4482
70109
3503
27415
38782
40196
44648
12318
94331
2562
5538
74690
71486
65934
14336
38769
1264
66020
37255
29977
23635
90293
35876
16888
58350
30932
56365
15578
62315