14646
19883
50118
12897
40027
64427
28769
49916
98626
67964
24105
28287
10380
62046
26585
62817
18150
59643
83885
22713
67777
93014
30838
31898
42946
71065
40651
58108
35397
19043
12933
99995
81668
49885
80199
26231
47782
38563
93822
36985
19579
8472
93635
30960
33440
57435
37256
42810
25224
60678
35985
78628
18177
64304
45361
43350
24789
20966
91440
39645
21487
9131
8107
30007
10382
69952
53025
93181
33482
19142
96067
86720
51112
17805
82929
5724
15694
58027
53237
1737
4862
72814
20519
4075
54026
6067
59369
84970
20737
19037
10643
77288
94951
8975
18762
22624
51241
84703
42806
27824
73947
81644
4023
73640
92564
24129
74442
63355
88820
36459
66332
56355
2674
99520
24011
2725
68718
62991
27571
54550
13701
20427
5095
71355
76761
65520
55147
39730
11400
40334
38439
40627
81288
34065
71812
49182
28765
78366
48251
41336
99900
82942
49815
30785
71405
67694
88696
63412
99089
25808
41961
30940
91409
4478
73269
25256
78417
10943
58229
73181
41355
63781
48014
47921
73961
56573
40525
92431
32351
58703
51310
4503
39049
98805
12657
94897
45657
59057
94874
59040
6611
91512
62551
95862
90188
90844
17839
80119
24292
30487
52520
79667
10028
77008
66090
70474
97217
37087
88943
82147
57736
86897
76711
90742
5416
71372
98326
35475
39658
2402
52461
97423
62430
21358
46614
90755
44434
1673
70331
61445
17963
78081
48235
25849
94510
86692
82448
51745
72801
89447
7393
163
506
52292
31041
99495
16987
93436
84247
2738
64252
1166
93248
98728
18272
52212
8712
27401
36601
44087
298
37281
2261
85924
60990
14668
24258
11386
5966
44776
74322
62380
99396
19937
65188
32289
42268
91582
56183
56420
16530
96501
28975
32490
43838
6395
8443
91141
88646
67833
95228
14840
96445
1137
76224
81807
65980
94463
54282
58236
87532
21937
43133
38252
71126
41804
782
96913
80456
11373
52473
73432
69748
51998
23654
48245
10160
52317
21334
88987
32917
6741
76259
41795
14360
71526
31078
76647
16440
6789
22243
45329
8259
65008
80748
21274
78584
73614
44096
76991
72255
90664
96696
63101
65207
42495
31459
73503
18500
70529
51209
99627
67672
52136
23430
29452
57501
25646
47452
15866
22120
57406
15641
48555
52035
46304
21350
77695
45886
89691
97197
44919
73179
25444
69943
48306
16805
97535
98992
38426
85843
9409
65381
50799
3545
91354
40023
77673
40694
13160
18545
45557
60241
47459
86212
87129
20044
60867
34530
32587
91774
93920
47090
1999
15562
94968
71403
90567
87241
7376
11666
488
91386
92023
49953
92250
28057
83947
88092
76241
39701
87841
68623
22951
41486
93185
46142
12034
86881
96554
87429
1988
21154
88950
81735
89447
57872
16356
57036
67279
78106
33
88874
86181
43111
27628
75625
99602
2915
34584
98438
54471
71290
78587
25398
17138
80756
35940
93067
39318
65026
1128
50623
83122
74966
63248
58362
51178
87306
95881
53544
56355
56229
13405
37214
83034
80424
4929
94330
15224
41169
20682
42554
36035
13352
88873
35149
97616
53974
89258
10413
2853
43808
15423
85071
83582
36231
51982
37653
40445
1467
87541
26885
98602
26022
7133
83405
19395
97702
68525
38335
39773
43841
56079
96816
15627
56881
49820
13119
87643
49993
92695
29344
68094
5070
35878
13491
48219
1445
61400
11428
2070
4363
50992
81897
77867
83380
62269
1559
70108
20625
32633
24269
72672
17700
86410
86937
67872
44374
63922
11097
93320
51011
35328
11859
19613
19244
63118
15164
23850
17990
49754
25537
29647
58562
39319
38473
26029
37203
55013
31308
38028
22979
85845
88350
36648
23573
48883
19454
52920
24918
59668
97680
30114
34935
68590
62034
55074
76067
84146
93270
51265
57646
59841
54086
77628
40569
95820
95884
88887
64961
14216
50110
29365
23684
10906
58069
98914
22376
17294
49835
57443
3610
38446
32933
96589
30464
1258
94802
82621
86990
52476
82837
94126
18289
36389
35273
81558
83073
25428
17857
12687
22774
63962
80500
49659
67487
3174
83544
26746
59914
24624
34637
49828
8303
7508
76932
95837
89609
75711
85481
71257
30541
16657
56680
42691
96950
16234
42593
21425
50945
30131
74051
80547
64651
72734
2394
91462
85429
73560
79137
24636
93614
53820
10353
33098
69075
18233
35654
65764
53432
54340
37477
11082
47907
77840
21093
199
24123
96772
70253
62153
66062
84774
99392
68030
89429
42236
14356
67208
90689
87430
25788
92035
16904
26271
42400
68403
44475
61474
939
19381
51570
15890
70564
26572
90093
83528
10152
10586
58682
75402
3571
60218
92879
74468
16377
32474
76287
93718
59413
33781
59639
10308
51479
60592
22299
73161
5880
26638
91902
46444
14878
75076
31038
20161
23039
17628
10015
86176
27912
81012
32099
99569
39796
84776
65200
98069
43237
57186
92191
38995
23472
21166
42123
51883
87491
179
54040
50444
55999
12303
21130
66351
67146
6329
7825
28754
58191
31345
17050
25760
6450
63471
85434
95578
361
32300
38964
84234
9975
33754
51459
34764
76523
9850
17155
20571
72170
13241
30016
79589
59208
28961
1969
467
82259
72627
90663
33921
40227
65757
60451
63719
31511
4648
33447
22496
80765
20184
78993
21282
30021
37271
54343
75532
17859
42055
6197
66128
2093
32260
36487
30788
28394
27181
52859
87110
53323
62139
92867
11655
96698
32329
42804
1027
4780
42620
77269
54488
31609
93730
83444
57015
67971
4302
18046
18283
94666
63456
77121
84645
10497
63185
34964
41155
41254
88006
81691
17496
44376
87379
67187
50614
32856
87147
11761
19604
13139
50484
26392
37161
87034
71376
1720
54619
31680
21440
68009
87325
91790
95312
25466
22896
56430
45542
55719
64800
34933
98965
72310
97193
92823
82013
90808
20336
10038
49889
53353
98761
70110
67238
75256
5535
69533
25765
99071
38882
87736
5448
15240
2717
66135
82767
34946
1966
56475
21499
61988
29077
32793
27110
54099
17755
52882
48936
41829
34740
79708
89226
58238
78965
6288
56733
49016
8688
23479
96172
47055
3972
93888
29763
92517
31427
56855
51072
60110
8208
31802
91012
99054
97259
33986
44860
13966
32719
65654
18953
13233
35700
46690
98233
56202
29269
92114
91393
18543
78718
34086
92090
90264
82016
65205
33744
51046
84779
56981
89892
81272
24166
4368
69065
55630
16257
80258
79576
84074
69767
71429
69085
87415
93119
83670
77400
70835
31251
14902
8161
97340
31274