41416
57048
19239
96766
18586
4970
67241
29818
24770
14998
79522
76630
9888
25150
60396
16541
87940
86284
97709
46402
5225
15225
81679
11522
74282
37098
35091
31163
94722
90826
85673
61389
18278
50671
23766
34602
10703
67127
50502
61401
13838
43049
4809
97314
18153
2976
35663
95456
16063
52954
62777
2368
65163
24838
45646
96947
93006
79439
74013
88804
77086
39613
75001
90671
73840
10184
52601
18939
47589
77654
84123
17291
63196
90936
19250
70197
68384
62984
54634
11881
93843
28083
64118
44104
78331
89939
51196
29420
13902
47894
23134
62724
49701
41655
64852
74530
3493
36945
12684
27957
44170
43909
87242
34454
45653
47634
33369
93174
11355
53509
66441
90788
69959
93244
20643
51236
95255
18605
73725
7142
1859
804
10683
12509
37874
22278
44492
25099
84543
57916
38139
30883
82892
81366
89159
87815
72817
1746
45715
68550
38044
30073
23005
45134
21315
45034
13873
99784
48662
63575
27865
22633
78725
77966
23148
64835
3561
57317
31063
2180
66164
60184
98349
99018
67433
20184
48859
48169
73862
16020
81616
81095
36240
1361
62209
35708
93075
75217
69562
48361
53890
65845
4706
78419
93628
68051
88005
40912
34132
5009
26259
45934
73991
63699
89875
16859
7976
81262
14770
30404
49583
97841
11425
16100
27665
41883
3944
57895
96528
95382
19651
30542
73814
74606
26589
56224
93686
62746
4714
27032
54308
20961
71903
12330
24389
58888
61101
89053
77562
94379
58991
66606
13812
43566
81442
77925
29001
14832
42307
7803
97319
46972
27089
90391
25206
11186
55209
33870
40832
5360
94003
57706
98674
74217
23280
31593
1365
70821
55682
62662
29632
94247
34822
50639
12431
52736
77098
51040
24474
40413
23825
51451
77579
84072
29928
22265
33456
73898
33853
23441
98710
72829
90893
12860
13994
47817
93373
94936
4545
87731
67876
65986
61845
2566
81739
4375
50027
67523
1016
12480
35929
35259
54744
99986
270
84739
41583
17398
21984
10079
16482
1553
85680
9434
60338
13600
47410
99782
64391
39173
71016
61301
16876
52012
62100
79739
92717
33301
10606
90751
37706
23942
40820
7538
24249
15945
68172
3333
1531
16209
4904
36875
63527
38985
45820
71109
94409
54234
43435
95059
65161
24346
69942
26130
31248
59542
94030
64592
13046
69869
85486
31390
71243
95408
63507
87570
45069
47327
18578
16875
11806
25463
34720
36019
40493
50875
87413
83445
99654
72609
17599
45803
63592
73558
72061
49706
26942
5300
14726
15836
45214
11191
60167
87440
19438
81188
52513
45312
96390
10447
3062
59587
6412
67019
97313
69757
541
19742
33417
66442
40759
82654
45313
57138
69280
3826
88995
60513
99111
6781
28506
95092
59762
50320
34550
96397
57839
49187
87662
43939
14923
49913
32849
64530
1710
99570
18265
14151
95368
53846
89644
47524
43100
3678
75568
32801
47242
97108
13077
7913
98704
38970
45422
91868
1806
34638
74331
53525
6822
8916
94698
55460
20144
57456
17763
2479
2896
65632
16676
4045
95036
6987
73004
81715
99288
72162
58646
78881
18546
5859
20999
79227
80812
49240
23079
95657
49804
68855
89240
47807
19730
47671
38972
16360
90937
74506
4584
74622
47451
51156
16395
79079
90295
33882
57023
79629
94497
34805
14031
6515
23805
20565
86771
55121
30694
65725
61921
6266
98669
16203
87118
50591
77802
4745
53660
24837
29394
47044
16873
60682
40767
99316
48420
40671
14576
2616
91654
77029
48562
57517
14194
75151
56472
59462
35733
4531
69119
24243
26202
33383
31334
62807
2704
3059
80172
9870
69269
33313
25763
5862
2171
41775
36030
61634
35295
61813
8538
63899
66169
13479
1380
59169
81782
70526
92253
15863
80124
54267
11627
53530
99783
72305
85574
65272
45282
33665
54323
90077
19938
50688
38142
17654
16238
50279
48759
30513
70515
13471
55842
49744
75309
60822
97674
32377
29979
25978
22772
42634
69696
54550
21282
68003
85292
97568
59042
40283
85996
20104
69585
40231
59559
7375
88174
71928
3535
28447
35329
66353
6977
2221
68124
18624
66486
35063
96836
84241
23768
95215
65982
88976
43170
5245
51413
62708
47996
16374
48593
15533
13443
62375
2245
86382
3747
41831
72930
39766
1561
48984
78158
61901
86056
14757
19410
89461
87200
2778
75838
3344
69614
4571
6855
49142
83024
33230
48300
53970
86019
96616
85101
72158
41790
36625
38842
65343
53858
43251
81088
11745
2045
47105
50547
90483
18897
50253
89240
15730
80755
35447
64558
29278
29561
54699
26143
47916
76403
83573
71767
46327
66356
94799
47244
3031
92797
81959
40857
35525
34473
35518
98678
83851
39140
47517
629
54015
59340
93180
88749
80966
60173
22828
83156
9184
15056
15799
64606
47647
93329
37739
2583
8746
15028
10507
27797
41788
93727
4353
25687
66073
77433
3957
49816
6464
39756
61960
47701
93409
92983
35029
9529
64429
22441
97797
64500
83564
47931
28305
63467
43918
8031
68341
16645
93597
46289
70335
66135
86173
97795
9152
40023
52998
59813
42374
48775
42843
98371
33652
92127
60792
17498
84109
13052
36472
5444
63245
1371
45625
95921
19682
63499
75173
83635
82066
91791
36942
18493
89958
26799
12568
71442
28090
84706
81294
60454
73448
58684
48222
97289
65317
33026
8603
44110
34581
22240
34011
34856
5299
70868
150
13653
81997
57312
50023
59422
10288
43759
68748
90492
46810
65641
15419
87205
93648
42581
32840
50388
14510
19150
12577
13384
50134
8475
28935
25004
50654
39818
24395
68276
16430
14090
37304
59136
50316
38726
80625
64430
68512
91864
63085
98782
612
38178
79687
26930
27072
80939
33997
96141
84882
46387
18070
87770
90992
91405
54520
34514
66307
48797
13117
74555
1215
5311
61928
76769
2478
58488
17215
4532
92378
5212
99557
49112
48151
13410
62341
46639
41400
77663
34533
66456
21220
87335
48196
79248
9449
97059
65653
54888
20802
85234
44128
47780
57526
55779
26183
18461
35015
64998
71552
47352
47225
12326
78367
51014
83515
95793
53097
77587
5737
13608
14606
98365
52629
91075
42110
59566
40021
31816
9129
23621
51176
27009
56616
90716
10639
29466
23285
11558
93644
24617
2578
35940
50007
15643
21637
3287
83510
1456
54654
90140
72443
21349
95084
42641
92920
55363
25866
47808
86920
63654
69101
79938
2572
73560
17448
12224
39556
50906
94498
95918
67324
49460
44765
29078
16592
66439
14128
36674
6749
26573
5014