96755
472
35238
68804
34734
8671
82578
16520
52901
57009
69620
17482
85999
83531
434
96663
12447
68022
61791
88694
24605
16953
89229
3117
87982
97199
30346
24420
61500
34137
10876
51420
75446
98086
70578
57571
94253
34216
14741
2977
75800
36557
86395
81589
17839
97877
24312
48604
94620
6275
48870
14605
15786
49362
25167
52787
76764
85506
12505
34687
94940
9565
88393
83333
18791
84217
51287
53171
20957
1113
80170
4262
39843
46230
77988
21876
44958
616
16494
72809
77401
14140
78783
89427
63376
7732
9184
25382
23326
32350
20880
59425
57063
50724
99104
48307
51254
45889
27844
85912
61696
72373
7892
69700
1070
75381
62867
78317
12650
78978
97094
78811
47038
87923
37043
60166
52304
49992
79838
54866
7941
83575
13998
59227
93760
48672
71207
9008
12605
63354
74998
40857
7710
97174
2551
92527
89916
85741
94573
5147
8978
53030
20197
30584
73585
52646
97853
24713
80958
27814
94728
40993
25642
27280
90440
55243
52222
7728
33065
49404
59106
38403
47374
84645
60823
42453
17181
61284
83857
35666
25121
2224
39665
57401
29044
7688
71886
97227
83617
68735
18704
40737
44323
46389
20247
88740
68952
67730
41067
34526
83195
86584
58410
85948
22983
45630
40257
68962
36863
77378
59162
74088
45921
23250
23079
564
60661
10343
9437
91157
45939
12882
55381
9687
66880
51790
82676
75666
4416
78161
426
27280
25833
25096
3096
93468
46318
12843
64080
32498
14729
1054
30696
53761
29206
31961
34689
42776
71149
33658
64669
58681
11694
9077
94116
3742
16819
24995
60128
13986
82178
69883
54755
87998
88964
67039
98698
70603
62023
57511
56061
276
14063
13730
2539
12590
29149
25184
60468
9010
25852
83748
77382
2482
40183
39179
42192
6069
78884
98939
49550
38597
79309
67173
10688
39461
86088
46440
15074
88750
50290
13765
34394
89399
87271
54464
99221
18727
84222
30192
44618
72144
54265
31704
82956
4944
35476
56221
88942
75482
24054
81694
86518
89562
99698
83339
21110
30368
82003
36329
44957
54306
28629
49180
15715
66001
22689
97939
22612
9151
21192
5042
54914
58851
5913
48535
91017
2032
17014
22754
57547
59849
86995
96787
28660
60001
40209
48256
81706
57334
98113
49680
54298
40157
53884
57924
98830
93796
99130
9056
11883
24477
61328
29468
6784
13691
25283
11143
75344
809
34003
45504
72331
52473
68463
46007
71465
81722
26275
24042
49610
62746
89597
25582
25749
21217
8417
31
74673
11045
61773
46567
42021
40460
56707
1535
61542
16562
20669
2807
24982
90068
4064
82880
26687
99885
71223
65973
79992
39471
41477
65633
70428
87998
32996
82927
25652
26309
57313
50797
22669
20952
75876
5553
52669
27166
75513
30060
7043
51002
36415
67889
40106
6939
36142
11416
29012
20670
88682
33419
99717
41825
76284
34212
74030
30277
5813
92477
85628
77914
77829
57316
18073
86011
40208
40126
40118
32986
27473
46354
85441
23695
46145
64482
65048
52440
99193
10023
56806
99510
18154
16310
68015
438
44097
12381
82083
28945
98150
46226
29106
14616
43638
69608
57364
95809
12165
28609
11106
8306
60102
2799
82196
34786
20799
36842
76474
26227
23674
43537
79299
43264
20736
27304
16021
9509
4317
48326
82344
37125
41349
68291
6543
49501
26448
66161
13160
21766
57661
17608
71645
88316
44062
55773
61565
18540
53747
12050
8931
78319
35568
8348
29225
68468
64397
84989
37803
1383
62194
98573
69086
4715
91986
69186
31927
73086
54812
43208
35167
14059
30056
23066
52790
28778
26399
89503
90051
99357
1
85492
88475
30720
82084
95483
72470
33913
87109
32718
33078
48550
42562
6596
52252
26015
71417
15736
31368
3736
30405
27699
24065
51761
12801
56484
34315
34608
54670
87439
22655
49377
2836
50371
61214
44940
86855
27672
42234
74795
84039
23857
20080
52959
38983
82647
27990
7952
5665
48042
99886
46925
74770
76865
31803
26005
86817
11163
96530
49076
92693
82416
47010
47230
4428
28735
88590
5375
8141
33694
93690
61033
98635
5672
74942
1865
97597
15938
30188
65773
37773
38155
1709
90984
81769
52902
29052
7227
10389
63391
31459
1766
72970
35732
80834
9124
37784
96298
52943
54637
71731
75677
44729
77732
83316
11450
98598
79715
5413
66274
26995
82734
37256
32611
51353
8006
24269
58839
95947
88169
27921
2656
68804
14337
55318
33156
97558
61800
56650
61278
92079
48266
69890
5370
28050
25174
5421
79355
11196
24308
63810
79717
72568
23384
35366
8141
57718
41842
96703
20541
38212
55777
6016
52216
22410
97663
14284
75635
5970
3622
67124
10678
54144
24577
25353
28292
2271
92462
37320
25316
98830
90153
79315
71411
95382
26670
6399
82877
32138
14907
14815
51682
52160
36283
58279
27937
15158
10993
65289
25997
8127
11205
2843
58394
34645
56976
53490
58819
45825
97555
24083
51335
66180
6204
70841
1782
67091
38831
50941
56263
11521
1763
43213
26936
16642
99020
47009
54667
94820
37601
53421
60174
89174
71500
14387
18998
37976
86362
42113
24270
42715
26944
42345
21860
32929
23381
76081
52745
83878
39882
92625
756
53258
21041
19067
13841
6699
38832
55867
28650
71790
76399
49696
30356
37378
47672
81417
65112
14361
70206
89500
30436
66956
73539
83149
60911
59333
68805
99089
44372
84219
53728
87553
47804
79245
66099
5545
57000
31180
9505
27228
28976
50274
99894
24584
56395
73835
45023
32160
42024
24796
28407
7220
4759
11930
33744
57387
61725
51212
17534
4413
24933
47927
22026
14560
92749
20240
53559
75288
58813
82858
99732
46594
62913
75051
29948
38244
47473
14682
8035
13098
9401
29993
75272
18496
91126
36331
70999
31630
30348
71100
84445
7752
25155
89658
95435
47347
85130
66645
55262
87155
99941
17093
52110
24722
36184
66428
15405
60364
60424
73519
6941
14743
8098
4936
24465
94291
30576
61798
23260
62921
39999
30243
49580
93409
74222
59456
63634
9774
73687
27814
85731
51361
54646
82018
34548
55529
89708
2317
55495
21801
21346
41758
68601
74011
77505
4140
59303
66214
49847
72902
9188
62381
35458
97891
14413
15327
71242
2102
80333
97042
78758
89558
56148
72458
95303
20625
22362
8250
14884
3345
90274
61903
74611
16748
80160
62065
86264
54400
39969
44915
65547
79709
75529
25162
47252
5672
83196
58552
67559
38874
32137
1025
10879
11691
4274
6994
85276
8313
32739
38397
58225