24911
9154
43201
68915
36219
25043
76641
92487
58196
48041
52019
26926
69596
3977
28507
48557
61784
28674
4881
40350
66030
7016
67347
52581
89449
7826
73256
91947
7945
67488
80416
36772
44933
42722
77743
11357
30073
54022
791
43319
88581
93166
12880
20831
70878
33747
86593
66404
65152
40080
63517
35248
38470
11207
7959
23258
10383
29173
60218
82315
82227
1794
23374
70987
4010
48655
49137
66497
75001
10185
17442
26159
11999
91849
23223
34373
96162
68956
89735
7265
90052
30463
51188
34048
12533
44499
63369
72800
11270
24432
93058
78672
29114
95981
48706
77785
21553
25136
33875
65788
93745
91796
90626
52810
10729
42740
11623
9149
11417
87087
61630
99318
47703
25692
64673
6791
92589
74608
71780
55938
13674
47497
46337
74279
59661
49037
82976
33221
92227
21779
76401
47638
61670
26039
57976
98694
64545
85257
35617
90054
79904
34074
39654
97436
36384
75372
54362
44867
81314
40326
96736
91777
63202
91813
97534
92302
59294
86085
38310
70846
10127
88008
44812
94214
40390
6153
88095
51866
45522
51524
24221
31018
13144
83164
92183
58537
71362
1418
31848
7636
76657
55594
58216
74498
11354
21786
20863
90002
61078
37980
77156
5807
98734
33744
85931
76851
84503
49090
22206
44429
46055
5826
93468
35444
93727
34892
66185
15409
89887
5705
59214
38545
41024
21028
66280
30008
17104
6177
23009
1045
57808
67744
70984
50952
27916
65475
23345
25011
77736
79476
94021
46800
37016
87446
69148
96040
47103
14664
3103
69631
99358
23162
5885
13241
3930
66256
25275
31540
27390
83964
36648
49897
87099
40143
11217
77782
60236
76540
23158
68030
94591
45848
64727
90431
68236
83382
2162
8364
95306
86368
3167
99566
29753
14731
5740
15303
7706
51793
2932
65037
9282
88388
5964
54814
90248
89881
99114
3918
54174
72344
15570
58505
978
78030
53595
84917
95765
20595
90825
33390
85129
49929
36185
82198
76668
90238
24507
55824
20006
39892
13977
31279
82634
25730
62075
46434
25051
23920
69495
84313
62995
93815
60372
12047
69884
12637
78188
61103
56195
46591
46930
16787
57736
24183
44568
93247
61585
44367
12464
22144
89830
71241
55809
68763
62442
77132
4622
92254
89757
25279
81954
4774
48952
77332
46998
21201
75653
22352
73100
40562
1552
82435
52122
3483
78191
46636
35913
10730
13843
66181
5448
13270
88460
80715
50357
82188
52808
34897
80076
19183
76135
43426
83967
66006
15447
33545
88845
90908
24209
98341
35746
29435
7885
96827
8799
58150
80624
88594
24586
1689
64234
56780
46055
66932
54179
42518
6922
333
93470
66411
71340
24481
82980
59296
4829
90944
31504
57070
17347
23161
90194
32266
80929
17172
43054
12653
89403
19316
78275
51443
94182
25682
66376
21444
92924
97145
4833
1098
19437
82494
62517
59623
9270
11499
76284
9693
87394
45158
1719
52084
98423
61369
35618
81145
99523
68460
84943
68698
79668
75560
97416
89978
64719
89240
68770
82605
48719
34984
99438
79558
61391
93284
76978
9789
24826
21397
81031
9243
93536
44226
72109
20341
61838
62858
48687
25301
77965
62736
30511
28981
45106
28586
91324
55003
54676
40560
32184
5149
19984
62919
52807
41758
52789
85699
31498
86139
88555
36719
41514
13474
63278
73796
69161
26361
50712
24401
16136
29280
33669
32165
12821
41231
37395
62483
91686
71071
80349
74049
91731
94523
17026
71934
99983
86995
19400
44128
69472
85694
86365
75040
98430
68759
26051
39642
43596
15573
52531
57998
4104
64412
12893
27451
1817
21487
9516
78995
21538
33527
3678
8771
63926
64082
51540
44700
84941
46615
68354
24621
71308
98402
48375
84112
22479
11818
56435
55417
39759
66489
8219
66471
68175
88229
11029
56667
13660
25721
86443
47528
99905
80423
81971
75385
5246
54316
43149
69813
58347
90366
18419
46858
34369
41346
49301
93037
4690
95292
24277
55822
17645
54240
91320
58830
12354
77796
87614
19780
38433
77127
82554
49521
11263
89391
81129
18357
13371
46375
87045
14134
34697
8133
61993
86376
59837
86300
65687
57390
82736
34536
82736
36480
39958
77088
63478
75096
34271
43637
17833
89389
52155
79041
10981
57644
82884
80717
89166
9236
16607
4388
37111
77354
63475
22646
29178
78652
25918
89123
22427
24994
80297
10596
74651
12277
49123
21397
17115
75547
44464
42639
14985
5433
39602
26942
20857
36579
65663
31827
52332
84882
15944
95129
59235
26372
30295
86873
2902
30086
78364
26605
99216
1020
49714
6722
60816
64995
74109
41759
79195
31598
28978
45703
82043
68145
35089
92176
90106
38694
34226
54729
53373
26339
71610
86543
76554
82409
13281
65405
78849
16395
77580
50386
81621
42111
84717
88472
76007
68876
62773
69709
7262
95667
90234
84184
1620
75788
22339
84068
72967
20328
7654
56009
89413
76898
37114
78776
24028
69104
12520
37091
3978
96910
45591
36751
11205
82413
34007
38374
98775
34741
76634
30750
18311
18860
6835
60320
64826
67184
9496
51006
17288
30298
74734
24191
50317
67276
19780
24608
19412
73057
53608
95437
11548
29836
71889
93474
81239
20922
13968
97683
60710
49693
83295
67969
26725
57373
38070
32904
43070
19726
21015
36382
2718
15483
12357
87742
90308
22979
51410
19099
4884
36602
44784
67708
46594
23771
10246
27426
67625
18419
43818
6564
89491
92214
89174
10053
33858
41960
60405
5017
14247
80297
59394
85027
31581
64802
95819
35274
33125
46856
74016
21368
25077
69884
67159
18615
96776
74811
90897
27225
56039
43329
42348
62585
35004
32104
86199
16466
87671
85082
57062
97800
29749
35317
36611
47220
60532
1085
33811
2096
10680
25918
40447
64938
51361
75788
87006
22566
39710
93688
85003
6911
10932
44689
5641
84650
25693
61875
22790
1825
86233
39616
39827
17944
3995
95323
47261
85620
24238
628
60657
72354
77256
542
3399
3837
64684
36190
50235
26079
57768
12228
23932
4165
87204
20303
49090
70289
2445
4
55175
3434
63419
5644
21539
23832
78262
88298
15408
49889
82429
22604
60159
38026
16688
23300
67055
6172
85288
99468
16652
72231
63598
34459
16869
51964
32197
49991
67142
72888
42875
72074
6107
29124
24846
97552
98682
95617
24713
30525
48409
66837
84933
94913
86657
20500
95743
35716
26430
28800
46562
93365
49527
97756
17655
59877
99143
42168
3948
72603
51235
92792
9604
67083
29611
24658
85205
42806
50995
74974
29391
32877