12941
65157
93887
12709
16935
71812
10628
76299
87842
82021
73736
27903
30079
93133
28188
60626
7261
3764
10935
51071
80491
81994
84887
49470
3866
63109
75237
44225
7833
19234
96411
78291
82700
60393
32847
16052
25952
99971
69610
35031
16434
48870
33395
40884
92403
17115
19984
71658
797
29434
77037
75657
29225
7542
65991
88484
95174
11536
90916
19029
51487
64547
84835
42940
26565
87223
22987
30958
48882
9940
64719
49805
42102
78884
90635
12193
98445
22487
89771
23893
1192
46362
33698
52548
4890
25049
70888
92668
53425
47177
20331
40853
42882
87442
79758
82010
34109
26544
41935
6349
40666
93533
58911
31575
63022
87455
64766
42955
86549
14625
53967
31965
87886
49334
70189
38313
44200
93703
45539
64021
16980
28322
45073
90731
7643
52563
3060
8697
49629
93130
36855
64044
72248
8932
70601
60604
63034
6643
52657
4989
43981
87919
20888
54178
27737
98926
57234
8311
21629
61823
72707
43359
23505
28118
86240
9129
46867
14901
1521
98594
93764
21357
44192
76564
55429
25809
62343
98695
13345
10889
42941
78564
66709
4378
72483
14448
63588
56469
60469
58388
28939
24279
59156
37831
6102
90205
75074
31901
4254
53676
36322
61013
21850
75192
1892
8568
32127
86887
97095
19024
26784
89037
23040
87930
24197
65727
93487
70397
64422
53550
85238
89051
45960
39085
43407
52877
7842
91199
84980
90808
45884
51260
56465
65244
31398
87797
79173
2725
21989
20728
52334
28482
788
36282
2365
87804
23743
94217
26202
91717
60419
46920
12999
77519
18457
21514
98539
4065
42164
39314
43076
88369
63634
82869
91275
64471
44591
56252
52400
6312
7940
78144
19186
50509
94467
44241
83943
42917
60396
7692
79025
56709
93177
55796
15270
86061
60309
38502
47320
26816
79327
75225
73066
96725
4520
89061
19901
98036
10723
86401
15626
41480
34301
41877
71400
27253
35765
26900
22379
96962
79682
81025
16499
4231
22247
36371
37812
67726
496
91061
5612
5421
31291
60788
14666
5361
89817
24024
15911
50088
34844
39738
34384
11238
59211
48877
71230
786
2209
39861
94753
39059
29321
93118
68631
12131
81429
35052
94117
50349
64357
53055
30765
96971
91465
75425
41641
21790
8567
69454
35156
269
97481
75459
87000
19837
141
10913
57861
80266
20256
23281
69981
77899
19249
40309
86710
21127
98518
88602
48235
7911
84145
97849
5449
28595
34891
38105
20612
70397
87322
82668
95800
62759
79470
587
953
14759
64999
19521
81098
3693
99967
47679
5815
93476
53479
84638
4673
58612
76764
90654
97664
98993
57348
66307
38712
41246
45808
44662
78999
82997
4945
56876
64011
39044
15176
55128
60425
63438
80354
10338
19749
80184
78374
44095
22000
89332
1127
58734
40392
1569
41762
72316
75673
9281
94613
803
6665
52947
93575
62701
23007
71929
38326
9695
35572
45995
43353
52147
3032
42008
41213
84128
76275
33394
53744
61457
47639
10631
18645
33495
48793
81037
31983
233
89669
77123
93311
21268
26679
71634
82514
94852
86611
61693
44038
34378
45154
22568
22284
19787
363
34730
81311
42136
86711
18216
32086
25947
63609
89839
85665
71396
72092
35235
38212
88913
90392
86249
97421
71540
36424
86386
2032
36012
63869
65905
97602
65528
97879
51145
85218
22787
20151
80123
21972
8170
8706
5858
35493
30755
44768
37203
78481
34557
52103
37990
87088
92379
6111
6075
93777
98984
60411
91582
63338
54469
40683
23158
75497
7312
8716
2472
81324
20519
47035
74562
38592
80027
10045
66456
87193
31596
78041
26127
90557
75020
50328
49485
58380
91055
78308
42967
56107
66539
74091
68394
5500
9300
35160
5535
10780
83781
83648
65460
98121
63100
36464
98288
58504
38274
60059
18712
58048
56208
99501
58615
80553
26609
45064
13286
80502
44446
98570
29504
91871
78313
59737
16799
7240
14505
43980
55802
97311
19683
83928
99199
23525
40102
22563
86625
97886
24218
81032
95311
53240
62565
20380
72880
69676
51327
2435
43578
97629
85014
3730
94756
34488
30059
28956
84848
92033
31680
47773
1723
4636
79440
10861
89990
29003
16934
38746
55298
86397
67575
57968
14784
32862
95468
87251
70463
70745
89794
12814
67610
23656
42151
34253
85563
2714
78393
12325
99138
8025
1037
965
94664
72385
10657
15982
83509
14392
97431
52237
58761
78968
82169
76820
6806
76531
300
40121
1502
23287
71290
88785
45863
7459
69456
91762
53636
53691
10777
88772
68411
8384
15508
5225
9853
42055
54301
73962
86515
16371
42271
49484
95533
79653
78200
2531
96554
80827
34846
20496
83294
29650
8482
81925
13375
35127
2350
6103
98999
96171
20385
2463
92026
32052
52815
91842
31925
10095
7143
56189
47393
36624
58698
85788
70648
41624
47517
14320
85006
30012
11188
20265
63906
19765
50219
25465
50316
92319
29474
50907
72411
7542
47329
94524
87310
95218
24121
24118
18113
64209
66771
32898
43814
87107
39946
35754
10973
76091
73631
69961
72177
75692
54284
74590
26392
66457
16092
11303
99028
24716
31894
3720
47128
52856
37061
13012
41433
14158
76428
84125
15511
85504
60591
10725
27548
51984
11790
38436
31566
74082
85026
22823
68794
23348
76355
34917
26781
29021
30885
4515
62786
85699
45873
58945
58435
68299
23456
5805
14560
78629
58547
25000
6295
71364
89879
39387
20906
59284
41608
45952
78791
22364
72592
15170
73824
69363
50755
54155
32759
8943
70226
62387
93450
35071
85811
21638
58336
69271
10104
21736
51746
27166
1405
19716
48167
79420
95625
54637
54128
64143
14664
11179
59908
79597
72335
88383
6027
46498
1355
96035
931
23691
61474
57608
35170
96349
83330
28773
24995
13197
89773
49385
83620
44873
10215
99594
22060
56276
33138
57906
36801
27624
4454
86466
90744
81028
88938
28437
92774
50147
38379
15755
50098
24195
71123
69068
48285
3160
11881
11344
44486
35220
70682
66262
63852
54355
34797
58916
97712
98396
40394
36970
84529
54624
73625
12209
98812
96813
19831
61420
82197
30706
64719
1904
39487
36689
98295
48370
12190
1155
42537
97075
73008
61994
73856
68424
82883
69709
84334
51332
65658
48030
34077
89607
5291
76439
18040
50801
90228
61747
57630
40586
85863
80143
42862
39276
3027
16057
28286
62293
57856
59390
6650
94526
19186
8238
38750
87377
47402
17448
61718
28239
27198
27209
90556
71051
92498
43029
54735
96497
65732
65216
64506
52211
96606