64190
78838
99192
12739
95817
71194
33534
67557
32735
4722
69383
61194
99609
90786
96686
23969
81088
68832
73535
56771
31755
19808
32242
73547
26660
77305
21426
25228
55416
44468
10530
20656
88944
93397
52301
92595
85857
72762
92010
28973
80253
14194
59971
46356
11461
43351
51780
36610
11714
89863
8376
58003
39819
92012
38074
47012
14772
90100
33850
26366
64630
3219
10473
35308
9046
37442
22960
72191
66602
21731
78953
85144
73473
28636
48827
46239
21899
26297
86614
68979
49181
7719
26246
1183
37227
69938
89579
30602
98138
63560
35920
12557
28777
88815
51667
69883
58950
23726
7852
29791
55135
49901
6328
13812
86253
12104
19062
45117
76772
49518
96352
84114
3708
70785
20014
27901
62796
43548
56141
66026
17933
6449
50962
6409
95878
33281
21460
69170
25391
91834
47428
90052
86734
30648
66814
291
12590
95283
6252
73669
1701
80025
76651
52732
64739
96390
17114
114
47959
28597
12586
92980
79168
17192
70960
2998
12909
76273
93848
49587
35407
51544
88756
42423
41306
62350
29533
5115
67668
9896
34673
94553
20628
64415
69846
75816
83287
10177
32145
7110
97120
31023
49390
77637
64249
36709
62299
75474
10526
55613
50427
18229
90626
117
11549
54989
17584
37471
26089
45305
48340
64457
99782
74166
43392
62532
60217
61072
80726
34837
4665
53881
21713
89260
61455
45323
91988
16606
6368
68807
19948
9612
49658
69814
75098
84617
70976
96243
57488
58320
98003
22025
25800
5576
71317
89090
31039
18702
28209
34626
74701
3892
10434
78483
40531
91541
34062
61325
56242
55680
21776
52919
91775
26072
26637
99655
85003
66604
22907
52899
87859
2655
94205
24988
6270
94984
88293
88231
29943
22075
29169
35254
41014
49799
83133
94718
98494
85457
23650
43519
79115
99082
19970
2153
86577
46087
95228
61450
58079
44793
45129
68820
69885
47970
62729
83665
56485
21354
62371
60445
18412
88709
84076
31887
10571
77685
61529
91602
6198
18367
95967
19381
2512
61181
92356
45321
77304
15487
56346
2022
92782
45036
85812
76422
18347
40363
80757
78902
46403
78068
91141
22892
39696
5260
65188
18371
77863
63400
84271
31461
89456
19007
30016
20653
71647
70823
33543
6125
52064
2027
20542
59694
57952
36308
58101
93068
25565
62070
80633
83952
54057
23371
24955
18698
90797
8220
41704
4876
71791
33796
38907
82170
52580
27689
35794
31744
336
75686
18028
16273
83148
14331
91877
93458
77865
62511
59202
16529
16804
4549
41350
53935
52289
86470
82834
38212
98440
12689
86277
40284
98322
34556
28143
52047
606
8774
91049
1061
36644
89446
80560
95192
51919
40207
58121
74093
96949
52775
22663
30885
26389
15188
1809
89454
15449
57134
71047
86701
95124
28307
94628
31947
13652
16216
88912
4097
53210
24050
14987
30011
81428
41020
32732
14027
55608
21949
99595
57688
56168
99363
74995
47360
30496
18808
19563
45829
49816
33451
26151
29569
20679
95558
51845
67865
85469
46096
43065
84481
53693
29457
82653
61225
42967
19666
3219
89308
80167
57850
71085
30533
67459
32659
39595
73135
42802
32097
49965
86039
20248
2034
49532
34620
21793
21630
21980
68628
98255
50665
94801
70868
71807
21134
74957
18100
16924
40463
93524
37891
30239
76123
47402
76695
47826
64033
41179
18615
21521
37059
82050
70754
89413
88335
77961
47808
88351
20717
50821
34188
55602
25074
2735
39577
9054
16053
66260
18246
99102
24212
13183
35296
56681
99445
42879
49359
58945
14799
94228
92297
15268
74602
83577
74519
39875
59855
89772
26133
10939
3315
67537
37255
51753
50769
35386
6167
2355
58589
34935
6127
81704
96213
94148
13986
47384
37311
40499
91674
15838
63870
75442
97894
66063
13950
50152
14415
28813
48334
3003
9427
41831
2101
53999
93903
88526
11171
71956
63941
54495
57810
65296
80686
83512
9560
6491
79560
16939
26403
88199
19264
38896
52168
32068
70313
25656
29839
4070
81301
17270
10151
92528
48404
38220
29073
99696
66508
79005
94776
64507
82983
99075
23802
14897
29141
18069
7735
16440
11030
16816
41254
55697
5975
35144
43533
86396
76518
25039
35847
38940
95943
72008
90697
92970
13055
31604
37845
43486
57601
80048
6627
95205
8530
48618
36226
76340
31161
83687
91774
7037
64451
96810
795
66239
58831
19775
62579
17913
35781
54870
83506
76081
69565
81769
46426
70976
19994
90348
78510
29297
77381
5198
14816
74538
79225
67023
16710
14735
55854
65925
929
65214
15762
41611
38923
4295
921
50841
6555
19333
71358
77220
25892
21986
36544
82554
3467
25955
8737
48031
92933
49783
43329
77532
5192
57961
21216
33789
21796
67662
29600
15315
8797
21984
59097
73582
99201
51137
42579
6794
78001
45345
36590
2359
62552
67807
53373
94732
73598
19143
60995
16258
9749
35861
10955
81637
3156
434
54337
80990
82074
92875
91787
49185
26450
57921
74500
82283
76509
41772
18300
47781
83697
94623
68843
68885
42274
68762
83320
28093
28236
25607
95313
73507
15290
15900
89208
62086
4212
94202
91819
36198
45573
66475
43025
50933
51827
73932
19684
42625
52565
58123
19254
51832
30695
67239
44473
55090
22774
43602
18372
10146
88441
59209
42396
93814
34702
27023
16433
36734
68227
49702
63580
50073
43585
24181
46243
86637
3892
1150
64595
47985
23861
30018
8041
52144
10020
94853
61920
448
4173
49307
29342
50615
25964
99166
34420
4802
15877
73971
51310
63218
66424
82172
63280
41962
60389
64883
90141
26284
58119
53298
86197
82682
90118
43048
16021
60425
80533
4188
18810
61277
48560
89834
19368
99576
59574
34255
50612
76731
44973
87469
58166
60384
97638
49624
89187
19768
60289
26905
82021
18987
55008
22036
62115
39625
96779
54155
3451
853
16167
22099
70027
54720
22248
52319
61822
64902
15828
42211
12238
5358
65416
40225
29725
11955
68224
30002
52091
89697
61108
11325
42575
54048
40704
98865
44183
34740
57777
75432
13829
72516
34944
29842
80686
82049
77392
17597
61153
78614
67915
44442
8967
45991
38622
89589
2094
51700
4111
94712
52535
70738
53004
79309
4736
99971
42014
28490
94866
44252
42109
34343
13813
38384
93379
40761
74862
31619
43960
83814
35702
18318
20556
38576
61612
55965
56126
1822
78406
96618
13299
27794
91360
23557
5407
63486
71017
19585
4556
49304
1400
39153
92944
70214
71711
74757
81488
32624
21122
14763
59685
15161
12894