51791
73659
21691
38125
72581
9063
37746
4265
56215
18959
42465
94577
50047
11999
357
40253
94924
11964
18274
15758
99594
65645
52952
90628
33706
30444
37943
52844
74481
74199
36376
3468
66300
44985
96466
52362
30149
74541
85178
97664
80024
46163
57086
23911
2842
67064
95319
88848
76859
85823
44929
61714
49740
63550
21003
70325
80785
28196
95199
57997
99990
86686
95446
26417
64175
82409
27839
42333
74308
22787
42421
76712
15903
98361
7323
65344
16241
24379
65308
15916
36894
49313
65803
97985
11587
25600
71293
59803
88205
66944
84297
33287
48727
3063
52123
81654
83753
48279
46133
50176
57384
32845
74078
8195
5453
37337
59899
18638
60336
98612
33820
37813
6385
38074
92363
90394
6181
18390
62006
21525
54627
61547
41114
42094
19337
54022
48796
34818
3060
69413
33046
87397
47125
79054
37935
18113
18040
86800
41905
97587
6401
76260
96002
32892
92572
29568
38331
36579
51017
23710
18844
71215
15645
9293
94885
32765
17008
94170
50415
29557
97539
70561
84474
52930
52726
60772
72048
57390
42211
26814
41072
38593
27350
31968
6797
25106
37041
13805
362
51667
69837
22488
53197
64389
70336
43247
54400
6685
78359
62936
42543
51828
81552
16634
35808
91805
78124
75004
35133
34331
20699
36377
62972
51409
78829
58983
30291
89276
47772
54669
33766
26428
12580
38747
38198
13611
20109
78906
28758
65591
16543
25421
41510
35863
93132
64927
29004
30642
7250
5005
20805
62643
77007
20008
42157
1496
14426
38592
92124
54523
88340
81186
11736
58801
35122
85954
36710
69946
32312
55824
31303
91854
18138
43359
10639
71443
27517
98641
62585
29360
9417
25509
94236
34568
43499
5919
58613
32763
89188
23261
17215
29864
38069
28707
58592
56318
60579
38620
8880
42522
77683
55357
15160
17732
72565
79430
37856
59926
6444
90618
38489
88944
60233
9118
2402
98441
15933
78311
91131
65058
58655
11500
7870
55047
22644
56382
24546
56819
6300
26408
89847
90787
27386
99180
89272
87953
40268
91344
45252
10420
79731
43647
22366
29745
6876
90012
69235
96881
17890
48205
70264
10037
57134
66935
75455
23961
62281
28194
22422
37335
94354
37678
91703
33435
88259
54902
48933
16726
24431
80769
94439
20870
49423
85220
95374
25821
35493
79357
61262
4950
52432
57246
30242
65124
85758
32996
68861
67355
52515
36426
92753
2871
87586
70168
61468
598
97481
61707
147
24139
36575
99883
5715
59728
42373
76180
76594
98428
13262
34833
87671
63181
39603
80899
45262
80409
65243
44777
19599
41155
43714
83298
31501
57866
85422
59902
90007
23817
67967
80105
77346
21398
33980
60041
56065
69740
41740
24343
32522
34657
90102
27738
18273
21819
27256
50488
73645
33181
89825
94255
81268
82246
39253
46113
38221
37836
44582
88257
78067
12750
67416
47713
29040
37184
4079
31466
78145
52812
46070
28644
36257
29669
21323
25540
42492
84188
37320
822
39147
92771
99279
23539
1319
87327
85726
92693
53381
58411
15884
45504
87389
28295
72403
49706
1633
54995
77359
79636
49986
36403
3694
21919
89944
98922
25587
98841
35830
30461
52198
61670
15197
26343
80347
81057
61367
77644
93602
77025
31148
77451
13256
92490
90699
95348
97065
79991
16028
20012
84671
31761
37871
61572
70955
71052
86713
392
12914
64894
84857
39052
78041
60403
52010
26525
15369
29885
21872
15887
41521
94679
7278
8977
38893
84321
81802
65053
14410
99822
91605
76061
50749
3342
36176
65121
24028
75369
29877
34608
57521
517
75351
29463
46330
51903
43134
1502
33784
38140
42621
77914
83713
66976
37356
19472
28879
7070
55466
1324
49882
6102
68974
12594
78414
47638
10906
89600
46247
35525
58017
6022
99789
76630
39548
19741
71856
28751
91456
78941
88986
95281
47012
79072
87888
44320
43629
57076
52477
42101
58941
12171
75270
95944
93269
22191
39770
99895
50805
85548
93432
61525
31970
69065
83620
46909
42983
41758
52931
58401
3438
86923
88364
91720
55625
1880
33899
77045
53092
62191
58730
45645
99029
28295
29446
33623
44365
30876
81405
39404
20466
25670
41210
94370
17178
8490
87195
27473
23625
63338
90716
69279
50468
31885
94448
22234
56283
28173
13971
74679
20660
33627
31811
94928
65618
29908
57613
44337
12229
85788
56514
76897
41701
60050
250
72466
59246
14344
68798
150
56543
54745
73242
81357
48619
9560
23297
49000
83931
48508
20076
13294
31281
17474
36689
22715
46360
40896
898
89056
45165
32129
6639
41787
69240
60518
1979
393
23553
21680
5225
79009
8713
57822
81365
22389
1924
68950
98773
89097
45049
93783
64061
34966
72704
7174
31969
79808
97346
16662
97342
70407
68590
42656
55135
11735
8330
79698
21586
26337
59622
93350
25293
63088
65226
68029
71385
55651
16947
69211
43838
25095
95260
23033
52406
97860
35275
53176
5640
72498
22965
12985
7266
8523
26436
63503
1312
37457
12866
39581
17209
56828
67742
67270
45819
43520
30298
94811
36106
95386
40472
16741
7322
96373
22856
69996
82368
80773
41537
89917
9748
50297
65197
77778
76087
11606
83854
6815
64320
83439
76823
3781
66451
98748
10055
76158
52704
280
55430
34948
12500
89084
76825
92118
16042
36240
39950
44793
61827
72522
80269
6701
49160
4964
76050
4917
26855
72290
64160
89674
45159
67923
96348
86475
6493
5778
61193
49308
19410
72915
12103
87576
42994
65059
8449
25526
75479
41667
13503
19498
59439
92310
87394
54292
90527
380
89805
89328
87872
10827
21281
96797
80922
99846
62184
29166
90364
78332
69938
15649
19943
6148
42100
57559
86705
8705
54872
88503
37946
51264
79156
38410
57229
4127
6730
34250
30203
34389
70102
54421
38970
15931
17057
70194
56458
14228
34583
39416
2297
28237
67700
75559
37006
84710
67940
58268
66998
94334
17941
20940
62387
32212
18329
89207
17946
34477
81668
5448
87317
34276
59570
5514
2417
61174
59284
10
38418
30956
14787
81906
92273
27225
36809
72107
38034
70682
64552
4023
80681
37982
33558
6469
10443
68678
86663
2558
73907
18810
71040
44103
56316
74567
27765
21639
7073
42487
69548
60561
69893
615
42316
38219
69303
1750
15176
92456
73849
2554
67482
68995
23992
3811
91944
7245
65177
85072
42677
52217
44398
52098
74771
67165
21881
50727
88313
4696
4339
20085
9417
77104
2131
20793
84775
270
18765
10333
48879
90623
72173
20418
71402
1864