51718
66945
854
33720
39028
16833
4549
4148
2504
16423
43422
88813
85699
28142
61283
66054
65984
2953
60385
45029
58372
42300
73575
1115
91350
15783
31041
27758
21327
64416
37143
75832
65489
4518
36911
10352
72372
49513
46909
48694
7121
53307
98235
88190
48605
78592
28487
28939
90662
86344
36387
84148
10561
16469
98131
86479
59887
83508
69729
18378
20292
40766
31748
31336
35225
49297
45127
4304
6813
99831
89449
42981
6275
87316
328
79245
87759
58294
73174
36982
88302
94859
71742
23876
84920
73033
10075
34454
61402
35917
68910
81800
22373
28098
78906
83892
9284
62574
59891
22848
18704
42794
74366
82832
70783
78071
69757
97371
41956
20968
46354
58034
97289
90725
24257
63644
53450
67007
75838
48984
69199
57409
16339
57293
94185
77490
77316
52967
7992
80575
60458
70897
84818
39478
10919
96222
22545
90006
4737
54907
1698
52857
61675
73750
3760
79236
39039
28567
24721
77726
39242
72990
61761
28838
89812
2842
41082
91072
23221
90828
8950
30257
7740
91641
13248
21390
94302
28568
28375
55159
50941
33483
64154
42837
22964
21154
29077
76490
89529
14061
98366
92294
59006
35645
76503
19106
4416
56121
9510
13308
94872
70481
47588
7845
78110
81012
28344
57913
61622
86174
42299
63129
30231
53087
22488
16802
64415
69808
37973
38407
78283
22264
81955
30374
97691
23192
80640
27443
68292
78363
66756
26748
63315
59338
59277
39536
35054
61151
45186
71600
98829
84843
84151
25394
40160
29961
42550
73912
91331
27412
25776
16152
20026
20567
32761
2460
94383
93216
62815
93957
48454
89679
55894
98351
89535
87005
38371
62761
13364
59649
966
30419
86531
38126
49063
96376
26213
18056
91946
40998
30823
35211
54723
10784
98727
40021
35080
45967
39943
97065
77086
16709
96435
65885
19837
12692
84352
67516
22449
39920
42772
90871
65751
10686
89779
46285
97621
72933
77713
30420
74562
97841
80198
13070
3543
73902
44737
54616
91910
56075
89269
31739
98808
88731
45244
6206
24651
85260
8741
6959
224
96875
18524
22726
19234
5428
80381
17303
41723
35143
74810
31823
11352
56045
82787
28336
66191
14519
25002
1351
29834
12694
58235
34847
26053
38771
32563
85887
39252
10015
1721
58786
48622
70817
15251
39326
96732
77796
72541
79030
86523
2918
51958
78626
27999
22463
98845
19164
91608
26474
3650
89422
2082
78734
85847
93929
17079
33727
28972
3475
35153
77285
77247
88191
54315
80480
31283
20729
90844
75735
77764
7064
83070
53086
48175
74921
21017
52460
87405
83223
96497
50974
25250
83125
29439
79811
1187
4346
30543
84058
98697
44881
6151
35709
82451
26679
76737
74076
18097
35027
35033
73454
23015
183
57713
60094
41897
67119
46158
72112
67387
33683
24055
85459
40508
65736
3561
68740
57900
73795
92824
80242
66298
70126
51559
90682
43524
70198
82920
11076
44331
70164
69121
74480
21156
95609
95978
54967
17101
4116
93450
84747
30739
8453
34802
60692
40741
85335
74758
23103
98170
18254
69462
15594
98343
48937
16903
48941
15407
45609
87444
61807
6446
38480
10506
96652
93038
59529
97845
86861
15930
38415
3952
91454
28768
86375
64613
46037
5674
61614
63223
60035
49449
43152
46690
79322
99883
14989
51195
62021
4542
26294
10747
46052
25972
81590
82535
16268
75417
29113
92560
61882
63623
66835
18592
61951
54156
71791
25322
48850
48537
91753
61493
440
94776
55392
40676
82278
42859
44310
55336
85129
1003
22697
96020
21634
66680
88637
84527
89346
83489
68920
40924
67206
26080
74943
64367
91740
23623
69971
53947
96362
4656
50394
89166
19968
46973
80042
79605
16981
10646
10523
83282
44814
30992
3338
93617
5573
89332
16318
33713
73437
10896
60134
93819
22422
60902
88852
22105
46945
40792
1018
26473
49914
91522
21345
1871
65678
35619
96070
11678
37151
50191
83577
81522
40097
22059
54056
73682
42609
14066
17572
17089
69615
34996
67118
36449
94968
23043
58383
7727
37769
76249
81318
453
86468
39284
9700
99068
61554
62560
72107
68592
8008
90976
83230
48641
53934
38819
93609
28197
18954
14638
13453
78960
9665
66317
40240
25691
43693
19525
35172
32328
39973
9449
75804
89213
57760
22374
90096
78867
9350
35010
37576
34241
82439
96164
10102
16472
67539
45122
49113
26847
51786
19702
10173
54329
4204
45263
52267
98003
58376
82289
63505
9434
80129
9687
19557
58739
92465
32131
99731
17365
75578
88617
56154
15947
40096
39859
57150
33396
57623
37755
42301
69837
4668
68600
60419
13246
86491
31451
81371
46960
8696
12974
96554
45107
45861
72410
23510
56073
70927
9484
46539
88539
99654
94876
31086
4041
890
53914
28633
65571
39242
83965
2529
96337
93391
28872
68893
22899
65627
28177
9420
43724
15749
69899
12748
8089
3371
56316
38413
46367
17770
47356
29884
65336
5465
17201
81712
94582
53401
32944
94690
85986
51466
51675
45266
60732
49319
17306
31035
90587
15419
70961
96379
41254
74975
39838
61487
5994
97440
35271
53397
62719
35866
5246
7819
42750
83477
31744
22709
79022
81461
35035
86040
76270
1103
51334
76904
94772
27870
11038
54568
87909
64989
17556
51708
94354
18253
54307
45517
50615
71618
52441
3664
44500
69066
30659
86777
26104
9487
68728
54085
79552
7008
23773
96052
52941
71426
67777
15261
16859
27878
42670
6608
17270
35521
39706
47108
36932
83641
22301
60822
55033
89570
94944
58051
72485
39185
53278
84748
51229
71490
12368
65717
7694
49151
6874
84762
40303
97378
85776
7860
32520
97318
41056
60494
21265
25791
70522
18236
51220
4372
42160
14543
84531
47887
92010
56388
36379
52612
11785
71862
66734
39393
46434
12969
93344
55261
31020
27814
58894
15050
27974
23367
79578
61217
44870
58057
12753
42119
28443
52281
58871
51638
96030
68516
14321
59679
90118
68098
12897
5729
34625
46446
40030
98003
51695
96579
67918
41825
28786
13057
2768
68422
87258
23143
6913
49874
65212
60995
75633
88677
52229
74243
324
58344
71404
67399
97843
23527
25501
57886
99490
79249
19950
81895
18543
61915
77909
58283
7588
87879
94717
65717
1482
57126
87039
53832
52864
36554
47141
97263
10320
69814
39825
20939
24987
67997
58594
46192
63092
44250
88956
81869
2095
66468
99569
59756
45055
44945
70357
39214
92376
34323
37128
81605
60550
84842
94926
57636
47578
31153
44147
38661
92349
71626
14311
69944