78286
40068
42116
90574
43214
23392
46848
43569
89421
59478
46545
92421
45820
75618
95014
94421
66252
86105
15613
98191
52612
44449
22772
47523
5271
89806
22445
25096
33535
70686
81485
13208
39063
99964
22828
72446
12971
75994
84821
68089
42848
40345
40769
12831
18903
55253
37053
6498
84463
88198
4363
80528
59208
45235
41889
93758
23436
8566
63682
58772
59486
96899
69059
12158
37395
97533
88543
64353
24906
65477
3460
13538
80469
36226
16851
12772
63075
38124
10239
15892
39270
64165
74895
18412
25570
11829
39150
73473
67262
3818
15189
16079
89437
81559
54163
41762
98583
44725
72986
76032
57273
78423
29537
77365
64834
50648
51050
84768
47138
28015
52873
45103
69849
2592
64386
45966
65701
74720
69068
17583
65140
97507
50496
63880
86263
17549
48491
43930
2995
86086
65895
71031
65276
84795
91357
48113
68096
62909
63912
78217
71270
43390
81243
22209
59116
57277
16615
63210
68948
93299
49872
86783
80502
30980
23119
59088
92172
24578
71725
79611
36456
48905
20036
72937
80606
34107
91385
91201
99452
45040
21113
27035
98406
33810
61104
82785
83146
15023
55986
31542
50772
76033
43832
5690
73057
12726
67734
33881
77537
9691
52070
19287
72307
73664
35646
65661
20719
28344
77978
51122
20699
48046
29002
36896
30204
27578
29395
23946
98530
26646
17208
60200
63361
52356
15309
76080
56058
93335
9532
5297
72124
94821
9953
38483
65714
73407
92580
19593
8154
33707
33114
70722
92458
66826
89991
33325
80624
50899
21361
38112
86485
40181
32612
3851
33488
25824
35777
53010
3319
64239
16477
11541
49146
20663
85775
78113
14336
158
44501
8592
47355
22315
21406
43814
33192
55053
65647
49494
61347
90067
82610
55962
2060
21253
95222
67359
15968
45637
71309
94285
14646
46715
71646
83068
51239
9078
9832
22347
64974
62326
34756
16510
61020
96356
32115
47080
86812
96234
88577
32510
82553
30617
30092
91647
32863
22350
34916
38348
81660
98106
13081
17810
40596
99461
68435
64787
18893
1295
75283
73402
98671
35610
93677
34496
68399
74361
44548
58009
6810
24056
43521
56343
71955
21876
44524
78370
55941
73147
68141
81197
11838
41255
59429
88652
36301
14391
48855
52347
52807
59491
5549
53367
61316
64294
6113
33252
33320
204
86112
87159
71794
21347
49800
49909
81474
36905
24786
24317
53650
36041
59231
94889
41899
68732
369
77792
91589
59028
34330
67910
35014
98899
34235
75476
50064
76073
85159
88346
55893
99141
44461
16573
91576
50784
90097
66144
55828
85128
60826
20703
536
87713
4646
4912
63914
88778
63846
41695
85533
40029
3038
25332
47159
62344
52120
56807
22460
19123
60808
85593
9334
61766
12839
8092
19816
6118
93618
99547
93730
28265
77347
40964
46405
4876
12211
73429
43418
95944
82339
49629
31567
74956
85508
99714
45818
67623
28398
85402
90876
80823
52504
78960
32282
6849
26907
33675
41182
44695
11351
30187
4182
79102
91384
74592
21905
32926
77988
40402
90735
52061
12030
5449
48516
23400
86906
6137
4048
49679
45895
47176
85465
71761
36023
26038
26307
4811
28059
54294
29524
89944
78270
47022
74127
76367
62751
2421
28578
31419
21931
80649
6188
40447
40121
15543
68483
49671
39404
78317
58923
12198
41502
39259
15519
22908
16712
99638
53237
37458
62115
91872
49279
8191
73085
36442
89726
1589
32835
49964
31087
58159
55833
78020
91350
11936
75809
63825
56099
68277
55748
76398
60725
29278
64969
15736
63718
87450
2525
35396
51307
15875
87451
95409
99773
30595
98356
30416
71380
77100
60101
75871
39047
48721
20521
91116
59146
97701
82735
48759
21108
38555
21747
43401
92262
24242
88745
74193
97814
42172
81125
42007
76611
2456
79978
31706
34505
38121
25055
37854
88638
75637
45427
28871
75156
7808
43575
50395
23388
79288
13749
4492
33116
51520
66052
59036
73585
71167
24450
17632
97706
68154
69789
6394
76118
33355
73733
64700
29256
82004
89952
74945
62802
53895
25186
42377
30201
59371
78609
88594
66316
71516
67445
89604
87289
47715
50595
84309
59384
33819
48124
78851
9345
10871
50403
48854
98713
30603
98315
91055
38947
67824
74499
78946
89191
88433
3956
85181
92285
56643
44849
31310
41741
8497
63430
4145
84345
2325
34271
62514
67450
25520
40533
32995
99084
17925
16355
12443
44469
24216
173
21706
95486
86496
38068
91238
30239
46401
23069
77814
19747
96607
37594
75854
93283
18452
99980
27778
61995
3418
93197
5974
41175
70054
38279
57145
30790
29966
67676
20036
60039
69804
54459
94421
35533
16141
16213
59644
92806
41786
42696
58007
86754
17490
81162
10674
6912
20354
79285
69639
49963
37698
96104
22391
14132
96168
88593
87446
64592
65197
68374
75115
44826
67530
1852
22190
89239
69308
52094
78499
4376
42294
99422
29568
21955
69697
50425
32720
20995
26718
23648
42725
76278
83098
25011
70328
50650
88474
5755
17452
19111
37023
30488
74496
81648
10204
42019
64295
23453
68656
33946
36464
79219
18004
67593
51082
4814
7282
60955
52702
43657
80089
10786
22830
24046
70623
4547
21760
4182
75224
86129
81023
57474
3295
5832
10567
61953
97803
90835
30529
58663
61915
24750
21214
95508
23335
62376
52008
6704
32331
89882
1581
45798
28138
29877
95084
59909
37415
13928
51289
87525
59687
40480
3958
31600
92471
89731
18584
99295
48446
72711
59655
63734
50227
76591
87747
40805
92669
92392
90626
3802
84208
34117
79017
908
7118
98441
30316
16489
99593
47559
28039
894
87364
25556
53713
67660
53510
42172
76372
86499
86130
25006
97131
92553
69652
18809
13324
65792
61597
74427
81767
21703
32634
81167
93061
63223
44536
40399
87925
3063
72469
54901
24963
92153
19812
63172
91523
37307
98124
8807
14039
47765
36406
75747
45889
86141
63869
32339
7143
40185
55360
30463
70262
53810
17379
46333
10777
48840
81473
81468
93051
21047
13485
32661
3145
39687
45915
46890
8070
47994
71667
56638
998
69443
61259
95556
79067
47613
36542
72514
30990
33405
99166
64820
80562
37106
15458
25486
98188
74067
12169
33934
45877
93548
99896
69142
57184
90882
54719
9195
93633
90826
76472
71128
69572
86640
21078
49369
1466
71324
90686
98504
28041
83607
34067
96400
18750
37347
7700
17314
65874
29685
73867
68052
82559
1976
39379
82660
8587
26236
67349
49042
14638
60022
23336
25859
38041
14585
16865
94004
34920