70370
68004
78060
77072
33010
69136
15885
73981
33991
13618
55524
33134
18403
97907
71563
41014
54483
35112
67395
60125
76052
8206
25013
86020
81924
28820
92556
11245
89187
31495
87317
60811
99740
48795
88247
63047
64130
89884
47457
67837
6505
45791
83968
3735
94790
83108
85544
77476
9749
46303
96042
26869
57084
32433
61109
77453
92234
19456
16419
92032
86646
97752
81018
35335
16004
85211
76770
87601
27127
46309
18848
16566
79481
78956
61222
1245
71865
38137
76018
75644
66417
77092
20610
941
91392
94475
44298
80734
41509
1209
81309
48649
52776
55593
52982
97567
80423
93567
42012
2063
95011
2269
81712
9594
37747
13151
51744
84400
76771
52455
5873
52663
97993
89757
35108
95062
18883
74662
11182
2303
90368
48360
16544
41078
43498
63226
2725
35735
89936
93202
46390
14590
50607
8371
61858
74538
97422
77778
89470
31137
38163
14763
45353
68669
67723
691
41182
43135
67920
83596
81143
74055
14825
50742
70037
95149
26351
15707
58112
86212
2190
23461
16308
96515
77503
58544
20454
43224
13187
39445
17607
44545
80685
35771
13536
25970
73479
47206
80419
5735
81270
99151
869
8150
61603
62854
55051
14725
60243
6956
79122
31737
36987
74289
3256
25693
92071
65634
31310
71735
40456
41609
61960
73749
46752
10890
48897
39904
46751
11057
84299
64009
57678
75016
86133
21717
50284
33531
27923
3872
54307
76919
75284
47735
87014
65391
14933
93864
16413
12511
65009
97669
48181
16522
91460
43802
50740
12096
81844
11376
69117
61419
950
40696
74467
63322
96247
17050
99988
90037
70482
30975
35449
91961
33724
3529
42428
91164
20831
44307
99213
40906
27750
77152
8806
5719
52371
63355
99151
24813
39654
33159
66669
30143
79973
24198
36108
87258
57051
8142
76042
25867
43968
90560
35616
73711
32691
14920
74318
73876
85615
59994
32667
6819
60115
94613
684
59118
42773
57620
11250
83403
52968
93691
13774
35430
45630
49159
55347
33620
67886
36207
14128
23319
53092
98732
69199
81517
488
19917
94724
74951
21404
22918
20223
52483
64738
22430
84252
77235
92619
88908
41512
29083
56681
22149
35357
80610
74332
37284
74183
37982
70848
63101
77583
89700
45934
73820
73525
1917
82971
2706
22524
97790
67554
8230
94042
53098
15051
9503
67830
26876
81537
33679
94434
25300
76119
75889
58843
92830
95503
82711
22778
47282
97094
28641
86378
2303
9164
5465
57807
17862
57938
28353
40811
75945
788
25055
32467
10340
118
23452
64713
59387
92441
90840
5813
77917
95057
50600
3308
5550
15008
49531
81505
92893
90154
93134
95512
14609
48990
53216
90143
50581
70137
80813
26350
6572
19137
28752
94109
89444
97573
77928
36392
36030
54704
87351
32805
91004
85333
6898
8337
57215
20892
1896
59218
71023
43033
63970
78208
37794
81020
29259
49091
7269
21947
88353
34814
95088
24357
42703
72625
24994
81910
2058
84982
22348
27913
31609
93011
95000
59314
46221
22113
19201
36014
23328
85537
40935
43975
84858
31911
98185
57723
36061
16033
71955
28018
24180
17233
94719
89129
19299
19797
32698
92841
84558
94784
75262
66092
92275
25362
97947
87914
99382
35468
66183
49925
33975
75363
25774
11430
64571
58803
67620
45410
67306
46599
83103
11981
24211
35340
11529
86335
74789
25803
65781
954
68246
99777
67792
19772
95191
64562
40299
41000
51182
7365
15449
97133
60584
33232
47097
28785
21632
78785
97322
76066
89557
58835
65313
58119
93500
50399
4335
1381
60814
69283
85661
9897
81034
10210
49751
44417
56062
65179
29591
4757
90135
23451
41214
22831
5601
82351
62104
51769
10051
91195
19682
21231
80552
73451
10016
62387
18617
50303
66901
87282
50196
32067
3752
43379
38574
49115
72057
17754
2497
25408
35847
72174
31435
83222
58374
43864
68155
93946
15940
46965
57100
37785
22737
68027
75099
88539
10528
77684
66454
78480
17918
5722
27344
68288
14654
47525
73477
77577
78427
44470
83706
52964
82892
58647
29431
10708
81470
33462
73128
77735
33615
6779
9795
39774
13898
5510
92128
12523
23499
87961
62301
98948
13968
16585
60950
60325
88640
86640
25977
92108
55025
95703
80185
5605
27793
38223
80136
33642
84770
41517
20909
75886
25527
1893
70281
10897
70426
69939
49042
51168
1428
33344
67788
91663
63970
36390
31987
39300
95901
4789
42289
37273
4946
99164
9909
87276
7422
40108
1795
21449
79079
28307
72720
44867
8962
44965
40165
36536
37927
63019
82287
46688
45914
38415
92643
48785
9208
40577
79016
63917
55914
80485
69363
51661
72858
27132
57921
76207
12828
75467
83036
70566
73436
51549
47311
66379
94840
28621
843
59466
3022
63961
64374
55908
16349
47457
84443
70090
87469
51413
8791
2208
56945
12012
95406
65579
69408
96557
35890
6728
30083
83258
76008
53144
81205
39818
48775
26141
99947
54952
80843
53524
62710
53377
72424
98361
711
87877
39657
14509
30798
24272
70681
60436
32201
84794
11915
14189
11570
24414
58489
90387
13082
58475
15426
95952
8171
79917
83062
28561
16642
38875
55240
41447
88310
20021
45474
77164
38519
39995
68085
96326
1959
39469
31922
66484
20054
63332
63174
29361
1711
73720
86347
80638
78936
43934
26571
35613
47703
31437
29713
30475
53119
94300
7746
19368
58344
95538
74341
60282
15681
5332
1293
42848
68004
82625
86487
66490
77147
7242
36560
16740
52194
42451
19576
77692
90225
93132
85875
56020
73677
21351
39695
3205
91079
90798
53741
74026
49032
64870
84653
16173
83569
67082
53354
43278
13072
69594
61915
96171
76201
62019
54117
81335
79305
91979
6513
38829
6152
51341
70138
25159
56251
11752
66726
3998
25595
27854
18716
1953
69189
98884
83453
15333
29142
42002
77423
70989
85806
9906
27729
96820
35018
66496
54901
40962
71579
14985
54393
7769
25465
80527
42587
70788
934
51384
48724
66165
92284
27691
53130
74481
12529
18237
28877
82396
97034
79331
12208
39503
79999
58600
67147
4374
32477
46614
76870
51477
21726
38625
88993
24154
2990
57561
96037
48145
84913
41067
13324
49831
76935
84120
77459
94182
78237
43079
38856
55587
78893
63413
72389
25919
17785
63748
12260
20379
87649
48011
74038
66022
10497
53100
97924
94174
42347
11107
46947
34987
825
96100
68705
4314
11790
9720
45255
15972
43134
20450
935
13626
13955
12616
62829
1524
75924
92003
912
42601
87527
43682
2120