97912
71212
29382
42512
28883
1967
9647
54603
33218
77182
69800
65971
33472
78268
2962
51554
75852
56094
7285
54450
98642
91598
28005
64998
22930
86734
25541
53966
4456
21742
15612
81562
42467
65184
481
83032
9800
21505
59583
34781
88968
76192
13924
24026
93373
69564
61751
28553
89336
11138
43359
78321
54524
40233
27720
35880
7602
75153
52658
82497
68341
51310
9236
64328
82597
13567
45980
9942
70133
43205
71724
24382
39699
58961
7590
22497
53386
57602
15162
47336
85008
15980
39695
87768
77296
40250
76973
95249
48600
91970
80092
22487
21615
34493
12611
52324
76916
47727
97196
67745
42057
21118
51665
52544
44222
20609
48112
20146
77730
31320
28144
59355
77214
7442
96459
47308
54393
97344
2878
36023
80528
80574
74219
82382
96054
98467
20528
2722
38920
88455
2151
47459
40754
39342
94437
77900
52439
67288
32167
4948
87616
9506
60041
3163
21980
63838
4248
53445
79963
68636
73272
78183
37959
39033
20476
1034
80146
96216
61397
56554
67795
55353
3760
2803
23121
92449
37826
15575
28526
78870
82788
35131
73058
87211
41347
71412
7476
95704
57753
19032
66441
16669
37860
72434
63254
75954
49794
46199
18625
24665
76114
20030
92545
21604
77079
26132
36513
57333
49836
60067
43026
4671
82395
50256
31173
97996
68923
10300
93333
59636
8931
47471
14918
41275
87757
23446
19993
35534
77601
14617
56402
1412
711
70654
8957
46465
8081
87517
85514
13814
58996
5158
92259
33313
28673
17427
88908
65837
98946
38691
32913
2734
18657
43993
20791
55539
20135
61914
82676
37275
66666
99005
58643
6907
41011
58239
81333
33007
94459
66151
13501
69247
84232
53666
74921
59498
27235
62890
22961
1080
10269
52174
96669
17460
94257
82139
49931
33092
73665
24573
80868
22398
33042
93986
60846
70874
10083
90912
21205
82906
87443
24619
2482
20897
55566
69682
22448
42946
99821
45944
70767
65948
56909
99224
92408
65220
48018
96268
10402
47916
59644
99123
52582
91029
56592
28867
37556
81136
5096
48986
79060
58859
10024
58672
7789
86295
4408
17900
14326
97226
86358
76638
91889
73703
33631
89866
90326
8815
81920
15092
51179
84245
69177
59182
54797
62735
3091
42051
75411
36790
74637
29851
49995
20494
13387
58353
5599
16897
90273
89717
8419
74705
2548
95556
8687
52255
34446
90044
41378
117
65240
19802
21498
94225
15283
68898
27502
11660
1953
21355
83468
13644
7754
89366
40547
88681
81708
19513
66859
69788
47405
30588
33670
24597
20205
91356
79361
17535
93573
70847
67829
36752
95866
82488
56113
51610
40706
89160
74006
60276
71942
41539
86932
82512
61067
54504
72190
70705
33023
40065
64402
20419
29368
81768
80956
78942
41949
45159
7163
13710
8180
73206
72580
29460
44252
73246
88959
62779
16120
9078
69317
48377
41829
54598
41301
83671
64400
13547
3690
20018
48089
78
54635
12639
28898
79636
92028
90904
98614
2549
34564
12859
45996
22221
7244
65406
23271
80157
16968
17654
38690
12916
89134
54674
16135
53524
73558
42842
21705
80699
63569
23019
40376
71953
29163
97916
55660
84017
68990
97916
25953
29228
51463
3147
58609
30012
82790
8900
44336
25214
77621
43699
37038
84317
43585
33222
94120
15410
33970
45346
39953
68337
5586
99036
86643
14123
39493
5417
51914
48889
90977
58856
90774
89109
64749
48730
3384
14400
35511
74332
12268
36992
78976
58105
59458
24595
19259
73864
8064
35959
14711
28743
12487
56775
30264
59290
71619
73478
33045
38500
6053
80594
1242
81543
83308
14859
19461
92691
17029
23718
85269
4385
28420
68453
83804
87367
39893
22834
51498
34343
3516
66484
11157
57903
54986
7198
31427
17692
82031
28502
61304
81229
6369
97075
56676
59027
6016
45108
7325
20167
99261
40247
65538
95067
82002
41283
76342
86135
60785
18201
15606
10264
51212
17067
8406
20510
46125
75604
30753
9103
52565
21658
18575
28663
17786
11026
96659
16515
852
94435
9215
54368
4808
90393
68469
49824
77872
75660
10113
24368
9684
8030
47129
62514
15621
73191
46295
87988
35131
93923
86754
31136
12683
4940
84506
38892
70581
98508
38039
22722
3503
56858
54079
37810
92231
54522
95231
40937
68637
63742
23317
98332
82221
84204
11557
41184
9942
21796
31791
99601
49583
25869
3627
74550
88217
26402
56031
37774
28419
3226
46788
25309
46774
65593
91031
58968
82313
84367
64955
21139
60446
43651
47699
52167
42368
76173
50836
1616
22733
42115
16643
39836
62969
41538
52545
34689
80018
76947
53005
51276
69498
16637
73307
85529
43324
38376
94261
61762
65292
93113
64731
78009
72989
70489
81870
66789
25065
6162
8909
58982
4823
18651
70634
41292
66032
70005
40954
74072
61506
7606
89806
45986
27240
99794
94458
45618
52345
30753
11538
48032
26084
41172
81872
76797
70167
18765
41792
63723
95376
64209
51961
34838
41317
29415
18753
30312
36688
77000
11261
9683
4704
42228
69048
38149
18801
54432
95234
55367
82528
86044
59231
95041
85988
8965
49742
45841
65336
58492
88878
40792
41447
91314
98065
79380
75029
88906
50507
76937
12117
60512
24277
47283
21968
18084
20598
86108
38015
26428
59347
10432
3046
54423
34723
75249
60611
56265
6346
6190
68962
73899
2908
37704
17876
44026
47318
86793
72303
17780
91626
11877
46717
95663
70398
73169
27229
72646
96373
46261
32549
10782
39178
92319
69725
80404
50993
81305
30563
22605
48517
28588
70572
77728
28282
19972
41909
2158
34933
8381
22071
64753
75940
95927
10698
50184
3491
95474
40506
24904
75018
73273
43103
8838
20848
47650
7595
81535
62634
29151
23089
20298
18222
68383
27508
97272
93039
86010
79990
35832
24384
60343
86936
41854
80272
41138
48664
52411
59419
91848
68809
2263
30994
33969
24422
1198
96769
65790
34889
36160
62068
37862
48985
57664
85946
39420
52205
60500
26561
68898
87549
19565
75722
84321
76841
15367
78965
89671
38662
46850
45437
76361
80018
60339
96951
6662
74634
88658
64429
48378
84758
60702
79192
22373
27748
83495
60017
94068
62991
77079
92885
6325
75743
79873
76288
62699
23243
3647
25039
12191
74665
79336
56134
55212
86984
20347
73627
92030
11426
69301
94522
31704
55297
24686
74549
72282
8597
42466
10189
47634
559
26136
98554
95786
79563
48097
86605
75801
30206
88703
14289
15796
65880
64319
6136
91550
14490
13802
43346
55710
58172
31736