81431
35805
57328
42149
37395
71208
14614
68067
82916
18311
95958
18153
85821
54132
64715
6790
32772
60490
99596
5652
52057
66878
8128
67016
65301
69768
48338
79849
82354
1050
96146
7848
57372
6015
21951
8436
84752
86047
34214
41646
59543
38440
75680
20987
34478
34883
99052
59687
37199
33099
62593
72320
36256
53629
92720
84990
78072
16620
10646
83859
49608
28566
87161
76108
31167
35110
83070
63884
58859
33845
17002
13179
49976
40640
11488
90595
57267
64197
38986
26519
73330
43598
86883
67302
9534
54692
79754
87899
51479
51918
22025
46465
39478
22515
56552
84993
47526
78434
6817
80127
40363
381
52711
38211
40559
71854
90539
4091
48125
33580
61671
79690
75599
77305
99868
94613
88494
61638
14918
89260
27648
74808
78469
47081
4028
38384
51100
43218
4273
10765
77652
64101
60651
62345
81009
65092
20993
51886
8097
65255
39106
54314
98298
48413
72067
7795
71103
4852
24980
27098
77370
82325
93051
58624
80509
72991
75530
63151
38740
52886
94709
83819
8
15631
16135
33265
16330
18320
70870
58487
47185
60422
76498
21817
89567
24084
32837
7144
75614
38477
55457
45076
51865
80094
31630
28161
17398
37724
71488
86521
10224
59529
88268
40087
80213
50080
71874
1939
27280
86259
87828
90067
25381
74465
83268
80800
65067
80318
22650
45085
57320
36396
38987
57388
40845
78938
46205
69485
33383
28902
66896
66075
80551
49385
45949
87272
32823
7108
14010
19277
64324
76994
46854
80119
32538
77735
12278
67827
48982
94351
12552
61423
68119
20009
62184
3653
78387
9836
98435
99101
97700
11390
97465
4648
34391
88282
86341
18090
91010
68933
58471
80387
53968
7608
13992
80257
32114
74627
35633
68084
49584
79045
46180
40112
13198
43619
32859
63734
20866
14722
49567
72450
9462
55152
76361
82605
69569
3627
89730
66438
62825
3275
55699
99421
2448
28529
93149
1966
29265
97359
74971
1789
52736
36358
96801
29383
55338
2539
28129
38174
98842
56450
8744
18622
63811
81246
47700
95118
37117
38808
62062
26445
45327
83110
48079
50399
46138
52920
19600
13738
27702
45325
25045
9269
16696
66231
91496
31498
44540
14580
85081
30879
61181
65844
56891
27337
82818
6842
79671
71899
8964
86376
55570
42292
33221
33817
23754
4820
65363
55089
42119
44493
22398
81942
50093
63898
54154
82199
18612
16770
57383
87864
96584
38095
74532
70468
17178
51455
12847
10708
9807
45264
31801
36787
19455
68847
70605
5108
60340
18721
10926
48112
73245
36573
99183
54030
62469
94093
4029
38270
27722
41981
91217
72516
36020
99284
94701
53962
51223
87409
87700
95503
49908
23283
61294
46089
40800
35007
88641
8500
83313
83689
16196
99260
49693
44039
12719
2190
44984
50815
70836
69161
35556
91008
90271
52026
92500
62089
27921
74430
26530
4700
82144
9972
44411
28531
67177
9161
20910
35977
52470
97825
25227
54663
91583
68854
62120
14729
71404
35419
14466
18086
19742
71230
18425
88180
75235
80169
19503
8693
2499
95548
61325
92748
55063
20436
42549
18334
9693
82521
89276
97200
4107
95668
22978
49703
41906
61813
26250
78209
66600
73697
7495
40290
10457
4869
60991
23860
10164
83796
61678
34307
99495
29725
5179
17409
16549
38997
59290
25197
66132
79977
29306
95010
17761
92048
50366
28473
61937
41386
96802
98698
87379
58228
2586
82393
60350
20806
3512
44604
59970
13171
43781
17301
55344
77738
18058
73256
65372
20659
78306
31111
34063
83648
31338
62262
52387
486
60357
4744
99014
41875
84778
42498
66780
57097
40148
94538
30944
69156
74003
20
33906
7722
5273
23584
94196
28242
70480
97090
92536
5746
35297
94427
8492
55820
93123
98265
23303
82210
41500
77133
84006
80211
73635
63630
56830
26611
27575
40129
6040
29895
45589
26725
88042
62999
7351
25137
863
38393
83409
82706
25741
68283
11901
3986
50370
35096
73218
87399
44339
55820
79727
57326
72247
5250
7693
95816
98555
66971
83220
68652
21378
19738
99672
29562
19939
5713
11979
15107
26024
95377
11872
6222
38146
76528
92752
16054
53388
45976
12964
85136
56777
80979
56328
33158
63767
33676
21507
39274
29962
6048
23354
74791
38833
69061
99222
13726
65984
9769
91788
59144
94425
17253
63032
73711
9103
26862
44548
61025
19928
94238
54750
99240
61469
41540
88688
79555
64232
12003
73945
1535
27762
58638
3623
13057
19064
44797
21744
53528
23001
62575
83686
75755
68892
39915
61152
57975
58175
76433
81665
92786
87918
17652
41499
54644
63992
58892
67536
96492
26207
36279
20087
81058
1901
5418
59957
59354
19584
514
64293
23785
60390
85436
31894
54974
99798
96901
6628
5912
7013
87404
36110
70244
10575
75526
93606
71653
62206
4903
71843
77620
50180
20064
37343
42029
61586
85098
33285
4535
4905
78849
99362
96572
39542
51643
93366
57779
1749
72050
12607
2790
47553
6475
7071
55280
32392
39348
1103
21334
85076
99101
11824
25421
79960
24093
86590
50123
27163
86194
61808
40618
77706
30361
89955
24850
85939
73531
95928
35092
35806
62624
77485
19067
31942
64908
41991
58894
26304
53276
69948
70191
74972
57459
26083
50390
99619
9317
44418
15242
48636
71374
5376
49336
83135
48683
87265
76297
49132
94895
80455
77864
36783
41175
16654
17215
47459
49344
83084
54146
27461
93626
27545
99276
53636
36143
43544
75234
94673
66104
59223
2475
82424
4175
79123
88665
19325
68485
57881
82331
97715
85451
10611
39190
94792
6213
28414
8712
7431
84072
89478
52449
86050
31304
29356
82549
36448
23756
62699
61072
33178
5943
91956
75903
20463
43977
45192
64539
55023
16391
58772
32354
41916
94390
94334
40566
13704
72277
64856
48245
88540
48335
3325
96506
17126
92346
7073
94539
67140
68918
33970
48903
45600
1433
86404
66007
13415
5580
18376
65604
80052
89708
87998
61302
10471
70456
52756
20519
53339
29359
51788
63920
44040
97800
26445
2027
78064
57656
97541
91404
72425
69058
69753
21617
48872
89377
83294
10367
46578
43381
36082
25729
81732
70495
57186
89240
31087
29762
48604
91305
92829
36917
37385
18673
23956
91772
90897
72291
7004
505
96173
30226
84172
51222
35824
69040
73409
75617
13231
35060
76431
29079
53675
99518
55504
72675
48071
65098
61006
88897
79082
63801
68025
69079
41579
18711
81322
57652
96062
88399
30410
32397
75199
92711
81824
5371
65908
737
81537
73975