89458
71736
895
18358
64539
54549
53552
16894
60527
31827
56944
55308
88654
92086
97548
84883
65296
37485
78897
42968
25883
25593
50445
25548
369
76847
73140
8462
88218
2759
57889
3629
65717
7102
346
47822
45590
52829
99002
92538
40108
43023
92540
87099
9941
71348
36882
50325
23259
91837
1728
25111
81003
34794
75169
79182
50906
58728
63690
98281
84516
60232
76740
59534
93481
54635
88155
71015
70762
42674
92716
88142
60150
39289
97766
56711
46066
46507
62609
51204
54686
99278
95589
90941
61516
98879
31763
54173
49205
71373
75464
62529
77473
2487
79743
21595
82673
24078
28687
38323
50591
73858
26376
44943
71950
35335
90473
81429
37962
94208
79198
29983
62240
45957
80524
80806
71814
7104
29048
47229
47174
18513
42608
4393
73662
87848
80025
84921
91003
9205
87163
52837
42663
65807
89164
50634
89863
56887
41748
83976
55430
36454
68723
93822
88967
11476
45606
29097
16448
85641
64238
46821
59145
80952
87765
48206
68521
52850
38012
2928
98768
91518
10776
66155
37112
25717
39142
4499
95119
59907
55415
12685
13995
95129
48849
36395
44167
46034
1127
3205
85595
96014
47508
13716
74599
67710
34822
19271
26872
28834
5065
75832
46660
86544
21071
30741
27286
48855
40661
49373
44113
55785
81631
28868
81531
8893
20266
88503
31521
22508
64469
94551
19186
48474
23518
95087
43235
73617
72927
45054
19451
99763
12177
55064
51285
89897
99007
64795
65274
9873
68051
89504
99066
44498
64174
44669
87571
72349
27203
69178
71259
12508
87838
10386
22942
3141
58825
65339
28972
1662
30693
24690
46953
92835
60997
22220
52023
5344
22657
43430
95601
63709
33321
10977
73130
35364
8478
81391
75844
40071
26991
75549
13545
57736
4799
64259
47956
45150
12663
44867
46263
696
16972
52228
39251
73385
18533
7100
97124
50901
81837
76289
25315
27436
69349
34828
63236
84
49374
13082
5895
5294
68379
11780
44165
58362
27355
89062
79529
38424
66682
81078
13854
52745
98793
10844
58984
68390
34306
3023
58504
90819
18044
47519
37625
73513
80340
56739
8443
124
70948
68599
39375
41659
16721
96631
6837
42611
37459
98476
63540
51111
2890
32122
69956
29947
34946
35546
8794
34488
22943
49066
94657
57547
52043
17109
62197
93959
70045
84851
61946
68768
71103
75776
2231
11913
8611
92282
56071
72397
92780
96438
99647
43801
45061
90211
80421
15223
10232
41576
99971
86288
36800
82336
61897
77226
8063
61134
83807
69180
57994
27028
34663
92080
82583
56217
56526
82968
84808
76
87517
87248
47212
68016
76482
89174
67816
92123
56158
16897
46750
83405
60769
13792
35483
91863
48983
14070
47695
16903
82235
61700
87108
61204
57764
96333
42366
30791
67901
5920
96953
18971
26574
150
70052
82177
28488
88226
40753
19576
31039
83047
32872
89002
88732
6010
44366
30285
7389
86588
10641
96994
31657
46773
30705
79215
91003
44180
8647
43977
41210
97013
67143
77953
72525
38870
73336
11027
43341
73194
86128
52858
21337
54131
514
66384
35151
91542
65078
8520
31942
29975
3878
46536
30245
81962
73422
68140
6832
44645
94343
14604
16777
96293
72120
82006
82365
92839
56525
10199
64005
7464
84592
97806
7787
29378
21341
14140
92092
30155
28761
59491
26146
2808
93388
70073
4602
74498
70007
25859
39661
8802
62261
97115
91436
66805
24535
43702
46995
4868
36424
339
64024
59255
11639
4621
54492
57579
60016
8609
21360
20149
87021
16962
71565
3303
44620
48211
30443
25744
18099
43798
59054
81473
51269
95439
12755
56960
23120
82651
483
1425
49302
5141
37985
82302
78116
8651
11690
48820
54759
12951
93648
52779
9255
70866
24435
42079
7941
63947
15264
60636
26271
12198
41495
19869
4123
14359
21698
77271
52919
91535
94698
34314
60282
45156
45970
19956
10266
26902
16094
59234
93976
59615
38471
21316
50968
96981
27939
78346
90458
14165
5958
25358
59019
97116
88359
10242
68835
18672
21327
41023
52473
58712
49252
84639
57514
99291
58570
51611
36068
89433
39126
20659
88716
96337
36894
70925
12955
90554
50163
9335
89529
51103
88510
44091
35811
4478
48165
74776
99009
83943
15158
57019
16500
79861
30377
37698
22903
90245
82139
50413
34829
57403
44969
97080
36178
26034
72962
58198
61336
15387
18737
34057
14616
93850
80375
84633
77969
9871
44062
17116
53719
58329
35524
9802
7581
29393
66348
44836
52176
26535
42937
60606
85309
6670
30672
32172
29522
30890
55356
37169
26810
32232
19181
94342
46994
7954
87694
85517
41281
56481
59105
35027
71385
32960
87864
67157
85925
21452
74574
64843
26372
11827
70942
29350
39809
51084
42106
7901
46022
99646
75179
87007
37156
944
92519
8909
54117
584
1946
1069
58669
59063
7757
41644
15606
80208
72683
82020
22463
88386
99319
33334
53650
63388
33877
34795
20029
10001
25662
45460
48292
59855
31940
20182
21457
60287
71996
99702
52724
52349
8351
58007
95417
60755
46339
80319
71552
94044
7661
26100
95886
66026
34905
57959
90646
97357
2021
15203
35306
14049
57641
33133
73625
59279
69573
26146
55526
9032
96505
5791
60606
24864
274
99692
47185
40951
83856
26891
99462
48512
44306
32527
32669
70795
47183
49529
71691
41893
63142
61551
45018
43930
71470
89239
97691
53446
1021
38765
72489
15603
81997
97008
25560
89348
20178
87627
22772
30640
28847
24156
773
88030
11878
27818
80170
57126
83761
93789
71669
12649
39672
43110
12836
25812
24620
42578
66444
16476
19825
49326
24167
78437
39337
83922
74447
55936
31573
67788
31253
77229
9333
26982
71169
56281
72988
53419
27958
87837
78728
65450
63213
92250
16855
24586
83642
65275
29348
64135
77112
41049
83138
4053
70143
58249
36497
14610
98879
68361
48834
77512
96185
26041
57661
63654
50552
89067
68158
23659
71264
25765
76622
64410
68084
58438
56715
89479
56539
87101
5514
47494
1478
5590
51486
26454
73308
92162
9748
59153
70437
51801
57213
99616
54002
95175
63340
27085
11448
72851
46405
52444
74364
38868
23893
86027
30791
50274
4340
91335
34369
20161
91946
63158
68087
34001
8686
55344
69135
22116
11588
70069
88121
12076
68237
9477
25199
51317
19881
56865
37955
95166
32902
50915
68599
24352
95801
19340
56682
67736
71786
53160
82582
60369
20646
68046
96578
75693
38877
52679
6629
36992
40127
47338
61882
49432
15389
87472
23604
18845