65511
66925
1073
18003
57341
77523
56749
77175
11123
82343
59406
28752
54820
96582
13657
43944
35908
30839
80399
69850
86178
99243
81863
52589
51844
80074
4763
78155
97479
81878
43146
67620
17067
76776
28293
42063
75803
461
63367
51022
9306
20789
21542
47091
59473
36046
43502
9539
92934
76947
25940
33101
2988
86813
46726
42894
37314
19766
13835
88692
68484
33329
87283
83642
84084
48219
84714
6794
22719
61040
47325
10797
74829
86633
89954
48270
18367
57007
18874
98994
38050
235
37819
49430
54677
42607
20924
31808
61982
20234
46466
35660
81187
52898
20733
48657
44557
6248
47027
33576
88813
56631
1152
64174
75324
39684
78331
22091
47461
1052
48267
67118
90173
45603
59574
37291
17383
35589
32316
50903
71076
64499
64994
45636
45374
68445
79305
46245
9041
49609
60958
56048
46360
27115
3705
70623
15599
57900
59549
77383
97011
76479
19959
87303
47857
40282
87451
70523
42171
91790
78576
31948
72809
32287
23069
58377
79951
19532
58486
89140
57949
20862
80
77504
89008
95978
40367
55296
57266
67008
32227
34011
19875
79214
26315
55802
84981
15780
41746
63781
22241
45433
56355
46077
68109
41601
51375
75912
75580
48141
65334
22822
20077
48628
47656
35562
3796
59559
89317
55242
33718
27862
64369
29962
82748
96627
21880
66604
41175
11117
23078
97230
90911
93148
5453
95085
39365
2931
17297
36068
84501
187
74994
83014
84931
66226
67489
24812
77055
92028
73978
30150
83
82038
58249
22101
58860
35637
88919
10643
82815
75952
93843
52965
26371
5596
5178
12629
49162
81564
45863
3977
72802
50408
7010
78924
91838
49175
40916
91470
58082
5093
25317
99713
81272
14251
46064
19537
6524
85567
69783
69847
63662
40881
25185
16898
40912
78826
95690
49592
67738
73596
60295
81731
60717
67206
16987
79801
36747
16807
35291
62701
18141
32532
73450
7135
77577
42742
6787
46255
1663
5343
60216
42517
20254
57559
1645
66984
42017
91895
67129
36447
56737
88491
11156
43277
30165
88485
579
33609
15025
52601
88816
4386
14918
55857
68226
23195
58960
86820
57666
5765
71664
35786
95123
27747
42537
69775
71443
4385
59415
34298
97826
31673
13776
57678
95750
41976
58478
55462
56470
52870
32033
2732
16142
82267
29088
35484
92200
39384
71164
22170
93444
52320
47175
1830
87739
67705
83024
94010
44989
77212
72074
79659
50803
88047
5107
81512
53519
12565
71769
11008
11683
55858
36279
27248
66467
12273
41221
74663
30743
42997
17185
6192
25145
30258
87397
98073
39697
43901
28154
35085
51398
9923
61587
65462
7837
62778
35768
59474
77618
91037
65895
99583
10726
64318
15224
10704
38391
84194
85876
23192
7333
6784
89223
53355
91489
56602
84248
37415
13805
12237
44060
68779
11121
30823
73374
51208
32389
48126
48583
77914
5142
86925
74593
15293
21993
20990
70266
1150
96305
6811
59778
11476
2904
50615
72193
38228
22221
87591
31135
20734
23120
30848
21054
10887
81622
70822
31387
40429
38045
8794
25319
61977
50128
10569
62438
11518
53360
2090
30466
90345
40236
73718
35280
22231
73135
17596
86756
22563
36377
58237
89644
63444
13949
64615
81423
63050
45963
67846
25600
25624
1730
32849
38275
73614
84484
19617
52603
99254
74080
48208
39311
862
89996
91921
43320
5942
15362
21968
80769
81965
57827
79877
6627
23798
83103
66763
39826
46417
75040
5926
30090
54889
27568
25842
92713
20845
97196
34150
38052
39458
99192
63046
58973
50702
11652
47865
76007
70915
34718
3998
85532
89552
98078
48100
95064
47212
13824
14381
21047
86766
79499
83940
18838
12330
61140
19136
85262
4538
71213
49659
51889
19848
71338
85163
71992
4626
74890
3964
88747
83009
37289
4488
67942
16419
51772
63979
29635
74930
53840
34806
68017
75909
57221
62155
14464
46002
63529
60338
9335
4879
45871
20040
92518
11768
87026
87062
89127
22754
4572
70274
63933
91970
56833
51059
81846
35475
3831
90872
48881
74286
96723
45715
8298
74121
61438
66050
75512
58232
73751
21190
35994
77942
62563
54145
46225
76458
32872
30189
51702
46583
9171
59755
42296
50432
90923
66559
84876
69766
89173
46520
76301
35765
94290
85514
86055
10457
69852
99614
48018
74416
81380
24708
34060
20771
90479
81274
2915
76802
99463
77193
59266
46173
67312
60291
13912
22703
13645
35975
10213
35709
92588
93601
45562
51871
41570
8529
30251
33815
46521
36675
58490
39385
56165
15785
28179
48809
57724
87174
53567
75958
79237
53042
98358
24822
50826
39360
28308
60349
50400
22873
59692
28129
858
32728
84539
18273
68333
47739
2888
27393
85934
63334
42125
7227
59822
38873
88806
82518
99882
45486
19358
72208
7148
15405
56688
53098
3244
91242
31071
19063
18612
22150
58529
20045
46
39970
55226
28727
53548
4980
81287
72931
73723
2744
36752
11001
69800
35365
37815
60814
10134
39947
23560
94747
96833
19009
41701
54588
64442
60068
83687
16840
35990
91616
40039
89319
94348
65824
8146
49430
5615
37536
65384
84773
73663
9425
35073
64688
95306
64408
62788
87174
31232
16348
32504
76388
51884
4732
24358
53105
181
62222
27008
59368
35071
81090
30062
77281
70097
99662
63690
37122
77853
53702
14207
58932
93021
25692
45857
25879
93759
78159
9779
8122
27116
84022
41307
65326
67621
41707
78255
39069
33892
22002
6446
4585
35659
17628
33059
2490
90051
4182
84903
21461
10120
95226
32997
71864
29648
71961
44617
55996
29903
8724
43405
49398
18927
24323
73830
2490
64498
97291
62654
17830
49643
85757
41393
94210
22242
98536
42983
71735
90780
39699
57153
54641
8258
17320
96111
5286
2231
7488
15001
83335
86441
54588
9601
14493
93732
3188
38708
57003
797
19783
18176
35475
53713
59688
35729
61420
41022
90015
22919
28862
30944
6210
24610
74322
92848
67844
91844
96744
17427
93063
22239
5102
99298
46258
17522
63294
78126
78579
82881
27000
87766
90405
42653
45187
57120
22240
83765
78169
67914
11290
44542
18761
5907
42888
24049
74988
79506
62462
3789
79785
45714
81610
25199
51051
54782
2702
34033
42011
40312
29086
70858
93151
80770
88486
13919
63201
76629
65213
49923
89660
50107
84972
83533
98218
84375
6741
10877
44796
76517
73771
35925
44172
12558
83592
84566
15900
22364
64170
48350
74598
3193
23597
87170
18111
61296
16410
20287
56228
79555
38034
46239
33108
24075
696