97091
23104
78428
8329
66164
81894
146
52144
5649
97138
93299
23329
70036
7618
95615
90158
65395
92149
81415
75684
30653
90035
35431
87099
98385
56860
1844
1916
56710
71070
96096
74781
81598
40453
74769
96400
83679
8287
17369
72566
51970
73991
80870
43071
96729
15472
899
71767
62984
68831
15359
62154
95369
27147
50647
20405
35207
55240
1497
93329
47589
89053
51939
66453
83099
144
32118
99179
982
82243
96869
79497
24780
30396
63436
27987
72272
98994
63826
30176
56088
2170
33322
9502
41687
85822
22226
7803
43850
94456
16260
16352
89133
19410
77993
52176
20469
69702
3716
37755
32367
34894
9339
94630
577
67825
4403
95828
80229
24844
28349
55104
32484
31395
91363
45488
97788
50410
45515
60292
90029
29837
18485
42216
97506
15978
68664
99376
10845
11429
47479
83637
95796
73412
44750
61248
33448
14346
56298
24679
51542
94369
12645
59241
53793
5369
2927
27350
54463
62828
67998
32045
68222
99844
76582
89047
46344
39332
33913
65670
80371
28680
40892
93553
90708
1401
25433
1628
61138
82620
27907
35608
89433
64700
38541
43703
54057
83079
7015
74909
44548
31172
36889
20003
9111
70165
69371
4901
21888
69130
57405
69534
77765
38723
75696
51520
55646
86314
71730
76985
77499
18194
27723
9030
22319
32679
8489
99754
42422
95408
17552
73743
97675
90423
56135
36628
27046
37198
68076
83148
93544
12914
20097
3074
43177
55679
49604
74430
56117
68195
90715
20322
83589
44845
85348
11632
78085
58419
82483
27417
57068
28139
22819
74285
48531
14477
75561
93216
53126
58730
69377
90481
76904
3551
37223
69313
19965
67423
68246
1953
47239
40762
92544
70635
2596
21156
61105
27182
15764
13212
82136
15374
42571
20037
72822
27001
77760
74266
29156
41314
67579
682
11837
19941
67802
40753
14627
81059
1911
76090
60758
84073
43272
81208
22048
50065
11231
5483
37282
57008
84271
40684
1895
61340
16169
44542
1970
20833
63351
78416
10087
69160
17347
87252
82414
95996
83058
55206
9062
76638
13152
51731
95771
96285
5377
88483
35529
28999
36687
82606
49119
16955
77024
20657
93534
16201
58042
85837
76998
62353
97474
26554
66210
64657
77925
67264
43242
9444
49651
7107
69037
41260
64574
41706
26540
83380
81477
49217
58820
76786
65443
84263
12442
28162
2084
19613
38604
94777
13180
27886
31521
81257
65953
27718
79993
55537
39587
15176
13131
36291
65189
86744
91165
26526
15474
29793
87996
13335
8499
70686
85110
54633
19667
85273
42240
61079
86644
28138
23349
60015
23655
91644
79329
80163
86899
89071
34432
28144
85812
42996
33135
20810
96199
77902
38307
73637
64555
48010
2913
61173
67441
83186
88574
94705
2456
78755
2665
97929
44217
37354
81850
71539
94699
8327
58168
6328
76614
31961
11640
554
45874
77004
24127
10825
44465
35172
77332
60323
81095
41316
53707
79327
60971
96539
65868
92838
52917
48220
82939
10607
9006
32216
80720
23484
56715
31615
51998
62345
66179
11678
70469
30049
16122
42559
34007
72880
77382
21248
15961
29995
83901
31656
70687
23305
45507
13062
93482
45790
53580
95810
55717
41881
11671
46930
36965
48922
85004
93507
20211
53882
54028
5720
5558
80816
55680
73806
1757
86893
26030
22995
29746
36459
69934
82671
56056
25226
82069
72633
2294
81196
14908
86442
90562
39845
24830
31984
94077
21909
13455
81700
55997
81405
28562
37487
37790
34294
69502
51533
58953
75089
53842
96124
9197
45369
21209
78294
61312
2886
817
5273
5343
32804
3145
28754
86257
4161
90306
59473
69001
29761
14612
39260
83469
14388
63760
25937
52134
64407
46330
30223
73830
77513
70421
31613
95696
89090
6266
34698
10302
38637
42703
98754
8327
96983
96015
46624
19385
49327
91298
26999
92331
63236
34441
16025
92256
82528
9419
60124
3189
10180
9130
21293
32795
65891
52531
25210
4692
96771
52184
35854
25757
14532
73080
71627
11012
43926
90996
36082
45292
89578
56303
81278
9012
2417
53686
54183
46926
98786
54565
12352
33984
5153
65909
82447
82705
49166
58370
94743
60898
68386
66166
33900
20525
4616
79339
37022
8609
92093
50656
79188
6903
42608
63689
17732
62869
85585
9816
61225
17070
44639
46157
55381
61254
13885
99747
66179
74644
10897
60033
41193
22721
18027
16233
54585
30360
70748
37633
12189
94070
71188
67800
9572
76877
56591
11852
7716
1268
20643
24243
72060
99015
73384
21756
15816
22890
84636
64393
89767
52032
62258
43593
21775
46259
13731
44250
65598
95292
96526
44642
38495
30436
91237
33773
62279
39998
10309
57654
45193
12911
30563
99173
83061
16139
3697
72205
26976
6237
81077
49806
33996
44840
21505
22548
38185
25509
17464
40982
80131
72665
63877
77304
24548
5901
54276
65228
19760
176
57830
55072
19975
75528
41211
2796
69592
53999
38488
17561
62770
31961
87367
18341
11681
65147
87981
57064
49084
1608
49286
18647
81147
17016
3345
67229
90972
22961
67832
53221
47900
130
64161
58096
54106
57077
87975
77840
2605
88410
48426
93657
8719
10168
6877
47584
16094
86047
75908
44658
16854
58826
51737
70867
11370
83684
31632
37609
12511
62371
36509
53140
32091
64827
98330
98269
49986
26851
22707
72711
86960
23576
64110
28316
95100
31657
88836
61445
33307
9835
18806
11989
37931
72250
11805
18645
75183
182
48430
89010
88217
47995
20696
22699
28026
71761
42071
69502
41060
6904
84117
21247
49424
2722
17268
81017
7463
80866
25266
25274
11982
23143
13735
88187
13210
27415
1005
74510
31103
87298
94015
94683
58732
33451
3306
86383
79939
34686
59017
68513
73280
27248
50166
62402
31658
1363
86819
79485
15170
54684
23794
68492
66596
25867
48304
64384
68446
31201
79657
69693
60158
890
33552
41314
75663
58349
32885
9176
59784
311
85142
92290
77823
46128
30101
99626
42547
22237
47262
72934
43090
746
42176
76530
65021
70659
81189
68625
72633
65830
590
97856
16177
65637
71715
73621
92695
10671
42272
69265
44792
87877
56501
85947
29340
38767
91480
75769
19239
95202
97202
69622
38538
44266
86395
67268
99188
88944
20438
90621
70547
11521
8081
11890
71655
33832
66698
2075
41875
25589
97781
77008
3630
4251
56946
87861
48642
7976
32587
98661
9091
91498
6213
63192
60943
88082
66270
66159
68803
52322
50599
47334
85760
45018
60223
61486
35887
55896
41963
64292
64812
55797
6279