24384
83778
11069
13190
75732
4107
23107
95760
43930
93478
31794
15458
19947
59215
14342
98171
41104
99358
94730
76926
711
28013
57125
21202
93172
94289
31976
6535
47221
19993
16460
37761
23322
37805
61177
80597
43519
74657
83219
84452
30460
12197
11766
20905
59487
15413
21523
45167
69406
28468
80717
25491
23846
82011
11405
73923
24043
76699
54531
34069
47773
73681
45643
10240
18993
33670
78136
91694
67601
82309
65453
58329
71249
56291
66179
10880
51806
16729
30287
75433
73188
41902
18785
85197
94134
97475
87827
86326
9108
27323
57941
40032
25237
51494
95778
6270
5127
3788
61519
12098
79268
28119
59817
52057
47939
33276
41640
61742
8142
68450
20968
60997
2807
24734
9084
53605
93036
6560
18997
37908
20989
49381
25698
8396
54556
83216
16120
2927
64532
37101
93824
5928
61674
21069
76391
73818
95625
28850
72614
42259
804
39185
34318
67627
94611
67484
34473
8645
28280
29823
37715
14995
87161
84959
73872
85304
26026
99848
22749
80077
34503
64402
20793
10437
23903
47031
47291
22621
29681
45658
11782
20010
84562
4812
56465
91522
64476
88759
13204
68489
69298
31252
97685
11766
5587
97328
87138
72978
32301
83265
18492
98579
20294
80264
47334
5591
43805
27650
76210
7554
54014
20268
50752
13774
72713
61718
52573
96669
85608
61215
30894
14801
68887
63666
42579
69268
51772
38807
57110
26442
92114
59826
24416
58289
73287
32429
36317
48372
17451
66163
20006
56109
32279
27582
20268
38856
71548
53633
37570
62836
61306
80458
98313
90846
52286
67587
64739
95506
11872
88148
31376
71678
70691
95411
26852
39164
41724
4251
60431
62280
61975
91582
64581
72882
80428
89916
83655
6813
43607
3168
99182
96704
8558
57549
19298
76924
8082
64717
84298
80990
88629
78048
74
49012
22282
14683
50935
70702
16986
89991
32642
95716
21411
41017
5648
37302
80034
1357
75980
38273
69668
3816
6472
1047
7649
42874
60684
29541
62891
87661
48954
5065
22617
38962
66554
75030
76086
45295
76850
22098
17895
89627
4900
33640
39280
95004
63858
58306
68082
91736
2512
8847
73983
52850
54239
31234
88673
88864
9226
78004
64909
55884
84
97363
50357
79736
92540
57673
58584
47539
20588
74201
75858
22981
94459
25251
20199
2184
86235
50300
24924
34008
89344
61390
37247
78574
51144
94352
23127
47585
69871
40217
32764
34517
86642
26950
9687
15843
14016
48757
59913
93951
59797
98827
1486
83844
36211
28271
59655
23506
94412
42624
54502
91010
26177
87515
80667
44671
82241
98057
52570
86904
46325
40457
42159
82814
49978
74415
48240
35092
97395
22322
64978
491
78931
23981
11305
23125
6380
74879
15448
89400
96448
24507
86653
20027
9831
31904
59500
73130
73724
57663
63041
62072
50164
18425
71178
17283
8964
90766
20414
92165
47711
29344
59459
80354
28949
48737
62251
87460
11417
93400
9744
37452
52348
42082
6325
12186
13158
96573
4943
8090
74235
56055
73125
70456
56362
19197
19978
28388
70403
36974
26107
29803
1778
75141
42646
3602
92171
33467
70328
22748
50537
53947
53496
47086
62385
21726
63478
30879
23073
75198
49907
40857
15900
54228
89734
51990
71221
37164
4677
79923
92546
84346
36318
5370
92316
61520
37129
79631
96938
76276
86254
68269
6646
4546
34220
52495
9939
5176
19366
23522
73271
64943
35520
68989
20716
27254
56711
71723
36057
93930
37129
40800
88087
93925
9916
36625
24629
58996
31734
24955
50946
92657
88191
53528
92566
83891
10984
92122
57601
81951
20136
61019
28515
422
29336
34060
89068
84496
18438
13295
15382
86868
39541
35721
23647
22066
42661
38265
93649
9583
19360
14674
51185
93220
2773
55714
52118
64265
34623
29988
57992
16387
54105
76702
16470
49516
28452
76405
63908
51542
96430
69523
28099
90151
42186
80094
66974
37861
47589
77124
51584
80404
42860
87552
19585
32530
61852
89347
41133
89983
15008
44547
74786
71069
26614
26545
81094
36025
63144
70067
62270
52483
4578
19456
81982
21280
7543
65689
37789
58912
83729
83245
95279
90795
95433
48723
60600
14620
17998
37802
49063
93326
15848
12161
29835
86207
12099
26294
69792
62400
6227
92159
24115
55983
95543
94266
2498
90663
39559
63977
90200
50009
9718
11287
57711
48445
41012
53902
99276
21409
84552
60948
51024
88579
1577
99792
78698
69138
46973
8487
32583
53488
54987
86612
63771
17582
31838
78605
82860
82650
5313
90405
91359
5695
20835
94835
34252
6072
20133
37969
85356
56053
18227
30663
1184
37352
31584
50724
71961
98980
18301
60863
31632
1728
97783
46657
8626
50379
21350
25070
37129
98030
67884
25384
92802
79727
92802
78502
8589
92743
88045
71143
21446
20955
64981
71987
3840
28502
17203
6544
82725
3620
4632
94881
18281
57026
79329
30427
15876
84811
60399
96384
10469
86127
57236
32567
51014
1871
43561
38698
76929
48811
33860
10027
69143
35854
12593
23039
52563
88290
6874
2077
2058
81665
99507
10117
74154
73421
172
99023
53754
69295
42033
68712
21341
23710
91423
93726
25272
22261
45924
8090
52576
11247
78106
70124
97395
4617
6685
7307
33491
6371
70615
10189
68054
59407
38895
57577
32931
46134
27200
23139
4492
88261
73189
55713
45235
90533
46966
22846
60342
33696
61019
41852
97487
87011
62247
95565
56542
58975
71642
57026
70990
92912
48304
3669
725
39860
95819
24536
83023
66318
78887
57223
43286
125
24463
70372
44961
96153
92736
31190
82085
15806
62147
40228
42239
84874
78557
66062
35399
69844
13384
5701
75450
13855
47670
14895
27540
81355
62860
18373
95528
18188
24685
86785
16953
70828
73328
90141
37710
45056
57127
18551
71585
99482
19974
4429
38149
37052
48717
94689
27192
40965
60788
4159
44286
27616
77293
84580
86872
51692
5546
14616
35548
53614
58290
26448
10623
35231
54891
60291
14750
91114
94915
74594
16472
32721
51873
44917
76122
49858
2750
34510
3646
36841
17113
20281
12836
40810
16252
7463
49942
80315
73967
43122
40546
61149
51506
82625
60668
91352
24544
273
63103
99064
46541
98110
13855
70483
86383
344
78945
89909
74018
39846
46124
75990
29843
35381
94515
70823
71213
52158
96445
56865
97428
71334
41579
15601
38800
8974
11324
85110
33454
5780
93456
60284
95641
54958
83883
14827
13453
21056
51689
3689
21678
65754
45768
65886
52089
59036
99880
73722
69085
12514
44904
80196