5813
11857
20107
29540
82184
82589
76419
55854
85132
81622
53003
87564
58587
89185
41146
43850
99863
86574
16965
2601
21876
44933
59724
89653
63007
70951
75881
88027
27609
30291
93288
61339
44681
95559
55774
8484
17974
15475
65283
27333
28408
43421
51984
11911
31727
50335
89646
30937
69141
36882
21510
81212
91052
33764
40965
47684
41601
46481
62415
23259
93775
91016
47872
57357
63929
90629
29611
38504
26393
52291
40241
36008
538
61183
90572
6204
68770
80509
8635
12510
73382
86383
37502
65181
74438
17768
10519
76823
39212
76563
94155
92880
8666
73298
23
98626
13429
30681
39687
21862
27094
23306
39751
44792
65026
33401
91390
79752
29332
47323
44698
18843
43466
64941
91401
21105
93523
22765
43363
59656
99739
76393
72226
93742
19780
45840
44156
34228
84375
44642
32332
66705
38290
60587
64105
36548
91019
28132
92708
9935
43836
36985
95789
91840
58970
19086
42097
47150
75411
64420
12977
73389
66340
41748
68964
74433
88473
89432
30609
26396
93443
54383
82490
4895
33235
63117
43959
8467
68535
47458
76455
78686
81720
82303
11489
93630
16269
38899
2527
6583
51510
48380
15226
24342
98569
77317
38651
70493
81904
15675
94783
65067
12241
90106
37135
17140
88131
79152
94543
57993
26696
95185
53399
29470
55329
59728
54218
83841
3761
58013
80101
20534
46095
10609
59972
46177
36311
69755
51829
89253
35828
91643
31492
20841
92570
46329
9184
22810
43125
75555
93799
97159
96427
3694
81646
15492
89624
3306
23877
99147
92610
64650
37584
70620
30767
28558
73596
82730
67840
96566
2630
46674
33075
31320
82946
91305
30284
26385
47157
45221
42890
20813
70349
69737
67669
83267
48719
95012
74756
59859
4116
43930
11763
52270
92171
43779
40001
80385
56410
60134
12653
62890
31271
86466
9198
13718
95156
37569
38668
11884
89984
66876
2808
32221
99608
18529
93509
2057
23491
63542
59839
97745
55158
20947
8262
66801
4605
8307
2064
9578
43010
3278
57976
86632
2752
84652
53813
23404
73973
40996
42584
14867
75596
91330
94418
46420
48006
45259
89175
99845
2509
95269
53170
3900
89493
11785
71919
13634
50196
41204
3710
99248
14615
69308
85460
9289
15253
22255
48739
13385
99161
26213
23306
48570
39269
63057
30990
40975
28438
19117
49511
83202
21240
19190
26312
39645
12314
12322
53793
37240
92426
99425
82
55228
63166
44899
68412
63521
67329
32894
11296
90070
60580
3715
81942
60268
59480
44623
49966
8866
75036
52657
20677
92533
75619
11322
9226
76633
39566
10106
77940
90570
88601
24111
30645
33063
17325
3054
82976
37766
44429
63318
98185
66095
19055
61232
21377
34022
66820
52032
8097
38867
45506
83972
61313
91157
87267
30722
74799
73082
60195
29649
59534
88621
45487
64482
10043
88724
59301
48772
88117
96167
14330
48641
68340
96096
73172
77486
92673
87283
91505
53410
41316
89473
15145
96434
78072
38953
52499
1758
74752
99733
21280
46388
71245
75364
25897
91957
91809
2674
98819
18777
84509
86033
54575
35966
27243
86568
80513
9392
42583
23233
13366
37485
19614
69321
64798
79363
97782
13162
13173
81954
22083
49760
89143
34415
78986
19601
83092
57030
29648
36619
95017
12120
16794
89981
36202
9599
15762
36367
12218
15998
43653
81870
81581
3669
67031
18426
76996
3398
57973
74685
21493
54797
95463
58477
26347
58598
71070
91824
89218
64934
35157
5839
66687
96110
84362
3625
42586
15983
25847
11622
95472
66986
93571
22653
87247
92958
96324
59491
66857
8853
47477
34617
40784
81188
21309
33419
6486
17316
92236
94858
84045
54063
18805
87871
80234
64189
37041
37480
31143
49054
77369
77035
99643
1369
47704
50886
35989
92209
60447
93625
37152
47876
87147
43171
59263
5518
44709
89341
81503
43857
98497
23183
47031
85622
18729
75465
13833
49936
31841
24953
11170
68560
69842
17159
36051
4484
5429
2062
20211
12446
65396
24677
2874
69250
26897
71868
63273
84218
45681
23737
66307
11146
61574
78761
18916
22688
36876
92573
73912
62832
40803
27735
69496
42106
4024
51812
57544
61021
64187
94321
61869
83804
11956
66703
71488
14342
7267
20133
16602
86897
43864
30562
84763
38199
96060
63460
35389
66099
16962
70010
34971
88272
57139
68015
96121
83411
61353
77494
37157
36047
41656
32042
49321
83469
43563
18029
85508
41352
22445
42883
40000
12538
82231
84455
62860
14967
57825
62461
87009
83762
90270
89580
27576
73450
20717
85710
20089
63853
18630
95533
84739
50629
22087
49376
63214
31300
18637
83877
67757
55199
14107
79752
20203
28029
30911
49553
91264
19042
33838
85051
25261
60432
43283
95279
31471
89641
39240
73658
24699
38157
31594
41276
17924
8442
88071
70561
42789
64863
23879
33397
11637
26518
48298
36310
82790
87834
60316
87006
87091
5559
5134
56849
93725
47645
35892
2874
52202
43872
60744
31577
64212
63614
20845
23081
22799
79688
63199
80442
22563
18560
4770
40581
92772
40026
45310
89029
45786
93601
93617
28816
13784
37752
21919
79679
91289
57112
10227
1844
40751
49230
58272
37050
80451
78733
16258
53362
13122
85964
81795
61387
51903
64505
32493
77370
85962
75518
2090
23319
1866
94826
94009
44737
53895
63167
84619
6378
82480
21965
72583
39412
64434
58025
65772
49480
91299
87681
45716
55905
31602
89155
35399
33167
64355
78872
51524
91667
14410
67448
21759
30283
20057
23932
37650
75071
67254
37566
31207
89287
56887
25409
75234
19407
64105
1498
73578
30608
94203
39538
75910
77218
29210
90011
46796
14877
9357
53491
18043
41655
53655
92353
48606
4070
23006
45989
20549
40536
49929
20202
28409
61411
53141
90570
25251
44543
5636
98205
61168
50359
8076
73385
30720
84259
8772
36716
20125
1777
38437
37797
52144
35373
84927
53392
12531
71080
24031
70952
46408
23239
69059
67155
85750
1550
96986
31171
11514
34289
40321
7680
55162
41243
82456
94395
74558
17136
65536
39842
98034
86245
33505
91734
992
35143
94716
12403
33940
28252
73752
65995
83933
20518
47539
25592
13432
78771
29371
6283
22480
29743
33458
96559
44187
81437
3713
43159
10707
63664
56260
46276
30069
36683
4630
70540
13473
17512
67888
5445
8411
76999
77821
93247
8424
85634
31258
54522
68596
24157
29588
16472
96107
56194
88319
91959
49691
14138
85576
41473
37152
89046
49408
35131
8832
67015
61126
8637
7935
98852
71522
34680