57205
98648
52159
19924
6707
8436
16929
27657
58734
26728
99511
91820
59089
26039
4687
71195
86726
52638
93135
85779
59283
10645
12727
78134
55958
99321
53101
54661
72797
3462
30322
59690
32222
33218
39978
51200
10627
24464
6206
15057
11753
79814
48964
54016
19820
53017
75730
45951
50155
90720
8500
10618
71070
6234
72220
56379
29000
49395
9378
84573
89894
74869
1301
56542
17335
14903
77188
26053
4121
80853
77979
72441
94150
68318
99372
38835
72687
43153
38511
81771
3953
86389
86112
49823
3284
54620
28866
98494
32106
11888
81376
12877
75550
17431
21927
71897
85714
32266
30345
61514
81676
2766
60258
14141
32954
30258
49741
52889
40124
20608
42965
67941
7739
31314
24365
22035
77104
72627
10398
85012
79219
54721
84301
23351
58320
94845
32450
87217
96913
99050
29199
10158
44083
14078
88388
85286
94012
23440
61571
74240
11544
2109
93952
51980
90124
47848
80344
44249
37870
44760
64993
20056
99161
82838
14410
12909
91418
82888
20287
41780
10761
25108
22237
64967
82660
16101
92597
10254
30272
13102
72457
74397
28491
5925
15815
97003
47140
39898
6256
63935
40105
91731
25239
66164
50373
4402
62806
72519
17099
87474
71446
76396
11480
33558
57765
79202
580
63288
47698
6570
35214
62700
15509
67658
1025
85488
734
31229
32379
15080
45644
84614
60316
1097
39866
58639
21071
5416
99437
34170
21780
84475
69659
76891
47281
62975
7464
6210
32015
17603
89029
23010
77291
39455
29609
90440
14650
47327
7435
1941
33159
56369
35386
30073
61459
79447
20127
58533
47594
36223
42729
95860
64420
20654
87247
59932
16236
91156
21591
49662
25028
96604
82955
44318
69306
76685
30321
6829
10483
47933
34444
54668
89430
55741
88548
72676
47659
88802
26224
82982
20077
86598
2903
3536
29826
61598
51695
80050
18073
22533
12318
41781
35389
22778
59926
69991
83886
25167
11286
32182
3521
81446
29851
85397
73305
90651
40908
15620
79444
82494
1936
19404
98033
49544
24167
19023
40369
60414
92175
76020
4993
69958
57061
40441
52093
42421
69488
25554
56522
55480
39391
53010
62024
55213
17708
8278
39379
43830
67324
47498
92225
60108
82819
39852
58386
50680
55033
85810
2324
13689
38809
20318
9739
71058
76795
52259
41121
84661
71093
63022
67527
35182
17570
97994
94050
27327
73412
5646
52283
60617
68483
97952
19260
87620
69526
70883
18029
30303
51973
70322
28161
75987
45823
77878
48780
41857
81059
92446
78419
9083
23551
95379
76951
45069
92507
27930
18796
44131
24358
85773
26852
64580
29170
13935
60841
5686
67538
83934
3770
88009
38672
25696
41105
19989
65743
12602
83581
22724
60341
76738
113
40723
22490
43713
32093
29711
25576
23488
38602
58375
91586
52640
67972
54769
99034
51192
82818
1029
81693
3950
89637
14948
8146
75780
91502
89477
93256
74841
81353
31502
5286
47030
96062
48150
56961
22791
51728
96856
31859
43102
72171
90104
8766
9725
34694
2176
54781
22985
28806
52155
16572
6093
80618
67547
3269
88129
19605
71225
20902
81427
26159
85108
4149
86819
7612
6233
95541
65740
95060
64785
10062
64353
58054
4836
90339
30327
32274
198
19210
43080
15996
40780
77269
83445
70851
72741
74431
48043
12501
48785
68469
36402
91910
86956
98458
61287
73234
84048
18668
73916
5088
33178
84621
5792
26364
89765
25113
3570
53896
329
58222
84386
16328
87687
34318
40396
80050
91257
55977
94663
38801
84857
30231
182
63943
90499
16041
87695
40493
22294
35412
16459
66864
94080
43928
76195
11693
62410
37221
77393
55740
87496
94472
17450
51596
16118
24308
22787
14747
96817
27995
91235
93705
477
83438
97398
83532
76200
44902
77848
60086
35810
50250
67263
88795
86094
69813
8656
41464
30045
62016
30768
70060
86232
27632
25371
30497
55016
59454
77016
16747
2440
29934
33251
13193
54401
35121
74384
41912
36665
52787
47863
90052
9676
84092
78078
16834
77033
63714
4841
22653
19501
1352
9815
9350
28019
35636
25523
16016
53984
2133
31672
9128
62552
30235
44851
68644
50341
21949
30959
70629
6899
29975
45875
66077
29639
22967
48960
60230
82291
27636
98786
29257
86450
71674
32912
54671
90017
68643
79735
61141
77043
84251
8916
80658
39567
76713
53951
46656
43647
96855
32269
33667
98346
44841
91548
70096
4171
79324
12589
20330
57377
89767
96792
28112
66393
10428
67433
13075
6155
1833
95554
73140
46692
74345
9993
88252
30966
82898
44582
55596
70059
1315
41957
31004
59172
78448
46972
40691
6712
74855
33724
21739
48904
73509
64650
12938
56305
87261
47166
67369
3936
46378
36960
75816
95110
77378
24425
20063
30989
78197
2700
51451
95298
16799
59315
53342
70953
68483
42618
92534
22020
75964
16097
66822
62114
59413
64670
26203
50206
29142
44261
93558
19971
89531
96431
28679
15374
27207
99668
33572
647
23291
94507
98926
11720
39409
47258
6353
89564
95092
26047
28185
44503
90339
93590
89546
52992
94091
17693
72603
88070
87283
60033
91619
34409
45336
63795
18174
26253
39923
43977
57394
26209
59682
81048
83453
72111
70718
25356
34748
10088
66864
94019
91216
65401
93689
4378
84694
47410
77887
3514
40874
24279
22742
90609
22817
87026
48276
85945
90516
38732
62649
14759
66560
47918
29502
36919
15482
19205
49080
33275
24765
72527
40317
48660
64433
72308
51989
31917
73422
79211
5972
34694
98899
32964
18834
11873
13714
95162
62297
91439
52741
77069
89865
13617
10669
16956
60490
69305
89192
63539
21193
51923
90412
31877
89537
15687
31261
28245
37190
83062
61096
69805
11259
91625
14244
92749
49873
35142
26284
42860
77922
16434
97195
80569
68033
91268
33153
36337
22375
49786
33642
90831
13255
2780
64736
8212
49810
26390
10816
93471
98130
20528
5195
31454
72795
16904
89508
75788
61901
30351
44352
12303
15060
28206
52814
21116
98345
91790
51939
21154
12176
35043
95910
77420
20545
6976
17362
5956
61039
98690
57629
36135
53329
97979
38523
76170
38717
87156
88482
918
45201
12029
43063
21315
3874
99840
5568
32111
65629
46736
21629
19257
22930
27838
44348
5197
39997
23683
32055
13236
98904
79985
82537
59337
54636
20142
3736
68393
8035
17712
38037
13298
4582
74442
78649
38208
89658
54431
99443
30442
40628
52099
72236
54678
45414
41218
41448
64074
54535
66592
50533
80686
48191
6994
49046
88946
24774
42360