28451
73490
2107
70668
70705
99882
92052
44094
72059
29449
45596
29548
50995
17205
90883
36771
34787
30763
38780
16711
81114
95480
73042
14454
75592
91702
18862
36489
89680
245
77465
58501
97486
43790
49106
44638
74160
7747
95581
72674
94854
50995
51440
8056
69395
56635
6300
12050
66525
69244
90321
76154
70734
47887
24685
88018
97287
7378
90218
58644
51464
83296
14943
74116
14436
94067
10832
23048
20005
25711
4841
14463
93528
38586
60576
35808
48360
23975
40577
82664
74589
41015
22938
74692
22330
26879
88004
5388
47381
15140
75165
77690
59745
44601
8084
18519
21945
58458
77651
33039
64716
79383
83779
58827
60613
47190
21235
45402
68335
37949
52690
64519
67601
7425
11535
90581
89716
68479
21424
62197
64473
54933
66552
81013
10225
65111
31735
38473
80578
97411
15274
76956
11933
90359
85549
1206
56611
94712
43188
84228
50032
48794
94180
31706
53575
79101
25984
81404
3636
7532
71155
24964
40075
95232
46439
21864
23960
12054
83371
53682
72980
19760
19119
2156
12592
37620
84501
19571
68348
89174
98220
76530
4083
34946
61309
6651
52077
85908
65521
52528
26031
79582
93042
92219
56615
51991
93355
71528
18735
46343
55251
34407
43601
18585
2577
32304
3560
54583
76922
67622
48191
24780
76085
33604
82625
4212
25196
49105
25528
48724
2330
47760
28502
67536
43580
84952
6119
51937
42020
92945
72459
25959
15813
22963
12497
80467
22585
40472
22912
83088
58119
83729
33975
44271
38304
60519
80427
95391
64871
19520
12957
12373
52156
35379
1561
51833
9295
89335
83802
63962
35478
78772
90260
81769
58611
45118
64940
9757
21768
63736
5694
67807
55123
52114
97284
66615
7588
76057
77258
98525
97490
85248
90155
96873
33144
46268
24258
7589
105
40585
36125
46086
28945
68729
59388
63199
97615
73424
58524
77219
63777
6583
11715
4308
73893
11845
2815
65823
63205
52239
59704
66710
83826
84586
66509
87553
54399
64171
31043
79070
24749
72274
66646
53991
85032
56816
76130
15464
46799
16869
70811
3605
8094
63076
49725
63908
16821
41017
96236
4956
72777
55449
60703
19138
38537
17101
71470
11863
80439
43868
95337
6973
41312
9
97161
5434
4703
85216
9999
18153
21778
86537
67194
85296
1126
16035
6378
88274
48226
90921
70732
91314
40710
69591
72732
24109
44888
71080
81546
70246
82539
92426
31925
33936
47331
87719
61443
10625
58292
22108
40507
49529
58175
11299
48649
61146
37443
20836
51382
59557
45738
95584
51214
60181
83890
40188
64890
59645
34728
91005
96167
3990
85009
99357
31554
15867
34509
62506
16697
71653
14148
6512
78654
43139
6039
29018
59507
53317
29275
30622
50090
22023
56237
49143
4188
52588
84800
17432
93878
24285
58628
21778
61979
99407
79301
55434
2158
86065
37887
70253
54417
42676
75457
19162
30654
27877
96498
55282
20140
49353
69004
76342
96283
21276
40893
2182
33400
13394
39078
75754
40876
65084
35240
70986
79274
38332
22781
66415
34438
82465
24582
85607
78177
12965
55532
14885
67238
16179
4207
55144
36722
15794
6119
49573
80912
2310
25000
77867
77936
32677
44308
95377
33406
32167
47069
93501
8407
89419
49173
31561
50156
9487
63201
68882
31927
47065
43148
99606
79207
84072
46652
56275
94697
78131
43842
85814
36440
2459
52586
93095
4866
7250
49405
12192
90399
23349
74345
2880
95017
41096
43314
72335
57963
49445
35668
59434
4316
44053
22054
14023
45079
4329
46670
26157
99095
17208
71431
64127
67985
60784
6213
98786
40554
13054
49459
5020
54891
80591
31024
15493
9233
97477
92049
3238
87841
78631
76044
29217
36547
93627
76598
29851
82726
99258
74914
51177
77224
85997
60657
49455
54737
57658
26730
16970
92331
86138
59922
52882
95582
52202
98502
77888
19557
1235
1803
90287
3756
46567
70439
95164
57956
23895
22638
12131
35244
11621
4710
39158
54630
11985
36562
13454
13695
29450
24917
3174
61350
34989
71995
9636
43781
46685
25191
85890
38969
36262
85904
23114
33505
17331
81530
82505
65138
84152
3362
47019
49904
34015
52151
25825
74200
81533
95970
22902
27648
33389
20985
86580
63924
16552
83593
30121
87598
68940
97431
74465
72626
89565
2318
54701
78023
18025
35818
86016
7935
96431
66785
12105
43237
31311
10940
4588
91499
48712
76292
5816
35076
9891
52953
5900
5175
4752
86750
57387
91237
42982
53796
53025
9854
66845
63920
52035
97742
14923
62244
10262
84989
51685
85336
84699
39467
9635
11450
69967
7452
71595
84274
97865
16236
52654
34674
92978
86474
80557
42724
42178
35286
50489
56492
26561
21459
35842
7791
72181
25626
10238
28625
85124
26947
12365
25229
60107
40301
28519
25560
34012
28161
33612
66012
72186
76423
88403
43952
29586
57330
55134
95356
64028
42363
41350
30361
58053
94343
42151
69247
14137
43742
73485
29456
60983
38079
95755
19139
20267
56757
47436
14709
10554
44017
66568
83329
84623
34405
64862
51406
68996
83100
69372
36460
49803
50086
5909
86019
84540
93811
21033
50859
84882
84904
53836
89306
72797
79346
81258
17312
24089
32144
52054
98152
13321
41238
51422
80166
9619
19136
13858
32699
71593
38164
33712
30276
59828
48275
26937
72435
87716
19831
51038
44599
29412
90060
89624
8060
94033
68182
47776
64717
39829
29310
25145
43795
47136
12513
53516
69058
19034
16902
46070
81829
93756
81803
95271
76576
66680
69994
33159
94220
30609
23242
84402
75503
79072
29025
36804
45962
33614
45384
51969
55212
36568
22881
45336
55003
13314
26625
78902
12983
49562
4403
23574
18994
53352
99852
75415
31817
86074
80301
36301
98904
1468
6161
6843
92357
44824
97343
34806
2227
69667
65104
4429
76894
56549
27378
86754
26286
15005
68864
46301
4967
23188
74678
35707
40103
68400
506
19268
95345
24890
61895
18412
6417
44233
9180
45783
43600
1394
58030
74233
15113
92289
57706
71891
14127
42313
99445
79226
64406
70655
73388
56184
31538
26297
52345
17456
32542
62309
15644
29408
98220
89728
6761
4156
29740
57932
3277
86981
96399
58021
73775
90692
3674
60636
93958
36224
74244
954
43659
52902
49826
93697
42226
95417
44973
8005
47902
75806
8094
82389
31658
79834
50495
88995
36147
41099
98886
31075
99285
97760
69245
4976
92390
23892
99458
27208
55188
39619
21807
45321
5528
2149
35085
28738
51663
54844
8386
61383
99273
7536
55698
90805