31461
16047
82673
35694
98487
86092
94736
83084
1812
25844
48281
52381
64625
34544
4461
6654
3343
94369
63868
1882
39993
95053
2358
52575
80526
24755
23077
18192
55080
57613
10673
92609
4462
6827
99846
71364
37381
74905
49864
85102
96882
6047
9668
37148
10046
39868
16352
97379
21408
11765
33819
2713
40953
63487
5756
89239
17214
91437
51638
79099
42087
63195
90494
59414
30950
2617
13806
54130
13820
75021
18312
60572
17173
77795
84659
85291
48792
34838
74928
48392
35346
28310
70196
63197
7773
63197
50819
73504
18319
94868
80877
86437
38212
7078
71530
7132
77088
62359
62993
61102
68239
1455
71198
51468
41129
87345
81894
16115
34809
62150
64618
74039
17035
87409
50255
31750
19246
81037
5580
69245
89559
18009
45388
7486
61031
96433
94078
71707
4012
23144
49576
20946
6482
4608
94901
51974
67651
48327
25789
56527
86555
72385
4845
79862
31217
88761
78730
56960
73375
98319
30782
88559
14006
5694
70328
19604
10183
22262
11830
84509
4669
93667
94687
82586
26501
6238
51085
23791
14242
53036
48746
63434
56513
39222
90271
8104
98663
52810
87442
1774
47791
25341
11404
57870
26627
77908
32912
2427
25228
57483
7454
21985
21805
49442
80557
86880
85081
74564
67401
42235
55529
30419
6812
14584
31955
96868
8598
14968
46414
47136
20973
17748
68777
45931
21968
76576
23997
13580
59439
3235
35639
94871
5470
30515
85987
11118
86705
97605
50807
30197
89433
13250
18126
62247
10625
80515
50731
65066
13096
69866
65282
17244
14225
35831
62717
60698
66094
36328
73177
38927
2426
59798
89709
12138
9528
83359
5311
16787
3978
98278
24009
72597
72621
44165
59848
94831
17010
70295
69063
63636
5305
7337
60537
61243
18329
50759
82330
24636
9610
67138
81558
36822
76972
44621
37393
61002
84758
92078
68449
21310
43825
46517
89754
65011
78083
16449
52908
29256
86260
90909
22763
65743
46151
59155
56195
58367
9275
59304
52716
4806
33589
20437
7822
46605
51934
9789
17245
77460
80539
95636
54730
52351
16334
87297
26196
12261
87739
93382
45530
2587
87077
2640
72172
93840
89655
2043
23114
40028
93546
13568
52268
71511
23001
20352
8092
96787
12930
88522
65527
81700
67938
23384
58506
14476
55222
76137
38436
99371
94010
24193
78649
37705
22885
97258
39993
73386
12130
1940
14376
5452
25889
10516
7301
89295
55695
97696
14436
20633
51723
22167
75738
96937
13028
82368
52330
4587
70347
94192
97496
4533
46552
9242
25511
11581
35492
84444
66617
93467
76378
77670
65230
75503
24707
6230
41331
53061
10456
51822
8007
75137
23606
45430
44595
77797
38031
78505
98792
94901
31356
87041
50182
12901
6957
78851
30809
45425
89102
60328
14767
79205
85622
4963
10122
17011
87222
83469
93727
27919
78711
6383
47635
55681
74643
25174
94582
6484
22274
73335
77485
99479
60394
10781
35076
65794
75562
34679
13489
28288
87109
25929
79917
71584
15380
56725
92219
80829
6174
64692
66236
58495
49335
6761
95412
64367
91046
41802
23451
36940
58776
33837
28100
42899
27456
66169
59921
93870
65461
65177
24956
92078
94810
19499
5784
61283
87403
33097
23471
3582
87707
82443
19262
77304
84547
59022
8040
40031
75816
57370
97682
26590
84326
50132
447
52525
30404
20356
62
77995
22860
95443
65032
13002
15943
93094
91316
85512
32633
23331
69547
40614
97354
38308
50589
40458
91562
67822
33756
26092
60618
48777
75319
88876
26703
53201
49582
49188
10903
28558
14549
73085
51001
55011
95831
17165
40718
97399
18097
47112
85897
16102
479
47843
19469
82934
6011
67040
61157
43703
48377
55138
84048
82780
5505
98898
66866
26028
54583
18792
78869
88911
51995
36784
5190
69843
62709
64954
30300
51879
53069
49906
79249
90942
62676
95381
66744
31828
68782
29986
41589
66749
70826
60092
83330
63764
35989
64247
89248
45334
23463
47894
67218
25977
27543
38915
3308
58548
89193
14154
78532
25147
20335
61355
52598
71275
19703
58640
27155
15930
76424
16158
20892
88241
19097
86324
71063
83665
34245
98229
56257
40127
30432
8583
87410
64316
14950
5262
18253
52285
68874
81194
53725
60418
7527
74683
58437
20778
84656
49008
23359
56364
4442
44092
35484
32323
82236
16262
26944
69204
69881
89730
39462
18632
25681
16425
24528
66699
54107
31666
75603
97094
44012
91566
65705
86334
86705
69293
41407
75066
96718
94049
5621
56309
69352
1216
1568
20120
75333
46811
65597
10486
33716
17922
7486
9126
15910
17062
13189
97038
43549
71619
56407
84537
48298
98702
83700
34875
98827
95353
13273
67024
56718
66221
40122
44397
68208
70653
71699
10437
69166
68882
64125
59059
93723
12267
60691
94121
30442
13258
98640
21526
82821
52448
7420
94174
1667
97642
20015
95677
16297
98361
56621
27141
53842
78956
85723
31759
3432
59401
97248
82760
59753
56189
26202
28042
35530
1972
14040
71323
57590
4554
32617
91757
21414
93251
17223
29351
77406
55591
40934
70126
78762
83712
10906
6531
98162
14592
6322
3500
39569
86849
24883
55679
49320
29234
9598
33823
18426
35545
9571
31611
4973
12754
10708
13892
62795
98279
2219
21779
34186
53326
87657
15799
6157
63194
23504
97756
21399
56670
30063
56889
56391
82754
98670
71493
95687
60227
63748
93635
2784
78026
73285
36763
89777
31034
47322
27059
88179
72454
84619
51565
86000
4773
54176
29988
30825
88800
59222
69373
97958
70541
85132
76695
77117
52558
24868
24027
98310
5521
14850
5594
47196
37213
70333
72183
60688
13032
48625
98637
21214
9145
96583
66896
17873
80070
83883
53952
5931
66651
20291
42359
97072
32177
91302
9351
31669
94235
56868
1811
66815
74913
31515
58995
5332
79861
24457
90076
55270
50809
86344
45327
89583
30077
72809
27164
48172
79875
41825
83868
96361
7806
30885
26420
38938
939
90946
70782
76341
43814
25776
38402
58033
4137
97806
83176
76861
74760
55453
97300
8004
66423
74779
43119
60772
43200
51980
24006
86911
88963
14868
98451
2250
44837
26484
33051
88606
18621
48573
47320
26127
39330
73775
47290
47665
34649
16655
72068
82945
94884
19178
90118
76885
29933
19998
811
94579
96057
96850
16930
71071
67783
89279
65859
65041
75392
22942
575
87518
19445
6539
6511
98676
69018
42606
27216
88031
52694
23509
24228
41565
79474
15545
84015
5507
81448
23751
40166
47689
98131
18988
29685