33394
94383
83457
69754
61741
23257
57084
87386
50728
12624
94574
72649
8838
9319
95417
37097
48587
20015
44301
1199
71911
20192
33684
918
53566
48095
59166
65395
52975
46983
32393
10982
49156
725
39114
37598
46151
48415
9048
13276
90879
46285
65435
65572
22028
70704
75515
34230
91160
11606
15779
5955
50722
52170
74159
21887
99661
42855
46689
46853
29344
46776
70420
50319
76262
7842
88540
11972
12417
37619
15249
20865
5502
95370
72152
80282
30737
72002
76818
48166
57777
82548
29038
14048
88739
81975
40377
93538
37212
59175
95577
13739
19160
62259
54784
37365
63475
85549
34497
7972
32311
21287
18643
55019
63324
86411
28311
46422
54617
48778
60180
65449
70746
43776
78566
72713
34011
11035
4804
61413
27642
15889
94816
12856
74428
23977
32377
55557
68999
3051
62048
38935
24995
93299
20551
36684
50551
43947
75598
73992
66453
27135
68414
9902
42013
97398
93487
70761
89939
93002
51668
6477
56509
74037
52561
39195
76788
93485
69278
63139
21802
3166
53218
89149
35745
19667
40188
81174
46794
10786
2298
43271
59987
55952
92449
40645
6128
40868
54895
17755
4758
52572
21403
71997
76146
78789
94075
96003
59484
93274
88185
82558
61989
70316
29283
89457
50384
78529
70786
22055
54143
57920
2962
51675
73832
59218
40846
25676
90583
84868
31612
41626
28970
13678
274
63052
7704
51921
87859
98918
46738
27801
2024
30745
31615
49825
11538
9482
25255
1557
24893
4245
39022
71694
67710
45722
66203
37845
78398
67516
39831
42067
75569
94353
58331
99407
8422
10570
68453
25431
33411
68770
79619
52107
12560
28655
15064
93613
87237
57224
48337
8651
13028
21367
24852
36785
36251
56054
59297
15951
39475
32247
78557
1671
65442
52448
54401
27385
89226
11115
68016
31313
92869
17739
22136
14081
67863
71590
39062
31710
80613
69611
22348
15669
24912
73224
24532
24011
53184
84259
61383
20260
52035
6016
5245
77503
58902
72950
54501
81998
40210
2378
33986
58032
55811
14211
63754
59897
34314
93058
5294
14112
362
26555
52807
98989
42334
35461
580
64544
64919
28501
48600
66699
33637
64600
75763
35675
15803
47112
17527
66923
36304
69047
6988
47565
73325
9852
42826
56049
32782
3491
66318
25798
30455
28946
63526
84201
88520
73354
28024
95902
7700
85923
72007
92311
77680
61986
83861
19203
23272
81232
21769
77937
18630
90979
73869
32221
36022
2088
37584
74267
28588
42029
76695
84822
85147
36022
70590
76229
48502
72001
16807
60160
61120
27877
3677
49869
30406
59469
28272
9814
99148
75413
37872
60387
23585
64236
37033
95705
45442
93767
99404
32070
52546
48292
80202
34445
63479
87628
53123
58812
89598
9875
80845
24995
89508
18761
37123
92203
18932
62451
42199
77764
22760
87582
2544
77069
39616
16533
7869
23117
1510
11237
57532
88839
34620
72786
66796
31105
91518
74376
98593
92371
46943
22957
48721
43788
43644
47148
50997
16389
58135
25051
84144
55938
32686
75536
62540
16596
4110
65455
84180
36837
9913
82191
17526
62100
73404
97127
56369
28494
54273
39403
1808
41475
17265
63290
90731
10386
23164
69848
27624
97258
1573
6989
87582
28917
44527
68151
9659
40044
86997
60234
28676
51313
39160
59361
60804
91530
5322
6451
56981
30233
47099
64143
29392
16270
10670
38193
86755
45954
217
58312
20252
79692
78415
90394
6993
63742
83156
67388
51034
60528
1101
32282
5862
35170
77561
89759
90255
31597
74994
35400
59481
34585
50870
90871
426
87580
48086
4446
84207
33890
12808
76447
70164
49502
96736
65597
49071
19563
67792
75238
90067
54060
64540
59037
20466
23690
24561
26656
22079
35624
77985
12298
37596
10366
15617
42605
32477
12783
46649
60582
94107
73047
25670
32945
98057
80976
7164
17885
42039
16362
2523
7542
92620
64874
64216
60465
9463
44654
3283
94143
62071
38091
31691
4108
44554
23145
41096
95499
31727
25670
59144
8184
47715
47562
70710
4586
79730
74942
9855
77818
74646
34075
48611
30184
82157
17704
66910
87348
8635
96563
91564
97062
56348
16888
67664
78148
9404
72107
5524
94935
59613
16000
38760
79900
20011
9345
51477
5788
66842
95381
8833
65396
69313
56314
13059
87925
64835
88755
35257
47396
95094
9586
12808
87936
11382
35827
67822
89438
12960
34291
27605
7722
92793
30218
11685
80753
99293
99043
4978
23343
29006
11482
33327
24543
38666
78843
33546
40112
85544
98868
56414
9341
29507
22764
90539
80327
27266
31397
17279
67355
1781
12737
48235
54462
68345
22914
87576
55648
50798
92684
66146
7094
58983
75566
70003
52009
85666
46437
92763
71447
95260
41110
32942
63715
29514
7661
78475
98036
13674
77081
81042
50039
12549
14000
34305
38608
40901
38149
39203
54206
71306
20061
19722
85483
46511
95886
23467
30855
98734
56148
92013
99806
47359
90922
10591
40071
33657
53677
24446
89074
82119
87866
86124
68341
57992
2420
4051
63884
15731
40055
60576
81874
62313
71950
38709
18993
56714
19719
93776
75498
45636
84843
18410
91074
76463
43912
50553
73296
87818
18282
13710
82650
42159
615
77756
36828
20663
85983
99344
47370
17163
2114
99843
99211
1151
23315
19123
9571
98279
93186
10163
39871
78955
32866
15026
1352
53968
57566
38130
48222
99378
67791
5516
69028
94926
42882
92294
22844
19283
31605
35564
89519
78851
67515
7128
9667
11344
68283
36611
464
80704
4252
52164
60528
97571
3529
59818
13185
16564
48701
20062
23802
81287
25078
25948
31533
53768
94306
90601
12478
69059
27482
76321
47375
65131
18671
16622
88635
66851
17902
22684
96604
72286
38762
92255
41688
66411
81383
36313
5765
14936
6143
89434
6637
36927
13298
74071
43594
70224
76088
18360
43483
33001
1979
3810
52606
87098
48685
66595
54207
11220
31014
15814
4821
40511
5329
26987
50426
81043
5114
3038
50971
633
24037
53421
42686
9049
17510
40629
89448
77942
81964
11940
30066
408
40409
55658
4960
24839
85093
91268
51075
29836
31571
9725
96205
7298
42528
43214
20453
24503
78603
37071
4149
66137
53500
33812
48432
53892
38248
20487
92580
83636
59841
92384
41141
13595
18280
35447
9523
35849
16681
91862
14955
4818
62314
24673
74312
31351
12688
61232
92400
33948
57922
70473
78331
28079
70397
97
17495
75280
22943
23361
28539
57073
69711
79133
29415
2431
43630
70994
84175
62587
72852
85571
92924