93874
18847
41990
75204
10102
27103
55523
38051
3104
47623
52251
86328
60187
50256
66888
75757
27874
98020
36714
8403
33665
46909
59152
2611
88173
4986
33539
13905
57596
71912
24255
44121
80273
12910
61553
41531
1506
84017
49994
60177
39679
47508
13531
56601
58805
78628
64258
66775
38896
31156
5906
54029
9701
43037
66471
21311
61694
6066
55928
75113
41912
59503
43071
72051
70494
8917
8036
32499
23643
9323
73737
6909
68806
80220
92058
26473
79557
52911
8422
32306
22075
14449
81339
90765
15116
9601
23454
14388
34743
61383
64870
98758
59239
61345
77677
23359
84794
95255
89721
31945
21937
59779
7080
6628
62346
95710
98608
23412
77488
36654
35638
99267
99625
56416
19170
87959
19828
78696
48442
24853
72695
30852
45525
88124
44019
945
98614
85830
62152
82957
16399
50228
46468
28391
44057
38722
69937
62542
90347
62410
90074
95851
97326
82063
53672
75453
60223
90162
18707
87091
58536
7991
24054
1995
83966
74149
27455
59603
61982
30883
59123
85596
51438
95545
50836
36661
82272
57032
24396
63920
62935
10511
57058
79444
39805
10914
38336
12905
82003
32415
15989
20523
1592
9641
55370
69681
22672
31851
5918
20610
36092
46653
46684
46319
23602
98148
3990
45619
57878
57815
99713
71870
54781
16229
52995
25788
43490
86458
33226
47660
50399
25210
33025
1459
62837
90128
95376
82300
96638
42226
996
94574
3941
42452
33515
37505
11275
44855
36076
45880
34767
1593
94169
11391
10593
33610
45383
42370
79098
30562
84702
57782
81597
96882
35029
8031
48917
62130
67980
40581
67350
84109
19697
18426
49644
99764
78328
16922
58988
23022
28855
84644
48023
87427
60020
58057
6205
12458
22336
39139
80997
71914
90279
11756
41442
10373
5207
48670
67969
99976
30229
73729
94666
73286
39930
97995
85028
88698
42100
35808
75495
54389
24181
76733
40261
45341
75742
92331
8997
46587
69265
3453
95151
42158
14784
40774
60514
19468
84940
61040
79179
75422
69237
39012
83160
70466
89576
54269
46906
53702
69401
33869
48318
31128
23942
3407
96575
98633
89270
15531
47196
23223
24917
49296
45029
17385
31397
92751
24828
94878
66238
26387
13627
45041
7118
45761
47983
77322
128
26728
57458
82802
68143
30100
24386
40101
6071
48829
28175
38818
48463
34527
19840
2269
60170
4940
19907
53974
26787
93321
3849
46675
48302
88468
44989
59409
38451
84385
73151
95140
1838
44132
34658
62060
29138
71905
55104
23015
25724
38910
65295
44294
18482
65201
1297
17276
39602
14386
36249
2052
1495
7165
18408
80302
42287
77325
40936
15773
22065
29207
21114
4043
26280
2298
6918
26493
87488
99777
42096
64772
9307
40352
22680
30225
3641
33027
85099
82185
39349
5659
8628
93028
47970
64102
86930
3630
34864
9422
16442
80689
3624
88466
27915
60500
35183
91060
11376
84066
59965
44687
8151
77821
4313
61035
70917
21108
68313
62600
64020
90323
54745
24562
32523
3180
69357
4522
96933
87820
42594
25155
32309
28930
54416
95363
77243
42822
78526
41810
91809
12899
1545
40102
46609
2389
96197
29170
90743
51762
11033
72581
56559
2184
31017
48686
4652
23306
6911
59617
90895
13578
86547
25054
11701
72056
6610
36864
12766
34418
72728
1973
5677
82309
95921
74147
49539
82453
18296
62903
94154
55551
43664
54174
32736
83481
92388
70473
25823
79135
27125
27366
88979
21457
42763
69437
49995
15622
52968
4907
46757
13196
80445
19309
32384
88682
6566
82125
25239
87488
79054
16117
10737
90710
37899
38383
13181
36412
79891
89741
75995
96033
19146
97199
29913
80508
98707
93489
21122
62790
94501
19629
95605
24097
64721
91294
45675
42616
6292
56123
391
68076
18441
58224
32168
94713
13118
24634
29780
62963
21872
85667
86093
48181
93309
52171
54833
52170
84493
65242
945
16043
56170
50214
77761
8472
78079
94464
87897
96698
84634
45891
89360
33375
9680
90321
95610
49310
57149
77222
64778
7290
95480
60907
95594
86149
40370
12144
21668
46886
2525
46653
40571
40269
30521
39467
48660
83780
99323
71853
29286
96322
84813
82640
29288
33270
64693
4861
65951
96730
57063
12760
53180
15450
77729
38683
61255
31707
71423
24849
53534
58013
81582
57975
56672
93121
48154
48895
70899
13356
18544
14300
99029
20081
36082
66152
93388
73738
34186
17018
52370
67114
83441
77471
64207
2896
86360
83234
93696
53503
90365
90324
17986
36319
8745
77037
57764
40520
18444
44988
62219
5662
37556
25302
49535
68786
41738
82891
24218
43132
6223
74538
13602
21695
48801
46708
98293
42861
93410
15433
20502
91221
5762
41840
12037
4014
23302
36569
55245
22386
30662
85155
76776
45091
48948
9392
60232
50971
55728
11738
36071
67212
79725
2710
8048
48479
39437
44477
91143
18189
85974
35594
5156
77747
33103
76526
25198
96743
25197
24034
97737
6214
92298
42048
40416
58163
76280
6433
77455
14522
65802
58311
14364
90246
1838
82008
23575
83041
83212
98373
94759
26594
31410
40016
95227
25877
43665
82190
14338
60479
63935
26741
7003
49501
47498
43854
13181
91026
35562
91990
67534
47236
42321
99464
6483
28359
34782
51971
37005
11492
52456
15902
22382
93456
49718
51507
43370
31325
92407
10508
48103
10625
28170
88143
42131
235
64681
25610
45433
66106
14993
21471
64275
7084
54820
16411
17653
85351
24010
32702
43971
88595
25153
34327
89679
82648
81359
37393
25396
4522
99793
10779
51429
35471
49193
47932
57343
60780
54738
95854
34933
72471
83362
42646
58201
46499
97203
17244
1914
17305
81959
82477
41313
10436
28538
25040
61162
82173
88466
49819
81063
917
16604
27459
65509
91154
9721
54064
67226
48546
59106
88094
67480
17162
30345
57249
52577
40220
88623
58774
40845
19763
93354
74551
15690
55845
82757
19480
39841
76659
52573
16098
89728
2852
41401
27735
33410
98788
11409
75958
51574
88404
96398
69286
49303
94613
53690
94634
73940
72451
88185
71467
19943
5242
86459
2871
46903
81600
78139
265
98259
12239
39314
48440
83331
96096
60486
36253
22419
3766
64595
14849
24158
439
20235
93105
51608
39019
76012
23008
29
19268
40360
64892
79007
19434
51455
40800
9532
80082
33120
7690
27879
90849
73033
12743
89909
89625
36892
50311
56138
34231
91461
81328
99517
95365
7728
32894
90721
53123
63964
68246
25392
70790
89196
44506
88034
92420
69148
92172
2667
55986