9809
20044
48327
86170
42138
34136
30487
77967
95607
79557
67315
74104
27647
53440
45870
51962
45731
23144
84557
4898
38523
92172
81247
47776
17562
36767
86952
96979
26792
7464
34468
90115
41545
37700
6222
43448
21821
46972
67287
31296
94783
44669
33391
88992
74832
82026
28115
20170
78003
21740
63519
76985
57705
44698
43751
41966
28401
81638
92389
82033
59177
83538
56649
73628
25600
12358
2454
62678
65036
99766
97525
23660
44560
94745
41738
73496
33526
91175
78898
65960
54837
31739
41965
10174
458
32127
47348
30605
82674
6068
66903
52534
61961
58950
66022
67851
85768
50107
2736
89208
98679
88286
95451
20426
92878
45805
42892
3080
42358
79286
79624
32409
57821
13337
54805
24974
65234
39989
11564
84528
19469
78379
41745
56375
10026
94316
52751
81321
16364
88590
55899
9713
71834
48084
35131
22726
39185
46293
93835
29328
80570
33420
92024
42124
36380
24181
44731
38127
70869
637
85937
95328
76280
38639
10089
78623
24066
37308
70302
26949
69572
54080
66669
50779
54020
31221
78907
1431
68478
87725
48311
31389
82781
21611
24193
43873
44996
21186
22109
82597
97793
40925
10407
78995
28172
32383
95187
72748
17178
65609
73457
79125
95501
16101
2607
43135
89516
78370
91802
98914
18722
56469
43437
161
23587
25549
37011
97
15593
55630
55278
46126
28063
22254
3381
78883
10153
20020
92748
16183
24762
17644
14678
32697
89128
49767
32084
10157
26969
75889
24347
8300
81043
43487
44013
91283
76780
78605
36430
50082
28822
54659
14678
97000
41484
77218
48547
15466
27060
25139
86170
80984
88964
28834
47201
93436
18275
84007
403
36708
69820
32916
16758
81780
40600
19390
15750
46890
15844
26827
3141
76114
73651
8120
63964
5197
80183
33254
22644
84827
59504
75186
37403
48627
22197
11405
66360
78053
32316
89220
12161
48320
2005
88955
61102
82929
51569
10045
7177
23090
18922
94907
93579
85819
51837
93916
36894
34939
7200
90919
5110
36933
25364
78025
28769
58189
52494
47541
66964
34333
42771
71315
89156
45021
72482
1969
79917
86123
16071
840
96497
80303
86029
64687
87319
77415
46491
89116
4808
51157
3365
4864
89674
10676
34381
34133
45014
9661
69915
44065
49598
13290
55035
25613
31333
8859
57221
33179
73955
35088
11112
77334
27015
84982
85904
80009
32662
1170
89010
27787
77544
17369
96831
51772
29504
19195
18141
97392
31671
60415
16092
97217
54098
44277
8748
38800
70418
31530
25463
34267
44334
56151
2805
33687
85687
23263
90003
5216
30067
92376
56371
78176
27487
67134
65568
78109
95476
98135
95519
34149
49758
30280
92041
5216
68302
39099
82998
58380
23920
2565
5196
18531
15069
43716
6999
60462
88988
40568
23780
17453
20961
92276
39578
34561
86384
73227
92529
47264
80674
22753
84857
92905
85065
77576
6484
71683
99567
50194
52688
99306
97907
29969
84009
91793
32276
76449
75335
45339
43257
27115
59681
85699
17252
1997
37889
85497
24058
649
92998
68165
72395
50348
71126
61341
25107
62475
76474
65053
6139
2289
33611
20106
6645
24242
68021
77033
80925
61888
18208
54684
46876
1885
11670
31809
96996
79926
43102
56710
12170
30110
4338
46519
7953
30317
77796
28817
64779
51545
84756
775
69074
57659
52328
98723
41280
90464
52932
40120
32280
75660
61251
83657
15233
46520
46210
48312
17490
69662
54315
1360
2239
15956
88433
78693
36769
57883
400
41811
66827
24874
91385
7465
81245
78091
41973
42302
33966
97547
97629
83322
99190
65658
53025
31059
80606
65442
65434
6674
87230
64045
19920
40982
37551
58990
87328
33489
98202
4422
71672
19657
34668
69464
93431
774
48230
93319
6452
26514
59315
76628
91954
19499
95061
48571
31665
79483
12973
61210
60859
84904
97694
52973
64415
9782
13470
26625
92530
79284
56093
82786
38916
53542
59520
8706
98364
71677
38592
73564
68640
39261
97173
30111
44507
17605
364
38672
83406
79395
31153
92747
24251
69694
92245
87950
14946
22290
49758
85681
58871
2101
30538
89802
4698
38938
4003
72841
5912
83658
73582
93719
60723
48647
88998
37162
66831
18830
22326
83073
82322
41472
72650
47047
68928
83415
24831
7433
2613
50778
20484
1960
3785
41005
25759
40546
41619
36644
31273
77347
47054
10787
63746
51946
59014
12392
66952
20249
22676
91915
24628
73966
51228
52220
59556
23250
20591
3907
4992
34725
38259
86208
28108
91364
79084
22083
94871
5047
44290
83166
86075
99812
16851
65475
50129
86729
98215
58279
14168
55985
24996
88258
12950
31421
85131
47182
50984
53865
7391
51985
87743
73178
60017
79694
42344
60191
11609
54466
42496
98375
82262
50500
82998
5742
75886
48097
50438
10639
25416
31754
98770
94361
65963
80773
17724
52487
93515
83722
48208
89086
88395
61165
33821
78954
22645
55630
41480
63260
85101
31392
35832
62381
1665
67772
2241
13064
98166
14445
69209
33641
48273
47693
35577
13160
95719
44956
15167
21752
8923
20973
34251
53167
66506
59477
22304
71052
66541
17538
98306
36784
31682
40794
12199
17436
3318
14250
61737
81834
2446
67147
9775
21660
22432
57418
55890
66662
70231
88552
32625
7022
10166
27358
31283
70353
63957
22548
29532
84132
91819
98617
69600
11950
88025
38930
69942
60375
80786
48143
12650
61118
76696
24915
6663
93282
57849
37443
8098
60400
57096
23937
9305
52233
74042
9764
49242
58568
33767
74187
85138
25659
93568
60162
68966
79030
67361
20895
18898
57767
21515
72226
71666
86082
53065
85367
65481
13417
65925
8134
84713
79228
61806
25467
76404
86923
31109
22380
84809
4696
85066
80041
52304
51492
97214
9708
53702
63513
40382
1285
59152
79549
24434
57741
24362
2276
38402
20894
3823
93212
2926
33318
40650
78554
29850
8290
70371
47895
48937
78961
87530
38134
10419
28869
36766
47047
30137
4576
38498
98925
50887
18341
23052
91382
77762
46883
958
98006
45917
1319
39512
26862
26075
27920
79755
17154
24285
55990
92628
91509
68098
16284
63911
50706
23302
59318
39094
78866
64900
29022
48425
75728
11407
4009
81393
70647
69226
20726
68600
54224
78270
33991
1391
71321
71784
16199
62358
83433
9751
6600
76385
22394
95171
48047
23073
37400
49941
10472
64786
56567
99974
73149
83067
63303
4003
46651
51241
89518
95832
28703
29523
67150
55939
13568
53390
20778
58485
71949
50544
33893
40138
745
2770
4449