21809
27549
94442
97134
26828
16851
60112
24997
19684
2782
37006
94691
43993
45536
81889
17755
45022
30823
19558
20757
74438
45994
11443
79926
66176
55312
15088
95628
99864
15875
50865
12052
17430
21198
91311
72598
33722
43472
61268
39158
20478
51067
63744
26805
39746
99526
98478
91727
14061
26447
24090
13457
83648
48846
95627
54775
5717
8120
6732
17563
24045
9983
23114
26
96743
74731
29450
97843
10255
55702
83191
75198
6653
14403
83267
65651
33039
86045
51509
6864
74932
85879
3874
50218
79662
21077
64538
85240
55411
43773
82586
73434
2163
26585
20395
67448
34485
55985
90066
9370
21581
52350
59932
48739
76710
46687
44711
79301
40069
48568
41718
14034
8032
88943
21533
78738
38884
80030
65243
89874
89237
30883
29256
47205
87506
96199
60396
55369
69536
2949
93410
80556
79236
27125
70299
59088
68885
56362
40377
2025
93774
53926
91010
13103
90602
16
42592
36680
57436
47136
45981
28314
48509
11209
88235
15994
67915
36636
75500
88528
99084
93781
5853
37003
93490
65650
21099
71298
40211
95014
61560
93859
34564
11886
99819
7660
70824
274
87710
91907
3648
13198
93435
33788
17235
47772
5038
90400
2930
18859
48009
34875
88745
14480
95442
82597
36920
46512
56960
67966
11326
47219
77846
50724
32130
89458
81364
46470
91153
14662
78105
15172
42338
55507
75010
82247
34603
12701
2129
93117
55565
72839
96613
55694
655
55665
50148
27683
15035
56838
85443
91821
32844
14753
42856
91850
7677
3536
52152
59731
44646
42625
56201
5052
18803
73037
69737
83011
46126
44664
12512
80723
35645
67334
96632
78061
94545
60484
73385
11596
65232
46653
33666
6384
20469
18299
87682
64571
60937
22040
91939
52572
94540
16018
8087
6616
8690
11692
43595
29483
29573
73870
91683
22556
17541
59851
19438
79515
15379
8890
38191
98665
68527
26926
27012
49727
82523
87440
53686
85097
64432
77489
17396
41272
78998
73205
11835
89212
70999
58290
1586
6403
964
16032
44110
80666
56530
16939
56027
20079
85243
49400
92108
22691
40558
43019
96858
73761
28520
32985
31134
36488
39476
36902
60627
49003
87102
28371
19703
98709
70745
78724
61774
47603
3449
18053
21869
40066
37060
87785
61258
46480
17028
94789
56592
68027
48046
41121
21317
2233
44082
23488
9990
40847
33202
82620
22192
506
4994
1813
40226
27548
29428
12548
21613
99886
95860
51627
38331
40378
29073
38585
8745
56628
58745
10401
86774
63776
3150
77133
51315
14893
85716
89116
920
91774
21239
41055
62407
11413
10966
153
29009
56672
27615
3272
98798
15161
32919
7482
24357
57903
84852
4284
70579
76557
50546
40903
1525
70477
81770
65240
91276
47680
26656
48649
43773
39616
33064
28537
10917
80966
14880
53700
21420
42709
7083
11277
20916
89259
32823
5802
73904
93560
92867
38869
65615
1385
72546
10051
77011
76342
46464
19466
19735
40832
34801
41519
96324
21177
9951
71282
42747
47587
26732
73793
81638
6912
36135
92392
89220
80940
26846
12746
6527
28421
36980
33687
61928
91300
97341
89258
99766
65805
39417
46231
49597
54243
39686
36917
11392
20795
86102
99356
45197
77271
95649
55000
34331
595
61051
29622
83650
552
4006
82324
85624
24010
98490
64195
78931
55376
41155
71458
9781
39243
80175
76634
85320
59727
78977
40789
29529
7949
2096
57797
97100
87612
53990
38430
47213
51991
86532
36771
81521
22631
16788
28521
21873
29918
7620
874
70519
4591
83681
65959
96490
5090
56193
46365
5886
78110
58045
5803
79832
82303
35476
43139
93563
89599
58995
80735
17335
79833
71016
81653
74834
34000
5477
3583
12240
54030
17628
77085
60205
95839
40963
52513
99653
12347
25898
83330
70843
21478
17479
39430
94020
48823
99989
54344
10204
10111
31755
47888
24204
86841
55716
83010
6140
54245
20760
37300
33824
32185
34984
83036
30015
11403
33326
91734
89229
57340
17669
57205
78012
38898
21051
50528
44477
98529
43130
40189
40359
43190
75344
65253
48633
86213
68884
17097
28119
32002
77545
80090
83762
87640
73504
4575
85355
41045
43178
99871
48009
85594
5480
8283
49772
4303
61319
25777
48813
22036
39820
37045
88202
21580
89402
17535
73626
25957
30588
42167
33660
24541
52322
85812
88681
71644
1278
33939
53409
27981
52335
73542
96184
39917
10482
49081
20473
36146
49290
97078
16906
59821
91365
47343
38718
4264
83870
58268
71792
81602
94746
58889
37454
11484
54285
87775
15031
11019
6906
62110
22135
76399
38835
52214
91845
76183
96427
70563
85014
6136
87668
87592
41222
24399
46181
93224
62051
16035
35333
95597
55280
22592
32373
36148
18925
2106
4200
22584
79984
38810
3965
87348
90322
88075
12901
30904
1309
53705
90310
55782
72667
2822
60593
28711
13357
2206
29327
24067
87180
98189
39087
18704
56979
62293
21295
69399
37988
29981
27011
53893
91183
36145
22752
13150
13637
87237
61056
84056
36469
55613
8019
49816
94530
92622
24022
64912
11371
90550
3361
71976
51713
53187
53530
68599
44034
5863
21488
96621
38296
89188
23783
10317
48921
22433
70243
4028
87201
70175
32973
92544
60906
5254
73327
81583
58736
20988
43659
77840
65702
15166
96900
40201
16799
73401
64813
85908
66971
85142
24696
22228
90532
6565
91954
8142
17775
3171
40719
56964
70447
37548
95102
50619
33606
18354
56427
92703
23617
71401
27832
11628
20882
59855
98407
51403
39196
72066
97775
36912
2084
23314
59737
33552
86152
3196
61385
23024
58359
38851
95377
63325
54707
45446
35405
46892
33083
35449
31048
47018
65446
18352
91833
63939
16644
28340
13076
58557
65416
45911
71426
537
60949
54613
19096
2510
5680
92189
43399
74946
48081
2831
91649
32390
61544
5282
81380
52036
93531
4511
69846
98023
23822
74058
83456
81303
26513
71617
53160
91401
79258
3666
35671
90599
52840
70303
62452
30526
46531
421
31910
10788
45972
55841
40605
30658
58666
60036
77241
84245
44024
68881
74382
71363
53099
84499
85305
80497
3277
90571
76272
87563
47523
15003
53797
97006
43457
43985
24044
45645
96792
24758
53890
80676
1287
82504
89417
90773
13029
84469
96066
94007
97481
32262
10482
82694
49985
76425
59171
13712
27088
77556
47500
53828
88375
59700
23614
41139
23370
92710
50292
72972
19383
91563
26190
13900
70678
97574
31875
48401
45203
16558
34847
15637
16608
61737
99981
13581
31846
10250