43995
20386
3311
1191
11829
38147
1941
50729
36483
63981
70095
53881
76590
78773
11205
43604
45719
70261
93169
83640
781
49317
71938
23726
76940
37306
20707
56235
37024
20149
44381
67660
54524
53254
8205
55930
56007
31935
10079
94402
77989
27660
71345
5611
33073
60478
66765
70113
7215
11231
38747
81668
64640
45354
38510
62492
30114
74894
23606
38989
37165
86377
48102
54295
80392
40699
12670
84455
67924
88366
87528
97065
71962
20540
75920
72762
45674
43345
41219
8908
66699
654
65065
93529
12797
66487
58133
69835
42474
82269
10631
57287
95052
80326
10268
63053
23995
89709
7343
68983
32245
52129
98435
3727
88294
37656
84763
89422
14188
47005
49351
81232
6056
78308
46247
63339
94534
75794
95098
57507
76692
42349
29550
35935
12832
43590
12700
53702
29693
60843
47518
5295
66538
67606
11743
10338
57950
134
32873
37873
53857
6518
55380
38233
7850
17566
60589
18957
80885
73131
97076
28842
5039
11967
68089
98168
88007
45979
11327
51099
73512
33488
88177
76017
87867
20947
69692
63121
81022
57157
37052
3338
50658
76753
63812
85266
55849
26292
82477
52211
2954
65822
71020
59410
18873
22034
77096
3893
4896
63688
66335
81062
26103
90948
67455
73478
61274
26025
82707
12289
16340
40488
70164
20874
76945
9960
9246
10004
48799
14550
61368
52720
90111
65046
8370
27469
66200
63283
36529
99549
56686
92360
57259
1130
61594
66730
63043
51154
19030
30644
10172
92520
34846
53059
88421
86010
68986
942
42902
60677
75537
60129
2943
49947
37418
16444
7835
80367
46840
71149
72813
48942
76110
41829
85709
72572
6467
80016
24245
48585
75602
84464
98458
7298
63856
21781
9589
3731
97361
28465
43194
48219
65769
68530
576
50105
80356
21613
67720
85036
88650
82314
154
41495
5505
12802
22127
32665
70276
84070
21333
2343
91776
28792
8381
32716
75618
70538
46470
86055
49088
77421
10775
61117
16470
59422
93419
81023
17755
82824
27466
72049
62446
20828
92745
5068
47459
6035
23508
61305
55528
10514
72536
95988
8855
33613
93899
5524
83007
81169
17612
39251
78863
79233
60455
86880
32043
86481
94985
2005
22389
25763
15738
64175
34647
78811
95765
6287
80259
91476
98367
43979
83005
38834
80197
98615
71880
4582
97849
46664
83968
11252
32929
54772
69062
90526
16942
62483
37455
12091
28637
55101
15749
54610
92455
99669
35610
13983
95301
92799
9765
82069
41565
25998
12456
60074
88381
86085
81525
62835
4588
6718
57339
68568
41750
43505
85915
63244
72498
67886
90624
19091
42495
37192
3093
39743
38874
57402
40353
83538
60025
66755
96590
92793
67392
53762
92718
1340
57444
50963
89716
35666
19081
58434
10742
98690
95718
66005
16197
98282
45140
49249
57585
95285
46160
51851
63529
64802
73137
93759
15424
61142
27494
20244
47869
3811
54245
42253
77514
23058
36137
60158
70949
68263
83884
76998
29970
38387
10695
32589
60933
78143
50909
55749
5747
58515
38009
2937
94862
71121
73300
69424
91772
13160
86205
81242
27716
50393
58740
52102
73699
62883
35473
70345
30059
87126
39331
80948
61302
28179
30408
31152
65018
37711
47508
5614
77303
34095
39870
17346
29564
44036
83173
62074
89218
52812
79973
38086
13633
89106
39806
88032
2711
60331
47496
96764
58026
41800
87643
78836
20860
77846
4984
12524
24223
29351
36620
18836
90903
68034
42776
69408
79628
84912
78854
37485
57338
70520
49359
20577
54047
96464
61281
15333
96905
86396
30130
56977
76719
81676
10244
74302
61653
63004
4796
78889
92212
16520
47347
54329
35062
50665
2735
96250
17626
59686
61337
90735
21165
84935
60586
15693
73461
12964
99721
30033
4537
49441
26311
63979
77713
90321
13242
17716
55925
62312
95104
75423
1319
36291
95882
9242
64755
4075
40251
36613
35010
48690
81703
90536
5128
27544
93052
20443
56848
3140
55955
42783
73558
56865
50374
84839
67358
18730
19024
86359
11007
65507
66269
17396
37050
78159
16304
23458
44385
18593
97384
92708
28040
90594
48769
73866
3302
36776
76156
83038
59753
93786
26617
52453
21516
77922
39299
51634
34097
95947
67748
96229
99281
14155
25053
50484
66911
28737
26177
29115
4842
35400
64291
30370
34942
81251
32163
42651
212
43682
20811
63006
29214
60442
28176
16459
79905
41940
53493
47297
39186
6777
28115
46994
61096
76415
11721
43665
51300
80897
91688
14764
40352
49517
92031
33666
41598
82525
3956
82619
38781
17643
48189
42522
5140
72451
90070
3250
3354
33662
42691
93430
59510
23400
66420
28742
85896
98515
45047
35974
96706
20018
31428
93342
2493
77873
88006
28671
60542
35142
24881
76572
85533
39986
47850
42304
90557
25349
4973
54592
34962
97101
33395
54445
69335
64206
91351
72052
93769
26381
20065
794
62592
4967
57863
48857
42765
93103
40189
79182
66120
60637
30447
17962
44038
70614
22262
88739
59147
73428
58811
21391
95313
80504
11420
14054
12961
49504
12974
76030
73855
45776
54343
25707
34329
51535
45923
96815
2858
98831
21990
16450
17509
58557
45000
80886
94971
24293
72276
49193
32447
43547
91874
5428
89464
50901
71847
35734
77236
29609
58232
27656
75709
42342
97465
20807
50401
22481
54453
12098
30810
46723
50419
59480
5566
87742
68954
6250
64135
61733
55952
76615
66465
19946
13422
38808
27690
94629
67231
32892
46256
97014
86170
18554
6572
67518
32427
20323
51422
69751
88747
47652
62825
46813
74151
91886
95012
59244
49199
8878
32558
48584
80936
42395
40568
50336
94329
45537
98346
7063
25046
93983
54109
85236
12367
24693
90418
93139
60729
30917
13344
58787
47709
15740
99531
70985
46949
82271
11703
97488
36120
26243
72410
18278
72697
46274
51607
84952
62314
12870
36536
74761
16735
3423
80179
58627
14321
48883
60347
3760
29908
19201
79735
97215
49978
24245
23702
21931
98048
96662
77082
28265
3386
5529
79253
46463
98069
18915
67218
74243
6275
19248
37261
92098
23205
28055
531
93554
27857
99848
36750
61098
30003
73774
14941
58980
19371
39482
6604
21927
80953
40648
6296
50117
62447
69938
62880
14281
59148
76027
63970
30557
6896
25814
95477
6034
65892
97891
6930
98281
53059
86307
52891
94509
13531
61104
14864
24941
57148
60468
70722
45269
19423
96809
30256
93519
53974
3435
54030
7541
74512
62363
24149
12038
87351
19957
90879
61924
76963
86741
42548
16344
5971
98394