40714
83349
61526
2436
9984
46519
47719
12654
71740
63008
67107
48911
8627
60840
76958
95826
14810
48913
8264
80834
95784
23072
21369
88161
10467
33912
65504
45745
46592
35033
64492
18742
40831
80609
750
50509
53018
21112
70959
23110
28637
32825
73594
41305
95104
7006
37940
42313
60841
21488
10648
39418
9190
62565
86845
53491
40779
47280
81171
66403
471
47551
64817
27878
51027
60695
67415
79121
99353
7545
93142
63792
22403
29128
63397
96413
2372
67365
457
68697
37118
27353
58868
85369
88919
95487
25841
61644
59503
77616
48812
50491
75023
4152
49646
10668
90941
16308
76252
80766
98526
98829
35161
81873
31465
51968
61366
4491
74797
28684
18206
99096
27792
16085
43849
27126
73912
19450
92167
12096
15448
72789
9965
1772
25693
9629
48186
30605
62046
33032
24836
36134
61859
36250
51081
19015
94945
71639
40515
19028
57393
1780
58484
4743
39060
34422
75207
12743
49912
95541
26709
44874
91484
89776
35726
1217
79474
27618
74026
4522
67899
8224
60682
98764
23540
13570
38282
32237
76679
72151
68347
80956
30364
52524
53106
41256
3644
84821
71803
70941
55034
45881
58695
22100
41276
7950
4465
98998
70583
19525
60761
49376
14686
5578
68751
51446
64499
47081
15764
7249
22384
53797
68304
89277
55039
4781
57242
71035
88501
92057
78897
98146
23865
13858
56790
2588
9893
57226
12613
77068
2704
85750
32837
48138
40447
17754
17014
9495
42325
65454
49964
93671
41238
14385
55939
34061
77925
63084
22803
67081
30189
66519
19220
70662
3079
8457
18731
61866
52205
47318
50537
37322
75911
28164
13644
41617
61020
87350
69772
17421
68157
45218
52874
78341
87122
73848
82486
42099
43632
67170
68680
21365
76373
11169
90395
88712
22731
62525
30707
98814
98040
31816
69364
18675
64918
91580
62817
92686
71345
3566
87771
54888
20379
64701
40946
43075
76032
74002
47653
29217
56867
68427
74647
59706
10949
61927
38911
74146
69075
91060
91746
77005
46236
89264
39541
68996
40542
84044
3164
39783
39654
73741
47457
2686
59037
95852
16316
69642
33257
6769
92996
48106
87330
45950
15366
23367
35909
44232
10676
98873
42367
96916
10273
73510
66159
53854
50283
53179
3965
96488
59911
37805
72652
28750
98595
8031
44808
14879
67958
97379
81480
99167
83811
97097
8310
67974
56530
6037
82452
22163
80012
9265
3583
80208
48845
82212
93063
38802
57050
13284
51176
46940
9518
21551
33204
21976
27819
67960
84973
21005
80284
83134
94210
88823
68500
79418
17648
92603
10018
51561
64110
76721
98734
50957
52560
55728
997
61747
48870
64436
86961
86091
48552
56555
149
17333
33967
84068
54901
72903
90927
63992
41978
27766
29089
39728
6669
71074
27189
67913
48306
64182
87139
79265
93756
7054
20432
70210
48216
32542
10035
79887
7570
1974
1675
58887
36700
79305
83359
56095
71947
87135
49875
78364
77884
43964
11171
49349
83315
4848
75132
1220
59458
71084
3659
53339
90732
40850
64520
61493
3408
55263
21888
98205
56560
73996
58372
27630
29410
2456
4641
93647
55192
59404
87786
32235
39817
88931
27578
36865
23949
37455
94017
46273
52666
24561
39450
35075
82020
4756
61763
89914
30624
69001
13084
89091
90958
16493
50022
87009
17327
19581
38449
4728
15907
65316
36814
43529
42860
1592
27828
82128
83786
22047
15612
15151
44552
44946
95227
18399
56625
19920
78108
87171
26076
20848
16176
99109
45249
66976
86995
79518
40010
66341
54366
49151
21351
45426
99922
51624
27142
89920
2637
95165
62893
21829
12897
40648
22439
59921
69015
64117
38703
2778
24074
3591
19767
52304
80624
31683
34725
73069
71548
32301
32472
63736
43405
78937
73391
55593
92094
99092
68551
51770
2937
56534
57870
27235
7779
16472
53512
66542
30007
85622
92140
55730
3000
36023
42885
47690
36103
15372
41246
58427
83402
27057
57739
81049
37239
22126
75061
47366
2959
39230
56533
12269
61277
86227
74769
97511
1103
12162
68384
58338
99556
79726
28295
64190
61387
82261
41961
48420
36614
99296
59926
17077
18834
74440
21710
55497
35384
14530
36458
66010
5153
35888
24762
11806
68993
87098
17146
76608
27839
52107
64144
69237
3508
99479
52993
15080
41221
63751
50676
49088
39567
62774
35198
33261
12341
19652
69916
58439
91348
13537
94196
16602
4430
95376
21174
34909
533
31973
18315
221
95841
12691
78748
56040
69225
90092
17156
93272
626
41263
76037
49649
9378
46028
70402
38155
32305
78684
10515
68846
49147
77190
68850
47501
2068
43181
56442
55793
12478
49646
58626
16819
48894
64085
76751
97786
49961
36675
92156
73332
54906
88398
1208
79113
92870
27437
12788
44741
62129
39196
84192
80591
13791
5500
9661
87149
73510
94459
29986
83405
22231
44531
1117
1294
68234
35174
23709
1437
96107
1258
14694
22101
25519
90217
48998
71784
35032
85922
1737
25469
10519
88637
44640
79098
70785
41927
15341
84431
63111
17633
68349
84393
40421
55503
67134
3986
90861
55869
61032
97261
49250
66223
15840
44979
85190
75765
74042
66962
37128
89212
3056
9882
12837
96521
33855
25786
15821
13001
9800
38197
15391
5440
65304
10383
53839
9294
54640
13194
17319
61239
22538
19495
65445
76046
87586
87677
89481
66768
83403
80409
99922
80705
20755
80417
86276
66790
36459
79339
63801
41721
2624
36185
19507
99849
66361
6957
39436
86675
99122
51467
19029
81785
3040
13605
73980
88251
81392
2559
79649
39400
92337
68187
17617
24532
95474
41290
90562
76296
25282
72268
56585
23710
53
85780
66025
73678
59073
85266
89992
54184
7104
13028
8669
78221
35641
48627
77407
52930
53052
81274
68185
3465
27950
40719
74147
71841
59584
72656
77875
75330
41303
79799
12822
39461
66023
20749
13807
95680
98935
88216
3073
89627
92952
66460
74700
67917
34407
66107
72102
49569
97489
17451
82369
48695
93574
73949
31231
79719
34914
82824
469
27721
23540
10231
89769
11113
87224
89314
16508
11086
910
21974
42018
51148
1571
30188
91206
1829
67283
24111
15902
20438
90455
89140
22155
76975
95314
93002
50569
31260
23601
50193
78994
8606
90257
91483
27491
5922
90615
84172
99061
29359
83544
82591
72936
68282
18856
35302
47342
46435
24521
11186
55753
28359
10661
45621
14909
1784
588
84595
27948
99983
33408
71132
38425
64644
59309
86094
30467
69279
71103
79249
74159
6697
80493
88776