13055
57462
49508
48777
39437
61583
25059
5134
38111
54271
89813
74563
94042
29429
20687
45794
47229
31316
58418
39530
53497
94735
21674
37382
36823
59284
95339
78807
34808
94362
4225
2685
28710
11234
81015
31958
31813
94173
37951
63155
8539
8546
86157
53670
75178
92369
783
86978
40032
77116
10982
19048
97389
40043
71046
2294
16467
15047
68409
29926
28108
18788
25962
53922
21252
54427
62089
54985
18954
62921
5234
35651
23613
57997
13229
74796
40191
42463
60572
36478
99485
18045
4128
55244
35079
19217
77325
61886
2250
36556
85417
10790
20973
99626
68673
45560
39552
17647
40522
90509
44056
1613
75441
48260
38821
60872
9938
54892
82013
84136
72161
63441
23625
8280
74763
36293
98058
26218
74546
63043
75236
98850
3745
32759
76325
58835
58565
12142
95974
42668
47342
51984
21915
94518
58006
42785
91636
85401
94867
764
1717
61534
92414
22147
26274
40142
15385
4272
29693
38038
86707
80510
9399
61603
85105
85729
11222
5061
50432
21889
7615
58388
31655
63998
96031
74422
81673
23275
77928
36992
20978
97683
66530
16957
62968
50790
35134
18393
31235
22230
4709
12883
38014
55306
12312
24822
89553
49144
82077
12420
74768
48634
55169
56187
96004
2483
11164
90469
60381
4188
43450
69585
30449
660
83790
76795
51199
57448
5584
40566
34331
33650
25961
56769
45197
36858
54344
61878
13500
7589
72203
2612
37220
22374
14735
33557
9237
86801
4998
14521
37618
70947
91939
59262
30630
80212
79763
23100
76089
24150
1368
8452
11154
11427
26214
22446
589
30861
52314
82632
46805
72212
56544
88088
97157
86897
61948
30402
7476
74790
44005
80671
65746
91598
5981
55712
37258
43098
33809
31315
51885
88048
89286
87461
75900
54871
37666
17038
36704
83015
27177
31376
18101
84533
89381
43464
49440
99419
12305
86611
92984
34288
38206
97856
23216
10290
54143
47230
52668
400
83183
45432
41406
21002
97081
6718
38125
30354
19287
21031
98209
23875
91736
69274
99305
46346
77309
69073
49832
12318
38271
25247
18835
70585
5466
75628
66932
18598
203
57652
11176
1174
67181
36432
7594
21153
40700
57638
69081
17156
56354
49582
57133
50771
5434
84845
29590
25646
91420
16021
6199
76704
58500
46767
77442
36191
17436
18488
70039
81041
81665
68810
9892
96464
81724
54784
2710
38895
76555
12884
31888
26368
58866
8527
75378
62360
49252
75083
74024
39231
72003
59643
73843
75980
23661
65704
52597
60457
58466
72290
9169
55479
80315
95664
2417
77295
6785
31409
73631
37122
27315
9005
69435
28932
95986
70612
54756
16101
39909
22664
58704
54822
2550
64394
86702
84213
64404
80783
62925
16020
67646
58202
93188
22135
27437
69682
25929
16262
54407
27094
51754
74098
56376
18160
28937
49558
9247
68621
85216
84381
80369
16857
38219
8589
77597
24928
87515
73261
6179
16430
99438
73119
68185
96069
20246
34747
14286
66621
55705
2179
95367
58132
48000
61512
28458
29017
64413
13658
20239
10493
92454
35698
84749
73269
8101
26712
23993
16866
36111
49151
14360
17590
3349
48740
4332
46271
15754
42935
15563
45255
58110
84532
54156
61286
82358
12773
33779
24292
65028
21643
25407
14665
71966
61701
68115
94796
26826
33306
20508
55121
82229
82394
16417
44522
33955
39454
11021
14374
6129
57184
51223
50968
7404
97844
48546
23824
61417
58632
51372
26446
1666
18145
88509
179
85807
98907
95771
54829
62093
19450
169
28589
75159
40650
33870
54658
7237
71364
21412
96077
59165
76665
16810
3850
53271
79305
1417
33617
37298
78458
22585
89407
46271
71294
83749
69178
40859
44434
65108
85245
59710
7970
74304
88787
34688
1281
559
27426
49755
29040
65571
77215
59746
57530
71018
48531
75055
26915
61922
46327
33179
65762
31068
30607
28053
73649
30969
4249
78167
40066
57481
9827
22473
86554
70397
40713
6426
83916
94220
64939
43167
17624
40941
79171
73259
50226
31205
7856
72516
93331
60092
54328
42717
20518
98590
78817
99513
22958
20134
18975
5037
26650
46152
96360
38536
1481
64901
50994
29093
97128
63265
58694
16738
62133
81407
78669
9677
48924
29598
56948
6270
39133
62260
29367
37804
70269
22901
72895
981
57032
88541
77171
63855
70395
29460
30531
18405
46829
36094
24224
60409
12067
82807
26286
91207
3548
66206
38313
99300
93448
54785
35688
13285
36295
5853
38925
23796
66800
5225
80666
12819
66074
53878
78310
3077
35239
21378
96012
84201
68310
30396
67807
52748
39474
41492
54961
96122
80814
21982
98560
10965
3079
4567
68217
60686
66942
94066
56086
96669
51792
23861
89467
34096
39644
37087
73434
1909
26671
97259
46520
52170
69029
75244
40885
53911
95128
16744
13062
72597
54022
51838
38015
84766
74508
56425
6524
14450
68044
43209
4187
20236
69468
86090
91824
75599
88605
57569
21957
24790
29684
27992
54743
82665
69539
15149
43681
76197
38756
19456
58438
10742
90537
7941
36799
45539
14512
77777
10497
68204
9668
39131
80556
93811
23404
25936
92187
17257
87139
14672
6279
23390
95158
18364
45385
40014
34731
98515
47414
41715
20944
1753
27637
9254
63675
34812
22934
91564
89662
40466
67027
25050
17759
49038
8362
16770
54317
81276
22939
65388
41566
51924
88131
32027
5314
11133
42659
63588
6543
59671
13302
32351
92012
62581
77430
56934
31398
96373
27858
90219
97038
72605
80728
41509
187
32380
82539
62672
17335
63143
95862
28511
25237
44031
73128
58996
29246
71618
40190
87452
60477
65575
5057
76831
85516
3660
99881
96304
10202
70229
12590
6276
46610
45278
9646
46342
69818
44926
38714
77525
61630
12660
56160
74748
44268
39409
26721
34927
67014
36383
1247
88806
13001
42704
82293
44111
26107
46740
12363
50279
93752
25047
86171
7662
7851
13030
37519
48563
94701
79405
65681
40528
55520
91764
38375
8719
45205
89630
4602
65475
51815
7886
50911
56424
47913
85204
64433
37200
24939
24060
20722
73028
39522
11333
5287
92308
21648
79136
35475
42792
54371
54723
16599
7355
7871
40497
95993
59441
22693
28025
38337
68117
17246
40542
8062
82258
19177
29606
48176
9810
60005
76468
76059
56970
52883
66391
64662
6482
57685
28340
84020
28063
64423
13268
91401
34162
50736
26345
87662
67270
23457
20281
91378
46790
82220
56948
71947
76027
65281
73951
67548
84767
56348
14571
11635
45927
77012
36235
32754
98184
66339