2932
7574
57750
50462
24484
7135
86000
40838
38677
11606
7872
26440
7556
76953
30839
83806
7419
17309
44419
19784
42079
79966
74108
80418
90576
99478
42064
91512
75557
2225
48815
53786
7526
82012
67769
48599
47568
52243
11136
85727
24750
14510
11403
58775
99034
66663
49316
489
27469
5197
23690
63151
91687
54311
22697
22661
48856
76822
25482
44103
49097
47405
81448
94910
34141
78108
46700
49232
98773
72202
11178
98946
43275
4914
74124
30019
19904
36143
30130
56015
77290
37969
72653
40201
49681
58394
5661
91728
95380
14353
22116
47329
24960
36461
33297
14291
95828
76210
89000
31764
33653
73229
65383
24734
25689
2652
41160
31282
88059
53420
86188
40832
75833
60606
78475
98095
73869
70032
75108
74977
60687
31854
86331
26393
65280
13297
41177
77753
79697
67649
16995
80137
51629
90029
91290
27408
47563
51792
94732
49981
37640
26458
30948
20213
77698
22292
82668
50631
78307
4282
47967
83053
91058
71414
96341
27334
52909
75898
28330
59686
24078
5614
67257
76848
71587
41574
54549
18692
64996
71248
45745
67770
34565
10872
6370
58777
76478
44765
4297
82384
80615
24367
45928
55953
44462
80371
92186
36733
42778
63531
67495
54635
7076
19599
15420
46713
58105
27594
78112
96243
62905
96584
31135
48217
83416
71364
29247
9356
50446
64191
97576
83432
86873
6656
60717
83179
39905
55531
5323
15114
69507
39173
73959
63584
63676
59340
94502
12432
18062
50161
32014
63507
22953
68315
73811
38539
9358
66589
97010
79066
15818
47885
70041
26197
61114
70681
91431
95242
21318
84546
23702
13022
5587
81100
89794
52771
1941
27941
99275
1171
9146
74282
78666
18980
5057
54576
52754
45505
4166
40870
51988
7394
16884
58690
24251
76501
64601
5913
99064
34430
77865
47072
62112
30697
91784
58380
82539
38953
51144
40715
63002
68785
32497
94116
94187
80431
49369
67591
51867
16166
5717
57783
4742
77306
35030
54612
29315
234
80609
72413
83072
86754
16397
73592
98647
83840
50692
35045
58103
92680
90640
15382
25718
50932
19895
20406
58986
21065
72493
74979
62065
3578
81813
32591
28865
73526
78290
89913
10898
34744
3597
19121
53992
70706
32291
97946
82160
55426
5571
12192
97519
73469
51148
53567
8035
93409
74405
32002
33456
37576
91479
88626
25191
98012
80394
29925
99054
80307
21557
62823
34777
19443
6923
17266
81812
50709
65243
25199
32273
38113
63918
76893
47554
32260
14320
52206
65488
7859
756
68471
23829
51147
50845
44589
48975
37975
511
35801
48962
16674
56495
89768
28734
86834
50956
11306
42651
92978
41871
68587
37621
45677
10298
38577
91909
12623
24031
18559
71661
44146
14820
43637
31398
12015
51071
49425
73998
24774
67085
91533
77521
87656
16924
21931
25411
45429
14816
33514
49614
71892
11082
22841
74772
13003
13527
30329
33395
68211
15612
50588
67480
70187
4381
13400
16998
65347
98331
64102
83748
76157
89902
17990
27273
57242
95727
6811
68037
93321
35557
48418
44166
70230
86844
74627
49885
14985
76429
10279
36304
42781
91355
38050
4070
36931
96663
49133
47671
95018
39301
47926
89061
44683
36580
24100
10509
12733
3123
23925
68151
42540
35412
35853
84896
29929
24266
14002
4149
37704
12
32798
31711
36769
44620
44305
91176
338
20934
72721
79470
58232
78488
98227
58801
80082
90322
47921
43076
58653
17040
90895
87529
17722
62197
3409
75920
72995
49914
3525
62218
47895
23022
35497
16071
45253
80377
92738
22189
21412
77461
24664
46691
42772
62579
6519
73970
1640
45663
53358
40210
83962
83496
29849
54600
15501
61692
22072
87366
19244
80765
70771
10042
90325
11389
57397
48553
15981
39727
58568
63169
40422
3301
71844
7346
47766
59071
60907
64248
59998
40111
65926
28852
42511
64082
34427
80519
29168
45476
27017
83642
7670
92545
73988
60527
17882
73229
55348
5814
75356
64289
73086
52013
41919
96771
23756
14323
54458
61875
83050
67241
97490
70836
60202
65285
1397
1154
9124
90270
87287
67769
30762
64627
77517
40453
98903
4687
89648
80852
20274
65880
13312
54483
2552
85566
85470
83364
96255
26847
20141
83803
83974
48115
41154
48138
65567
59415
51422
88688
27587
62950
17717
86307
12475
68897
62515
88300
80483
11706
98740
70459
99625
8103
19137
35600
50376
57593
20155
63449
29888
93720
66806
34454
3112
90051
46196
14354
60035
57263
39498
91810
34866
1801
87545
86373
46618
32511
7919
81056
25511
23759
34056
14133
4029
91315
34098
94465
32708
68686
3492
64311
59653
88188
3680
24645
85205
70707
54258
73775
98359
7571
25143
9736
85152
48042
92553
71008
30718
85266
55146
30178
55371
57124
65477
58407
15958
54120
71911
99447
91020
80712
37612
35147
77640
89221
48595
54221
13087
1906
22563
56087
35420
76470
31300
20131
93549
18031
38786
1409
58569
9334
1410
81296
41215
63121
16924
21404
33543
54172
48595
88277
41263
63154
83975
78063
29771
93116
14216
90583
29401
95917
11260
30867
32517
29528
33339
80399
8475
89351
52204
17044
86869
30622
79245
47426
4816
80589
81133
15905
94880
3502
1850
24184
31033
17281
5901
48365
80744
9059
2560
88517
16773
32213
18591
71201
49784
36971
891
10348
98784
45859
12638
15425
15280
3351
80334
71074
93037
17219
41408
54008
94747
72497
13308
9861
57560
33386
1998
30768
4982
84701
11067
23777
23880
79778
37823
39080
51126
66659
40353
13323
34785
75010
48104
71460
84670
50137
79270
79079
63404
14030
59572
84709
18995
62490
71872
75209
60676
85047
63455
5238
78480
16586
73598
43062
44156
40307
62992
47270
76862
82705
62005
50138
11858
69517
29270
72841
13070
10445
48743
89759
77537
81965
89167
88452
37636
10322
73523
79976
56820
62859
32591
66932
12853
31522
87649
96063
6951
14968
6823
90713
77248
35204
29717
8999
8698
36877
45712
72274
34534
4718
55376
89362
70017
30723
40815
85006
69440
2912
41756
39075
11775
46410
82751
88403
37674
14795
26064
96358
22827
27938
505
41678
47936
45479
70861
20441
16459
38074
2112
873
98510
63722
90290
63717
26281
96
10288
62513
52973
45074
98472
21946
24564
75686
98881
58532
51870
79896
22992
18207
2403
11003
98927
73553
76050
32130
69191
73932
17143
27055
4159
50162
11835
72862
66362
53392
39829
79723
85812
27569
3822
1233
48245
60783
10707
81980
41537
39451
2698
25047
63297