21794
46482
2019
7454
50892
78314
92352
18349
34073
65821
81891
82010
80454
83399
87593
38084
19697
51413
62669
56156
3115
49764
19834
32515
73321
98521
83744
75487
70483
5917
90382
39972
14792
5995
85368
43961
27439
91092
91713
40187
43115
38228
45268
74548
3459
976
17672
43969
65355
63478
17508
56004
95252
84135
2741
10116
31458
26535
94076
151
12551
17594
28045
87747
94109
17602
52742
83437
49469
11117
90956
54207
81649
27096
60800
80635
36416
28998
20853
27642
48118
60105
37847
19475
11653
13507
18197
80890
50418
89662
34491
77049
26256
94889
61619
3008
73258
50328
82866
89880
35448
17976
37203
99002
37550
16731
15667
96292
33358
50151
26455
59219
48091
42731
46196
21921
8652
81019
55934
41995
37638
39385
90164
29253
26988
73815
72549
70808
76973
77018
85612
20566
83422
58776
31319
20670
11124
33229
53030
3152
19620
55620
54660
55786
98154
38699
14233
28291
45930
74073
49329
90844
94291
44843
60007
69698
35661
23546
60246
99484
97198
45929
38448
79649
60146
87850
90900
37068
91449
96145
1656
82218
14618
10023
30462
78179
52465
94882
91508
52113
46609
4815
22092
29612
88135
63995
58206
85332
17288
95944
2248
58093
12888
6418
34453
65717
41856
38721
8167
43586
16836
4301
37385
77999
91571
71301
80561
24919
77131
96019
73901
88663
92780
84048
80877
54339
58806
79373
63462
38279
60401
89364
33672
21735
11291
42033
36622
8259
69668
96634
9477
62894
2263
74298
16581
68441
40137
61952
46451
15218
28985
56768
34860
54903
97163
14064
6917
78915
46544
14057
57702
29654
2265
57614
52029
94394
10026
6227
91518
87176
44347
11017
4798
1531
22968
71576
66344
65621
46153
58122
68293
80087
66084
28077
30509
13966
71266
10425
37683
93823
21505
16910
62543
73031
90061
78134
12722
42436
35445
29424
12219
65975
61790
56258
53873
50756
33375
24135
84686
83000
74764
73062
44086
62556
42486
41765
20920
92555
85168
76010
8431
69780
5093
67166
28376
94815
39618
9768
28463
99770
3634
1030
95037
96416
47506
9738
49119
34687
5001
22657
5971
33991
77921
10367
63333
23636
45797
37515
36036
29903
3513
98860
56875
17346
72240
6333
21374
10468
65648
54598
39649
66425
31032
70459
21314
43679
65645
53474
43149
19889
39598
52056
56713
27405
15420
84095
36881
7188
38243
49005
72348
62012
39663
88214
12061
66683
69196
453
38365
9414
74537
20305
47870
30249
45531
8788
90212
89344
86516
68507
71723
2902
35889
28520
78930
39460
33342
31184
76331
52005
42619
27217
20375
15417
84942
63402
98613
65
11217
82849
58179
42460
48634
21764
12936
91373
98922
51869
35643
22729
85703
93972
73387
20761
47132
15642
3613
49989
86540
75379
48081
42046
18187
2829
52066
41903
7757
47751
82021
98143
46015
25869
9434
28567
43301
90813
84778
14555
71933
93973
46654
18056
12853
6797
66708
46439
84987
37751
39764
80426
38010
37864
97356
95585
55517
1015
43193
63876
47385
81324
65465
50487
47065
82356
78902
95879
57599
10560
39990
82691
11689
42432
55765
18045
29436
83743
75598
69781
88014
63368
78796
21612
45267
96172
50657
90186
32489
83857
20320
2608
54063
32523
46964
10471
60178
88630
80584
78735
33349
26047
32926
40041
3833
80206
88169
6653
21010
62309
65428
63791
64315
15288
74872
30258
12369
30958
81615
6020
10632
13186
35941
94724
13216
94075
45178
19054
93970
23510
14584
8952
19152
75775
65414
17043
83463
53521
95987
23121
69829
61646
97306
58657
78250
86578
2782
72746
90452
19859
74351
76942
43035
68710
30319
13153
22772
15415
94707
47418
64718
18746
58063
87342
39554
72391
83581
91545
11349
10435
8699
95898
83965
1221
81897
78315
66231
80137
25364
67373
10649
91335
93050
7252
8245
7851
18807
73165
38721
78524
32182
45788
82423
55943
39131
56133
99820
76056
96982
29920
42053
67082
98705
64003
93764
95398
99613
95344
1172
40166
36002
87703
64258
12221
56567
12417
45137
41264
93119
41036
10495
79517
51673
44141
67539
35149
50532
6597
55434
24911
97741
86371
6536
41818
46503
98626
84340
141
62029
33187
82625
38866
39370
56918
88588
59116
97130
83214
62670
90003
97416
96069
48199
90792
84827
3232
88509
46604
11680
56497
10063
50108
38470
41167
94871
96580
5109
72279
92949
94544
2220
45472
2562
24895
31896
83260
48695
10229
43734
90699
89114
82963
42020
87883
58435
93149
39129
93057
87479
29254
43183
8474
3394
94590
19513
18024
43605
49755
32576
88479
86146
66218
90529
84072
6137
70375
36702
1445
42934
41575
68973
24111
10194
80333
30396
39286
11500
48398
29392
38135
35855
84196
5231
55205
547
25215
14676
80065
23274
15478
40056
7833
80913
85571
57940
69794
86445
758
82467
47297
35742
63535
28772
91997
11792
1487
65363
41327
98949
80847
63758
43089
17540
61313
64420
69083
86816
97506
26651
431
72333
53574
10694
95173
46238
67881
7354
54791
57556
51551
6381
55492
35572
69327
63283
10830
8721
25857
85408
98165
16459
64061
55163
49768
86143
27216
4598
8415
94266
52339
90678
72717
28700
11228
92721
903
41000
63102
91429
72158
5064
11340
6012
15305
67327
36510
65641
10170
82512
50862
79095
93768
81755
21684
26524
85141
5759
67187
14453
37581
60547
27323
882
50439
65381
86639
27042
31224
43453
25055
4428
80568
45199
99982
95512
24136
79964
70844
62413
7894
49919
25307
4265
91664
24454
72628
8314
54800
1422
50549
96462
69248
92233
64455
4465
84941
99452
78954
55842
41471
77671
63534
77296
86589
30548
24081
95430
41217
41649
34060
33437
65632
99255
55938
72890
91055
1455
31174
52578
77002
15858
70691
95721
77
51157
98507
82190
50739
61306
51709
62819
99065
76874
13357
49024
27501
88923
99087
94739
16960
59564
25653
93749
10758
7812
70270
93072
21462
46399
16736
27881
40746
23559
12742
36958
38824
67325
36889
43549
2462
17925
47897
63140
83564
62673
97347
56557
90287
98808
19899
69117
68675
55388
8124
97715
29794
87766
42032
43357
7825
96855
57828
50568
17129
68567
66945
49012
84853
18062
25438
70443
17180
4327
23083
49784
32951
33422
8499
77229
25842
37516
99477
96874
26631
48677
24875
97621
93854
52887
26536
34979
29283
98981
3092
37454
96543
78801
25557
49743
86129
82188
58064
58183
82917
86117
42603
42012
49681
46858
78341
95350
59416