24163
58599
47600
18097
57795
83698
72287
5472
21459
39667
67902
22877
91736
95014
14323
59795
5585
30306
20436
96785
32387
61511
10450
80572
15559
68509
23064
67939
8749
65062
1598
79102
79198
65064
38826
34546
91027
95139
28271
94294
43012
11257
73228
5361
99004
99837
47393
47665
57185
9670
26154
42901
78567
7506
15869
22885
874
61218
57855
86244
981
10046
96692
62313
25286
63053
79185
86188
41745
57410
56700
15684
19159
13364
26954
79452
86819
69300
98850
22374
60406
92880
63033
38515
42280
97642
41178
62314
52243
1885
2369
95683
84959
13036
76443
12174
41143
92243
56076
28989
5348
68691
45376
34158
19052
19466
10253
94089
38751
24626
37629
32873
80043
64027
86923
72915
55222
96526
34979
35010
13111
30680
23479
73855
95782
337
80933
87655
65464
13310
71554
91624
62494
45601
3247
7503
28516
19502
57881
6391
81238
31175
76926
69490
20021
82055
65076
65275
67349
63735
9655
78010
66911
21955
65231
78347
41157
27364
12632
39430
53846
29755
86479
21791
39730
34232
43562
2142
25409
46511
96438
4958
37564
94266
7806
2476
93112
54614
6325
27050
3196
73765
85827
13794
58348
51607
13191
74794
58596
87177
45871
40612
79904
99507
34004
98736
33151
2975
67822
76061
29982
80418
58980
86037
68535
7996
89452
4703
40731
95448
16616
60784
15122
80598
68087
41640
99316
40080
5856
96845
41084
82942
18945
91453
16884
16583
506
65104
78594
96036
99899
29481
72976
72515
54618
2427
62183
94200
96932
68017
54967
3549
53295
58514
88695
56994
26480
9341
77315
69284
51268
63519
80721
11539
43211
34942
2873
65763
78725
22448
20037
16859
28011
95268
23132
86577
63118
50196
78763
49027
1360
75106
53686
76161
58323
11585
92387
90398
2137
46326
37453
64209
43371
86469
68276
98798
19312
72317
19431
97036
13224
93825
45974
38911
22097
64150
59619
21612
61456
85235
39225
70195
15166
20837
49629
56421
38389
2267
98077
35634
59122
60491
90007
33117
40575
84078
45662
2134
23838
37125
74023
30480
15557
1192
85726
2079
65294
33976
27092
57068
37367
7450
15694
26543
58923
13770
79320
93908
21695
29605
44331
66846
90107
49313
83683
4224
73079
55097
28325
34299
24995
82857
80964
61019
13750
93016
96853
31667
87776
37265
93132
81788
37515
85940
7898
69390
96313
657
17184
2094
75037
90098
42560
55859
96978
74352
34133
53898
2104
22208
81730
62067
49542
10369
16652
15224
42008
32989
67649
84796
13669
15510
60713
28415
49411
78222
3315
54803
86190
95098
42698
99999
46387
27911
76579
61847
60346
65855
94453
17267
63826
34446
99274
61181
91557
48489
73399
79846
61466
58856
50031
92250
97470
12475
49689
10248
65060
45622
89100
39884
12422
20422
69345
45971
33831
60788
83861
41663
93824
81762
83358
99092
55112
71140
28820
6934
58781
80279
67981
75807
362
86508
60809
7980
48573
4756
98175
60321
63714
65190
20131
16789
85854
12279
62446
9883
98205
98711
93691
8359
96578
10242
243
25242
11457
68594
38206
86686
10989
74610
53689
59163
55443
52963
47134
2236
90145
65648
16613
62192
6472
15255
46465
76266
78969
50141
83579
41412
68942
19020
13610
88519
95055
74296
97270
65560
94394
64468
33679
22562
95676
2505
36808
39664
63605
11842
22562
59006
20758
28939
20127
81840
66637
3124
87750
58636
75489
54795
21620
18818
94315
44910
80318
23432
82947
23274
61073
87530
51068
36848
75620
9261
62221
19669
23718
80221
98335
6090
68912
87567
20202
78943
49360
32923
68890
44489
44203
16936
3081
96224
59028
98880
73010
25410
83705
22260
78340
67907
39145
24533
55260
91036
40018
74439
18824
36857
49876
18381
86164
17362
48733
28974
61604
39816
88577
84606
38883
50365
86735
38401
93153
49297
19443
76695
96152
95879
98371
14725
99233
30364
79712
94658
81425
82693
25037
68774
16841
72448
67978
91999
12276
26440
71359
80020
2273
66594
16196
56886
51210
16329
65630
61000
52021
27222
52026
18821
73108
92990
88428
82054
96693
16206
22414
7311
49284
89407
80209
90750
38754
18419
35762
34482
37290
16993
69298
95836
30489
50200
10954
19414
48339
58346
64274
15311
65569
69965
16951
79658
28903
42895
74667
42078
26135
92955
32349
19597
23656
93821
50225
27289
54889
80733
1488
23341
71408
72548
11156
21601
22054
84049
51397
92971
56488
59008
88682
80014
70235
66316
1615
7336
54490
82459
89629
17582
17166
91062
37022
36891
43964
97663
96359
50978
57773
38695
70114
96005
93369
19907
74912
2778
28663
32251
23077
38945
35634
20732
33183
50374
28500
73807
83224
73505
73064
62410
84855
39211
53411
18266
83657
88473
69468
49210
99494
70446
93044
42979
99580
42074
8563
29767
69901
29208
7025
99409
70623
93992
67638
89979
25107
1684
24639
79103
10979
17187
7909
78906
39431
57737
35335
19479
46655
50608
44622
84021
15148
20164
79233
99332
88477
51927
86445
35432
56868
65385
11360
92174
5297
74807
90336
27240
13127
42447
22263
79041
37631
58222
95071
5750
22619
90770
87543
28851
60467
23171
30961
64795
31276
8743
54986
93078
93342
25457
1104
87378
49299
42249
30198
81789
939
10865
29760
28204
52169
24889
58891
52013
27523
98380
62615
10106
67176
12488
74872
88278
73402
41118
9284
14660
70843
4984
57584
56162
47173
6709
33693
87363
50650
99956
19786
6995
42340
1461
25792
68360
11154
45440
97801
21622
49971
80563
52706
65625
62012
29154
62031
13405
14932
63719
41623
85229
16380
50955
91868
4886
40224
109
66474
87000
25892
41271
2898
15276
85069
56649
18313
12095
50860
97196
16727
57943
71440
41724
39126
83049
3858
67706
45674
98333
92121
39851
54639
10283
19165
59835
27015
78534
29678
39435
6519
74190
97189
44708
76357
45922
96439
67187
16655
98741
39875
81064
94004
98448
47409
92844
38939
46896
12922
31829
97687
85264
44717
96685
98448
69241
58508
43492
303
48133
94380
88422
46136
30585
45392
324
88187
76060
48789
48209
47206
45978
72478
84886
94323
53481
52455
58428
27112
47654
94417
49840
36688
49151
29377
34982
38582
57449
38031
2340
46278
96290
56342
40609
22086
15413
21392
94395
38581
18499
26581
21631
23147
59011
94807
56455
24744
73122
76929
85435
24109
52265
86855
85906
9659
18409
81731
31133
52056
19885
66258
77115
36042
36783
43793
41431
10829
70147
85809
45528
97305
32912