66016
83760
89183
71877
86173
97336
31929
26132
24911
23383
517
24361
50490
57626
91745
61903
6257
69062
81041
91452
19579
29434
77152
27245
81011
45963
36563
96802
11629
98950
23074
2957
68329
85895
93791
11913
34331
91769
92431
45573
36004
30029
85904
91941
48730
70676
29570
8823
98971
37398
24029
79929
97160
91561
25324
3579
77137
38976
2912
74695
76548
1399
13870
51467
47201
56249
69762
33510
75366
30645
88152
5901
70244
6960
69599
20694
55780
39200
9198
20636
30713
58501
37565
51439
88561
44076
30380
72826
6784
73767
5053
8768
63454
12113
86320
66060
44831
15647
76573
62789
20642
71329
28475
16985
85581
74904
26636
66044
20035
54517
50547
82100
54752
73130
48811
85898
6810
21180
1300
70777
11043
31631
73031
1433
86021
86585
81304
32133
53817
56870
93629
96516
17443
87237
12085
62367
51951
8840
48783
13843
64040
70549
8655
85391
2391
95409
30339
4124
20993
14292
24719
80896
43107
57494
98619
61769
81586
52538
38472
97886
27775
10335
19488
35420
47094
68486
63640
29723
69723
22080
61247
38425
89212
83414
13281
94930
24322
89868
67833
13640
48700
39111
84804
86798
40607
43995
1443
75632
4841
83373
6311
88053
29380
1837
73843
16105
12511
84794
56494
67232
47990
21428
50795
75811
29079
35705
85541
16172
53925
54933
44087
78257
51252
96679
86025
71000
30680
40363
44711
72435
70390
40174
71974
6946
79158
90167
93596
6352
8680
93661
63465
78698
48102
56319
9310
70602
33970
10235
36716
49482
88740
96238
56155
96982
51795
1917
61655
54030
92959
36329
34662
11663
25490
17119
77228
52342
35855
88784
90146
27431
51311
38850
12962
12
77287
17157
82055
81175
94486
35904
68687
43564
80571
59482
28964
1740
47322
72666
53787
86994
67546
94235
24513
549
38268
63814
23348
37627
84717
53831
98944
78632
5114
76711
60735
19170
58636
92644
94051
92146
51319
73662
80911
56640
16656
44580
49248
15351
51657
79427
99491
6160
20001
84604
36292
9431
46935
31549
61218
70613
35751
92465
87904
3434
85049
33184
19844
6400
89098
58901
73406
99123
38136
17855
72771
3966
24038
37400
51084
67676
86484
31463
72339
39018
84013
11185
41423
92482
44505
93740
11743
38090
39593
76278
27654
94738
13438
78795
63822
1188
33897
78241
20610
28831
7049
82613
5152
2786
87820
42793
30062
67224
13678
64274
49700
6681
43116
98429
27963
25239
83788
4278
40359
9804
86013
21012
53519
80619
95704
56847
83627
18980
79959
30687
58522
77002
23682
70642
77680
4938
93589
96135
87214
65065
95648
88208
61841
32028
19731
22323
98939
55915
48373
21368
85405
89371
6603
22420
4247
68848
44839
75699
52387
59023
91620
85377
9685
10581
60506
29533
27998
17717
52938
38747
5470
48844
29880
61705
95543
23569
14780
2857
45342
60290
57861
11413
86996
33323
99048
66075
71325
10412
39179
41886
97159
64549
72947
61307
99707
91243
25579
74187
32037
43815
99988
99002
509
71491
27010
10628
70452
61830
60018
75315
99109
21385
17223
5265
33488
91917
17397
92268
98902
27112
8773
83664
28256
87471
66305
70261
84697
49530
47205
89472
54866
80245
96810
90508
43145
29903
29011
38926
30599
64124
64684
65344
43694
79615
68744
6019
45594
16502
7949
89578
47279
89568
89774
14439
38965
75406
58041
97225
81883
77115
50952
60538
33449
83312
98778
67235
65899
98602
63483
29649
46113
97537
53607
38390
35581
43940
13055
70676
12098
78669
14946
30802
61144
77386
4808
93245
51008
71495
36403
94720
17233
42795
28886
66297
62301
72480
16020
6645
58901
98232
2045
38544
16258
31612
70061
44311
49837
91087
75624
65305
340
74203
33909
49449
56965
90452
4088
65739
11839
77087
71593
31969
64298
13371
95389
81312
18105
14530
36919
36377
37224
12376
64612
90207
12426
96883
2967
54186
31455
3863
49442
57699
87316
33536
39600
82973
25018
2735
18821
42866
49771
68207
63607
38691
45055
18453
92244
24566
79687
75767
37425
27961
9573
10235
30302
94579
68069
16788
2547
70586
53027
2634
71706
5551
20315
80869
4135
85349
68824
7887
37793
5019
41355
1716
7340
77172
81884
96880
71767
78792
89015
18744
35682
49272
21347
98696
78209
97577
29263
93207
87899
21685
64984
12235
90658
13446
10384
87355
96594
57099
47258
69208
22050
12159
85997
80961
20810
15993
12041
8843
20313
19049
59828
19998
71515
75856
69126
40639
58554
10726
9910
57941
32841
67000
22370
82224
4993
52120
46157
61774
56807
58666
76187
36818
54156
62648
19757
79471
61755
44536
19648
38951
84927
91394
28898
98242
42482
54360
85297
33423
75176
8569
38788
94058
27065
61068
90944
2003
895
12499
32309
99332
87977
51813
38296
25923
63058
68051
98795
88986
69615
48252
17746
86836
98505
35537
20278
56590
31873
81377
35389
83627
42851
57518
89304
88734
38066
65009
69712
30294
73949
49211
19043
100
61244
85244
23788
81609
46282
22181
19258
65050
31138
19630
10186
32378
73826
97978
31035
37652
56808
97145
45762
81097
12924
11742
3383
77769
97562
44031
10257
23249
45610
44221
25318
36432
60625
13475
12983
57771
94825
16352
75767
47706
5208
29490
99186
81173
40190
36153
98366
82395
5212
88745
71411
90445
6377
81283
20275
16571
4438
45862
15382
15483
59354
2034
10603
76839
62818
28043
3411
41757
82431
68794
98183
88510
51409
43336
54414
32856
17682
45833
28125
16645
35546
22357
91153
59435
55521
1397
90507
58329
63476
15510
32764
45426
79397
86272
79623
50598
59452
32692
51676
23551
29254
4917
23700
72505
46475
67342
41149
85694
71281
22283
79166
76886
51254
70249
22288
45867
29719
42012
47211
47680
94672
26776
78057
47204
45471
11791
26063
29147
6136
13394
78609
2043
76337
3526
18002
70786
83344
56440
29238
91072
1657
49082
74004
1274
79251
18879
22108
27456
26068
35042
74615
86599
6527
65979
12113
23592
32323
95356
74266
17101
86702
19354
32736
95669
8209
25129
54506
18464
38157
7350
97708
88275
92859
28966
2626
52714
35129
37912
22332
7722
9514
75613
84224
89527
3461
60078
21130
39301
52283
47985
87289
73512
67515
78809
37868
52997
42020
98216
36947
99312
71761
43204
36351
25704
25454
47979
8065
4904
57748
83088
48193
38530
89697
99225
24965
63401
32703
24453
84190
58278
15505
89732
84117
90475
45825
86671
33794
33392
10429
83702
58529
67177