44018
34497
8642
97188
88363
69216
17647
10643
9144
76896
56717
53713
53389
90420
18181
55905
53961
80478
20341
6214
42691
48294
92917
60615
40752
1036
6178
82433
82443
78920
63920
22269
16225
99367
1639
4476
31714
92905
89133
69135
11853
11137
68790
13297
89648
4515
49802
41237
32332
64108
64939
17985
81748
74839
22129
41542
39403
78200
84790
78392
70737
24878
90547
64861
2906
1633
26806
43615
75262
80845
5973
74782
90550
89651
98511
44667
1285
61346
67804
34424
96850
38178
31641
27352
79759
21671
33708
27505
36581
81654
79235
61209
98061
30402
27572
37664
62747
55345
67080
23808
74695
19552
10159
31013
84893
73025
58779
85182
43744
40528
23379
29964
1956
71884
50803
56670
19928
46107
64067
63277
5848
97088
96204
63255
40537
65479
86088
28383
52875
70766
27732
16798
63860
82624
49378
49949
15425
64063
81884
35464
99257
85538
86903
25118
85855
98556
92732
60003
42262
17841
31881
22017
50301
73999
4872
9071
92368
98109
71150
14683
39829
55283
34236
44859
22582
21117
80040
32734
27604
62919
87637
89077
13385
27032
31781
98913
40796
44246
77981
443
92356
56353
91846
42486
66282
46925
82833
23327
39638
32136
40200
1189
84486
48482
87205
59157
96168
32866
32267
56191
15710
30131
59705
94087
99939
66038
17605
34340
77859
9621
9336
67782
5343
52863
98965
51711
2815
27263
14300
13977
3595
39146
96940
61955
71071
7942
54576
16918
27070
16901
33072
43367
95030
42944
85099
11195
91931
23886
4342
32223
60661
59043
73694
5447
51337
91091
87043
68326
10528
21947
78647
15897
80078
40640
38074
83710
75141
12793
55930
47455
81124
3031
1620
76578
29956
12717
27909
13250
56354
86737
89967
42083
59921
54781
30071
65330
41037
27928
61455
22426
53334
58136
59731
78980
84944
81847
84486
53230
95052
33787
94574
96520
67277
14688
58977
90014
64393
68100
36442
42070
74007
97751
26417
6997
69267
40432
28275
6149
41961
52013
79898
31036
28095
18477
13386
40018
54004
5623
46126
65391
33625
71416
2437
77037
33393
88882
30424
26637
90999
27590
74159
76354
87721
81584
45776
61765
72366
31451
3822
40678
38346
32276
96874
50272
8160
85992
92938
69619
17910
64343
77905
76945
42904
79628
88529
90053
75666
86630
53208
95647
10011
38398
76852
43281
89119
8286
47516
19037
67976
68023
34871
74430
19839
51348
38219
84901
23852
95648
62372
83875
49168
85338
20555
23769
2338
61638
82939
41272
69276
27730
86852
34717
85003
48257
43545
95714
13509
41026
77013
20071
86556
51575
81132
80881
90493
37343
81617
42120
28634
97847
79786
92220
48224
52785
72179
6857
79520
67524
71447
28600
26193
77777
54734
1132
40759
7348
13646
14776
18308
26971
55211
3888
92813
56426
54939
16046
39524
37063
18351
96634
3857
14485
33401
10141
99764
15424
11323
20803
83858
4859
31679
15613
54160
90223
56802
11072
86998
19252
69558
72483
75519
1871
63560
12351
47622
23971
142
25659
62957
20821
63027
64831
44101
20862
72788
80107
41070
36858
35915
17881
39368
91562
16846
32375
20729
3010
43228
48441
42618
69534
57120
39081
80968
55717
75070
13188
35330
85727
40168
31674
11449
46291
72488
82995
68884
44706
44709
46795
37635
68182
39927
99006
4921
67399
83902
64841
70807
7348
23747
36420
8075
86585
61715
45561
47416
40669
40147
73318
48665
69561
25012
14749
99750
93038
72039
94353
25845
12099
48197
59230
70908
30405
41854
33358
25926
88929
79114
65385
94074
39995
87256
14357
78763
71862
84586
27586
4063
87300
27973
52601
36164
75097
81421
24323
28951
94648
1867
97197
86325
71421
32438
49544
58710
43313
810
1803
75928
42223
36749
36155
64127
46846
47306
69717
27102
77384
16935
61736
75059
65125
27736
97032
37903
66420
22562
7647
22159
12148
69083
67395
60761
79497
8626
23406
75962
53339
16926
31360
56243
52877
35866
97177
35406
71606
91225
59429
81854
14135
12850
16546
556
44224
37581
67608
37954
56358
83546
22665
62846
50335
76306
66170
70800
51666
95426
1930
11402
99387
58372
64547
66296
45897
71087
5236
2704
17423
54102
9719
24924
40321
9411
83366
85252
70563
51098
10773
29398
28955
39877
50882
17270
57952
51864
20260
20702
61299
94247
46846
69029
2044
16757
62288
80408
64785
8142
69893
23731
6005
62310
49420
58712
24261
53318
91000
55752
99855
16200
88219
47042
31156
62926
66031
3986
84486
62192
11887
32505
30182
13023
99520
97739
26483
82437
28276
51388
96340
72922
21969
73385
88587
77944
36649
34490
25067
33362
50130
42503
69996
72618
54025
66596
48765
34497
45264
95192
1406
24997
90124
59500
35342
26133
510
45587
27190
33748
90431
20273
27235
10716
68080
7571
83147
33922
69413
26709
20628
60768
90000
48256
1534
78970
13484
14944
97457
29668
6589
32896
45577
64212
38685
89370
69263
89698
79204
62685
29075
24589
86098
32924
31905
12732
6481
2791
69555
50988
35313
19721
77573
18971
86834
27984
78056
31755
1177
18085
12267
88243
42769
58982
98245
21489
89348
93398
99573
88459
30856
12784
67781
69970
61454
95512
15143
71738
17335
82833
58325
38348
63176
40286
19894
51877
29055
41514
24997
11999
10395
69922
8126
99119
54183
2483
21301
4764
71859
13831
65276
3
76947
12234
75159
94230
7042
70718
38542
91235
37228
2465
52202
38401
67104
15470
93745
65634
19664
90749
39017
35884
64990
51157
45335
58118
89390
42228
88919
76688
77332
19098
74209
57321
12033
6758
2983
94341
19998
96341
8621
1868
5582
82596
88978
35536
83390
4638
52056
16503
8005
94548
36154
25525
31416
34234
54493
81031
23373
30151
46242
11314
29502
67493
74049
12693
5531
52875
32127
95650
62244
4893
83575
27139
70987
63794
33709
81229
64473
28888
75293
48528
17043
36749
14255
52514
53514
35472
45747
2027
93984
1224
47314
343
18589
36772
36190
89993
78731
79667
31652
36902
80449
12128
55184
34158
89452
33049
32358
21458
33880
72931
53849
86010
20874
48983
10560
22881
28757
53769
37858
90769
89644
58225
3185
17489
53310
60087
66161
45777
1590
99990
21570
35406
55651
40273
13786
65283
54598
47973
16176
44585
6088
81095
95557
7312
23038
28277
5550
51090
38443
94643
15
79203
72297
66014
18638
12460
75553
45363
94708
32642
62269
53124
85540
42011
87338
36461
63102
27531
3531
80992
78185
80187
86806