14898
11779
32969
65450
16191
70790
72374
66911
25405
21941
8836
1430
71462
83631
89440
25745
60788
31520
82909
45495
22020
51396
46311
9224
74507
33824
12701
96625
75668
28290
47145
98833
23084
6803
70446
60411
49675
34108
37315
81357
4250
81451
96703
68180
93801
29592
5330
78671
63383
61610
50800
68856
53437
85854
10760
69668
54315
26081
4249
14863
53029
74257
17670
12330
19872
85883
7255
63544
59645
74591
51901
15037
73768
91775
2126
50797
32600
33266
63015
43229
88983
44155
2055
71225
97307
75283
8230
38609
88257
42928
45424
85506
42139
39799
78217
27845
92194
45147
41212
75074
58405
20186
10458
9064
74626
85421
68048
14748
20133
31878
16790
88670
58926
46439
933
73566
50819
62425
71665
30780
65020
31529
86683
52060
92754
37240
93870
29783
24267
29270
88845
19078
39424
33079
96780
91628
98614
98915
60206
19755
17336
33447
97308
21576
52876
78517
55177
66294
3500
28832
19559
20282
49553
23539
12794
72229
7933
53358
15197
1698
29158
64497
47789
63015
62036
3861
30546
65760
18947
32270
37030
21672
58467
11022
84000
43945
24771
9270
2570
18939
49929
40607
26902
34730
20723
42264
49498
78824
37884
49078
28188
99525
42724
35489
17697
9531
65571
80000
93956
30525
72946
37547
90903
52597
27539
17468
82106
40330
66571
37341
46119
83233
54199
95706
46062
44407
89100
78114
15825
99220
69077
48529
7208
92026
51430
74483
68789
63616
86204
15523
61455
42015
13668
14977
81114
23228
93169
30853
15700
20974
1400
41407
10674
33274
59678
99153
19989
20428
81574
49420
88432
54471
69975
61558
89758
47063
33659
17463
36902
68641
17744
70372
26824
77408
21154
72418
72774
12741
88736
19166
58852
16977
69844
83735
39230
42672
6454
80689
98240
40015
45775
39479
29092
71658
80828
64327
77332
19781
30793
58363
902
36028
71204
25769
42171
59618
57985
65709
20779
90765
89321
51204
59994
9100
87868
82302
19618
61953
80212
69402
41484
33690
84998
41094
43811
77860
25289
41209
15221
98440
39988
69125
38102
26858
3850
99998
23812
5052
14939
97959
83461
49801
31210
32742
23943
98735
39295
8976
37962
54866
48191
73950
25936
82206
90754
69292
79345
92217
88450
58665
21332
84437
6696
62915
17574
21480
28352
79591
49652
76027
23158
64405
8373
70203
77792
50078
81775
64378
70285
93621
7275
6085
5952
75414
87536
5832
24325
55253
90654
2031
65129
60562
34100
61951
41289
68626
39244
24197
38470
29689
84267
59526
13913
3494
71076
12762
13014
97617
48286
59986
22278
35653
53520
20391
9312
28006
16811
32360
16448
545
43000
99755
996
27220
8704
78813
65458
94780
27461
15132
19106
72599
29071
50200
74038
31984
12311
33345
57120
97933
60191
78675
2798
58994
38919
61856
84866
31322
78862
22314
11459
92124
17247
19332
83
84733
21160
82583
97805
33911
2144
23017
51173
62606
59103
25697
38930
94604
31253
37880
48696
14108
96118
44914
47963
78084
63848
36296
70412
52514
9361
38915
43966
9935
25725
66882
17768
98808
92740
44011
82664
52283
6081
23629
42787
16987
68481
76856
38632
2339
75073
272
97515
95799
13172
64935
80712
10591
13188
82824
30500
1325
80484
94996
14136
62609
75957
27401
78204
6871
39251
2461
36541
80635
18588
26379
41256
2440
22810
68124
57113
4136
86111
73105
940
25774
37569
35448
47488
44315
52674
95315
19445
10611
76982
93555
39323
86702
86261
60311
1560
20656
57413
62769
36972
48124
18987
59940
9051
70531
63719
88875
44314
37092
90268
15447
89528
60050
83922
15910
94615
51753
90519
16296
9541
7725
77112
49860
52361
52153
64087
70923
10338
15018
79616
65227
56768
63761
27950
72102
76218
32729
45203
59260
37125
87983
73230
27334
34543
94533
322
22251
28975
10860
82552
38586
10276
63273
30728
67989
32313
82460
5030
87124
13758
87448
43062
6221
98939
20153
63348
91988
73051
1569
2842
88614
68672
69817
29073
99399
1417
53223
53272
27701
79824
861
10680
57380
28752
67811
51498
73979
58620
10329
76948
76076
67991
85492
6544
46787
56112
24567
24106
36883
19806
96541
93163
46649
25810
38751
2792
78625
86296
99996
60555
64295
88350
94970
58621
13013
11011
17034
19273
86489
40913
39839
96878
3282
16836
57176
79652
96167
94634
24443
8397
64111
73554
53402
51334
43801
42567
72937
19406
85423
35388
12467
25263
32204
34030
24488
72879
74419
5124
40292
19616
1482
91502
55936
58790
8533
12981
58284
52409
25205
33683
54078
87049
39821
55648
39606
91686
95627
28788
62072
58834
69817
83987
65507
30245
60305
61296
44274
62133
49817
72095
17431
79176
4302
79029
50161
31340
87314
56885
35165
1214
90034
63001
37827
97028
32617
81100
94392
70677
18898
40916
94774
45103
65086
41886
98441
43914
53225
32423
46611
770
89575
14090
64799
62990
73769
66944
75927
86947
71439
6605
22256
48848
89439
14889
88820
27032
32493
14274
53806
50679
5081
88683
96640
13461
8899
55885
22874
87587
63830
83114
29345
78464
78782
44423
94281
36636
24385
42415
21494
68391
32334
7462
15759
68679
93310
19577
3628
93728
47905
63389
16169
98307
71554
33765
41863
71631
41412
8065
19026
84780
90369
88953
93695
62002
97556
91179
42707
38912
58715
33905
27646
20905
65446
15212
72947
24037
41228
66297
67896
58000
43199
32114
40133
83941
69180
66009
79563
45695
83593
64192
26010
93539
77383
5800
9798
94303
23306
15014
35991
23980
52099
88926
67169
14684
4046
31914
68212
96588
24450
14530
63660
33039
26850
18570
3285
51425
1883
53730
30370
35066
33048
77302
92118
64856
44587
57574
52742
11712
83441
82816
79727
37271
30354
11979
31955
75333
25172
20269
92401
2284
91657
69030
41120
6094
87090
39362
38974
78860
85323
1708
12909
56608
98557
90589
17125
77299
16705
50872
26731
99581
94637
8245
23410
86123
24963
74499
57760
929
43560
69932
46953
94899
95145
16776
84886
82749
95044
64648
62088
16569
43716
31194
64149
90190
31391
90396
79942
10769
44957
22485
31659
99485
42040
11183
16004
22916
62548
73387
95302
19523
40092
54111
4318
67308
71594
85410
69377
19801
79849
41672
15666
27847
10689
46268
27755
77791
50554
70548
25992
98217
20709
27200
64171
81101
634
86975
78598
26929
28469
44510
61817
90952
29444
17007
50232
82051
79413
140
64884
22314
17617
69927
98592
29937
90301