97516
20936
86663
59931
62101
28387
69558
9770
19390
97607
45881
8578
7733
36939
46973
38705
3495
29314
83689
26182
99214
64256
63179
11486
9841
44124
45905
74025
12643
52478
8252
93825
31780
74374
70357
79887
311
34526
53160
13805
95339
11976
14079
46248
69975
92872
26268
29020
36901
38189
62343
86789
61308
88167
99568
43433
37434
63764
80711
71534
62136
86084
52043
10870
97223
11142
78859
49439
2304
61672
87924
88097
74924
15419
26864
76392
47520
10437
95607
12757
70862
67263
79053
92415
33936
81468
42746
18724
38708
32275
98155
40084
22497
72824
34784
65173
29086
65409
57343
38219
28649
7688
23324
78051
32633
24613
86427
54476
88578
14379
82558
6743
72707
73891
50092
72195
98797
66188
74564
59668
21833
1588
80542
33215
38461
97994
91746
37597
16268
78037
44950
54775
20264
147
36667
54059
20440
28089
50257
21846
61100
74365
70051
5687
54884
78697
11722
34935
49367
80037
79776
44420
56825
60661
2769
65501
19664
90130
11658
17209
62947
81177
48681
51787
31714
94077
76691
21244
50012
69751
81172
154
98967
39584
81456
88284
22019
55497
83597
59639
29732
61790
74384
30078
92130
46717
13752
43092
2630
61627
28994
31828
24876
51559
86754
92348
12707
25989
63413
51079
4844
13279
65127
94554
55979
23227
76702
18053
87570
63581
76490
3694
83803
36996
41038
86065
24452
56200
22592
43787
83506
19399
69899
33239
60754
82846
71747
375
69548
22839
63314
37981
30465
62893
4309
20609
93748
72578
76210
63703
34068
45742
94809
81497
83930
77884
84050
83094
62
63222
19910
69040
19892
2104
93720
21976
66475
3426
61741
44245
48536
66275
11162
72827
28007
18538
78535
65444
83404
81780
80591
50986
32663
73292
75802
23391
31361
14016
34596
97606
86037
89668
89404
86797
38198
51279
34176
73829
12834
13447
35716
44500
60659
4017
61291
9228
904
56823
38627
17819
55105
95167
6810
74395
16447
48442
94850
68361
3307
44099
51893
73009
14363
62946
78519
82577
28547
64685
14578
2230
61433
33872
10254
17246
99083
95608
68037
50028
28094
63532
44805
32150
85377
97533
26323
27069
63285
40608
48176
65629
65635
96866
37443
59948
92628
16688
65978
67362
90587
45850
3050
58619
40119
31398
57370
60187
29944
64858
92250
28417
95058
94668
9994
19729
19623
45534
24062
35636
92260
49375
71242
73331
94031
10044
21293
75632
82753
19314
67552
89785
58156
50987
87208
34400
6854
60543
18618
61507
11506
18929
37279
62239
48386
28316
77305
97774
63502
22611
41137
51892
81023
54576
58013
92269
41542
85310
46734
92183
27495
89151
60859
65743
94349
16458
68284
65762
99086
69720
52369
2858
8159
73968
50027
27430
78199
87532
5097
29084
47535
56707
84936
90580
53080
5234
40397
50108
8644
48680
36152
81311
43040
70277
51210
66721
15301
83691
21504
8765
95419
43624
79331
34524
32967
47706
13379
75806
92023
59642
30697
53739
46709
56896
58967
17093
59372
57024
81780
42004
90032
81280
30787
33489
37188
69233
13778
21932
8172
49669
77370
56178
23657
26772
33826
58427
82768
54852
15846
95715
38229
13356
78911
91813
76362
3225
73722
8598
2924
47861
21226
56336
30041
7968
37334
12332
55048
45488
59268
89907
34473
97358
52262
91673
99919
62381
46564
58368
46325
79128
30102
25419
23707
22174
33223
656
7028
23779
17714
31725
55415
67141
77480
32829
11311
27392
47109
63367
11595
46187
79352
21477
29098
62981
14721
99658
65463
97022
27917
72759
24008
28691
86920
32848
81254
94306
29704
98743
57240
78042
88283
26201
20360
31501
30712
17865
7832
8134
15810
49412
23056
49010
32891
72339
78398
53745
10169
36497
2531
37689
44996
40547
43588
25599
25392
9866
66454
84566
27863
46703
87121
42602
6793
75998
38653
77261
45361
34746
69673
87178
21522
73195
84674
16999
22159
77279
2195
18257
48992
15280
69383
14596
70695
21796
19694
42019
90475
19297
79201
2421
55667
81036
91897
42698
8594
39843
17283
97529
46124
19618
75968
95891
85100
61507
64154
77202
7194
56169
59413
35816
3282
17647
10033
65417
83648
63618
112
58167
45892
39827
74487
17449
70144
88569
41542
39351
27940
38260
97560
48016
71757
42368
36643
60923
12072
25164
2619
57951
93851
64576
56840
51835
86446
61414
63901
35174
61589
28042
13228
66825
61306
62202
61920
45322
52645
48694
67949
39387
29771
20690
82266
30299
43614
67098
61336
22353
24108
30779
89877
72159
58716
76780
86793
69809
28754
35987
78725
31979
6655
53525
19321
36672
54259
19560
69737
76542
86795
22328
59211
752
54022
81996
763
32672
62152
20350
64529
4443
15949
98840
20802
48835
87391
37443
35744
69272
1879
26496
72131
5301
49407
8806
28177
21731
13313
98457
50015
44679
66839
54154
28698
15985
76716
35425
58539
18342
97525
13485
4406
7557
29780
23069
33305
9905
48817
91425
74831
59011
27007
70899
66321
46210
89325
39565
81948
73178
57108
50057
33664
10826
53171
15333
66256
63648
98353
83343
64286
67914
91786
32421
18544
54836
62587
85912
33143
60202
99586
48121
60470
3831
49757
21395
64514
33961
69916
81225
87536
36478
54291
33413
18228
89275
42017
29542
37665
19941
25905
63991
68011
99561
60656
25885
60702
57346
44597
45943
52394
26746
43684
50479
93435
71267
76299
54743
31444
76734
24888
66658
59949
20389
81690
53901
64194
32417
92969
61394
80157
15847
97859
49822
11515
80712
67690
69804
43118
97516
63313
85269
85321
98660
44422
93670
41322
17991
41109
34216
41371
45566
91785
78245
46300
69619
14895
26882
29278
82012
57400
91051
31230
49955
30365
77111
75809
79070
77627
27617
13676
5250
61191
78908
35073
58987
60685
61004
73199
59944
63356
94023
4721
71786
23164
6086
28354
68426
90590
41429
58919
98303
94147
74237
27824
54058
65798
74240
37424
92907
75275
64223
84586
91095
37631
35776
94434
39280
93267
91772
9414
66928
18906
91464
99177
20277
24748
26250
20914
96309
80238
95909
45433
92470
671
34995
51658
62168
48644
79933
41065
56575
22423
29157
49063
35488
28543
36141
60834
96290
10751
62416
99383
30929
33601
92218
8705
66404
17737
12592
49000
32474
18952
54259
41256
60509
18679
29333
65848
22838
27924
8752
40394
12178
25951
36358
7501
58823
14630
49040
98306
17930
44401
36533
1724
18275
24384
87077
63426
91144
17654
86612
63216
62948
45258
9025