97325
69071
5928
20321
82248
61511
10594
22025
75115
23116
19177
1283
57063
7851
16955
77730
36036
91616
65678
83086
77317
89584
55775
25138
75075
26035
23026
29766
79352
26058
51304
6026
83716
93210
28276
65983
40609
96780
97101
58084
99555
47694
46583
73523
28260
49751
73647
36372
99457
52338
54670
59021
96852
48733
82897
972
75736
80703
35345
66415
80316
52242
89632
12806
34977
72507
86798
28113
70843
6754
55406
1585
9477
50346
91494
40063
10844
19225
7209
51404
61179
72063
19174
98872
81061
76686
88481
87729
16097
217
41545
53632
25172
56893
24689
23353
68951
38942
32427
99740
73039
11069
87445
93066
16637
1123
79248
19184
21316
99464
73897
40134
54078
7992
33976
78090
17270
72618
84252
89345
33335
18024
57068
44009
55059
49107
17561
99265
1310
36647
89379
34630
164
49715
99206
44595
28221
37138
98512
34205
44913
18878
46796
81313
27460
9029
25765
61808
25173
70137
7828
14723
26877
97311
90834
42390
46613
49013
92586
41026
95345
31632
65568
8336
77229
95121
47008
71492
53251
63146
27862
12172
24563
56180
94848
17999
88628
72015
64146
83309
52270
92949
686
46855
90902
83563
24383
2078
26243
67475
58102
69476
97371
5228
11196
47632
65818
33893
9142
40733
48648
1802
79796
72316
40286
48089
8004
19324
66390
29476
30471
9827
44300
29596
45281
99811
53566
60754
42584
95691
65025
8541
72872
97487
3539
78991
5958
44483
16675
64454
77971
30878
5401
7347
22294
28413
61153
39700
60602
12979
22189
48568
70448
76602
64057
99360
20872
77216
50657
9033
48055
64777
96762
48415
57202
13634
37961
5601
38185
64042
25514
66742
6202
58433
25796
43933
72812
39824
1051
4813
66807
76864
46688
33083
6549
30011
88081
43427
83379
52182
35481
56706
19375
99649
57081
51806
9819
91259
20294
20020
39285
94785
60287
96394
39796
49617
38139
45172
40289
5098
22802
69949
94619
57526
66537
61975
93358
32409
83039
51377
82369
34139
16557
98189
78877
41702
16661
89122
223
1377
93114
84564
78372
35036
42297
38919
83847
25076
80793
39367
10392
14369
96536
9752
46980
18936
55397
3607
77589
91977
66042
82921
80609
56725
19946
76938
16696
92767
82695
89369
25949
75946
92913
17310
90194
56346
57720
81386
51894
71977
94242
77256
34371
1138
20678
84847
97033
9472
16779
50513
38632
84456
29626
34192
59162
83414
60445
67880
37205
43025
71671
88491
34193
19451
88811
7612
74779
70333
50479
89806
22261
90744
11938
44575
20662
4383
76135
28871
58556
50767
19711
46756
18025
78651
73437
17459
3006
24654
17318
59437
50650
53009
21642
14505
61345
52589
61033
49063
11775
20342
56843
18312
2161
5605
20208
4815
33414
42970
33875
89670
43950
96232
56986
20373
85671
63031
17745
39307
42031
4025
32783
70844
28114
64564
5913
97741
96590
79611
44467
24827
51554
47863
76467
20939
41973
68052
38850
80893
65295
57143
83809
85406
66936
73321
32103
72403
3200
61187
11572
59428
12604
19848
3737
93467
27664
3811
28487
24029
91761
42810
31126
32745
69124
54234
19050
91057
59792
33922
4026
11815
31270
60783
79848
5025
22245
64449
97088
9821
65682
24941
46474
83744
5684
76082
35314
9
69000
66090
22949
13757
1631
56934
72712
57372
17081
18027
4696
90170
63709
31312
23511
91496
73633
4675
32292
85146
46698
36651
50300
45835
62977
20213
39569
53777
81352
37015
6586
70101
13199
34519
29710
71166
63110
8742
94449
18411
38182
6024
3292
63830
72318
18903
3177
64875
79556
3699
81731
16095
28175
11345
56982
88815
33343
99991
21079
64731
19038
92177
54495
11104
51476
84078
71151
49143
65781
53316
60067
5871
54378
71868
55747
32097
22576
74320
86022
11892
51443
45730
10668
47940
35051
52348
32090
3219
17825
11848
47148
60632
19322
59833
55006
78812
90846
53297
6353
94201
14745
61111
46923
28270
40813
20312
78803
71387
10914
17846
51256
32740
9753
50923
94630
28109
1370
39199
8907
28480
34921
58608
64077
45677
99098
67828
43650
2814
55506
74389
7564
45920
74379
63468
55858
83378
40193
42556
61266
31892
91659
75414
37836
6446
31140
81170
84920
722
72264
3227
16582
86093
83838
24407
22190
2130
40355
55045
1284
33065
32906
40786
33823
39852
87686
85075
81492
563
70489
65666
44839
44288
87333
34942
80067
77772
9285
87394
49814
59127
36222
1816
33127
51290
70484
23144
29366
38463
19050
74654
39620
74881
30930
33942
43573
92932
56898
67169
51215
68518
16521
28143
57593
41871
59419
11823
65122
6040
18337
61570
92934
46166
12547
11574
27764
28804
7872
38941
17237
67066
34049
17375
52667
18108
76721
60065
84285
74398
29507
52289
22434
25503
57027
29436
30514
5946
8910
79634
30444
41317
13249
44888
68482
13560
74108
84536
26397
50853
40323
64378
10686
57210
15585
49227
67014
28426
94009
80577
44386
82990
10173
25413
9006
25123
89885
2617
27699
63463
31
85885
28958
18252
36366
25217
51719
6721
49711
32741
74507
53165
2284
94905
18347
4576
35945
10577
10771
7358
43543
176
7842
19966
14884
54439
90466
41967
35484
98419
65818
81923
6158
73754
30512
5957
29216
11690
57406
89641
4643
75304
58372
50295
11171
69254
51248
19114
93655
25716
41876
26203
60063
18381
54117
38156
59839
22487
11049
52498
9613
29274
40111
12653
98718
79847
1187
63334
17657
77671
37396
24435
10504
82176
34581
41389
98898
87756
64694
68126
29655
67999
89325
61200
36091
4829
90307
78960
11660
18835
45877
44971
57871
35505
16904
55666
70081
34646
26377
24026
68666
56833
55847
28123
42573
15918
64403
3766
51499
14834
80515
63087
13172
11577
13141
2182
48900
37817
28004
5787
80049
29621
69237
21113
10460
75400
59589
21674
37786
4049
95880
62508
28725
93260
55955
7906
84268
70907
728
70557
73714
48473
85863
30038
42704
75588
59874
16363
99745
86886
30245
62562
75375
3383
59463
5784
35255
70686
45983
31729
81230
28472
45563
19173
26865
28561
34908
15523
9976
16641
41343
58259
56518
6925
57562
39208
71770
9452
25739
43358
13101
36706
52959
50738
64128
50193
26991
30391
57265
14840
640
20404
63560
15105
27723
3084
20869
29513
63286
15301
4279
78809
86862
51494
11942
49588
9306
58970
21567
52261
73833
58632
11432
56570
30309
67084
96600
94949
29295
90802
79631
68611
7148
93143
70049
52987