33683
13103
3337
2415
98706
64753
42845
63120
59806
96680
59376
47880
36924
48237
36187
64914
19925
38373
28889
32853
41947
55918
35944
66259
88173
93244
21341
1133
47368
26866
19691
74353
80749
6779
4892
67129
24980
62922
13937
16826
51485
85687
49525
72642
47302
42242
74139
28947
83271
60045
31943
71905
38897
60256
94212
444
5164
46105
26
43559
64237
36165
38547
73476
402
96767
23006
56537
43713
30107
76464
35351
21985
51535
43643
56546
39201
1881
96682
18892
56953
92747
52649
37743
92615
17981
28229
24398
80042
62246
3029
86740
121
35336
52329
84913
86119
45492
35963
15414
52809
2982
8652
75502
2954
51180
1507
89522
33611
38719
39695
1919
3660
53406
3983
2582
53112
1304
97562
34282
9286
64536
99393
95315
81797
54912
35618
88762
49330
39649
34634
6706
19544
12428
84462
52564
29314
99842
99181
74595
4638
97493
97130
15842
72360
58532
93221
28584
81007
92897
81472
13934
93854
18428
23053
47593
79136
71955
46007
53594
9399
15479
54915
38070
44764
89444
20032
82839
51554
38241
17143
16717
1448
78362
75739
28786
45911
23926
97073
40389
10046
85408
65672
49218
97480
35692
19693
38011
42570
91291
1951
55526
16221
70352
58974
91610
55376
87927
23661
64006
18539
23613
73385
19407
79018
23485
74051
1307
55039
64656
95368
93593
30393
75764
54807
14728
81564
2557
48624
81107
58727
27480
65717
87958
91956
26958
6949
48168
9822
36833
66772
17185
83487
80541
11330
42010
79901
88711
89755
93202
94255
82279
92489
16302
82516
54388
98016
88938
85214
96021
38233
1945
10818
84071
29187
25742
49930
11553
15092
65112
93825
79965
46356
42329
39306
17269
49170
73876
57768
12350
73329
86913
72476
91428
66581
63534
12527
65263
39472
47109
38122
61922
95051
49212
678
93252
89357
75586
1017
29393
42561
20937
60812
81529
92863
11542
30353
61729
5069
81745
61949
48458
27838
45116
12224
18705
31369
86307
68451
9984
46123
91994
25165
7117
55579
35469
730
20230
17836
44711
24613
37337
14248
54608
31060
24639
32294
17640
32929
68601
48520
30542
69650
65667
27064
71620
919
7228
1414
46534
25331
7191
96734
50197
98353
38249
57943
19561
3260
14155
57091
51242
22491
91721
91501
84723
41406
81291
50616
50506
65701
35491
93522
89706
13650
89162
16538
2892
22686
37235
52017
50270
76385
76045
77642
93996
96042
96598
46826
43132
23804
39475
84743
15262
20748
41974
32785
98096
56300
36481
27307
36639
69137
57981
82236
3278
73538
97730
20818
58300
78101
41772
38192
74087
41626
5512
1071
63716
80648
21601
33077
49486
48405
14239
1448
22654
76894
38407
79049
45895
64629
64842
25388
84399
59532
61329
81837
31969
66927
28184
45831
44391
46343
30765
18697
76245
68710
15721
48366
28809
3106
62180
75377
54664
17906
58795
60693
2963
70453
52054
5867
68616
58908
64576
79156
50378
27053
42526
10249
26125
37877
48911
24997
84129
4839
33557
2939
37816
13732
22960
30216
7176
22227
83476
21407
92055
61558
28519
46625
4387
63120
3690
44171
91986
25831
41752
87220
62836
38071
27932
18159
52324
14225
75252
49673
67459
51514
73023
87419
26136
25828
71622
57715
81086
18338
26496
73047
65126
5113
34291
85885
42803
37359
1609
28578
91814
34027
97591
84773
34034
38543
94618
308
22769
19658
97286
79292
93314
15777
73209
12203
73468
51638
43912
69694
51260
65264
56119
49196
10425
79245
14350
36262
77616
4131
59023
32905
51906
17910
99197
94156
18585
74075
83562
95909
50082
76571
67297
28852
46239
7979
28237
10049
3340
68670
12702
11907
97845
7797
76949
55630
50332
35830
94919
60750
67486
99906
31957
65045
77109
64938
71661
68048
69850
52708
59843
23410
82914
30207
14445
24505
25698
84138
83409
45639
27739
54990
28001
40328
24680
23745
20179
42997
92555
43931
94902
87184
89834
32685
91630
19156
47735
58715
34333
72903
41789
3985
73840
36220
62485
21611
41261
63616
44757
25450
56184
20613
33134
57647
9703
73685
17948
99832
68608
97070
81665
31926
49435
67295
85010
12894
73025
41096
16626
11716
57652
61949
67123
97476
25017
76624
74382
70049
91510
15297
92440
58350
2823
76771
69804
91446
81632
11085
44084
64075
16510
60399
85536
49219
53234
22106
22175
4503
52444
62101
5767
22197
84564
87169
10416
64547
2615
24479
63079
69718
60585
40093
65643
39529
39893
77831
515
11156
92232
43250
58795
55070
53673
71018
2592
54043
29011
83675
67488
53129
72395
29172
2130
68443
49833
90966
5
48951
50648
99306
23241
10287
53809
82320
75778
92978
20357
42653
51512
75784
59758
81999
1756
12715
10036
17529
10346
24198
44937
74663
45683
82754
5827
85001
11099
33039
70175
90164
48123
3955
99619
99617
13246
64065
59774
42270
8859
70136
80006
32187
90520
21254
12895
66142
29972
47553
36802
5872
42759
33297
51858
97886
28414
18742
2989
73073
37577
62242
52543
12847
12955
66169
78065
34330
12079
91730
46370
47912
84980
83006
37135
64046
71230
91050
11149
94184
62487
812
17933
75416
53563
32861
25868
24750
43017
66755
10350
70082
53675
9624
72377
765
85178
59531
86419
96964
71705
39237
36253
52506
59990
18473
53025
48225
97574
23444
30183
51060
8010
56409
67591
98883
83448
93015
99396
96680
42420
44396
83359
29688
738
87389
37201
20342
64948
85868
12161
92347
62006
75004
43680
44759
90189
17595
77379
24379
15985
19316
69095
11996
4832
92238
28625
72084
74546
83085
52003
97966
48022
17018
97993
99693
17221
25017
690
18863
30352
93234
11851
98914
91090
34608
43459
69587
68051
16803
85486
6727
71450
46859
4581
11601
36647
86249
81108
32419
26191
56156
77971
1659
59974
50477
6050
68360
33388
53206
39845
48703
12791
76711
87812
58222
56647
79315
26090
10632
71997
89389
82745
36371
49532
42360
20365
99946
75748
44404
61703
86151
21521
19655
37018
65057
43673
87624
9172
15016
54655
19645
37784
53482
51841
50456
55572
75211
3308
16200
84623
12607
74761
68347
90374
12577
37082
18379
29315
35913
55325
33607
26343
46681
89401
9636
27204
61890
5179
38648
36854
81877
14378
68522
78127
21449
57117
91922
30855
69836
20205
36946
2961
10701
71238
74305
20697
69163
10999
1965
78090
79673
28822
97841
21595
950
56300
98540
58676
74978
38698
51960
55708
53068
92736
16710
99559
43789
79402