20462
33202
19188
39245
3149
880
97098
19701
1223
61603
48734
1585
84359
78214
4767
47360
26702
45146
96
91086
43694
19147
29285
55892
55106
12836
35981
71928
13829
54869
56516
55034
70189
57877
33974
90123
6046
3036
46477
89636
45737
55041
58357
13594
46248
14545
95333
10516
56895
13956
93083
97140
57968
96641
24623
22243
86256
31354
80444
65982
83434
90966
21172
20690
38129
67633
17943
62943
20710
82117
90013
39153
39133
39504
78461
73414
90788
10857
81455
39714
67906
622
86083
24004
41061
71865
45570
69720
89532
46777
12367
61953
57691
64651
7029
75678
50725
17534
44357
69860
67387
83172
79515
22361
42273
62505
68341
90733
33902
63385
44753
17849
54401
21376
1662
29858
84090
52441
29838
88439
59720
33849
81862
98540
18458
60185
3509
74371
90480
40362
26694
73839
16435
22107
47364
4950
80910
18170
24747
28616
59046
594
94815
42772
25015
69400
84842
13174
39859
59996
55323
42509
24327
86561
97628
17707
39594
78192
68409
76639
74316
77357
19383
29831
68335
86365
41722
99289
74205
56772
30538
67202
8147
49651
37745
30162
95838
18366
53252
40776
60329
46469
53584
42102
66563
36145
58593
37088
24915
34275
27361
79867
67658
11902
99070
44520
99426
58887
76290
10900
68967
35013
84449
37199
17004
43087
65137
81299
75235
92867
95685
50674
9425
66405
49447
94334
77313
14619
60261
88537
32412
82224
62808
364
97116
68435
30396
32728
55179
42679
11198
59007
20372
81583
59585
97609
46511
56539
53148
91395
88125
73431
54675
88746
28840
61235
19655
48637
55775
30622
38296
70797
56903
64319
86314
3879
23840
59547
23090
435
2300
62835
70211
94859
68287
71026
94383
79122
99052
81212
6048
98988
21414
48480
77392
35843
24249
75013
53542
86737
99692
40023
55219
97572
40481
70599
51846
79421
80346
68818
60655
82690
29416
65453
50565
40699
73537
75635
23033
46457
37356
24966
89254
9176
8722
62796
66138
3132
41277
44110
27922
66315
4014
80019
77237
76054
37584
82950
68274
31695
22425
62787
7137
20965
4194
86017
46855
13873
70414
55340
62208
97485
22170
19876
36648
97627
55323
55773
89959
43662
20091
68240
95968
85719
27507
92240
65736
58651
7334
90817
13356
82777
78889
90814
72928
15503
60275
34275
79686
995
4508
52759
59663
4708
85735
85346
97210
92827
27897
28761
60702
54896
43361
51185
59992
82823
22307
34131
5187
7872
43640
17486
63613
52037
26386
49374
48989
8433
54366
84277
15817
81362
53888
16216
35264
41371
57217
91159
59424
67695
8197
40320
11423
79169
4635
52788
57507
21816
76168
32955
27473
46198
43949
48306
65335
77449
56509
60597
75174
41540
92072
61632
729
96932
18532
81285
50584
78107
9918
57789
19986
52954
60814
7229
99669
12898
82801
39607
99246
1707
61336
13217
25183
5871
37803
51576
14163
24259
91265
91189
54826
15126
61859
66603
37248
9615
48763
60316
33399
79041
3608
30110
22899
8174
75143
14588
47105
71708
20852
19971
45191
79004
70127
96577
85496
97065
54018
17936
46025
30797
73886
99113
65628
19997
11884
24146
16807
43138
7853
49939
69190
65057
5156
70660
33398
29815
44400
60781
16452
18106
52655
31996
26716
30081
302
3415
58138
3727
86906
95677
73968
38277
62023
93993
22843
14026
10620
88431
47317
1391
2699
87315
43889
5529
81789
93425
10108
17856
18793
32086
10699
65222
32115
52124
37006
85487
9522
90343
66024
52400
78307
50204
98961
6700
39463
99622
66672
69164
11703
97226
53295
32988
63856
23970
84758
7590
73088
15071
48992
23609
63846
76612
26760
42144
20356
11606
73720
88489
67219
49514
81017
20895
54020
25440
62890
6459
25222
89989
82445
39125
63804
541
80473
34169
28963
83434
91403
57128
59198
38393
62869
54279
65392
19691
92649
90357
61397
64825
83792
15194
3638
76964
52871
49682
26563
28539
33572
39960
66424
48586
61695
69829
71042
22943
89633
88634
18317
95787
68750
43626
28631
49832
41600
15793
79436
6109
24118
87071
22921
43484
36388
75080
29185
44633
23737
39258
86475
18689
84012
90019
73196
46542
62973
82642
53758
7489
14792
25023
38083
70314
25079
60185
80197
54633
9990
4548
53716
47258
78750
14272
8527
84619
57428
29423
54938
31040
45323
4671
16056
46862
69939
52430
97788
93604
1187
97701
98971
4753
94778
97447
1466
30650
75929
9841
16946
46956
35465
22115
20123
45115
69597
62846
40096
99037
19250
32986
25715
76282
24932
14745
36097
81956
48647
83861
7148
33567
31464
22339
42632
91572
10419
89402
92192
81446
63821
72845
1506
78295
21182
11294
7249
34269
25882
15826
73118
43784
31993
81156
15345
6691
24674
98408
67434
3088
82212
82354
74588
28978
67722
34961
47788
97260
37057
48336
10887
84084
47346
13096
14890
99428
72337
79767
33525
66952
85890
74163
39580
42955
29112
75111
39130
32165
15257
56584
89521
48881
39786
8595
98527
17481
61441
38891
9470
94772
23618
4722
44666
69114
19625
73017
98463
12262
13202
37695
34180
53441
80246
71442
51839
83073
51113
58815
5018
56789
37886
57780
3057
45310
23599
29150
45490
24675
55515
32211
3719
4483
34661
74826
43405
35639
91540
27114
1045
87361
37446
53754
64074
48488
56969
57137
51889
55927
6578
32022
77769
3382
33148
39790
3124
86813
30687
71524
65618
58321
70103
5064
96527
37870
85317
76465
66332
84060
73678
66868
61971
50734
19817
58729
64297
28400
72281
33194
61969
32182
19179
33823
84901
91875
37134
76832
49996
74653
20830
5212
7493
61636
31000
10680
24914
59828
7119
33770
27234
85206
49530
62768
12943
96699
54590
82908
10448
62472
69944
76284
15566
84304
20774
96497
96644
56699
83396
660
69669
93237
50501
80591
98591
5959
45249
56848
18538
28775
70242
98719
47737
18876
14204
39250
70198
12142
75694
71733
38596
17532
91282
451
44699
1020
6356
97817
61148
95960
23469
62130
38231
17003
41597
89172
54378
32103
70812
75451
38964
56324
56299
55979
89958
72830
49787
64244
40560
14355
65063
90102
3295
23315
20646
61342
48113
33288
21490
63343
63333
92117
36272
65953
89447
31067
50720
80394
94158
33425
44613
13041
13008
48123
11902
20636
95398
91116
77498
73238
18560
72416
68792
81954
38365
40214
97869
85203
99435
15129
45520
77542
11192
61071
56307
39174
45283
47650
18979
62856
35965
67633
23794
28690
34029
92917
41763
43126